# level_assignment log_likelihood tiebreaker ID
0 -6.522979556216674973e+04 7.506710027502789817e-01 3
0 -1.387413813562563519e+04 9.075443541070840059e-01 1
0 -5.051502580362104345e+04 3.357017412757510866e-01 4
2 -5.456668993942417728e+03 9.406626663129609434e-02 2
0 -7.725255872473916497e+03 7.906895450939440684e-01 3
0 -2.307931378720739667e+04 7.404151439004661439e-01 3
2 -3.914730200886777766e+03 1.599639356195241974e-02 4
4 -3.646257070041101542e+03 8.291840371545655675e-01 4
3 -3.342715587941901958e+03 5.478953344668582304e-01 0
5 -2.931813412928738217e+03 9.741003548116289323e-01 2
5 -2.591927861975585984e+03 4.988756001859577793e-01 3
1 -4.092648424144447290e+03 3.840240417360104574e-01 4
4 -3.700107794291329810e+03 8.397957554033772531e-01 3
3 -3.661974360709935809e+03 9.582633624928398319e-01 2
6 -9.492345058218992335e+02 9.000594538861150795e-02 4
7 -2.046588309632208166e+03 5.969364902502292125e-01 4
8 -1.665052882115866396e+03 3.168260876811237470e-01 1
9 -9.665543262194518093e+02 5.493409023158779547e-01 4
4 -2.228106734368524485e+03 3.122824908979442426e-01 4
9 -1.351625425560136136e+03 4.869764493834941588e-01 1
1 -6.009341224021549351e+03 3.076033302521602453e-01 0
10 -3.310249172980044250e+02 4.655037805334583112e-01 0
3 -4.112017597583687348e+03 7.685373926995433536e-01 1
6 -2.380670458066605988e+03 7.625613968965410105e-01 4
4 -3.143878757376210160e+03 5.387090900619997402e-01 4
9 -5.224008875343313321e+02 2.895661341298789715e-01 3
0 -8.005363313301409653e+04 6.970020569438513114e-01 1
8 -1.587703665879181472e+03 6.352165065435962932e-01 3
1 -5.755142965779597944e+03 6.091374164064202734e-01 2
7 -1.975977467577149810e+03 6.923285627955273469e-01 3
11 -7.510606685505531459e+02 3.522516218646310482e-01 3
9 -5.427660794375171918e+02 7.748599991951005128e-01 3
11 -7.056786915497093560e+02 4.029366715112150388e-01 1
7 -1.726203689260402143e+03 4.134650589393151776e-01 4
14 -6.926468151009740382e+01 8.192853958341477227e-01 3
4 -3.446829025952057236e+03 9.879595319570334544e-01 2
14 -2.267753773795463133e+02 6.797536826591761283e-01 0
15 4.038827598997960422e+01 7.877122877802021916e-01 0
13 -3.077802274148644983e+02 3.966860460459713522e-01 3
8 -1.356007948472409453e+03 5.562385959616632514e-01 2
15 3.950203351619489922e+01 9.168957995578477238e-01 0
13 -2.504620439315860096e+02 5.934030054548689037e-01 2
5 -2.987734660909264676e+03 8.540517369724049956e-01 2
17 2.032995284026731611e+02 6.061883406140839980e-01 0
3 -3.885362635326547206e+03 7.305388662564846758e-01 2
1 -7.834687296167605382e+03 7.009727530390199579e-01 2
11 -8.058932333779185910e+02 8.822503228737790248e-01 0
10 -8.224225897369223048e+02 5.304330224030012753e-02 4
2 -5.538221042655213751e+03 9.008771238648023427e-01 2
12 -5.571648316061462083e+02 7.265951123282922142e-01 2
15 2.073819490897310516e+02 3.254285342033508832e-01 3
12 -5.523354331250527594e+02 9.194806490714686475e-01 4
7 -1.462747801108060230e+03 6.173716395699202497e-01 0
17 1.514118478966769317e+02 3.093017749767601465e-01 3
18 2.839153402835712541e+02 8.665089681718791681e-01 3
14 -2.002119011856364637e+02 3.969682189139680517e-01 0
18 2.387901783097543955e+02 7.061163084822209557e-01 0
6 -1.527750112603529715e+03 6.000876100845138339e-01 2
15 1.803237901146517856e+02 2.039168815851946093e-01 0
20 3.818967301247400883e+02 5.607746861437012953e-02 4
21 4.271274650801108805e+02 7.984753169839526876e-01 4
8 -1.060448434312112113e+03 8.192798452412158872e-01 1
18 2.295251790308803095e+02 9.440356864043408791e-02 2
21 4.008871247767579007e+02 8.343324522013160216e-01 0
19 2.995193042654938154e+02 7.623488697327758246e-01 4
12 -1.437657763561127524e+02 5.035131215476567057e-01 4
21 4.012510148167549460e+02 6.704750766054630162e-01 0
20 3.766240109964627436e+02 9.130928775031104117e-01 0
10 -8.930899859101479024e+02 2.536566283137464128e-01 1
23 4.323803471981883035e+02 6.521833645030561399e-01 1
24 4.400416155434081702e+02 5.107331288609709974e-01 3
25 4.464175385355135859e+02 1.220852515084797363e-01 3
23 4.460140565005576718e+02 9.619514749475563953e-01 1
17 1.422455670374472163e+02 8.840514651641506738e-01 0
23 4.266815560500629090e+02 9.591312614930662672e-01 1
20 3.525493859813157087e+02 8.592452939187678052e-01 0
23 4.279700283822755296e+02 6.574211157802309913e-01 2
19 3.814850361401319105e+02 6.173680043985569910e-01 3
22 4.409304895438031053e+02 4.931800677862945292e-01 0
1 -5.963033327620934870e+03 6.648631328874146096e-01 2
26 4.576056731740237637e+02 5.668271432198345172e-01 1
2 -5.144683433440346562e+03 8.240825055711765990e-02 3
26 4.505885401745894114e+02 3.916830063253987082e-01 1
4 -3.463806458977872353e+03 4.711825536268459125e-01 3
27 4.527086103768008343e+02 6.890019791251736359e-02 2
23 4.277020196145159616e+02 7.134996536072000239e-01 4
24 4.522604632079251132e+02 3.660021860489986456e-01 1
16 6.165562710308219607e+01 2.143043064259471109e-01 3
14 -9.848674831689274356e+01 7.236149369849985413e-02 4
28 4.571794124044244541e+02 5.668352981844984040e-01 2
28 4.580359785597640325e+02 9.567468991632357422e-01 1
26 4.493217294835700386e+02 9.153149199795594659e-02 0
23 4.455797318889777898e+02 3.845442315418278190e-01 1
26 4.506857713144752893e+02 5.371982348539948715e-01 2
22 4.398960744817416071e+02 4.529876611269185727e-01 0
31 4.626662989776119730e+02 7.235374449039430611e-02 1
20 4.369738351163465495e+02 6.368477618362755610e-01 4
25 4.496471562977549183e+02 8.761133484076477629e-01 3
30 4.627284681659798480e+02 3.210000692641896136e-01 2
16 7.761334431982307080e+01 5.147536256249333197e-01 0
26 4.557317957970635121e+02 6.934911136555612643e-01 3
12 -5.696774316530542137e+02 7.502631147927107946e-02 0
27 4.545661483852699121e+02 8.699366583843302081e-01 1
13 -2.984634986627982300e+01 5.700928143956890404e-01 3
26 4.500371867855462256e+02 6.566777491796416122e-01 1
25 4.491319278573302540e+02 1.626952592789697449e-01 1
24 4.374405456529468665e+02 1.083066130916918723e-01 3
24 4.409810252841018610e+02 2.784354635695909796e-01 4
22 4.078045512005730870e+02 1.536226426916902088e-01 1
24 4.468807949005143882e+02 4.069727122024625054e-01 3
14 -6.706455196289786613e+01 1.627016427997816095e-01 0
33 4.653186579212183460e+02 4.506748890070841895e-01 2
23 4.417622032258657327e+02 3.236851333596036384e-01 4
22 4.201381315786476875e+02 2.955547414217946645e-01 3
31 4.621943021823076947e+02 1.258949276616110335e-01 2
25 4.514360551337324523e+02 6.596724873910453368e-02 3
26 4.491010765862267817e+02 8.034613871187017420e-01 4
27 4.530620176276726738e+02 8.934923165701889047e-01 4
22 4.091107698813046909e+02 3.048862559771043368e-01 2
35 4.671221531987712297e+02 7.301145753710763797e-01 3
24 4.401710276592666560e+02 9.911381139933377327e-01 0
26 4.533655589788682505e+02 5.417306973358820832e-01 2
27 4.542873613935900039e+02 2.140383572406729940e-01 2
25 4.508281024925775000e+02 7.034153791351727136e-02 2
21 4.106106334271397031e+02 2.057781773054179197e-01 4
25 4.512726979581785258e+02 1.120641456561754651e-01 2
31 4.638154435902372370e+02 3.468234751242835756e-01 1
33 4.669521552133962814e+02 3.054793637435354037e-01 3
32 4.641042625674809869e+02 1.057361743459264980e-01 1
24 4.446117607764707600e+02 8.924378075310261949e-01 4
24 4.369227378948733644e+02 3.003076016119905489e-01 2
33 4.651466289737563216e+02 4.300534110688871703e-01 1
30 4.614866167063420335e+02 7.883192437518865558e-01 4
22 4.519672851124661292e+02 9.267243634615209835e-01 2
33 4.656966390220163703e+02 5.862992549167590772e-02 0
23 4.315542588367352437e+02 2.322646250246680477e-01 2
30 4.626336536327252134e+02 1.175115368586608366e-01 4
30 4.609708483566691939e+02 6.807845628607959165e-01 3
33 4.650668566572201712e+02 5.672969971394064004e-01 4
31 4.650279130066405173e+02 7.396015108788653869e-01 0
31 4.632528924986543757e+02 7.664162615717329263e-02 3
18 2.537839905696334881e+02 8.252451637381368332e-01 2
29 4.590518491102071721e+02 1.167753234798141193e-01 0
29 4.591935399239532671e+02 9.846221355900370842e-01 0
35 4.686684292809737826e+02 5.403174672083600472e-01 1
28 4.557893221389074938e+02 4.357653207654782479e-01 0
36 4.688757852067627709e+02 2.429180371502335789e-01 1
15 3.593416065885502917e+02 2.181880821120252278e-02 0
32 4.641846462210106097e+02 6.137970582484992832e-01 2
32 4.639172435842497180e+02 9.749272487759481631e-01 2
35 4.678709867928637323e+02 7.475238676656762449e-01 1
37 4.688577942433378212e+02 7.160331314397616609e-02 1
28 4.623251414888300701e+02 2.670929856506491437e-02 3
24 4.473285615650127056e+02 4.443413759936576390e-01 3
33 4.649050010676945703e+02 5.061901144350062776e-01 2
31 4.652734449792336591e+02 3.914431690026632937e-01 2
38 4.692130773664147227e+02 8.330831799687179462e-01 1
26 4.520745713000602564e+02 7.876459645076475669e-01 4
2 -4.427327977295952223e+03 6.275672973491784878e-01 0
30 4.638906057304076285e+02 2.622447387975376243e-01 2
39 4.694109066223139735e+02 2.236649516169995633e-01 1
28 4.648270094971385902e+02 5.967115482717447739e-01 4
29 4.589528974643229731e+02 8.214681388490756575e-01 0
35 4.685562698156412580e+02 6.060402688717267949e-01 2
26 4.523865883731770055e+02 9.780660222868280407e-01 0
30 4.618515719161372886e+02 2.310428923689498149e-01 3
29 4.603408784450231224e+02 5.880474777545071641e-01 3
24 4.467107767290387983e+02 8.417725948832348593e-01 3
35 4.671988359373972912e+02 7.488311025527010223e-01 4
32 4.643751897263801425e+02 5.874581327431495081e-01 0
41 4.698101822239795524e+02 2.852667370552696702e-01 1
30 4.622835735245317892e+02 5.267669790131721541e-01 0
43 4.702236244481377980e+02 5.903415007057336572e-01 1
26 4.553286377573928121e+02 6.349115813030611344e-01 3
32 4.645574369626194766e+02 1.831816473694970471e-01 4
31 4.627618880895206530e+02 5.177676436060898446e-01 4
38 4.689700765170618411e+02 4.888718511587546445e-01 2
28 4.583464713286408028e+02 6.774099728783533614e-01 3
32 4.638424522560540595e+02 6.792120830822652167e-01 4
36 4.681647423669140835e+02 5.093675082116337904e-01 2
44 4.704156611786585245e+02 6.006831805243670885e-01 1
31 4.651683783695600596e+02 1.156145602698138361e-02 3
32 4.664596278315131599e+02 3.374956092944148556e-01 3
45 4.704520684491081965e+02 1.743760283565976010e-01 1
34 4.664208912178788751e+02 4.451274423096991395e-01 2
35 4.675466378812351991e+02 7.205787802233919459e-01 2
33 4.653145415130192077e+02 7.609671877087252900e-01 2
35 4.680782669061563865e+02 8.162078688086370493e-01 4
37 4.688349010815560405e+02 7.732090622299508942e-01 3
37 4.692707583238988605e+02 7.376774226874217577e-01 3
42 4.700964512511044404e+02 5.635034996379436611e-01 3
42 4.703975108308229665e+02 3.302294162041867764e-01 1
43 4.703812192985833462e+02 6.310344615230343290e-01 1
35 4.677684040236165401e+02 2.150955615498502949e-01 0
43 4.704797858641217658e+02 4.742766405482097269e-01 1
34 4.661642076453509844e+02 8.033327542717501046e-01 4
46 4.707173220367598105e+02 2.976079442903256655e-01 1
47 4.706657017061965576e+02 4.318357266093869606e-01 1
36 4.686723218183060453e+02 3.382314562522263923e-01 4
42 4.700015171461783439e+02 6.618801723474392329e-01 4
46 4.705392167682426816e+02 9.070020963682983162e-01 1
42 4.700363456111185769e+02 4.191147070246046269e-01 1
29 4.595112053274278310e+02 3.081179062680765579e-01 2
42 4.699908010189517995e+02 8.115640539467344761e-02 3
40 4.698645618892881544e+02 2.725605905017680630e-01 3
39 4.694471453944329369e+02 4.287360723369489368e-01 3
18 2.924662252231565276e+02 2.586748640914051656e-01 2
4 -3.891202992969758270e+03 3.922407720195133507e-01 2
7 -1.429831219767893117e+03 3.448385232895684327e-01 2
49 4.708252852565535136e+02 3.614341487603131564e-01 4
49 4.707665205629825209e+02 2.002368431910741819e-01 0
46 4.705340673869837360e+02 4.607186724034426084e-01 3
48 4.707635096972808242e+02 5.229787452239997858e-01 1
44 4.703455407654524265e+02 6.620851300342671664e-01 1
47 4.707577358035575799e+02 8.715416789836579747e-01 0
17 1.876685235013087834e+02 4.289938652681388742e-01 2
41 4.698572120694378782e+02 1.159224289575240263e-01 0
39 4.701067401934085410e+02 3.162316618375352051e-01 4
15 3.708396240325799909e+02 8.377819372819737820e-02 2
46 4.707143364253663549e+02 5.991425589615744229e-01 4
46 4.708064432186816930e+02 9.698711984427439425e-01 3
43 4.709299252329999490e+02 6.669431535622942775e-01 4
44 4.705262485944439845e+02 5.824206742007103088e-01 1
49 4.707584191029819749e+02 8.120984906029375949e-01 1
43 4.708349973284863381e+02 6.062620754951746349e-01 3
1 -7.248487481179125098e+03 9.908958077511483831e-01 2
44 4.704018936135815920e+02 2.374737376448488035e-01 3
42 4.701970094838756040e+02 3.155538154814131468e-01 4
11 -8.107637153653083715e+02 7.904239426709626093e-01 2
49 4.710785812297866073e+02 3.717479536421377517e-01 1
33 4.654384367989442239e+02 6.639545466884791969e-01 1
23 4.325005314220478567e+02 4.847709970676012392e-01 2
31 4.639798404215871415e+02 7.924924724744256688e-01 4
42 4.700423643391676478e+02 7.121225274302771524e-01 0
16 9.954985914757799037e+01 3.785546195358852617e-01 1
31 4.637916083134254563e+02 3.843935989902338979e-01 2
42 4.707489890823301266e+02 6.328769604549541183e-01 0
28 4.598414330913298045e+02 7.357795826222867097e-01 4
49 4.710304657771509937e+02 6.971324480434241966e-02 0
14 -9.294797994800396168e+01 9.256375939576075851e-01 1
41 4.701868611653912922e+02 7.227488764174951896e-01 0
7 -1.357803467798758447e+03 2.979660219506517493e-01 1
16 7.684570890975695079e+01 2.471196113940898886e-01 4
6 -2.409214279131771491e+03 6.432846867781698563e-01 3
14 2.712780794431657228e+01 4.960267588726516297e-01 2
17 1.493493804711427799e+02 9.222688778854930547e-01 1
16 4.979825838763194668e+01 7.362657699216854645e-01 2
0 -7.248335852816691840e+03 6.216519795500208279e-01 1
17 2.207835865690532273e+02 2.037704150450707075e-01 3
18 2.720870655655184578e+02 2.900598941149395982e-01 2
14 -4.040611348455033180e+01 9.444389176706338151e-01 2
5 -3.031683500717388597e+03 9.470528043853946309e-01 4
1 -7.150088447325394554e+03 5.857619292200630934e-01 2
35 4.669316878403376450e+02 9.512000984252054758e-01 0
2 -4.359687068274799458e+03 4.803556813459055608e-01 2
6 -2.352421563017133849e+03 3.962643723567207399e-01 2
31 4.627722790434028184e+02 5.609070014832641116e-01 1
33 4.652664134841665486e+02 3.910543651632369944e-01 1
27 4.534463024222109198e+02 5.464637920847227326e-01 2
21 4.165381217965199880e+02 7.641103454968302400e-02 2
22 4.253322674160862675e+02 8.544769014655839712e-01 2
37 4.685846926057239443e+02 3.956982011923437237e-01 0
2 -5.819381791544460611e+03 5.151561309841508063e-01 4
6 -1.585242451870639798e+03 2.143407274082340108e-01 2
3 -4.814934046398999271e+03 5.485260259049006271e-01 1
26 4.520734621318526365e+02 8.940100726336410730e-01 3
2 -5.835100797861655337e+03 8.659599673141087361e-01 4
47 4.707450301357718558e+02 7.249909910229380694e-01 0
10 -7.368195073735053029e+02 4.699541685085494302e-01 2
21 3.900212101859847280e+02 6.649548421130546672e-01 1
46 4.705610862859234089e+02 1.653337405254875492e-01 0
24 4.413605690537546025e+02 6.453927425283154662e-01 4
29 4.609518978085218350e+02 5.531507017278680660e-01 1
30 4.608792424571388437e+02 4.023553524456655595e-01 1
0 -5.327530954708738136e+04 6.034803882590638463e-02 4
33 4.650980843228211370e+02 7.706958456728991713e-01 1
9 -1.141689953755041643e+03 6.355444106302388096e-01 2
36 4.682861032060384332e+02 7.591355053644832651e-01 1
18 3.051601535919432990e+02 3.352548006492507837e-01 2
44 4.703627307629799930e+02 2.095819550594761882e-01 0
45 4.705617000638422951e+02 1.365450241980411261e-01 0
18 3.513759409543977199e+02 6.272041248218913623e-01 3
23 4.434588477867973779e+02 4.841414318617753842e-02 3
21 4.435770337130414305e+02 5.186003286378939592e-01 3
8 -1.507011151410057437e+03 1.678047181875097493e-02 2
23 4.416510303559945783e+02 7.535261489112042854e-01 3
21 4.298071316867632277e+02 1.079592302909304635e-02 3
19 2.989988994311287342e+02 2.681576560501670037e-01 4
28 4.578187845717218920e+02 9.610257940324604675e-01 3
28 4.594439877240833994e+02 4.931883584110511309e-01 3
48 4.709304697623866787e+02 4.614393839008599230e-01 0
30 4.624051375905027044e+02 1.875007980398422092e-01 3
4 -3.112332457653845267e+03 7.174909936324366244e-01 4
20 3.656264162347970341e+02 7.334542591240102993e-01 2
33 4.655797206640730792e+02 7.584023269029224190e-01 1
32 4.643360497495334585e+02 4.094103151393679862e-01 3
24 4.428210853139423762e+02 7.015065845767489705e-01 4
46 4.705369257949672601e+02 8.206325291886735762e-01 0
34 4.656911969206140611e+02 3.740692412977297820e-02 2
46 4.706550110899797801e+02 4.301314558100845509e-01 0
12 -3.091317520918371429e+02 6.102184809927040376e-01 4
49 4.707269282248749960e+02 3.115246130667213009e-01 1
43 4.707769037670692569e+02 6.214292948219848345e-01 1
32 4.647067120037645509e+02 6.913043982855279213e-01 2
45 4.704580931937403534e+02 6.276560266525512688e-01 0
38 4.689889490488775436e+02 5.633250772434847953e-01 2
11 -7.853784529364927494e+02 5.828048915755270620e-01 4
41 4.702821896181755505e+02 3.696329069655808486e-02 0
28 4.635081740071354375e+02 6.138211939391053917e-01 2
33 4.649656707627558490e+02 5.014345723103081909e-01 2
48 4.707013790674365055e+02 8.377113789135215427e-02 0
31 4.624584087621697677e+02 2.678095380156961802e-01 2
42 4.699825428228888882e+02 1.557476890126392455e-01 1
48 4.706704025763639265e+02 2.796206747015972383e-01 0
6 -1.908215346437510334e+03 4.426127021522113791e-01 4
5 -2.887355689630916004e+03 5.777225252920965559e-01 4
14 -1.207286818315131569e+02 9.324529363353750711e-02 4
14 7.344851519300186737e+01 9.542817867026320844e-01 2
8 -1.015571675801019865e+03 3.654863530534539495e-01 3
47 4.707083841743730090e+02 7.461082997286812013e-01 0
46 4.709091312381617627e+02 5.803380336510954862e-02 0
10 -5.228208952474435591e+02 3.983918399375264152e-01 3
18 2.421649407068141500e+02 3.679733097953465926e-01 2
21 4.097812456412035544e+02 4.915635239096493442e-02 1
11 -7.563982035377346165e+02 1.006442512777141474e-01 2
27 4.551414622291667342e+02 9.041133086186867729e-01 1
29 4.583962235740192455e+02 6.075747876056634134e-01 1
42 4.704706773379913329e+02 7.441019389518414018e-01 0
30 4.618595417006454795e+02 5.443819678805660311e-01 1
28 4.598021464011205239e+02 3.006916593208808219e-01 1
31 4.631473755020275576e+02 5.841389401518657376e-01 1
21 4.342765458021001450e+02 7.290346851741382750e-01 1
22 4.066013680004199387e+02 9.227505412365991644e-01 1
25 4.617271290284445513e+02 3.613968048839519831e-01 1
23 4.399437848669920186e+02 1.834733179168992478e-01 2
14 -8.366737452411749132e+01 6.256188768403614375e-01 4
31 4.630017095048753504e+02 1.048187900083175639e-01 2
3 -3.964483571140716776e+03 9.577220535304504789e-01 3
3 -4.796803360567537311e+03 4.216170821241890798e-01 3
25 4.495167054199329755e+02 7.633442374133985187e-01 2
35 4.673836224512725721e+02 7.464638999228628835e-01 1
19 3.189538770991031811e+02 8.611954892143138807e-01 2
16 5.026548641978266119e+01 6.722321965412594302e-01 2
19 3.311508947174540936e+02 4.837139512533807362e-01 3
27 4.529200424423982554e+02 1.312768329540148216e-01 0
25 4.458711180913444423e+02 8.245163707285861898e-01 2
1 -9.741542720247582110e+03 4.099864204472938312e-01 3
3 -4.165150586651865524e+03 6.712947457677335972e-02 3
24 4.405033458013361951e+02 1.086937443631578321e-02 2
22 4.270274933885316386e+02 3.289727330321822740e-01 3
5 -2.335824530961758683e+03 4.135428426645141875e-01 0
2 -2.769748381855219577e+03 6.675985088242564203e-01 3
31 4.627250528164042862e+02 5.042369806848000235e-02 4
2 -4.023599645573456655e+03 7.116293839708560665e-01 3
34 4.655981510134567429e+02 1.035145534012666957e-01 4
26 4.488595500228265678e+02 3.334042436556199362e-01 4
39 4.698493374376865859e+02 4.924430514581771279e-01 1
0 -1.550788284185813427e+04 6.107235208760042333e-01 3
6 -2.372923636411042935e+03 8.879955602347200383e-01 3
14 -1.790609367529910685e+02 8.107631512910926652e-01 2
35 4.674614634028899900e+02 3.823630668601316618e-01 1
3 -3.640578913296432802e+03 7.156023533841087136e-01 0
20 3.452515673581151532e+02 8.190141808551147928e-01 4
1 -9.479127036775007582e+03 5.602959180081812374e-01 0
4 -3.577209257642329248e+03 9.014000382079708773e-01 0
41 4.698280222955537511e+02 1.830923865228167163e-02 1
29 4.587790591497048922e+02 8.414733441433641659e-01 3
36 4.680206881185796419e+02 4.089308393001496733e-01 1
25 4.497964038598842080e+02 3.305781597063273125e-02 2
33 4.648765336132451012e+02 2.713782053509664061e-01 4
32 4.643035669450515570e+02 4.594643874544424023e-01 4
18 3.894145912559122849e+02 1.245619931775743261e-01 3
17 2.226375524410379967e+02 7.027034164618572998e-01 3
10 -9.268222965004625848e+02 4.062168548067116580e-01 3
48 4.707117074337219265e+02 5.428330254149855705e-01 1
16 1.978619989459845669e+02 2.944437271846873649e-01 2
3 -3.867646881227378344e+03 3.547069743445385726e-01 0
3 -4.268859350338751938e+03 1.741921815343514535e-01 2
46 4.711964333411544317e+02 5.465966949612167669e-01 1
17 1.627423484153396771e+02 3.718856022454346544e-01 3
6 -2.170680287984210736e+03 2.564945824500883265e-01 0
37 4.685370677938637982e+02 5.569123956410515497e-01 4
6 -2.192787944960683944e+03 8.320119976718753918e-01 2
10 -4.521509352453155657e+02 6.805170489745785423e-01 2
4 -3.831338833306720971e+03 4.329600417534766876e-01 2
0 -5.856420570783739095e+03 5.730840935904606415e-01 3
8 -1.564909797501293269e+03 1.584071584296039281e-01 2
8 -1.551906746760918850e+03 9.646495280988695020e-01 2
4 -2.698070833382988440e+03 3.004282679551606994e-01 2
44 4.703979260067425230e+02 1.008061121603491817e-01 1
19 3.210339927253711494e+02 9.197342803823760349e-01 0
26 4.501072973054616568e+02 1.730967685689397684e-01 0
3 -2.800487267322524986e+03 8.508936713530652618e-01 3
39 4.693853379230609448e+02 5.852824070976372361e-01 4
15 -6.770696301268029060e+01 1.436330198585511475e-01 2
48 4.708817649323170258e+02 4.762364379505142770e-02 1
31 4.624504004711966445e+02 6.770328644048811961e-01 0
23 4.326734848790529213e+02 1.394707021153182569e-01 2
48 4.712334608923908377e+02 1.768746736321348823e-01 1
20 3.847689740451654643e+02 5.283260868855420567e-01 2
22 4.146709728480189483e+02 3.581812865578972715e-01 2
38 4.692683299779583308e+02 3.046986074329653960e-01 4
30 4.606687843642380926e+02 6.333600483994399344e-01 3
33 4.649175753908364186e+02 1.845104693751551395e-01 2
34 4.656732139953470551e+02 5.172472923172999337e-01 4
37 4.685612083098932317e+02 1.801700069995776921e-01 4
36 4.682805106801584429e+02 9.832291558777386253e-01 0
47 4.707075952349482577e+02 4.917059595079396606e-01 1
44 4.708232524314408920e+02 3.657296320933269840e-01 1
16 4.341311348656915925e+01 8.353670707169777998e-01 2
42 4.699972270758722743e+02 1.566583012708800682e-01 0
45 4.705516435855292912e+02 5.431754551350134186e-01 1
32 4.655039908908952384e+02 8.466548889219031038e-01 4
15 -5.391717710515933959e+00 8.823357187342013574e-01 2
47 4.706241263729004913e+02 8.429090614996980202e-01 0
16 8.121580570427526879e+01 4.048661266709837614e-01 2
10 -9.456581683209769835e+02 5.498362052665745070e-01 2
19 3.198324040225863882e+02 8.049748833504044576e-01 3
2 -6.144473048850774830e+03 4.989060932565425044e-01 2
39 4.699256705037535085e+02 9.063440501018504847e-02 1
38 4.694174521462254575e+02 4.875034053365396858e-01 1
20 3.777802385375710514e+02 9.484912741636752909e-02 3
42 4.701393593023313997e+02 7.165116071142426657e-01 0
20 3.795077039636109362e+02 9.221328638170052105e-01 2
36 4.686348121680559871e+02 6.759121346753580450e-01 0
41 4.698927591824416368e+02 4.229118948609290607e-01 0
25 4.510270326661645299e+02 9.151218721983726823e-02 4
48 4.706932029314267538e+02 6.604164090459822001e-01 1
43 4.706044720279068656e+02 1.251804435039785279e-01 1
19 3.104780467734130980e+02 2.363906077578566967e-01 4
10 -1.036743257242969321e+03 7.183339880336300221e-01 2
36 4.698567667364902718e+02 6.229875325162773647e-01 1
44 4.703374352872224904e+02 5.974530139549365515e-01 1
35 4.681349875275223553e+02 8.010797048484632477e-01 3
37 4.691540288948373814e+02 4.722205049257686277e-02 0
30 4.637955619845997717e+02 1.033678896716930390e-01 3
5 -2.950827911138029776e+03 6.891332531283491658e-01 2
1 -6.549905310556549011e+03 9.583532783641224295e-01 4
36 4.681783031082636626e+02 4.151318698102812732e-01 0
9 -1.124642555776598329e+03 5.854183354219568702e-01 4
49 4.708467386290583931e+02 5.255272640889430136e-02 1
49 4.707549748898692883e+02 9.876519138578241375e-01 1
1 -8.706050616389364222e+03 2.128029712050673039e-01 2
11 -7.832267624171417992e+02 2.837067414776881513e-01 4
3 -4.432265822100111109e+03 9.352152993810963766e-01 2
43 4.706371487849497157e+02 3.541866341891454217e-01 1
18 3.526976306657002738e+02 5.472929725975540505e-01 3
8 -1.571299991098912187e+03 9.260251901956131348e-01 4
40 4.696287941004868571e+02 3.758171105439592208e-01 1
17 1.504364669582889746e+02 8.211042290814200839e-02 2
37 4.687355584282456107e+02 9.394867411845074789e-01 1
30 4.658547847225581791e+02 5.070938821188873957e-01 0
39 4.693999002339739377e+02 9.682908791535764781e-01 0
48 4.707846922960893039e+02 9.630056058621631054e-01 1
0 -3.864059787629271159e+04 6.646872571746430536e-01 2
32 4.659011141928092457e+02 6.561881965464420041e-01 3
27 4.540393630802002463e+02 4.439293018711492067e-01 0
22 4.350480816801975834e+02 5.689844306375061445e-01 0
34 4.659279975436010091e+02 3.887432514747287682e-01 3
32 4.652689864536687310e+02 7.205244943286569503e-01 3
14 -2.296841705775833873e+02 1.427446951596671454e-01 2
4 -3.574977744326512493e+03 9.226171215162678463e-01 4
18 3.640760627376128014e+02 4.142227415266924728e-02 0
27 4.589263723275927305e+02 5.631863769190056379e-01 3
24 4.392425456740390928e+02 4.469945159447959865e-02 3
7 -1.262402342531635895e+03 7.666995624071563098e-01 0
25 4.443561211332706762e+02 5.662512859081949568e-01 2
25 4.445180598958490918e+02 9.565655985373606729e-01 2
23 4.336830357439592376e+02 9.258248491277818459e-01 3
29 4.585808370821477524e+02 8.712625048223131552e-01 3
8 -1.355597099442128183e+03 5.956471468577455575e-01 4
3 -4.369406366566390716e+03 4.696183456938102241e-01 0
3 -2.598673561610326487e+03 4.166458223744242684e-01 0
28 4.558076502097880507e+02 4.284465162136896765e-01 2
22 4.064831532349909935e+02 1.053565427563974560e-02 3
13 -1.386863322002223242e+02 8.655589798669659496e-01 4
30 4.615420107403913335e+02 6.630306255862969400e-02 2
20 3.667711772179350191e+02 9.972579374753500758e-01 3
25 4.465657447628452701e+02 6.256516265166803814e-01 0
11 -4.595369804455838221e+02 1.071066723454451308e-01 3
19 3.125708262201056868e+02 8.548930418336397885e-02 0
48 4.707153241826863450e+02 4.713020414507138600e-01 1
1 -8.279028721046088322e+03 1.092755860740181051e-01 2
40 4.698892575275199306e+02 4.822570456576111275e-01 1
14 -2.238794357944787521e+02 7.521109358070452444e-01 4
10 -9.814347737674430618e+02 6.697286730839842051e-01 0
6 -2.258281810538001992e+03 3.022195879279924724e-01 3
13 -2.963110072058403262e+02 2.078428607950236762e-01 3
11 -5.034573806192177017e+02 4.470921179044527460e-01 3
32 4.654355865750967496e+02 8.361164694862405211e-01 1
23 4.354787496646940781e+02 9.830445259970524985e-01 2
25 4.459835810389090511e+02 1.968369607309592428e-01 2
25 4.451272415442620627e+02 5.920587600401697737e-01 3
36 4.684755391715015094e+02 3.654856549674434518e-01 1
18 2.650280368370006272e+02 8.584502845049031272e-01 3
33 4.648696549496629018e+02 7.546182531199964183e-01 0
31 4.622263965926299534e+02 8.480830096022274889e-01 0
33 4.651154360817056386e+02 2.961525392920405508e-01 2
19 3.087450031066733231e+02 3.890850003028527015e-01 3
30 4.626231421173120566e+02 6.926706492890353228e-01 3
15 -5.868586598402183085e+01 4.503039559697654681e-01 0
31 4.642589304491948496e+02 3.699467166591986489e-01 3
18 3.080118902591717642e+02 2.061820914567737972e-01 0
39 4.695109847578289646e+02 1.645913384419262493e-01 1
0 -2.298996277017780085e+04 4.516370724106353873e-01 4
37 4.689899869256002489e+02 5.514367494189187369e-02 1
0 -2.186284780496399981e+04 4.553210107502073667e-01 0
15 -5.541323522008165980e+01 1.073045597145139141e-01 2
3 -3.509776445209757185e+03 5.652226679259981790e-01 2
6 -2.384232992267823647e+03 2.398341808915266382e-01 2
41 4.698229145459374081e+02 6.177671782824810387e-02 1
44 4.703257374665251973e+02 8.943892755752820278e-01 1
42 4.700614764901803824e+02 7.944701573665962080e-01 1
15 2.862847262265461268e+00 8.437650730189112380e-01 2
38 4.695249302581146367e+02 2.589482040781077576e-01 1
7 -1.790575100425650362e+03 1.674727890873088376e-01 0
38 4.689487226301097849e+02 4.733248028276890174e-01 1
28 4.570374932006710083e+02 8.258853743944758463e-01 4
17 1.524795745634075956e+02 2.277025575899603860e-01 3
41 4.701836871080820401e+02 3.520402657756989129e-01 1
23 4.436289394378819679e+02 4.829097988919670570e-01 3
18 2.233640780628703340e+02 8.865288528762373943e-01 4
4 -3.580378162109940604e+03 1.081337377656380327e-01 0
44 4.703407192640258927e+02 6.009513923587588291e-01 1
45 4.705509428098195031e+02 3.795347295670065679e-01 1
29 4.635847693884271052e+02 2.500520564447588079e-01 3
18 2.327757197082921721e+02 8.309700917723428226e-01 4
21 4.008261797331656453e+02 1.706052351392819411e-01 2
26 4.489552342449590583e+02 2.801004588092112502e-01 2
26 4.495513983126381845e+02 4.239364267665777231e-01 2
13 -3.247989495144544208e+02 4.298106865497909879e-01 4
0 -2.313286127154994028e+04 7.055113548609206475e-01 4
20 4.231801255416633580e+02 1.328464289435160595e-01 0
37 4.692398609387231545e+02 5.681589528753145935e-01 3
36 4.684456193539823516e+02 7.104508357559869980e-01 3
22 4.244214472520916388e+02 4.173911535286545238e-01 2
35 4.688588407484073173e+02 5.039098679000417746e-01 3
12 -5.599023867104140209e+02 6.683835908598609876e-01 4
13 -3.192531077830059303e+02 3.303211281858022819e-01 0
7 -1.790421027386478045e+03 8.543560953425489712e-01 0
33 4.657305669265717825e+02 9.511952586829580669e-01 3
4 -3.795496417555161315e+03 3.813607189535725417e-01 4
44 4.706374836629717038e+02 4.798711582015946497e-02 1
49 4.709515385496031286e+02 3.041778745239079318e-01 1
43 4.704441840181289081e+02 4.575047038274233091e-01 1
46 4.705414403326082038e+02 7.390975807545787646e-01 1
28 4.577155685043502444e+02 5.696356063117982149e-01 2
37 4.690454752862443115e+02 3.735949205704340303e-01 3
21 3.998324227335331216e+02 2.250209771325883956e-01 2
14 -1.104976044135789124e+02 7.669290043106008481e-01 4
40 4.696586765611291980e+02 4.970018574271557465e-01 3
40 4.696814447166334503e+02 4.406908213733798201e-03 3
27 4.550268774102798375e+02 5.688619694896045187e-02 2
29 4.591662522784512248e+02 3.264598999082655162e-01 2
43 4.709209278864319685e+02 2.579252644367535652e-02 1
18 3.297122791964954445e+02 2.343074699512872616e-01 0
20 3.721396708527901183e+02 7.436212299940736514e-03 0
44 4.703622328452296415e+02 6.309239579815502097e-01 1
33 4.657018247445192287e+02 4.296951107382201429e-01 2
30 4.608287309008989041e+02 7.055817943585265262e-01 4
35 4.669208356688320691e+02 2.337633040443003463e-01 2
33 4.652580597390592629e+02 1.028588657613608709e-01 2
35 4.670636467728259618e+02 6.037075734368078095e-01 2
16 9.291016909897413711e+01 6.724172446124684344e-01 0
21 3.872480325134876011e+02 1.112321393246062939e-01 4
36 4.687691841940404061e+02 1.357962916745352189e-01 2
46 4.709048873157295816e+02 2.188232549919393310e-01 3
5 -2.872190705015691492e+03 7.271250137256983770e-01 0
44 4.705461285288208728e+02 9.935540266263580556e-01 1
32 4.642840104370892504e+02 9.312077939129268511e-01 2
17 1.575467923945681150e+02 2.000303181807971953e-01 0
11 -4.813357034275800856e+02 4.782094656869304572e-01 0
15 -6.361882570821735783e+01 1.705652283403080449e-01 4
21 3.878098693372060097e+02 4.846622221935867891e-01 0
39 4.694235741882620800e+02 9.017745808592562140e-01 1
17 2.050914121118562434e+02 9.220963504366519459e-01 0
28 4.603657608649869530e+02 3.972517271157546999e-03 2
41 4.698409505912337067e+02 1.451659091103465471e-01 1
44 4.703752839342412244e+02 8.025563378650246715e-01 1
17 2.559633463839607543e+02 6.206559898709187451e-01 2
9 -1.176312000184798308e+03 9.846816766930359677e-01 0
5 -2.458289972466328436e+03 3.671339577674524457e-01 0
39 4.698181697813210462e+02 2.359234583776474992e-01 3
49 4.707561878186339186e+02 7.711131781655244932e-01 1
6 -1.724923220434440964e+03 5.445532864815045837e-01 4
47 4.706594391609460217e+02 8.145590171087399023e-01 1
11 -3.510143389420297808e+02 7.251020428055114930e-01 4
37 4.689551606977637448e+02 3.461315329266128060e-01 3
34 4.657658067221170768e+02 7.988217149894287772e-01 3
4 -3.683443432038363426e+03 5.398002608224317100e-02 0
29 4.598164671889343253e+02 4.682068594476744838e-01 4
4 -3.692130644041185406e+03 9.572052529997159276e-01 2
9 -1.326980996767688112e+03 3.241869758241970878e-01 2
27 4.538924137033116608e+02 4.340487654966622699e-01 4
13 -2.595858679951499539e+02 6.976065862695034481e-01 2
26 4.497089524014384665e+02 5.777650161446504784e-01 4
37 4.688838449757946591e+02 4.140452948794586807e-01 1
34 4.657782054386017876e+02 7.899252293255880630e-01 3
14 -2.340450417361093400e+02 5.023670293829756162e-01 4
39 4.694330568789690687e+02 6.937356213425394103e-02 1
17 1.611001183683387978e+02 6.525542194709572641e-01 4
14 -1.620007003092471791e+02 8.962935164738397020e-01 2
40 4.696042378871886172e+02 7.549325805543727341e-01 1
29 4.616609279880401573e+02 7.343209358062936509e-01 0
25 4.498283374279231452e+02 1.300757061350168442e-01 2
46 4.705152229450416712e+02 9.196505573351925200e-01 1
23 4.467749316785864266e+02 2.346277941686210067e-01 3
34 4.659004345928367457e+02 7.190146957370398273e-02 0
49 4.707482471699279358e+02 9.526604638628057842e-01 1
26 4.523753607774456214e+02 6.752586101725288614e-01 4
18 2.963455522653495109e+02 4.043501503039803602e-01 4
33 4.647643403754273095e+02 7.285201604029457600e-01 3
4 -2.564054930741661792e+03 6.035833773298405758e-01 4
49 4.708132954416397524e+02 5.356602354930910526e-01 1
49 4.708175040866360632e+02 6.877779461236240843e-01 1
38 4.695049829471730618e+02 9.204101828781389993e-02 0
3 -4.493838094929571525e+03 8.468283778422986963e-01 2
23 4.436357435440455674e+02 7.847002693713263088e-01 3
3 -2.560361322455136360e+03 4.440646428565582227e-01 4
37 4.686614727142751917e+02 8.193406519199741833e-01 0
23 4.359862694247038348e+02 5.468222049017718023e-01 3
16 2.552416978938554166e+02 5.596573703312657244e-02 3
32 4.657738223508217743e+02 9.546149379318844552e-01 0
17 2.756609299762220644e+02 1.062712573154570850e-01 3
45 4.705004410974024722e+02 8.901538961570345521e-01 1
30 4.621488945553966232e+02 4.130691817824201362e-01 2
31 4.624498741180518664e+02 4.779358061006714897e-01 0
30 4.618875116727813861e+02 5.897058972968545199e-01 0
42 4.705687114645562588e+02 1.894149821528783306e-01 1
20 3.488656340756815553e+02 4.796509685627867725e-01 0
9 -1.006736012043026449e+03 4.370315722171701500e-01 3
37 4.687309571040126457e+02 5.571771284377983191e-01 1
11 -6.108180467177987794e+02 8.896717149049546691e-01 2
37 4.687944818741271433e+02 7.322052776046392708e-01 1
0 -8.680323720251297345e+03 7.522737364755921474e-01 2
6 -2.458582407773504656e+03 7.723888110779842942e-01 4
5 -2.378885409438024453e+03 5.659510602750295050e-01 4
44 4.704228854056876798e+02 5.955989943397668185e-01 1
15 -7.457748272746317753e+01 6.551966691226265294e-01 3
9 -5.929718760611316384e+02 4.198603059094854761e-01 3
6 -2.313566722428188314e+03 9.964633736217898274e-01 2
2 -5.084906893109297016e+03 8.865386286963508056e-01 2
27 4.519781731475011384e+02 6.521380918723567177e-01 0
15 -7.033023323896382806e+01 5.989365513107945960e-01 2
44 4.703945944984633343e+02 1.174746930517756027e-01 1
27 4.529646135111895546e+02 5.867244263311199859e-01 3
11 -6.306227954459343437e+02 3.301480320075600439e-02 2
19 2.961119329364339592e+02 1.242165326406275971e-01 0
12 -3.035476198388867033e+02 4.036381106792673590e-01 3
9 -1.248308658847566676e+03 1.421991619540903806e-01 2
5 -2.079379779540503478e+03 8.472101249105845611e-01 2
45 4.705562245187729218e+02 6.083241853175476166e-01 4
49 4.709404696981592338e+02 5.871970516891327208e-01 4
17 2.266349262592175364e+02 7.663384079062827980e-02 0
39 4.696703384185158257e+02 6.713588129515672964e-01 1
15 1.794200430334103658e+01 1.063802649026399649e-01 0
2 -3.475702935983679254e+03 7.993074797248933550e-02 2
4 -3.842861446549350148e+03 4.653812358344446842e-01 2
22 4.166093222734747314e+02 6.138427120909151213e-01 0
47 4.712565084604105436e+02 3.415549801403017227e-01 4
23 4.335012334030172951e+02 8.415812894084198081e-01 2
25 4.456446714261898023e+02 1.241422509446804129e-01 0
39 4.699452383635721162e+02 3.840293673784271611e-02 1
1 -8.536672633102914915e+03 9.504605738622793343e-01 3
24 4.391718832058246562e+02 6.183391982007824250e-02 0
42 4.700867309108614336e+02 4.059985536544826190e-01 4
44 4.705523436216885216e+02 5.877059308780585578e-01 4
23 4.335997516063161470e+02 2.018658968533765530e-01 2
18 2.393769347697469811e+02 9.086806017836507321e-01 2
26 4.487544641375815218e+02 3.688484702942793070e-02 2
13 -3.845098841820349662e+02 6.923773051792947442e-02 3
27 4.522850316669560016e+02 9.473335315752921815e-02 2
14 1.648918220394968159e+02 4.438287845723630776e-01 2
41 4.702164599436366643e+02 4.676905172927872112e-01 4
5 -2.842032878988517041e+03 9.847710014374388976e-02 2
27 4.539175988376659916e+02 7.927419425646307083e-01 0
17 1.631897883967504299e+02 1.969919367776462593e-02 0
23 4.400323210311018443e+02 9.338396973603142470e-01 0
14 -2.259749793795763821e+02 4.866052839669010588e-01 0
34 4.669738632991630425e+02 7.796150407823475570e-01 4
2 -5.482213620952296878e+03 4.922893067511751458e-02 0
8 -1.573887165948227448e+03 3.238731564911938587e-01 0
9 -6.435323877835992334e+02 8.368209327991792401e-01 3
0 -2.067139091363087937e+04 8.999085597028539940e-01 3
1 -9.990615290409279623e+03 6.328187342344132604e-01 3
30 4.621825399915725825e+02 6.203559260258121322e-01 1
28 4.577181170240295955e+02 1.503925877606029082e-01 2
5 -2.620223462918493169e+03 4.283904092854736723e-01 0
9 -1.265084683589073620e+03 3.381235269267712784e-01 0
23 4.371362672084036944e+02 2.994084986366971068e-01 3
39 4.693756945772569225e+02 7.288688405238286094e-01 4
22 4.334628531684406312e+02 3.525622967542076935e-01 0
28 4.575292129334482638e+02 4.270347670269596385e-01 2
41 4.700030559104604890e+02 5.957418571854447009e-01 1
11 -6.683446637253206291e+02 6.020116991273507523e-01 3
45 4.704736687466208878e+02 8.621745916903390539e-01 1
45 4.705091253291276985e+02 3.366953378410430520e-01 4
2 -5.815395564152278894e+03 2.032878556416688465e-01 3
5 -2.662928551894280645e+03 6.061358795674192113e-01 3
7 -1.857298708993531591e+03 4.336342643456484458e-01 3
33 4.649906297169147820e+02 3.586210900007461011e-01 1
5 -2.077738402816209600e+03 4.961560720547595338e-01 0
9 -1.076694691983070015e+03 4.980491475379646427e-01 3
6 -1.511951947494491151e+03 8.265797638333577391e-01 3
0 -1.484026995149290087e+04 4.113445549611521174e-02 2
17 1.566739725736343303e+02 8.171631761680268058e-01 0
39 4.693898954765760436e+02 6.086763010862203949e-01 4
5 -3.040989691715488789e+03 9.448541725981440820e-02 3
6 -2.372981712536871783e+03 5.700955911601363058e-01 3
19 3.471428290896805038e+02 6.384314521894106642e-01 0
3 -4.619197785874303008e+03 2.626394314496772742e-01 2
3 -4.461101898817067195e+03 5.516051064283917782e-01 2
17 1.847528118612081016e+02 6.858453862389883859e-01 0
36 4.686810194217729304e+02 6.688072732871096493e-01 4
42 4.701577259692610369e+02 3.897113067199219349e-01 1
37 4.685488404007899135e+02 2.087223620858205120e-01 4
22 4.151993379392725956e+02 4.166186125745742208e-01 0
36 4.685521745818829800e+02 5.650257971755223707e-01 4
26 4.501290042565241265e+02 7.422259260271243386e-01 0
13 -3.901624639284470959e+02 4.881321164098859078e-01 0
29 4.586784255391411307e+02 7.972109104863278617e-01 3
32 4.652225998190507426e+02 3.192487362593565692e-01 1
20 3.558314615377245218e+02 5.236957869298294321e-01 0
46 4.705396327151900095e+02 8.884428636814503122e-01 4
30 4.629044358929384089e+02 5.560198432538324687e-01 0
47 4.709682016298479539e+02 3.108984217354734958e-01 4
29 4.600004474007022850e+02 6.065820056644806169e-01 0
48 4.708133422563524846e+02 1.421653849424579508e-01 4
46 4.709352249085413860e+02 1.141579093651031163e-01 4
34 4.665099085545274420e+02 7.807134794599106531e-01 1
33 4.654050962661923450e+02 5.279747083479227054e-01 1
33 4.651416204135073258e+02 7.742640929460442578e-01 1
35 4.673976317334200985e+02 1.208601442102279488e-01 1
23 4.279799356771540033e+02 1.468344100703819211e-01 2
34 4.667126359917004947e+02 7.874974677924964084e-01 0
45 4.705279906166475712e+02 7.141243637190719529e-01 4
7 -1.243178610395922306e+03 4.713797986379649196e-01 3
41 4.698495966318768637e+02 7.295059314668788097e-01 1
38 4.693768862169464455e+02 8.616071033713189609e-01 1
12 -5.825125708505194098e+02 1.259292862122873835e-01 3
4 -3.262110141267197832e+03 5.549133950089228939e-01 2
46 4.706090094623682489e+02 4.759499173832592578e-01 4
23 4.372125073981408718e+02 7.852934378312930175e-01 0
37 4.685828291388660318e+02 2.496294516855138701e-01 1
21 4.135282610298039572e+02 8.879000758219266487e-01 0
16 4.533565203848156955e+01 9.222037081375367151e-01 3
16 4.046109369061683481e+01 5.654953618309521701e-01 0
43 4.703208266222028442e+02 1.932854439600344421e-01 4
6 -2.450292302720600219e+03 6.863920949348584211e-01 0
48 4.708968561083860322e+02 4.151398410664308702e-01 1
4 -3.598103148996925484e+03 4.323312817633129940e-02 0
4 -2.724515085786863892e+03 1.350881467054816931e-01 0
5 -3.008910985565212741e+03 1.955624981512560367e-02 0
8 -1.215647359487449194e+03 1.676560322120221880e-01 0
40 4.700809156331400800e+02 1.178648150776772374e-01 1
41 4.698276083412735034e+02 9.899479961591794996e-02 4
47 4.707305230962414271e+02 3.131330816227433922e-01 1
27 4.575477481133892184e+02 9.342546161035016894e-01 2
24 4.387612161989005699e+02 4.135056104201179639e-01 3
30 4.629492473474217604e+02 7.241425555932599067e-01 2
20 3.590254952068474950e+02 4.757522798528306118e-02 3
24 4.408232592000691170e+02 6.384566714490574890e-01 0
29 4.596477815275086414e+02 6.213261645113188347e-01 0
47 4.706998195772544022e+02 4.262505830264444739e-01 1
38 4.690398726821867967e+02 5.336419547024817689e-02 1
40 4.696437386965582164e+02 8.307362974820585722e-01 1
49 4.707455530123662015e+02 3.282908607530961032e-01 1
11 -7.455871425934946046e+02 2.114200110913408148e-01 0
5 -2.222038436238401573e+03 7.095865976774645700e-01 2
23 4.397293290355772797e+02 8.283894297558995756e-01 0
3 -4.771562473453420353e+03 3.308384688311081234e-01 2
13 -3.827202802431362443e+02 8.435732886708807721e-01 3
18 3.243937729218589539e+02 1.748340242737927708e-01 0
40 4.697881851834013105e+02 3.350157952996422051e-01 4
14 -2.217835918975215463e+02 5.483124831419933232e-01 3
41 4.701739969532510486e+02 4.465158975422633958e-01 4
42 4.701974831690487235e+02 4.562385889192051014e-01 1
25 4.483587691817961627e+02 4.189365492852180628e-01 0
11 -5.073406762223374926e+02 4.976376625291208944e-01 2
43 4.703457550063104122e+02 6.777243711386208291e-01 1
8 -1.677127980254874501e+03 7.824710629137143769e-03 2
13 -2.024808399220758588e+02 2.740577670245583630e-01 3
4 -3.498041565034005544e+03 6.128636678087030498e-01 3
36 4.680914242619487595e+02 7.733773001001382763e-01 1
0 -1.956160812252941832e+04 6.028105133933649995e-01 3
33 4.661472558345370771e+02 7.057386949777608720e-01 4
6 -1.922053840886442686e+03 5.883447110630845023e-01 3
13 -3.276308246018799082e+02 4.704970161133978368e-01 2
33 4.676187960652509901e+02 1.851561613342770640e-01 4
36 4.685229734716980374e+02 4.232020349328885662e-03 1
20 4.244254366543266883e+02 2.469724668949613289e-01 3
39 4.697836612888315813e+02 4.794983732804891652e-01 4
31 4.641723330978326203e+02 8.004428656206034054e-01 4
29 4.601619060330436923e+02 7.870251513804802368e-01 1
2 -5.809016549793937884e+03 8.078817014315546885e-01 0
38 4.690758031000016217e+02 6.780658948952023035e-01 4
21 3.912049741495253556e+02 5.339407117299730388e-01 0
12 -1.682243643148159151e+02 5.639588605052066050e-01 2
6 -2.129699065101086489e+03 1.239686441713078180e-01 2
31 4.624230414707274690e+02 7.174801142406729282e-01 4
13 -3.768227764194680276e+02 7.226428201602885792e-02 0
19 2.956634761639234625e+02 1.096120902431916774e-02 0
6 -1.971454197314449630e+03 2.906413446323165284e-02 3
22 4.169560220291908763e+02 6.490415665249890664e-02 0
16 2.205673440606770157e+02 2.300529640717599300e-01 2
8 -1.571617679218752073e+03 8.505297914801245307e-01 3
5 -2.855671527870198133e+03 6.017043722047721310e-01 0
32 4.651216252901418784e+02 5.730450298655311858e-01 4
9 -1.299196091110698944e+03 5.820528998942364751e-02 3
11 -8.013301580047027528e+02 9.571763170457485703e-01 3
19 3.095728891198036763e+02 7.574468074527713757e-01 1
11 -3.945675174335569295e+02 3.577899987758133560e-01 2
8 -1.418509699282996280e+03 5.176863744836257553e-01 3
22 4.298600242212113471e+02 3.176572304793650048e-01 1
17 3.138740158963511249e+02 7.511161993244646062e-01 1
4 -3.034479352314586322e+03 8.967888773171051042e-02 3
28 4.570949772860973326e+02 6.820575099896908355e-02 1
18 3.131029130763317880e+02 1.560287128108598653e-01 2
28 4.568993094379607101e+02 4.121002905555724016e-01 1
25 4.442190836765167887e+02 7.603064089146807092e-01 0
26 4.513115617267163771e+02 5.162255523172477600e-01 0
28 4.562795881182652238e+02 6.371610979109421091e-01 0
3 -4.055342744404013501e+03 3.608591202920353180e-01 3
1 -7.804993411606799782e+03 5.009115964906792062e-02 3
29 4.585251731431256417e+02 7.599020189750489429e-01 2
25 4.564281826289322908e+02 8.090067279826447244e-01 2
17 1.501562245614865105e+02 7.472779969811452760e-01 0
2 -5.739527977342307167e+03 6.128981671545765675e-01 3
17 1.778495422968790081e+02 2.971905379767023070e-01 0
22 4.350370595148988286e+02 6.425368609630964789e-01 0
4 -3.492217397153340244e+03 4.204345804175702028e-01 3
42 4.703941758474040284e+02 8.774324385622122024e-01 4
8 -7.180331567388914209e+02 3.723591302421004334e-01 0
9 -1.339979775628051812e+03 5.721744151886026808e-01 2
10 -1.044022594151887688e+03 8.647377093694873507e-01 0
16 7.310728733070347118e+01 6.403509984989206316e-01 0
46 4.708810617393032771e+02 5.365121007380727614e-01 4
49 4.709502883810459366e+02 7.971177771223514341e-01 4
38 4.695142218626319845e+02 1.668939499334531340e-01 1
41 4.700873461697274820e+02 3.029762442441251147e-01 4
32 4.642480024043029516e+02 1.052480286055086367e-01 1
38 4.690560452073797251e+02 1.732098676809576965e-01 1
11 -7.312722269988031485e+02 1.277983072454533520e-01 0
10 -6.623959597717082488e+02 6.574789713866707741e-01 0
32 4.652726111537207885e+02 4.525571864160080060e-01 1
49 4.707345405548811641e+02 2.931478322426863126e-01 4
25 4.471187635589844263e+02 5.297282399896916516e-01 2
11 -7.796452972097131351e+02 9.112986452192122222e-01 0
12 -3.943996956796951849e+02 3.251731507095046991e-01 0
32 4.640250140633239653e+02 8.432448539226267137e-01 2
44 4.707362741505553458e+02 6.432943713920624695e-02 4
3 -4.041873914097483066e+03 2.554606711517922735e-01 0
0 -9.289588701329925243e+03 4.983778309679376406e-02 3
45 4.705545364848267127e+02 5.065169605294309596e-01 4
7 -1.928277503233393418e+03 7.892211588380585452e-01 0
7 -1.868151001673918927e+03 3.222533929245762763e-01 0
36 4.682832796709895433e+02 2.488601638400128602e-02 1
36 4.684801621086578507e+02 8.576313909006865188e-01 1
37 4.686343391144834527e+02 6.056537351181106033e-01 2
38 4.694273239554313477e+02 4.667820913992528631e-01 1
24 4.386739904504985361e+02 9.109995477291068511e-01 3
17 3.915078418666339530e+02 7.941746605076547283e-01 3
21 3.870756542768192503e+02 5.251506466490378777e-01 3
13 -3.731203348466937086e+02 4.293043067985280459e-03 3
35 4.670881464240387118e+02 4.426173531440104059e-01 2
35 4.675201210212602518e+02 6.265459291629064120e-01 2
41 4.700551499117161711e+02 1.299697556488846328e-01 1
26 4.513112256684671593e+02 1.108541463051391646e-01 3
24 4.439410402994459446e+02 3.057979596696711599e-01 3
21 3.891614402441675793e+02 5.544280742425566899e-01 3
41 4.700556974908523102e+02 7.292653223116745131e-01 1
17 2.589044973997215493e+02 7.468844387296016407e-01 3
14 -1.514686229725845692e+02 8.183930143890030262e-01 2
12 -5.462889327603983247e+02 5.189018600034174256e-01 2
46 4.706277052053766283e+02 2.137073577487198506e-01 4
17 1.762667539877568856e+02 4.996407276020637944e-01 3
46 4.707335365030131697e+02 4.118348769491960160e-01 1
42 4.702188544832310981e+02 6.227179812803135261e-01 1
16 9.681603657978961053e+01 5.489291924132996825e-02 0
40 4.699900085933812761e+02 3.092650647241668715e-01 4
22 4.496764343428351367e+02 8.688258123987221415e-01 3
49 4.708659915105431537e+02 2.391913621142575108e-01 4
28 4.570972279992079734e+02 2.697364184028392953e-01 2
39 4.701251143034091911e+02 2.685187537149191783e-03 1
27 4.543561361893499679e+02 6.757351070413972760e-01 2
22 4.088550516530746677e+02 7.122728319430239319e-01 2
38 4.698146771191104563e+02 4.704415764085397300e-01 1
24 4.399554176207363980e+02 2.659284105049094515e-01 2
18 3.037719357712244914e+02 2.023332004120570460e-01 0
11 -2.329028449770019051e+02 2.380582546073620742e-01 0
38 4.689995680704474807e+02 7.634007170809571363e-01 4
26 4.481781627774535082e+02 8.953351041462732640e-01 3
25 4.470511531682806776e+02 9.328259332684056826e-01 2
49 4.709699252092227084e+02 9.591448013541006845e-02 4
43 4.702702848249107888e+02 6.894505290142349807e-03 4
45 4.704913420588807185e+02 1.827197035793206858e-01 4
41 4.698488943412797312e+02 6.503632813409887525e-01 4
45 4.705873981928434659e+02 9.817518944685086346e-01 4
12 -4.664336004359205958e+02 6.495909789650835542e-01 3
32 4.642766591944997003e+02 8.088979862546715749e-01 2
33 4.648219942531218294e+02 3.574388234963697397e-01 2
33 4.651025967196454758e+02 4.630964999849071506e-02 1
47 4.707485519126361737e+02 1.694973295061052987e-02 4
27 4.525215785303895473e+02 4.072967250050605337e-01 1
28 4.566807283635789645e+02 7.918613288180189613e-01 1
7 -1.680114154195782248e+03 9.680785931729380955e-01 0
38 4.692625584087149946e+02 8.356906229349151394e-01 4
10 -7.187295209710532617e+02 6.807256999934434560e-01 3
9 -1.081825282886708010e+03 3.353335464292452883e-01 0
32 4.641136112691605149e+02 6.969611266924875537e-01 1
36 4.682461666763903168e+02 3.954112349780000146e-01 4
31 4.638715556015719130e+02 3.457035963434051951e-02 1
2 -5.477361452445637951e+03 8.013841240828893930e-01 2
7 -1.763996104254691545e+03 8.510881458646439857e-01 2
2 -4.667652036313520512e+03 6.380887667672370256e-01 0
20 3.471481018972604602e+02 5.475984648746117234e-01 1
13 -2.828355521821996490e+02 5.809013719222251293e-01 3
5 -2.905053470988800200e+03 9.497398248636139684e-01 0
1 -3.991326934489643463e+03 6.581376253397028808e-01 0
10 -8.884083829346795937e+02 7.173986995543010226e-01 2
42 4.700668258618130722e+02 1.880116027186987671e-01 4
0 -5.450823393252484675e+04 5.740531642901016696e-01 0
10 -8.993252961099758522e+02 3.884604017027792899e-01 0
22 4.505400727790942028e+02 5.395719301465590201e-01 2
23 4.360479644059604993e+02 4.894529087987746774e-01 0
18 2.363932644498406717e+02 2.811666655194398068e-01 0
20 3.691983744737633515e+02 5.648831854426674681e-01 0
0 -1.317073515645065527e+04 7.822730875010794893e-01 1
1 -6.945098247527694184e+03 3.300317987202489589e-01 1
4 -3.231752395677019194e+03 6.909377264989675638e-01 3
17 2.661226345541869023e+02 2.755894558889183110e-01 2
16 8.891382508175637156e+01 6.406187701827170677e-01 3
18 2.477743622272872699e+02 9.803818624721954977e-01 0
18 2.231682904537234435e+02 6.895182083746087542e-01 0
12 -3.325925593343423543e+02 5.061918592339480494e-01 2
44 4.707167549665787192e+02 6.000509432069729421e-01 4
19 2.977601792745450666e+02 1.307591556058387561e-01 0
26 4.480509434149416279e+02 5.279596751010487976e-01 3
7 -1.888486173728127369e+03 8.574527201409749555e-01 1
2 -4.681313197722932273e+03 8.765389375112312420e-01 2
1 -9.892002372407077928e+03 9.493342622014895316e-01 2
1 -9.181005071515872260e+03 1.878933193513562250e-01 1
23 4.333526348161858550e+02 5.120920729364830670e-02 0
31 4.628739799994002624e+02 5.500815750822212191e-01 3
3 -3.255770777810151230e+03 6.606295180721045990e-02 1
10 -7.276221189031515451e+02 4.346857382087518928e-01 0
10 -6.176034519675630463e+02 8.543811620310266530e-01 2
45 4.705554584230030173e+02 2.599275908843828864e-02 4
19 3.588968469029773587e+02 4.761965773983922734e-01 2
12 -3.191453082371891128e+02 8.595444038884428872e-01 1
17 1.620455659512691113e+02 8.842814128942337870e-01 0
44 4.704092187052732470e+02 2.105586177126763658e-01 4
46 4.706684186103739762e+02 2.940435284412368233e-01 4
42 4.701062053755963461e+02 7.249756267948601618e-01 3
26 4.482595149889074264e+02 5.841157160334545795e-01 2
3 -1.867021071905757708e+03 4.186628683884544566e-01 1
43 4.703747204764318894e+02 2.565658302731748108e-01 4
0 -3.134397832047215343e+04 3.293467338444110437e-01 0
35 4.697211682291394936e+02 6.076188773941640919e-01 3
47 4.710076469288479757e+02 2.646925574890888755e-01 4
47 4.708151103983940402e+02 9.638274957450013725e-01 4
27 4.523462490852187443e+02 9.515253357952691005e-01 2
8 -1.614210341950192173e+02 4.063995723614440281e-01 1
14 -2.141720283954231832e+02 5.315204481828478267e-01 1
45 4.704744850479628440e+02 2.094913087284422382e-01 3
47 4.707120862301346733e+02 5.127502195225046577e-01 3
3 -4.450110763994872286e+03 5.278049307672559587e-02 0
34 4.668782951642023136e+02 8.510925832753952758e-01 3
18 2.625864937384505993e+02 9.931714246376081023e-01 1
6 -1.448579894882444023e+03 3.674305217623853315e-01 0
28 4.608498343617508226e+02 4.394812222828541337e-01 1
25 4.458246597448769535e+02 3.266594675849250340e-01 1
7 -1.237808768239775873e+03 4.799139287653769181e-01 0
27 4.520873816891287333e+02 8.124842018033654467e-01 1
39 4.696531372581324604e+02 8.061132779735098453e-01 3
4 -3.806196865988350510e+03 7.469633529825032703e-01 0
35 4.678902945183904194e+02 8.035725844763353942e-01 4
23 4.292053891050753691e+02 1.930321824860808666e-01 1
26 4.492960320940279644e+02 4.538698643439419422e-01 0
29 4.598055625243181339e+02 5.297242566289787069e-01 1
26 4.506401980010107877e+02 9.879401288916200841e-01 2
33 4.657091852040572917e+02 5.181106596922888663e-01 1
35 4.684904086607332374e+02 2.176054514447413046e-01 3
49 4.707669723601744067e+02 4.803723806888111625e-01 4
45 4.705432269400753285e+02 2.930281707483192721e-01 4
4 -2.727092411136819464e+03 5.552529269101853515e-01 2
4 -3.813881134736243439e+03 5.613200475335972106e-01 2
39 4.696320702412514834e+02 2.874203875128751307e-01 3
40 4.699684521483117123e+02 1.262215499323717793e-01 4
37 4.689812569455286280e+02 7.146481523327690155e-01 3
41 4.700781800837415858e+02 2.195987892760893345e-01 1
42 4.699852785988533697e+02 9.048937745657661402e-01 3
28 4.558345329738320970e+02 2.231984495949576042e-01 0
33 4.652655241553757151e+02 8.156159363185423450e-01 0
40 4.695850702802916885e+02 8.682959141173767215e-01 3
0 -4.986390713772989693e+04 5.676730109866698903e-01 2
42 4.699860661899465981e+02 7.828145580692575933e-01 4
47 4.707283494538183959e+02 4.605622308520882502e-01 1
43 4.704194468459750169e+02 9.016367937081419814e-01 4
2 -4.964839330162063561e+03 3.927645605645940785e-01 2
