# level_assignment log_likelihood tiebreaker ID
0 -6.638760715357308072e+03 1.440075494667957812e-01 0
1 -1.247814210821663039e+02 4.627231389071409517e-01 0
2 -8.276781741841818985e+01 3.643702776315692338e-02 2
2 -5.708012292341725242e+02 1.146191477971364031e-01 3
3 5.439014845717413209e+02 9.753796006124240137e-01 4
2 5.684903536334993532e+02 1.331710513499215764e-01 1
4 5.654440657428810937e+02 9.854360601728981983e-01 1
0 -5.768147838923408926e+03 5.689726116632453090e-01 2
5 5.568578307650423085e+02 6.208578145170593476e-01 4
4 5.884832512450659578e+02 1.150258392366394489e-01 1
4 4.919605036512313063e+02 2.915285228081412883e-01 2
2 5.785496476166342745e+02 5.161591646834424729e-01 4
1 3.576646416288602950e+02 8.050094303577327581e-01 2
2 -5.940391738396258461e+02 8.134371409258989161e-03 2
7 5.852334420846443663e+02 5.184689080912551207e-01 4
4 5.121945222149595338e+02 8.752155382728412647e-01 2
4 5.343448467162701263e+02 5.789821195448435764e-01 2
7 5.874201759175826965e+02 8.425260776581708910e-01 2
8 5.884806919568281955e+02 6.826763494190378756e-01 0
0 -1.019664188789593027e+04 8.257252839355431195e-01 1
10 5.895417626749498368e+02 7.688105473403453738e-01 4
10 5.894360390446584006e+02 3.958286948318033849e-01 0
6 5.846238539936866800e+02 9.160392038223512667e-01 3
4 5.576422909568370869e+02 7.616011440159671242e-01 1
8 5.886896643133577527e+02 2.644428470814874643e-01 3
11 5.894411808024481161e+02 4.877975488867798415e-01 4
2 -2.493241116551472203e+02 4.595941358981879832e-01 2
1 -1.369388688024059775e+03 5.428097238966804738e-01 2
11 5.894927759497769557e+02 4.066571598706363311e-01 0
11 5.894186661973564014e+02 6.201263159080948606e-01 0
11 5.894077537445072039e+02 8.095103867634052541e-01 3
14 5.895944810075375244e+02 1.807040010152810572e-01 4
14 5.896004107320998173e+02 7.938959159811233013e-01 4
12 5.895759991158311095e+02 2.358604462050360173e-01 3
1 -8.653037182010973538e+02 9.599740079724805586e-02 2
5 5.571269129007907850e+02 3.697982082408795557e-01 0
10 5.893516775608941316e+02 4.213103097117630869e-01 1
15 5.896065948481275427e+02 5.216585595421996402e-01 3
4 5.491314413030029300e+02 3.980258528546851693e-01 0
15 5.896036186175092553e+02 3.428303418234769362e-01 2
12 5.895180795082860641e+02 1.686414917087017962e-01 1
14 5.895849125961531172e+02 1.393558826461429589e-01 3
5 5.683441012428897920e+02 4.625501528962929765e-01 4
14 5.895800812958939332e+02 1.034568173575573236e-01 0
13 5.895460978132623495e+02 5.970665420841622106e-01 0
16 5.896075680575719389e+02 6.886726495748098920e-01 2
2 5.653820400763395355e+02 5.491445425749663656e-01 3
13 5.895523100929921156e+02 1.082404546487243380e-01 1
0 -1.639173592732111138e+04 1.149026164998137034e-01 3
17 5.896068481289512420e+02 9.778689516604526233e-01 1
18 5.896094510596905138e+02 1.087029342008139811e-02 1
3 3.824031367044133276e+02 7.267835102321836827e-01 3
18 5.896091027082576375e+02 1.549575505199936587e-01 2
18 5.896085813900836001e+02 8.125408668797149403e-01 2
14 5.896010734121985024e+02 1.335508036873036819e-01 1
18 5.896087040074087327e+02 1.057901005604907768e-01 1
12 5.895370274069805419e+02 4.535630447077583227e-01 2
18 5.896083476557760150e+02 3.048143364520541354e-01 1
18 5.896085703290020774e+02 3.140661912450934956e-01 0
18 5.896079578465364648e+02 4.329246586779724737e-01 0
17 5.896088783322741165e+02 2.161990794613453115e-01 0
19 5.896099698784471457e+02 6.373662348990019044e-01 0
16 5.896064668294947069e+02 7.508087746082797720e-01 1
19 5.896095488448613651e+02 8.485555795001844537e-01 0
19 5.896095041249691349e+02 7.399226802240717049e-01 1
17 5.896067939499350814e+02 6.560869175913603968e-01 0
10 5.893996219653406570e+02 7.599773117374759579e-01 2
9 5.892171385808289870e+02 9.896160362553032552e-01 1
12 5.895522170080575961e+02 5.233784423279597142e-01 1
16 5.896047067979591247e+02 2.878644863409978161e-01 0
19 5.896097086131180731e+02 2.540671643641133071e-01 4
21 5.896100532591142382e+02 2.675534588773831671e-02 3
23 5.896100556727116100e+02 8.954751016002499009e-01 3
19 5.896100078307608783e+02 6.421298555562165999e-02 4
20 5.896097512210179730e+02 6.229985614312719688e-01 0
24 5.896100658386114901e+02 7.686008562285491230e-01 4
9 5.893380537196835576e+02 3.914525044649544427e-01 1
12 5.895071964697615385e+02 6.848578993815297444e-01 1
12 5.895172799094578977e+02 2.708532232187021993e-01 1
17 5.896088097502282608e+02 2.490112390226009720e-01 2
16 5.896067057203042623e+02 9.415758274041102771e-01 3
25 5.896100675247375875e+02 1.178362686631697909e-01 4
24 5.896100640787954035e+02 3.151458232280424099e-01 4
17 5.896067800593159518e+02 5.417249271474924299e-01 3
23 5.896100444026676541e+02 2.303559059756312699e-01 0
16 5.896097287152718991e+02 4.687844881008547682e-01 1
22 5.896099856241165753e+02 5.511788426796191409e-01 0
15 5.896019164996293966e+02 4.540240795750375979e-01 3
26 5.896100688600525928e+02 3.295417512586185094e-01 0
18 5.896084858719621025e+02 6.733689114735011971e-01 3
15 5.895961099366846838e+02 6.227185709082244669e-01 2
24 5.896100639150345160e+02 1.124814771306834743e-01 0
14 5.895809018798424859e+02 5.540840208599753236e-01 2
13 5.896031997294307985e+02 7.422083342568099873e-01 4
13 5.896043586693424459e+02 7.374064826230561920e-01 3
24 5.896100612876549576e+02 9.973102075089634866e-02 0
13 5.895416554107562206e+02 8.233334484617780280e-01 4
25 5.896100704722595083e+02 9.022737312086391848e-01 0
18 5.896083615473316968e+02 9.593470869000526591e-01 2
9 5.895519977043675226e+02 9.342978586048431566e-01 4
27 5.896100713234724253e+02 6.032297971618467702e-01 0
9 5.889977705067027500e+02 1.385642230555621524e-01 4
11 5.894208175652290720e+02 5.452352792142612509e-02 3
26 5.896100685757307929e+02 1.521719188358951202e-01 0
3 5.201392147000474324e+02 7.198173741129557657e-01 3
22 5.896100091354853703e+02 2.776201791814618680e-01 2
11 5.895018702918100644e+02 2.165535096728129771e-01 3
3 3.645801021859590492e+02 7.044208867367385274e-01 4
1 -4.259019775725624640e+03 7.836711026890954557e-01 4
8 5.878872864872050741e+02 8.105791512511060226e-01 4
17 5.896094214404121203e+02 2.232623064384475775e-02 2
12 5.895324675037209090e+02 6.121736678758844807e-02 4
29 5.896100715531082415e+02 9.697818839871743535e-01 0
4 5.672741795167028158e+02 1.780643634546288101e-01 3
29 5.896100715252418922e+02 9.811395854755329549e-02 0
19 5.896094656741805693e+02 7.073706903717816852e-01 4
1 5.098863622566049685e+02 1.229311970940398790e-01 1
14 5.895993083750036021e+02 3.065282344652530133e-01 4
11 5.894646845406516604e+02 5.144116673943173179e-01 3
12 5.895269116098279483e+02 5.978355285579943779e-01 3
23 5.896100605055266897e+02 1.038829459023397905e-01 2
26 5.896100689138866073e+02 7.579150276928893482e-02 0
2 -5.426805728977881245e+02 2.423102435521356790e-01 1
24 5.896100600357659687e+02 9.593801803544766971e-01 2
14 5.895809115293311606e+02 6.901176057375789652e-01 3
27 5.896100719196367663e+02 9.705095856516611219e-01 0
27 5.896100708170542930e+02 8.685259524275201759e-01 0
23 5.896100578838552337e+02 1.152063903849368520e-01 2
29 5.896100715156700289e+02 8.800347677079086717e-01 0
8 5.889622154740823134e+02 1.397825465201734119e-01 3
2 -6.275124768212178878e+02 4.392776096204192293e-01 1
3 3.109784841489497467e+02 5.589143822058982858e-01 3
29 5.896100719619544179e+02 1.422409484906063670e-01 0
21 5.896100371581871968e+02 2.604496403152391920e-02 4
25 5.896100659663163697e+02 6.535158228213978626e-01 4
25 5.896100675635181005e+02 8.543552126696611904e-01 4
5 5.811123577273815499e+02 4.605766624108638130e-01 3
26 5.896100685394567336e+02 8.170558427858727324e-01 0
25 5.896100664018749740e+02 3.553217492410247758e-01 4
17 5.896076062120896495e+02 6.439835560305986473e-01 4
2 -1.413180644263572958e+02 2.778787940086829833e-01 3
27 5.896100697595099973e+02 4.073249937872382986e-01 0
19 5.896094335235559356e+02 1.857131739746612498e-01 2
0 1.838219819830609367e+02 3.791609878510993070e-01 3
27 5.896100715466271822e+02 8.790174199546145761e-01 0
2 -4.594997063409128941e+02 8.401309407410796348e-01 3
10 5.895858080212756249e+02 3.598617313805790863e-01 2
7 5.858830214962376886e+02 1.505314273267521763e-02 3
7 5.861017645246602115e+02 6.754992736976416223e-01 3
4 5.669083506424135521e+02 7.688367290827544664e-01 1
0 -2.392471343642155716e+03 9.955254389307048868e-01 3
6 5.807802521841402950e+02 8.492514667561603670e-01 3
6 5.785669637439566486e+02 2.805119046165454599e-01 2
8 5.876345855954882609e+02 7.282036476556267290e-01 2
10 5.892583526956246942e+02 6.102201564072817774e-02 2
28 5.896100711360046489e+02 1.356952774759356828e-02 0
3 3.453277505817513884e+02 7.518346920001890421e-01 1
5 5.698380079003318315e+02 3.092116537726781189e-01 3
1 -2.634468672718197126e+02 4.002230596837719756e-01 3
7 5.868919580332126316e+02 1.747767186000537265e-01 3
27 5.896100702464495953e+02 4.828621296578641253e-01 4
5 5.599138214214771097e+02 9.698452585510453083e-01 2
26 5.896100684550409596e+02 5.913870551715438850e-01 4
14 5.895864455697326321e+02 7.698430385316736846e-01 2
7 5.892188244402411783e+02 9.698966984313939221e-01 1
23 5.896100548100355354e+02 8.421596345248509863e-01 0
13 5.895670740976331672e+02 4.782787860938343960e-01 2
21 5.896100646612412675e+02 9.482164001174687717e-01 0
8 5.891167664179029089e+02 3.932009666954534854e-02 1
21 5.896099361348220782e+02 7.733491487046031398e-01 0
16 5.896028915145677729e+02 2.247362562088461857e-01 2
7 5.884801983188262966e+02 4.649696832252375733e-01 3
2 4.476121845791728902e+02 3.379448148831558085e-01 1
1 -7.383809476010214894e+02 8.912991428033122387e-01 1
3 3.088210456783784252e+02 3.577117553049902199e-02 3
23 5.896100373083006616e+02 2.316097031224468861e-01 0
14 5.895911424059022465e+02 4.612468825563711405e-01 3
19 5.896096293554470549e+02 4.702190825826822462e-01 2
23 5.896100353526971958e+02 6.679643314736076753e-01 0
16 5.896046472563139105e+02 5.236269001070263940e-01 3
27 5.896100698753627967e+02 4.804786632999444862e-01 4
27 5.896100714348789325e+02 8.672134964187532269e-01 4
17 5.896069656977354043e+02 5.058163996932493189e-01 3
13 5.895565757846898123e+02 5.895216857542070477e-01 1
25 5.896100651068391016e+02 8.578928374354578557e-01 2
26 5.896100685641591781e+02 9.291274299498535338e-01 0
29 5.896100718105180931e+02 3.057489062910282995e-01 4
26 5.896100693164153199e+02 8.965848892413841309e-02 0
26 5.896100685733878208e+02 7.564036136836576052e-01 0
17 5.896068501628778904e+02 4.579992003219546248e-01 3
12 5.894973719778406576e+02 5.524449600096160706e-01 3
0 -4.947138441465987125e+04 4.997227832055806118e-01 1
24 5.896100562089096684e+02 7.209799984136475715e-01 2
13 5.895794259678182243e+02 7.512054395220072456e-01 3
15 5.895953993703179776e+02 4.751192191138088328e-01 3
21 5.896100393218916906e+02 6.550175212658055912e-01 2
8 5.887518087158705384e+02 7.356915299561037624e-01 1
18 5.896082141213735213e+02 6.480351635572860758e-01 2
6 5.884415980791593483e+02 2.144550408980303025e-01 1
21 5.896098646840446236e+02 9.354641358067357082e-01 0
22 5.896099848079247749e+02 4.259567830240203468e-01 2
17 5.896087223385743528e+02 5.675161566746805830e-01 0
16 5.896068581161224529e+02 2.079058072939073409e-01 2
15 5.895954634113611519e+02 4.926705924234599521e-01 0
11 5.896048166404748372e+02 6.351480915409274397e-01 2
13 5.895880126701669042e+02 5.277122973272012629e-01 1
29 5.896100716720499122e+02 3.643158307542272017e-02 4
10 5.894519765224019920e+02 8.381286430528822606e-02 1
18 5.896081915894355916e+02 3.825475036680915375e-01 0
1 -1.189031213050682481e+03 5.579414047802929710e-01 3
7 5.853947643515851951e+02 9.660727746055062237e-01 1
2 3.161791742316507907e+02 8.768548350614217834e-02 0
3 3.182860785567835364e+02 2.314321008302032134e-01 1
7 5.864697759459754707e+02 9.337648840478385281e-02 0
6 5.763680810350260799e+02 9.320540145805531473e-01 3
22 5.896100052421483042e+02 9.459525854796951849e-01 4
14 5.895903897739801778e+02 1.060674831333435486e-01 2
11 5.895211528839030279e+02 7.092103394792871329e-01 0
2 -1.681392780743465210e+00 2.692353164630274520e-01 1
3 3.382234354600075221e+02 7.849209359937230346e-01 2
13 5.895499224312802653e+02 7.292492503480598742e-01 0
10 5.893274426809973647e+02 8.004369414072363131e-01 3
4 5.318688601053859202e+02 1.086786567894226785e-01 3
8 5.884408080114027371e+02 4.488742063626053325e-01 3
14 5.895847733801582535e+02 9.355512829794043750e-01 0
2 -2.121427394116510641e+02 8.916162919236114703e-01 2
0 -6.543010954558632875e+03 1.836543490906036302e-01 2
14 5.895979310329587406e+02 5.076411012935309053e-01 3
9 5.887382688206921557e+02 2.363181144033993097e-01 2
17 5.896071713301832915e+02 7.809232837445727604e-01 3
9 5.892054944299570707e+02 5.861214511594162735e-01 1
25 5.896100656811104272e+02 7.779399931249552091e-01 4
25 5.896100682326875813e+02 5.648300358841199659e-02 4
9 5.889292357824767805e+02 3.220724610047427938e-01 3
3 3.857140043030835841e+02 4.436897489769792147e-02 3
22 5.896100036755684641e+02 3.705791150671935985e-01 0
18 5.896083633966214848e+02 1.757032158907478880e-01 0
0 -3.214253305598804218e+03 8.519136728162384209e-01 3
18 5.896094659052662337e+02 9.006768664305333516e-01 0
23 5.896100376423007674e+02 1.011746236803951066e-01 0
1 -1.983018602932273325e+03 3.957384873218717791e-01 3
22 5.896100596736281432e+02 3.258890155374191688e-01 0
17 5.896079169143755507e+02 6.889703731727010450e-01 2
6 5.862064126449342893e+02 2.782152984784538319e-01 3
18 5.896096858843710606e+02 4.698241705679030433e-01 2
25 5.896100667627775920e+02 3.810202885594541344e-01 0
0 -9.835977919164277409e+03 5.216881797113190888e-01 3
29 5.896100715540890178e+02 4.656226376125813249e-01 0
1 3.163604492848103860e+02 3.361244210372797969e-01 1
26 5.896100713076043576e+02 2.819168489361723595e-01 0
1 -1.618327129875535093e+03 8.448013734136536890e-01 1
0 -2.912799204703530268e+04 3.589710457308896707e-01 1
23 5.896100351435867424e+02 8.572478107735790331e-01 0
26 5.896100690443588519e+02 2.133023720776038856e-01 4
18 5.896086693132090204e+02 4.398497385069147780e-01 2
17 5.896079281660236120e+02 3.461383109429698735e-01 2
19 5.896093978563912970e+02 6.266505019946910782e-02 0
20 5.896097623495329572e+02 5.506862008634244576e-01 2
21 5.896098836825528906e+02 5.273103267067323907e-01 0
0 -1.974774836555018555e+04 4.053817392772534056e-01 1
7 5.873342088564319283e+02 3.034320434228352514e-01 3
25 5.896100674110334694e+02 1.657635344304040359e-01 4
25 5.896100669406118868e+02 5.943735670185736064e-02 4
12 5.895242216395995456e+02 3.194801047328594268e-01 2
14 5.895857731009457439e+02 9.312474764554684592e-01 2
7 5.872059164859050497e+02 9.410753646569061104e-01 1
13 5.895590394125279090e+02 4.554815968049348296e-01 3
14 5.896009289544149397e+02 8.732545737333563540e-03 2
24 5.896100555519269619e+02 9.038965588869620760e-01 4
22 5.896099831478095439e+02 1.033284898060751189e-01 0
24 5.896100579960723280e+02 9.090354008825940468e-02 0
21 5.896099469689377202e+02 5.830696689173207048e-01 4
20 5.896097172783445330e+02 1.410395441210323675e-01 2
1 3.476284729263657596e+02 5.361628490114811463e-01 3
11 5.896005923331440499e+02 8.982883839430302331e-01 2
12 5.895768047873125397e+02 9.420888057127486670e-01 0
13 5.895730558303455382e+02 7.138488843053494293e-01 2
12 5.895741071069739974e+02 5.915883941275692504e-01 0
4 5.591587366198741620e+02 7.793179303410910919e-01 3
10 5.894531493239870770e+02 9.180863464295128118e-01 0
11 5.894991042292654129e+02 7.725956204798056781e-01 4
10 5.894979403840184204e+02 2.948433861936834433e-01 3
10 5.891992535079432400e+02 1.590486743772543399e-01 3
6 5.800334068568852217e+02 7.789104312382609807e-01 3
3 2.651046821539461007e+02 4.679726532310576892e-01 3
1 -4.338132114500659554e+03 2.183099340890404250e-01 3
19 5.896096767132057721e+02 8.499389370422606449e-01 2
17 5.896078730517305075e+02 4.301865402905905578e-01 1
11 5.893826770536492177e+02 7.873671383738467533e-01 0
18 5.896093544373393343e+02 5.152526364255827218e-01 1
19 5.896097415823567189e+02 1.800907463885650928e-01 2
5 5.683967568869227307e+02 5.252336959030317054e-01 3
13 5.895578652732101546e+02 7.115441945234550758e-01 1
22 5.896099970448719887e+02 9.786799324512891474e-01 2
3 2.597104569387050219e+02 8.468536025663565558e-01 0
9 5.886973357983029018e+02 8.020932161602741806e-01 3
23 5.896100336286910988e+02 5.322292428690621469e-01 4
2 -5.387242128628729461e+02 1.447455439026844037e-01 0
1 4.902560587148496438e+02 3.140304332427205913e-02 0
9 5.887746367657782685e+02 3.146654736057494239e-01 3
10 5.895625846485481816e+02 3.216675845817693058e-01 3
1 2.955784821831597924e+02 4.966592889763775109e-01 0
15 5.895970083679751497e+02 5.784988752168792603e-01 1
8 5.876698527477788048e+02 6.028143835509015558e-01 0
29 5.896100719454764203e+02 8.229484281003998092e-01 4
9 5.891398600082933399e+02 4.570653000620739093e-01 3
4 5.839818486234277088e+02 5.301046055185514305e-01 3
10 5.892313625304727793e+02 8.801729787083861778e-01 0
26 5.896100687843943433e+02 1.063857358102722334e-01 2
23 5.896100349135515444e+02 6.466279336656199916e-01 1
4 4.839234576804191192e+02 6.678087458145303135e-01 3
13 5.895440832721070592e+02 5.009798257914468422e-01 0
29 5.896100716036144149e+02 7.837855412769795249e-02 4
23 5.896100387672095167e+02 8.225259243845746138e-01 1
7 5.874378009276979355e+02 6.064654009169026527e-02 0
25 5.896100670722457835e+02 4.333579022437747952e-01 2
26 5.896100710882769818e+02 1.735677728422624910e-01 4
16 5.896067147865018114e+02 4.205215224075627978e-01 3
22 5.896100016072921335e+02 4.071746580664360460e-01 0
25 5.896100714619567498e+02 9.211905564517404166e-01 2
21 5.896099396067900216e+02 3.625533969579883831e-01 0
27 5.896100695997272396e+02 1.078712378182355991e-01 2
27 5.896100706934780646e+02 4.331455687205203464e-01 2
21 5.896099202770637930e+02 8.990885038682877584e-01 0
17 5.896085505145997558e+02 6.949907964871216981e-01 3
24 5.896100709198540244e+02 8.420295102483621452e-01 4
16 5.896074106668297645e+02 9.282224527831433036e-01 3
17 5.896094571615838049e+02 9.312113190497257609e-01 0
14 5.895798796206630641e+02 9.793283198404357792e-01 3
20 5.896097646666062246e+02 5.879498872832478185e-02 0
25 5.896100704958118968e+02 1.866299758443328294e-01 4
25 5.896100664070597759e+02 7.302391487983503904e-01 2
13 5.896035180337054271e+02 9.948350045020143417e-01 3
27 5.896100707521459299e+02 1.851291046434710708e-01 2
28 5.896100711283278315e+02 7.639373649015247514e-01 4
26 5.896100706289757909e+02 3.201474038577886150e-01 2
13 5.895496941540761782e+02 8.271998944246282681e-01 0
11 5.895005525262815809e+02 3.716171481154682543e-01 0
3 3.132367909474479575e+02 3.673958700528876520e-01 3
5 5.633549645522670062e+02 3.748889006289268799e-01 1
6 5.797032932624301793e+02 6.853514388214891895e-01 1
2 3.143247366540322218e+02 2.240186823406350169e-01 3
7 5.886197911138044674e+02 9.395694811354070586e-01 1
24 5.896100577462673300e+02 8.301197093820338324e-01 4
3 4.608100670125368197e+02 5.179481302359499884e-01 0
0 -1.907120122197518867e+03 9.071131754644382594e-01 3
12 5.895033963383800710e+02 8.195643063288583496e-01 2
10 5.894613195835918305e+02 2.472006542643334637e-02 2
0 -2.414625011803555026e+03 6.479827359267409381e-01 0
2 -9.560625393511872971e+01 5.812489647876768473e-01 3
0 -6.036268515180603572e+03 9.501996934888081725e-01 3
5 5.801786028951852359e+02 7.269260949820653961e-01 3
19 5.896097397874480066e+02 8.046810335313532292e-01 4
19 5.896096919711814053e+02 6.279438394226845022e-01 4
7 5.865005654070239416e+02 1.005331694255518216e-01 2
14 5.895879591892495455e+02 6.110289071182481990e-01 1
5 5.647110509043377533e+02 4.101582408918955647e-01 2
18 5.896087384644617941e+02 5.873758195791908276e-01 4
17 5.896084673456559813e+02 8.636122275217623656e-01 4
0 3.515098425731451925e+02 4.288948125204421480e-01 3
14 5.895985614183817916e+02 5.808860634841885862e-01 1
16 5.896046654658061925e+02 5.200376210309136660e-01 0
14 5.895809572310975000e+02 5.169284354346590504e-01 4
20 5.896098807455116457e+02 3.636551986643690171e-01 1
11 5.894799792842372881e+02 1.417780595427129975e-01 2
6 5.863261968081825444e+02 8.711410357339408606e-01 0
16 5.896063829308620825e+02 6.706551435351006119e-02 4
22 5.896100587159974111e+02 1.214447688348606474e-01 1
12 5.895770386958924973e+02 9.446031333801238050e-01 4
3 5.351892528100858044e+02 2.107002897766339089e-01 3
1 -2.243310234565366954e+03 2.059229883164008790e-01 0
22 5.896099814787247624e+02 7.765677802406048547e-02 1
10 5.892621633150029083e+02 7.035619298828779122e-01 4
1 -1.175093549554090714e+03 8.829786021249572681e-01 2
6 5.858333842188490053e+02 9.783826200889427227e-01 2
21 5.896098952964407545e+02 5.745238502950025250e-01 0
5 5.636432459619879864e+02 3.892517527245240028e-01 3
11 5.894292195977710662e+02 2.027057901916180516e-01 4
19 5.896093848961008916e+02 6.817459765908759906e-01 0
4 4.977314118606130933e+02 9.096512052013749905e-01 3
14 5.895990926472204592e+02 8.459082825992947363e-01 4
19 5.896094068233574035e+02 9.752159667772897569e-03 0
22 5.896099925479112471e+02 7.777161139257557920e-01 0
7 5.877922564832250600e+02 1.163840776747063072e-01 2
17 5.896086051108351285e+02 2.925800370817321916e-01 4
10 5.893145742455011487e+02 2.085506108386994129e-01 2
4 5.544521806208867929e+02 6.092645265349223571e-01 3
25 5.896100679782646239e+02 1.100745667140845541e-02 1
24 5.896100617982771155e+02 3.385557096931555987e-02 1
6 5.841247534749190891e+02 8.874884408290688587e-01 2
24 5.896100559156660665e+02 2.529046169221712548e-01 0
10 5.892762169266293313e+02 5.124365077385208966e-01 3
22 5.896099939494389446e+02 3.358063835316840162e-01 4
13 5.895847210963746647e+02 8.119436996454991728e-01 2
27 5.896100706976578749e+02 9.526611097300292652e-01 1
15 5.896076460422635819e+02 5.899564124913135588e-02 4
15 5.896055958676078035e+02 6.416975215765988727e-01 3
29 5.896100716232909917e+02 5.102510271840746681e-01 0
19 5.896097942336934921e+02 4.302321494498260179e-01 4
28 5.896100716255405132e+02 7.330124870039256280e-03 0
19 5.896097047491123249e+02 9.544677651501038973e-01 4
25 5.896100699935466309e+02 7.500052223323123712e-01 1
21 5.896098695808294678e+02 3.892762224749493072e-01 3
21 5.896100416724875686e+02 7.426952099546096919e-01 3
15 5.896003905701529675e+02 7.700582611528911103e-02 2
29 5.896100719382089892e+02 8.984530453237029590e-01 1
26 5.896100685953822449e+02 7.188218868604960843e-01 0
29 5.896100714608617182e+02 6.147975239616926268e-01 1
28 5.896100715292070618e+02 4.154973700372591172e-01 1
19 5.896098315332250195e+02 2.352512729861401253e-01 3
9 5.887093883032852091e+02 5.751615614964862289e-01 2
14 5.895905945148397223e+02 4.344917018240275208e-01 3
13 5.895784552436352897e+02 1.344122825204590796e-02 3
11 5.895275516259317783e+02 1.548119020700831072e-01 3
28 5.896100711344604406e+02 5.706905647351148136e-01 4
20 5.896100413010262855e+02 2.667231456496932385e-01 0
25 5.896100695297800485e+02 1.669142840645098380e-01 4
21 5.896099877289213964e+02 1.879107826906807610e-01 1
18 5.896087062672642105e+02 5.145892927552342400e-02 0
14 5.896016739347326165e+02 5.755052244789443661e-01 1
19 5.896095026022626371e+02 2.145783521282009776e-01 3
25 5.896100670204598373e+02 2.817566874047605086e-01 4
25 5.896100676818700776e+02 4.703483677169295052e-01 4
1 -1.764456156277518630e+03 3.374653967937870647e-01 0
23 5.896100522604849630e+02 4.078635189363589708e-01 4
27 5.896100701661782750e+02 8.093220197193496945e-01 4
7 5.852086127502059298e+02 8.411222508318895175e-01 0
26 5.896100689343659269e+02 6.001127073641149279e-01 4
27 5.896100695600000563e+02 4.478541794904726814e-01 4
9 5.890251462350438487e+02 8.978441978089697351e-01 3
7 5.846741128223900432e+02 4.733764202657182452e-01 2
3 2.730413866197973789e+02 9.934332973717694415e-01 3
6 5.863861145605424099e+02 9.294030664069214964e-01 0
6 5.889509080637931220e+02 1.000022055918485253e-01 1
1 -8.847762214816525557e+02 6.864622609604389414e-01 3
4 5.096808517638317539e+02 1.226230141231541282e-01 1
16 5.896039544010275222e+02 7.101351266695754560e-01 4
4 4.758513255107933446e+02 4.528903248478037824e-01 1
2 5.226546483326744692e+02 9.233464196207787911e-01 3
9 5.892323995212785803e+02 8.049011051261241168e-01 2
4 5.014367114366129385e+02 1.629121809451028469e-01 1
13 5.895697257287341699e+02 4.751103296279504118e-01 4
8 5.891825487081698611e+02 6.954469124817793668e-01 2
5 5.632450541653640812e+02 8.631776570329597886e-01 2
3 3.976468290506237508e+02 4.973414186517133989e-03 2
4 5.460809723298423251e+02 5.487993547740432909e-02 1
13 5.895480400570826305e+02 9.301571685083587226e-01 1
14 5.895915906690895554e+02 5.298604134598328130e-02 2
17 5.896089040074434706e+02 4.104788947420132672e-01 0
16 5.896060284750409437e+02 1.969075841334415600e-01 3
19 5.896093941494095816e+02 5.614534604487128044e-01 3
5 5.799766246157670366e+02 7.097382372119298566e-01 1
16 5.896079016595447229e+02 4.074811212897344603e-02 3
24 5.896100636508451771e+02 6.216830218985642809e-01 0
18 5.896089682780300336e+02 8.295363838170333182e-01 3
17 5.896095345346668637e+02 4.399990955481270505e-01 2
20 5.896098759582107505e+02 5.874663348300552812e-01 2
25 5.896100704280211176e+02 1.186091476832640268e-01 0
27 5.896100693603019636e+02 8.830989206554024085e-01 0
2 -1.792324996130450359e+02 9.022311207284694490e-01 4
20 5.896098262574755609e+02 2.064799605179140074e-01 2
19 5.896095010823814846e+02 6.370666714513333329e-01 1
15 5.896076073011520293e+02 9.292534915295801445e-01 2
2 -8.860976158300741190e+01 3.596893671925380787e-01 4
23 5.896100519979987666e+02 7.364563442829974438e-02 0
23 5.896100409135526661e+02 3.549690790659081330e-01 0
22 5.896100523241581186e+02 6.288006954909270974e-01 0
22 5.896100605018950773e+02 9.643237952237857513e-01 1
24 5.896100571246735171e+02 7.369822368023157821e-01 0
19 5.896094615834686010e+02 3.132033947469148316e-01 2
15 5.895955028874459458e+02 9.688634390664730978e-01 4
15 5.896045105220456435e+02 4.424669588677262316e-02 2
17 5.896075058745582282e+02 3.529694447155407033e-01 2
28 5.896100715152219891e+02 2.420258001498876155e-01 3
28 5.896100716181056214e+02 7.503726963418544393e-01 3
7 5.869845915440047293e+02 2.353608905294835296e-01 0
8 5.880357398647665832e+02 7.934132998244812773e-01 1
28 5.896100713504444002e+02 5.905553941254860773e-01 3
29 5.896100716627493057e+02 5.622530284091513675e-01 3
11 5.894047623178191770e+02 5.819303124676333816e-01 2
11 5.895408581943468107e+02 8.308231427527427160e-01 1
7 5.855894059508159444e+02 1.746336749651081766e-01 1
12 5.895051041270461383e+02 2.191095544249734572e-01 1
7 5.861128378250656397e+02 3.800029532599846771e-02 2
6 5.789374041054124973e+02 4.817528654157747225e-01 4
17 5.896083537238733925e+02 7.888596435812513796e-01 1
5 5.676397880170208055e+02 2.196132177504378502e-02 4
0 2.708242278678102366e+02 2.202143306996551253e-02 2
3 4.726273491353830991e+02 2.971311736200465958e-03 2
19 5.896094282241566589e+02 3.423462461196491446e-01 0
4 5.498115431178217705e+02 9.117175108224628843e-01 2
20 5.896098752220800634e+02 1.337457778081471982e-01 0
7 5.878761298722691890e+02 5.095566649790566061e-01 2
26 5.896100709974518850e+02 8.746642612076899193e-01 3
1 4.601512985223057512e+02 7.015966874086192462e-01 1
1 -4.863018560931654406e+02 4.811532637971853710e-01 2
10 5.892147220582141927e+02 4.535770040366158273e-01 4
22 5.896099875406059709e+02 8.983217992302803268e-01 0
6 5.871197399574984956e+02 9.201352193358451892e-01 1
23 5.896100654051341508e+02 6.999621891627351156e-01 3
25 5.896100691617029952e+02 3.650092497951807902e-01 0
25 5.896100654666208811e+02 2.948333979748478662e-01 3
16 5.896062691885601907e+02 4.536645367780098859e-01 4
28 5.896100714602707740e+02 6.287490919054794514e-01 0
27 5.896100716237920096e+02 3.437151363903327983e-01 0
8 5.887463945875088029e+02 9.247559396858252567e-01 1
27 5.896100714031115331e+02 1.052782022669256357e-01 0
2 7.203633099149314489e+01 2.951056959718257877e-01 2
1 -1.444383853619018510e+01 7.679605622549656729e-01 2
15 5.896032147349307024e+02 1.710143456300961817e-01 1
28 5.896100716948672016e+02 3.541102224303750434e-01 0
23 5.896100639269639032e+02 6.434659629276368031e-01 3
13 5.895543086323683610e+02 6.435036661978195127e-01 1
29 5.896100716377288791e+02 2.181752817078267681e-01 0
29 5.896100720582298891e+02 5.835476737960343385e-02 0
13 5.895874696480730108e+02 2.086454081275997130e-01 4
23 5.896100307929818882e+02 1.961225312790755293e-01 3
2 -3.710827597388439472e+02 6.297139889206775365e-01 2
9 5.891568002161927780e+02 5.713020077265110741e-01 1
17 5.896089004399527767e+02 5.654217459680088709e-01 4
6 5.783295907735265473e+02 3.445729807829849278e-01 2
29 5.896100715038733142e+02 7.842065021684651027e-01 0
16 5.896056901878662302e+02 7.049514499148568092e-02 3
9 5.890512750660539041e+02 6.354975178383650558e-01 1
22 5.896099900203913649e+02 9.648476942330237449e-01 3
3 3.044745316410822511e+02 1.251874660668421124e-01 2
24 5.896100670372686636e+02 5.080385674248667494e-01 0
12 5.895295852881553174e+02 8.783527471347978288e-01 4
7 5.849451046921259376e+02 6.634927038115884246e-01 2
7 5.869650489650142617e+02 5.328934624632338801e-01 2
17 5.896075819806092113e+02 1.544213048899266694e-01 3
17 5.896083758600022975e+02 5.690397016126931273e-01 3
9 5.890668456377036364e+02 4.376792628740489577e-01 1
17 5.896077767754950401e+02 5.870869735979065140e-01 3
15 5.895993798921717826e+02 5.151349770795661254e-01 1
3 3.648544122496282966e+02 4.199466264107702962e-01 4
17 5.896085380186403881e+02 2.175547932181691735e-01 1
16 5.896059541220990923e+02 9.751306138711035576e-01 1
7 5.871679612098149619e+02 7.466327009769591072e-01 3
1 4.865514630518219974e+02 1.352178975350559753e-02 3
2 -5.067863217954851507e+02 5.907409230328379834e-01 3
23 5.896100341857749072e+02 2.494816862874297825e-01 1
23 5.896100365490581225e+02 8.546288961416532715e-01 1
3 3.290904660271234548e+02 2.985552400048363531e-01 3
6 5.879183175061698421e+02 4.655566131497618221e-01 4
4 5.525173119849073373e+02 9.696558260703849186e-01 0
23 5.896100395083678904e+02 1.012122365989860384e-01 1
22 5.896100360882428504e+02 4.383379679704115794e-01 1
9 5.887371415568121620e+02 8.950951530168893555e-01 2
2 4.719369385502562864e+02 8.957196578490034256e-03 0
20 5.896096993767794174e+02 2.308098221042431675e-01 1
2 3.572565598077109144e+02 2.848448794716418320e-01 0
4 5.713563036321693289e+02 8.819919993118698898e-01 0
20 5.896097595168062071e+02 2.216291812836378994e-01 1
8 5.875570695942283237e+02 1.380049998271506428e-01 4
8 5.880958636100649528e+02 3.196214106668078259e-01 2
2 -2.733125598003069854e+02 9.497971815725330114e-01 4
3 5.805586835680924196e+02 4.319410732478130566e-01 4
17 5.896077509797357834e+02 7.284604339804834350e-01 2
19 5.896096651267869220e+02 9.187386547633531464e-01 0
16 5.896030430619726985e+02 8.082323370459707501e-01 2
21 5.896099199317899320e+02 2.787510007666185174e-01 0
20 5.896098946217073262e+02 3.514731324039648830e-01 0
19 5.896095043584228961e+02 8.204699797252659188e-01 1
17 5.896094045106207204e+02 1.844773970063156299e-01 2
2 5.820712521974655829e+02 8.887893478794448576e-01 3
18 5.896086241942829247e+02 1.210779806248467594e-01 1
9 5.887964421686722289e+02 7.923434625536698306e-01 4
5 5.683851441881292885e+02 6.150318730381485466e-01 3
21 5.896099395218539030e+02 4.811527659051747507e-01 0
13 5.895397164856794916e+02 5.813691828590620281e-01 2
13 5.895630580477745752e+02 5.820270965609906089e-01 2
2 4.395662415538491246e+02 3.230040675015023038e-02 4
11 5.893858203054916203e+02 6.241295846171579509e-01 1
15 5.896008519949003812e+02 6.151411098488228646e-01 2
11 5.894086068679393975e+02 6.156447478106841231e-02 4
13 5.895454164920161020e+02 1.785456068127316276e-01 3
17 5.896071613746290723e+02 5.392057170353805606e-01 0
9 5.894119171105131727e+02 3.294642237033932886e-01 3
4 5.304603227810057433e+02 6.466425035453513548e-01 1
8 5.884318186617998663e+02 5.818760979531580890e-01 3
23 5.896100284959816236e+02 6.703030193904762069e-01 0
23 5.896100296376313281e+02 3.279735573485088040e-01 0
18 5.896090180308937079e+02 4.122388181618052982e-01 4
16 5.896035570994449699e+02 3.024739476158388451e-01 4
23 5.896100304410708759e+02 1.819805458545253884e-01 0
0 5.092931654248060909e+02 5.130522317437993252e-01 1
23 5.896100309753296642e+02 1.464459670325253260e-01 0
23 5.896100301979820415e+02 9.682161659066853554e-01 0
8 5.884863802484114785e+02 6.376653518556754108e-01 2
5 5.574879899583240785e+02 6.759325299138811971e-01 1
11 5.894973381979880287e+02 9.783252466028570238e-01 4
14 5.895873624296191338e+02 5.778231114555819614e-01 4
11 5.895552969048561636e+02 1.248067140406324826e-01 3
13 5.895439567523976621e+02 5.459349157341677333e-02 0
11 5.894421403530627686e+02 3.482432829405371355e-01 3
3 3.851983556869807899e+02 5.519320485007170873e-01 2
10 5.892990863524008773e+02 5.876821364546875870e-01 3
2 2.261636045238800534e+02 4.752825178690933683e-01 2
21 5.896099069500521637e+02 5.026918706781238200e-01 1
2 2.028148592938730701e+02 3.924349407557696789e-01 4
24 5.896100553575590766e+02 7.425153877713223105e-01 1
4 5.273812557341976799e+02 3.737651975705138518e-01 2
12 5.895695308606316303e+02 8.401517042407827818e-01 0
13 5.895409106963207932e+02 8.662515495758481565e-01 0
8 5.891973723955213700e+02 6.024963565807867072e-02 0
24 5.896100630923731387e+02 3.597563899109125218e-01 1
10 5.892043188508416733e+02 8.213258902641710213e-01 3
15 5.895967676433095903e+02 8.116269660788155704e-03 0
13 5.895505177864579309e+02 3.012560937467038680e-01 3
15 5.895969391270467668e+02 2.668192544411214229e-01 0
13 5.895597920562663603e+02 1.209532956786230073e-02 3
14 5.895896466396445703e+02 4.119109660532812023e-01 0
25 5.896100656872991976e+02 9.855934490510870338e-01 1
20 5.896096674663878048e+02 4.894207089321991333e-01 3
25 5.896100651679413431e+02 6.448533565977054849e-01 1
6 5.797921565430121973e+02 2.702900930236253885e-01 2
24 5.896100637664465012e+02 3.811418628133519393e-01 1
5 5.811639329957270093e+02 9.696859102224910654e-01 2
23 5.896100342626785960e+02 1.792699645346827741e-02 3
23 5.896100287593042140e+02 4.012965752889778304e-01 3
22 5.896100070998089677e+02 6.468442432783336749e-01 3
9 5.892346744474382376e+02 4.766698030450187140e-01 4
24 5.896100551858835388e+02 9.529393399829431122e-01 1
9 5.894042132250370969e+02 9.054627394409520136e-01 0
24 5.896100559661165335e+02 6.628396054482312838e-01 1
3 5.095569141590247000e+02 5.672599863817804344e-01 2
22 5.896100405867723566e+02 9.684344505122356450e-01 3
21 5.896099990878456083e+02 2.759162000306720763e-01 1
19 5.896098075664367570e+02 6.682083388044868233e-01 1
0 -3.412135010751250775e+03 8.793115464203826726e-02 2
8 5.875688640288249189e+02 2.095292073475805150e-01 2
12 5.895384705073267924e+02 1.018003593587860495e-01 2
14 5.895805699073340520e+02 4.684325810868082002e-02 2
21 5.896099362092819547e+02 5.574186818192492510e-01 1
4 5.237360518282189332e+02 5.131062372281358641e-02 0
3 4.597916864342050758e+02 8.233654971610999684e-01 4
21 5.896099230078309574e+02 7.063575389795941906e-01 1
18 5.896096962410263131e+02 1.547460247222347540e-01 1
11 5.894032749711751649e+02 2.918055240601763467e-01 2
6 5.858157372791204125e+02 6.509862902210389324e-02 4
29 5.896100715948407469e+02 8.262368417826323475e-01 3
29 5.896100715647413608e+02 7.366690803266315868e-01 3
13 5.895855885882316443e+02 3.954112859691431558e-01 2
1 -5.735363831037053387e+03 5.791475808354690225e-01 4
26 5.896100694422153765e+02 5.260255936447109093e-01 1
16 5.896032505609305190e+02 3.667397499870349575e-01 2
8 5.892885345012937250e+02 2.874130072916045719e-01 4
29 5.896100719496618012e+02 5.573894049202090528e-01 3
13 5.895560622549821801e+02 1.208830633703903423e-01 4
12 5.895496047203488388e+02 8.002049062770624777e-02 4
18 5.896083811805997357e+02 5.853331654843794141e-01 4
18 5.896084451298962676e+02 9.503241361719081404e-01 4
28 5.896100710977877952e+02 8.091601316346697104e-01 1
29 5.896100714678650547e+02 9.468825121827668667e-01 1
18 5.896084478384534577e+02 4.435860397357910268e-01 4
18 5.896085988505842579e+02 5.973905224406541592e-01 4
18 5.896083857392201253e+02 5.443332079355629460e-01 0
28 5.896100711382126747e+02 1.486097125499261373e-01 1
29 5.896100715468191993e+02 9.288052615668691558e-01 1
28 5.896100716925468532e+02 3.568769389878951870e-01 1
25 5.896100666201368767e+02 4.048930488042756792e-01 3
27 5.896100695001337044e+02 2.063518769764973726e-01 3
20 5.896099847848134914e+02 4.896967311691220459e-01 4
27 5.896100697687493266e+02 1.606168686517187028e-01 1
14 5.896026152370091040e+02 4.830409668150165703e-01 2
23 5.896100365602793545e+02 5.640855828827193719e-01 0
26 5.896100696067359195e+02 7.196402348015511485e-01 3
29 5.896100715960189973e+02 7.396924714712219684e-01 1
18 5.896082272889839260e+02 3.462080599354084853e-01 2
24 5.896100639823141591e+02 6.846121576735753056e-01 4
26 5.896100716233058847e+02 9.591072936470955712e-01 3
29 5.896100715806207972e+02 8.322406218746669637e-02 4
29 5.896100718194300043e+02 8.425098066485116055e-01 3
27 5.896100711867053406e+02 6.707373719285947278e-01 3
21 5.896099581678478216e+02 9.939479426293189590e-01 0
27 5.896100721564168907e+02 6.504149668935532702e-01 3
15 5.896073581517071034e+02 8.882397065613397702e-01 2
23 5.896100486459597505e+02 3.120761067230404251e-02 0
23 5.896100397762396597e+02 1.576993595851914065e-01 0
19 5.896099921741069920e+02 8.196218613679359111e-01 2
28 5.896100712538998323e+02 1.275042666130640767e-01 1
27 5.896100715362474602e+02 5.781268993293765535e-01 3
27 5.896100695357723680e+02 7.051156917673218061e-02 1
28 5.896100713193652609e+02 4.187100180200609145e-02 1
26 5.896100723452365173e+02 5.498809145141568822e-01 4
24 5.896100589472380307e+02 7.808671277594267934e-01 2
25 5.896100663947768226e+02 7.506637656793428981e-01 1
29 5.896100719425188572e+02 3.032749217231692912e-02 4
25 5.896100668478655962e+02 2.171338969460780977e-01 2
25 5.896100670760956746e+02 5.687082495335715748e-01 3
25 5.896100677385252311e+02 1.748402467576767039e-01 3
22 5.896100099396487622e+02 2.751762444586604572e-01 2
22 5.896099882011727686e+02 4.025837089561452586e-01 0
28 5.896100722483752179e+02 4.213505838286421001e-01 3
23 5.896100518293767436e+02 2.317256608269053775e-01 0
29 5.896100717092144805e+02 7.929731134186943642e-01 1
29 5.896100717882784465e+02 8.544517075295194886e-01 1
28 5.896100715754257635e+02 6.183458123035399101e-01 1
29 5.896100717252545564e+02 8.979362240833047570e-01 1
27 5.896100706641250326e+02 3.959178141501551451e-01 1
20 5.896097037395811640e+02 8.114961017109889596e-01 3
26 5.896100703355150472e+02 8.247398847909581665e-02 1
12 5.895796176337357792e+02 3.827824892493755238e-01 2
14 5.895967134456122949e+02 1.465157651977857522e-01 3
4 5.880430620257383225e+02 9.383437876747280360e-01 4
13 5.895514904869287420e+02 2.682929714649781583e-01 3
0 -3.162189939910257408e+01 6.806883016237688100e-01 3
28 5.896100718835276666e+02 7.262795311327587822e-01 1
10 5.892964797164595439e+02 9.925257895695627219e-01 2
27 5.896100708943542941e+02 2.613703870872946533e-01 1
11 5.894112913617407230e+02 8.157639620942607195e-01 0
10 5.891959367610190839e+02 4.064255456825849322e-02 0
3 3.628321487507930669e+02 3.884309824823759527e-01 2
3 4.731762348687308872e+02 1.831113774401500749e-01 4
21 5.896100387956539635e+02 9.230616381067154874e-01 1
18 5.896097271783744418e+02 3.322908386443428341e-01 1
18 5.896082306837579381e+02 5.294937745553018882e-02 1
0 -1.914515868805691935e+04 1.780268275919264509e-01 3
9 5.888068478590950008e+02 7.195651479839781928e-01 0
14 5.895804330938572093e+02 6.751176587311076283e-01 3
8 5.889250500746345551e+02 6.810495811727665938e-01 2
17 5.896091748202493363e+02 6.184110983759247837e-01 3
3 5.034545508949811392e+02 9.527196522224714581e-01 2
16 5.896030926510793506e+02 6.514535521005226926e-01 3
8 5.876719862138598955e+02 7.097674805262140785e-01 0
9 5.893670674255893118e+02 6.298509299245304283e-02 0
11 5.894430579510039934e+02 9.621172398315593899e-01 0
11 5.894133511071410112e+02 4.195703945566924276e-01 2
10 5.894829640755972378e+02 9.132343947050127753e-01 0
12 5.894959427158753442e+02 8.884839917139375487e-01 0
10 5.895716632641111801e+02 5.410079756972513421e-01 0
13 5.895464767566479622e+02 8.988818479760997127e-01 1
18 5.896082330969916256e+02 2.822810305516552654e-01 3
16 5.896054740215671472e+02 4.415384574287660735e-01 3
0 -8.281922602752620151e+03 8.818020384026398206e-02 4
21 5.896099359439015188e+02 3.983365932286490052e-01 0
0 -4.313364298643443817e+02 9.762866078359673239e-01 4
19 5.896096854200427515e+02 8.223849984760063236e-01 0
17 5.896083080244065968e+02 5.227697745531214579e-01 0
19 5.896094302161068299e+02 9.683707909353151955e-01 0
17 5.896078831114348304e+02 4.522603369601010392e-01 3
6 5.874973677709294861e+02 1.212067341937960591e-01 1
3 3.549108097274983038e+02 8.650621076106297380e-01 2
7 5.849650455490789227e+02 6.126715076298177021e-01 1
5 5.742477100482996093e+02 8.617226659634297237e-01 4
10 5.893135612834053063e+02 9.795971364682193316e-02 4
6 5.830133980909023421e+02 7.785774273549863622e-01 4
22 5.896100103076475989e+02 7.868010259598539058e-01 0
17 5.896097402122293261e+02 6.881248762875521452e-01 3
4 4.761269578752863367e+02 8.737526947022389301e-01 1
8 5.887247919355977501e+02 2.323497631368379723e-01 1
16 5.896035222899624841e+02 1.149411996766326882e-01 1
15 5.895959042681374740e+02 7.613440141617378032e-02 3
19 5.896095086182594969e+02 2.676215310866800756e-01 1
17 5.896078832216348928e+02 5.907415964695061916e-02 3
20 5.896098812011973678e+02 3.195475867595076735e-01 0
20 5.896096852615113448e+02 3.176874413879254289e-01 3
19 5.896095231690187575e+02 1.855975351371093041e-01 0
4 5.654703395725246082e+02 9.957235983854149097e-01 1
24 5.896100566309611395e+02 7.960659827220409879e-01 3
23 5.896100632215891437e+02 5.849773886461484551e-01 3
24 5.896100611046318818e+02 1.314559086599320636e-02 3
23 5.896100399272754657e+02 8.579481026944435484e-01 2
23 5.896100296742839646e+02 1.430441300660677539e-01 2
22 5.896100166644712317e+02 4.296879284643936314e-01 2
22 5.896100260870659895e+02 4.072367418977276277e-01 2
21 5.896099788980613994e+02 7.388773047093248891e-01 4
24 5.896100561024916260e+02 2.854799848561782039e-01 3
15 5.896033387208995009e+02 8.741636553217377870e-01 4
20 5.896098771468916766e+02 5.998538980628452810e-01 2
11 5.894801114660925805e+02 3.428493303002668746e-01 0
8 5.888861017080668034e+02 1.928739700976009885e-01 0
28 5.896100715758640263e+02 1.915321728091408104e-01 3
10 5.892193235294364513e+02 9.947327127445164674e-01 0
11 5.894055141608492931e+02 4.576325755910573556e-01 2
2 -4.788035475368735661e+01 8.407103700607990726e-01 4
28 5.896100712518341425e+02 3.402349929302820875e-01 3
5 5.859691884094088437e+02 3.764881013182289071e-01 2
14 5.895997084291088868e+02 6.550805016539332226e-02 0
26 5.896100697248696179e+02 8.686372988589706745e-01 3
16 5.896088406260741976e+02 7.329148827186884319e-01 1
12 5.895888007487624236e+02 3.751175198667475175e-01 0
17 5.896081751249653280e+02 9.150235608071499716e-01 1
14 5.895836658107922403e+02 6.646392666120064519e-01 0
17 5.896075316993385513e+02 7.242086677399144357e-01 1
27 5.896100711017875255e+02 4.377826406582052687e-01 3
5 5.673377221360127578e+02 2.187786938778581991e-01 2
5 5.661981943303823073e+02 7.504537525902895689e-01 4
28 5.896100710654667409e+02 1.520905055995003252e-04 3
22 5.896100158275013428e+02 5.638002198808538257e-01 1
26 5.896100714653341583e+02 7.513753447187316858e-01 3
22 5.896100273229292270e+02 3.965057377662950522e-01 1
2 5.569352708598723893e+02 2.707413260147235601e-01 4
10 5.895051786298629395e+02 5.019283959748968016e-01 2
26 5.896100693947757918e+02 9.145001108675581136e-01 3
27 5.896100707326313568e+02 6.746562498928829754e-01 3
5 5.685817430828376473e+02 4.203701675269557736e-01 0
16 5.896074139795696283e+02 5.066405820802089011e-01 4
9 5.895467231266420640e+02 5.400188015083468018e-01 0
19 5.896097744607543518e+02 4.109907429503103504e-01 4
20 5.896097278971931246e+02 2.786698309953301589e-01 4
29 5.896100715651198243e+02 5.066222002315718953e-01 3
26 5.896100692725942736e+02 8.707016801902884851e-01 3
23 5.896100686807470765e+02 7.240963464381371395e-01 1
24 5.896100580820842652e+02 7.431710890190974528e-01 4
14 5.895814119584701984e+02 9.421326655990660548e-01 4
12 5.894987458654713919e+02 7.834656788867615518e-01 0
8 5.879933461126883003e+02 1.233561807692858947e-01 2
12 5.895504180330210602e+02 8.914073977808587568e-01 2
19 5.896096870429537375e+02 9.432241221649180218e-01 4
20 5.896097261475028972e+02 9.418000450058061634e-02 4
29 5.896100719321884753e+02 9.108931124090573483e-01 3
26 5.896100694861804641e+02 7.891934223035994567e-01 1
27 5.896100694242001055e+02 2.128232412276845342e-01 1
16 5.896087064883247422e+02 2.242291714720279217e-02 2
15 5.895990376156828461e+02 4.289720797857284329e-01 2
11 5.893791146766611746e+02 8.513202210990051810e-01 2
15 5.896079468923791183e+02 8.000068236091499863e-01 0
7 5.869749018567729308e+02 5.655039214534980374e-01 2
28 5.896100713350303977e+02 8.139272622749445241e-02 3
7 5.890352726896128388e+02 1.128220057469836585e-01 2
26 5.896100707137051131e+02 3.725239407080099263e-01 1
22 5.896100396682272731e+02 9.558163768779972536e-01 1
20 5.896098773050925956e+02 2.308691017051893724e-01 3
6 5.857972898257892211e+02 2.405700905630381303e-01 0
5 5.558773712043446267e+02 5.913417354177568086e-01 2
5 5.664615459124393055e+02 7.053502450079571773e-01 2
16 5.896048997004998000e+02 8.760687011157221038e-01 3
15 5.896075362987623976e+02 5.873568607436522315e-01 3
2 -5.532188678318252073e+01 6.892037762031201220e-01 2
22 5.896100285962154430e+02 3.589268467715454047e-01 1
5 5.777014723477861935e+02 5.206980302412624051e-02 0
19 5.896099731545798477e+02 6.526761338649024191e-01 1
12 5.895898860299080297e+02 8.572697659498347278e-01 3
21 5.896100594116945786e+02 1.584849939692523080e-02 4
14 5.896049731287556597e+02 2.338636877648596624e-01 3
7 5.856436388543475005e+02 4.942227853309013597e-01 2
11 5.893923379100490365e+02 7.663751759135424280e-01 3
1 -6.966837933460146814e+02 4.682827795883937050e-02 2
14 5.895867960219177348e+02 7.095045761678853147e-01 4
2 -3.508120307026557612e+02 2.987877575865667268e-01 2
10 5.892749978352549078e+02 6.804843141340124468e-01 0
1 -2.067372300562868531e+03 7.530734272812025787e-02 2
9 5.889106582811650696e+02 8.686931812131177821e-01 1
10 5.892037528113505687e+02 8.123808454504274357e-01 4
2 3.099216879311509274e+02 9.529553796451616376e-01 2
11 5.895675250222284376e+02 5.001695424258720823e-01 1
16 5.896061370905119929e+02 7.441080286333513483e-01 0
17 5.896069588097153655e+02 5.554061574957582792e-01 0
2 5.662726780016394059e+02 6.140074258515468841e-01 1
3 3.794472873667968997e+02 7.149157581951459672e-01 4
0 -4.202402113765000649e+03 7.746810239031272083e-01 3
1 3.736473330005458138e+02 3.721098370757691676e-02 3
1 -2.004545965271390287e+03 8.467630957090848121e-01 2
1 -2.294752675917316083e+03 8.868140622171738485e-02 3
6 5.810192198487690121e+02 8.592199547063003040e-01 3
1 -2.437402467791104755e+03 4.667038681046607462e-01 1
11 5.894329933272592825e+02 9.985671530919901784e-01 2
14 5.895841938589642268e+02 5.146805972133243756e-01 2
14 5.895847177497239500e+02 4.013970085118666042e-01 0
17 5.896070846672982952e+02 9.436963159307264482e-01 2
17 5.896070113289349592e+02 5.763533319770411945e-01 2
7 5.891439307211893492e+02 6.727203275339677102e-01 1
8 5.891273879700001999e+02 8.779199712320737703e-01 1
15 5.895963347409407334e+02 3.140716338190169266e-01 2
12 5.895861358860854580e+02 7.667095883453054483e-01 0
21 5.896099423939617736e+02 3.591094614428529397e-01 4
11 5.894298457871926757e+02 3.837572561023880890e-01 1
16 5.896085690022396193e+02 9.690194951487168806e-01 2
1 -2.633853323305806953e+03 5.344266094601675121e-01 0
3 5.795822539182350965e+02 7.675488999804410684e-01 1
4 5.702461805543077844e+02 7.909832145514349433e-01 1
23 5.896100628064248212e+02 5.279279117463153703e-01 4
3 5.592847159205439311e+02 7.027851803634923566e-01 3
4 5.820718583782697806e+02 6.508489773671688461e-02 3
6 5.855984719167677213e+02 7.678072125868047326e-01 3
7 5.856751863493504970e+02 6.485120303689746457e-01 3
1 -3.191638556169571530e+03 2.413936362765720101e-01 1
1 -1.657630459196215270e+03 4.664907886490852196e-01 1
5 5.549428442281496245e+02 6.413310784285657096e-02 3
7 5.850219323885994527e+02 7.643389134801350515e-01 2
28 5.896100712999909774e+02 6.074052586398914766e-01 4
6 5.768675955111975782e+02 1.598770957151708361e-01 3
13 5.895873031326192404e+02 9.559540230406712857e-03 2
29 5.896100714930237245e+02 1.083400550164370230e-01 4
27 5.896100704713501273e+02 8.433934666329598873e-01 4
19 5.896095257529507307e+02 6.369494445000238869e-01 2
17 5.896089694285211635e+02 6.091096473734293193e-01 2
20 5.896097257042181354e+02 2.261969138530661727e-01 0
17 5.896081723722285233e+02 1.740364330145968419e-01 2
16 5.896045484539448580e+02 7.637857391878279945e-01 2
8 5.885634233229355914e+02 2.479198581145647395e-03 1
0 -3.139057687543413704e+04 7.624750350254139164e-01 1
10 5.893686432952841869e+02 8.244671008425797920e-01 2
11 5.894423943700419386e+02 8.937190420956266923e-01 2
23 5.896100383991556555e+02 7.107468615377676713e-02 0
8 5.888252430356935747e+02 3.844903788605495976e-01 2
6 5.791898421443411280e+02 9.170772952269634626e-01 1
8 5.880986494591272731e+02 9.110016473910532708e-01 2
0 -2.279649394369220317e+03 2.040198052135089313e-02 1
23 5.896100279474163699e+02 6.053916710675665280e-01 0
22 5.896100583377210569e+02 1.406581743278487728e-01 0
9 5.893743877955434982e+02 2.575978358598695062e-01 2
21 5.896098932384426234e+02 3.487883914355826565e-01 0
18 5.896088447632675980e+02 9.930753724582022102e-01 1
21 5.896100281714005860e+02 9.967567206662959478e-01 0
18 5.896083872755174298e+02 8.311913967298458772e-01 1
1 3.778297715228898142e+02 5.361783388226277758e-01 3
15 5.895978311396611389e+02 5.178317099829514714e-01 1
19 5.896093936543364862e+02 1.819117814461934657e-01 4
16 5.896089690692293743e+02 6.881619702213869205e-01 1
26 5.896100696472553864e+02 8.539231284680280643e-02 0
27 5.896100703973945656e+02 2.212557863879709152e-01 0
29 5.896100715254965507e+02 2.073795469598743169e-01 0
20 5.896099360954344775e+02 1.035808202986408938e-01 1
15 5.896003749652822989e+02 3.312066536697768626e-01 2
24 5.896100628262802275e+02 7.038519204738594714e-01 4
29 5.896100719284636398e+02 4.600820393247648243e-01 0
28 5.896100716030055082e+02 7.819617405161238821e-03 0
7 5.860544215412005542e+02 3.794745054689291908e-01 3
14 5.895845698833643382e+02 4.584222089496226005e-02 2
6 5.850991880760026334e+02 9.490705296908721333e-01 3
4 5.818946121147603208e+02 3.605618986847994867e-01 3
22 5.896099833043303988e+02 5.250859455394758513e-01 1
22 5.896100036530888246e+02 4.001349621628070841e-01 1
24 5.896100613615440125e+02 9.326204125876936812e-01 0
4 4.907039275314921269e+02 1.998563326791674977e-01 3
20 5.896098933016978663e+02 7.914264718574931523e-01 1
10 5.895209945384410730e+02 6.264476582264977278e-02 2
11 5.893795266375016126e+02 8.463941440138516015e-01 3
9 5.894017244484366529e+02 2.823940255188792103e-01 3
26 5.896100684349141829e+02 1.374829454565658082e-01 1
24 5.896100634149049711e+02 3.214230032217102462e-03 1
14 5.896003481247084892e+02 3.072715717492948695e-01 2
26 5.896100694601435634e+02 3.078375097345542599e-03 1
29 5.896100717198557959e+02 8.984852978248580868e-01 4
28 5.896100713711073240e+02 1.226764104913694586e-01 0
16 5.896058944388041709e+02 8.793881723148714302e-01 3
24 5.896100637631167274e+02 4.737241436874944922e-01 0
25 5.896100688097767488e+02 4.234633759030900224e-01 1
22 5.896100531879956179e+02 9.714891801482519740e-02 0
23 5.896100492184168615e+02 9.550301715079979603e-01 0
29 5.896100717039851133e+02 1.598925026515303216e-01 4
19 5.896098983079657501e+02 8.533398187495124798e-01 0
19 5.896097718627340782e+02 2.383391431157312057e-01 1
20 5.896097131760212733e+02 5.770386594535679148e-01 0
21 5.896100226799637767e+02 9.250926531299090705e-01 1
13 5.895901475311886770e+02 1.389049856746638056e-01 3
28 5.896100715052693886e+02 5.973455133237517423e-01 4
13 5.895609080193930822e+02 3.869943124258526379e-01 3
13 5.895788368028192963e+02 4.254287020653508833e-01 3
20 5.896098785962440161e+02 3.645917120446035553e-01 0
19 5.896098423956138959e+02 1.931765910419098731e-01 0
29 5.896100717245968781e+02 3.530048156827543804e-01 4
20 5.896097103366124657e+02 6.289614508330479969e-01 0
20 5.896100475201932340e+02 5.321660865201550683e-01 1
26 5.896100719235739689e+02 5.029153916615057840e-01 1
24 5.896100612243926662e+02 6.887775183412410129e-01 4
7 5.857036959930584317e+02 2.348274380927000138e-01 3
26 5.896100684974488786e+02 8.238018218118353664e-01 0
27 5.896100698492466563e+02 2.691927901450804628e-01 0
24 5.896100690468902030e+02 5.233593946051878776e-01 0
28 5.896100714557044284e+02 2.432590275202883845e-01 4
26 5.896100691567656895e+02 3.402234463615354532e-01 0
0 -9.917091225303545343e+01 4.977430651920570215e-01 2
26 5.896100687571846493e+02 4.162830061248583569e-01 0
18 5.896099316690446130e+02 5.761198654963308741e-01 1
3 5.385489996227779557e+02 6.149279492126897839e-01 3
22 5.896100183461016968e+02 3.071173218761968360e-01 1
5 5.556654558022019046e+02 8.287181082557353307e-01 3
15 5.896097834459679916e+02 3.285357873227850445e-01 1
4 5.273432193590861061e+02 5.422891666759355189e-02 2
15 5.896067253996358204e+02 7.251610432135322526e-01 4
3 5.859341648731870009e+02 1.467749918741129422e-01 3
17 5.896091992127085177e+02 4.761978729681285438e-01 0
11 5.895020295538649862e+02 7.053325592583086223e-01 1
12 5.895346787901113430e+02 7.163274709017528608e-01 2
11 5.894787081765953189e+02 2.182712382426297837e-01 1
11 5.895005475009483007e+02 3.949651670008176296e-01 4
2 1.302325058927264081e+02 6.956512559913211602e-01 3
19 5.896095127574399157e+02 6.229408481019982347e-01 0
2 -2.811633279272535333e+02 5.039445695102880984e-01 3
7 5.883772074073425529e+02 9.819447738974054207e-01 2
28 5.896100722068936193e+02 4.635723295550422951e-01 1
26 5.896100697292074528e+02 9.961664824629075099e-01 1
15 5.896005491019399187e+02 3.799636135656143665e-01 4
28 5.896100716066611085e+02 4.351587981332021293e-01 1
9 5.886947049620642929e+02 5.363794555920233798e-01 2
5 5.657303761302696330e+02 9.941215398513978396e-01 3
21 5.896099717658339614e+02 7.816280670895623395e-01 4
26 5.896100697205223469e+02 1.418641821728350294e-02 1
28 5.896100711315799572e+02 8.277716755349027178e-01 1
8 5.883436623707880244e+02 2.699846733491667039e-01 3
21 5.896099718910052161e+02 5.590942875991442573e-01 0
28 5.896100717450908633e+02 2.854369604874507083e-02 1
9 5.887616972044181693e+02 2.798063639190976892e-01 4
10 5.892130832641786355e+02 1.279318113712218374e-01 4
8 5.877750579395137720e+02 9.808714675706212693e-01 4
15 5.896001498521191024e+02 8.956939980338185503e-01 3
