# level_assignment log_likelihood tiebreaker ID
0 -5.723413042686922550e+08 1.440075494667957812e-01 0
1 -6.424705011030197144e+07 6.212128506014142904e-01 0
0 -2.507865398281059861e+08 3.919499926373098964e-02 4
3 -8.261123307508686557e+05 5.619118517654442257e-01 0
3 -1.180430777621628530e+07 4.228100590816895599e-01 3
1 -4.902199791150087118e+07 7.124437170546187303e-01 4
4 -2.325408492429488339e+06 4.862878166717949924e-01 3
3 -3.668766060965469573e+06 8.611228606395127105e-01 0
5 -1.446674855393976904e+06 2.935169889412705402e-01 4
5 -2.133886387181594037e+06 3.824798245808181396e-01 4
4 -3.999405084976816084e+06 5.783289709670653700e-01 4
6 -1.251188159941373859e+06 5.537999840218738035e-01 1
7 -8.354062749694975791e+05 2.271841634277495525e-01 3
2 -2.493898766061623767e+07 7.255953987985570564e-01 2
5 -1.321789300571326166e+06 7.534719285720156146e-01 4
9 -3.705777594376333291e+05 3.871220317190862126e-01 1
5 -2.103670988698462490e+06 2.143237420789785019e-01 0
6 -1.638309216094699223e+06 1.497728510695128246e-01 0
9 -1.940394470884250186e+05 3.238562011335954782e-01 1
1 -5.168128961478522420e+07 3.291130934196750957e-02 0
5 -3.104095833306130022e+06 5.335224565999574509e-01 2
7 -6.250367330496541690e+05 7.816782234874721791e-01 0
12 -7.835757144579087617e+04 2.623917114244203042e-01 1
12 -4.221625499251786096e+04 5.369443668162912076e-01 1
13 -6.834519711082006688e+04 1.589887396977451850e-01 0
12 -1.078423221568085428e+05 1.571236276029703838e-01 0
9 -2.037577466529430822e+05 8.729349099501559905e-01 0
14 -1.786559506724409948e+04 6.501737734278854042e-01 4
12 -3.951717031267112179e+04 9.905845238762172045e-01 1
6 -3.770729039125488489e+05 8.065021140242140119e-01 2
10 -1.384505132299109537e+05 4.121118140167623345e-01 2
10 -2.489174325028117746e+05 6.362369101537073135e-01 2
16 -1.559221672750481594e+04 6.900085672424803862e-01 0
12 -7.016289445122674806e+04 2.519983569424738001e-01 0
8 -5.754302361924313009e+05 2.805893806254307066e-01 2
7 -7.660770812008110806e+05 5.264768864939829429e-01 0
13 -5.193692489354137069e+04 1.937981584492201315e-01 1
8 -6.311273755738026230e+05 2.614559012319935816e-01 2
17 -7.976902864826255609e+03 9.051407902780361781e-01 3
12 -9.523597013320708356e+04 9.051226420135470851e-01 2
12 -8.899703152144224441e+04 1.210642726601237062e-01 4
15 -2.364267423347268050e+04 8.931132228092693026e-01 4
15 -1.649999468597381201e+04 5.408715385951667898e-01 1
14 -2.349039768780815211e+04 5.591925296832108566e-02 2
11 -8.392346934249586775e+04 3.446810952775929138e-02 2
17 -9.466434073135049402e+03 6.437145480120315399e-01 3
13 -4.439620085281146021e+04 7.449546180991417632e-01 4
9 -3.163342703927280963e+05 1.994247896622305116e-01 0
18 -2.944610200596593131e+03 3.727732364899229989e-01 2
13 -4.431045959450132068e+04 3.194429294406579412e-01 1
10 -2.461435332921331574e+05 1.265925102092624321e-01 4
18 -2.759881498116097646e+03 7.309705457815023344e-01 1
20 -1.855369557386621864e+03 1.689673154400986588e-01 3
12 -6.719163918228377588e+04 9.854011019967837681e-01 4
19 -1.210013602374383481e+03 6.964213478330972817e-01 3
21 1.881296574454368056e+03 4.160286576375306633e-01 2
22 3.693819509421615294e+03 8.923182632147180771e-01 2
22 2.572227424504078044e+03 4.417748552488806046e-01 0
17 -5.660185534732621818e+03 1.357242021536102516e-01 1
21 2.383339739019364970e+03 2.295632305857602529e-01 2
19 -1.136947819548100370e+03 3.913794622162081183e-01 1
22 2.263206056055125373e+03 5.517922069943885788e-01 0
19 -1.625860269514121683e+03 6.059556511015916636e-01 3
13 -5.163468127491640189e+04 8.365940556520801152e-01 4
21 3.733244832591761224e+03 9.371289806787693744e-01 0
17 -3.094681094642248809e+03 7.606604478010613457e-01 2
22 3.317954286659685295e+03 5.757465221960285096e-01 2
12 -5.161457022688184952e+04 2.563184540369389808e-01 4
11 -1.431575347162834369e+05 8.997928169570594825e-01 4
24 4.364963309809500970e+03 5.077113078923205514e-01 0
25 5.189415002242826631e+03 6.639637946685503778e-01 3
20 -2.249135679714556773e+02 3.225886298507945615e-01 1
27 5.532684810359078256e+03 4.492855102084223340e-01 3
21 4.947657016886086240e+03 8.096106036083270396e-01 2
23 4.605387472230468120e+03 3.932478401148195579e-02 2
24 5.217358723377174101e+03 5.952370183775421708e-01 0
23 4.497618131993446696e+03 6.058896189799085619e-01 2
24 4.939487851793063783e+03 7.345436769947272238e-01 0
20 2.377479978317740574e+02 5.524530754131520283e-01 1
24 5.276823112669620969e+03 1.215657143164676768e-01 3
22 3.105513122900597864e+03 3.694463978949383831e-01 3
23 4.139702064129370228e+03 2.710658593212901257e-01 2
24 5.289763207760987825e+03 7.200462910880283118e-01 3
25 5.334891067689652118e+03 1.910387146070631204e-01 3
24 4.718442456298762409e+03 5.084374892561078774e-01 0
23 4.771334917974198106e+03 7.289298461713464850e-01 3
24 4.362186777791383065e+03 6.868414294012388233e-01 2
25 5.386691224489088199e+03 9.910528849594388845e-01 0
28 5.576426765847179013e+03 6.010869764531628912e-01 1
27 5.545760779436688608e+03 8.836477252904293422e-01 0
26 5.428330095422717932e+03 7.656467694794486523e-01 3
5 -2.286588691087971907e+06 5.180026349404620589e-02 2
5 -1.380077000281387707e+06 9.448924084743366425e-01 2
16 -4.282570889700125917e+03 3.054398897321792816e-01 3
6 -9.144263962055582087e+05 9.190000577314654251e-01 4
7 -6.499937051334778080e+05 1.150448174463041262e-01 4
4 -1.886602928380867233e+06 3.270063960725622110e-02 2
3 -2.183018049923894927e+06 3.652169511624681064e-02 2
28 5.607003576738712582e+03 2.205903184364730318e-01 1
28 5.661939500105692787e+03 8.028578067846565969e-02 1
29 5.625572377951782983e+03 9.410185961680639366e-01 1
28 5.605803725326686617e+03 3.262155954414489023e-01 0
5 -2.281519435712776147e+06 5.652803746750798553e-01 4
29 5.699998294415145210e+03 4.044878494539271840e-01 1
29 5.689700586374863633e+03 8.761542987647530367e-02 1
28 5.574547319782537670e+03 6.671876488384492765e-01 1
28 5.599286535499315505e+03 2.335673738311378478e-01 1
12 -1.089950750578655279e+05 1.898239939835537626e-01 3
11 -1.372690137568429636e+05 7.431158571173211991e-01 2
26 5.582035486853874318e+03 1.509308589739077888e-01 1
27 5.684488018690983154e+03 1.731398082776820779e-01 0
14 -3.706558339244832314e+04 5.056053927571834139e-01 4
27 5.613350791399511763e+03 1.632682695652132310e-01 1
16 -1.012227286532520884e+04 5.624047320251681636e-01 3
24 4.527094972542112373e+03 9.635761378113687492e-01 0
6 -3.166609318053420866e+05 6.987413072838477568e-01 2
25 5.118322354402109340e+03 7.149934404802467114e-01 0
26 5.464225061440855825e+03 4.313435810246860624e-01 1
22 2.120495160375919113e+03 4.807312819580178420e-01 1
23 4.185271314285553672e+03 1.889557057495565573e-01 0
24 4.888131104856565798e+03 1.160323696569052765e-01 1
26 5.415787853281172829e+03 6.632421522593223706e-01 1
25 5.457784903011612187e+03 4.733251376532531252e-01 1
14 -1.876577119917018354e+04 9.285008518516987275e-01 3
28 5.570318124542816804e+03 4.826543358031952502e-02 1
18 5.307004336101810622e+03 5.014012886526505453e-01 1
22 4.292798587281098662e+03 8.147248662730070638e-04 1
0 -5.030808610913201571e+08 8.114323511027105029e-01 4
11 -9.587548952909890431e+03 5.090727414593665401e-01 1
2 -1.542326607290618122e+07 8.603644764178099147e-02 4
12 -3.653985505909232597e+04 8.718242376492789658e-01 3
3 -1.061146536917673051e+07 1.242711225394268620e-01 4
22 2.153597319996808892e+03 2.712251484353203068e-01 3
5 -1.303502258381005609e+06 7.252503641304205440e-01 0
10 -2.274744127895817801e+05 2.779017102212505419e-01 0
19 -3.343730552534849267e+03 1.723287911381308213e-01 3
25 5.346025782886808884e+03 8.375589290697719180e-01 1
3 -1.453058458903437015e+06 9.763611662591957507e-02 4
8 -2.872505869820935186e+05 1.357412379962852633e-01 2
23 4.117998485869289652e+03 7.306543400976320268e-02 0
28 5.585207849893722596e+03 4.512303869675733936e-01 1
7 -4.350829178354534670e+05 8.305035772797620952e-01 3
1 -3.152831780222012103e+07 7.999089714881932878e-01 4
2 -1.697770531446539238e+07 2.760970877093504861e-02 4
4 -8.555425079684274970e+05 8.341477357014954741e-01 3
7 -6.207378307581318077e+05 1.198228356993645827e-01 3
9 -1.548189762457146135e+05 5.103179175969112247e-02 2
29 5.615469660311007829e+03 5.838454601513751729e-01 1
11 -1.606262407303063956e+05 7.877761170528797541e-01 2
0 -6.086947441874909401e+07 8.041572460083780127e-01 3
20 2.952036114391195497e+03 8.119337808273788815e-01 0
22 4.711177224365031179e+03 5.734555669957203117e-01 0
6 -1.476486543870712398e+06 6.729522806990103634e-01 4
11 -6.572802671863065916e+04 4.349560965699805770e-01 2
14 -3.512221460179071437e+04 2.176400356834990446e-01 2
20 9.077378850122606764e+02 6.893555666904488399e-02 0
1 -1.969087016194843128e+07 5.195742724824530256e-01 3
16 -1.485290239145368832e+04 3.797073462050857273e-01 0
6 -1.698528643602322554e+06 5.925071956257722539e-01 4
25 5.572121080096338119e+03 2.775029017870520032e-01 1
15 -2.402646320271051081e+04 8.092560178154437622e-01 2
3 -1.381756229693556391e+07 9.217905043220377959e-01 3
29 5.626938000363679748e+03 6.530747132968102164e-01 1
27 5.598611223049310865e+03 2.260521008306959068e-01 1
7 -4.089979457627133233e+05 8.372482393154214719e-01 4
6 -1.607251239377989899e+06 9.784522495040116619e-01 4
16 -1.002832178220067181e+04 7.801404735205627050e-01 0
11 -1.190426307788639097e+05 8.331964154149702484e-01 2
10 -2.374222567011183128e+05 3.002693982942528095e-02 3
21 6.415579326704277037e+02 5.092752587638322836e-01 0
27 5.530789471178269196e+03 5.083789959374280798e-01 1
19 6.449342799728356113e+02 1.630706217955959769e-01 0
19 -2.239777124508671477e+03 5.737623356445666900e-01 0
26 5.563658076919444284e+03 7.852795076739466085e-02 1
12 -7.088862455671752105e+04 5.059843460775432789e-01 4
12 -6.199153096890918096e+04 6.112070065467527513e-01 4
23 3.950727752814254018e+03 3.658838287030457548e-01 3
15 -1.950830969883876969e+04 9.492301344310821731e-01 4
24 5.605719216621300802e+03 3.440679790065191979e-01 1
23 4.076164776965089914e+03 1.282917652733500669e-01 3
29 5.620246474952648896e+03 5.247833829920448556e-01 1
18 -3.699933872805335341e+03 2.694718694679445470e-01 2
27 5.539864590224672611e+03 6.197089798264348026e-01 1
28 5.615377652806670085e+03 9.056622642802204526e-01 1
23 4.579311306914442866e+03 5.213973548731458685e-01 2
18 3.756984256604459915e+03 8.602663082973280861e-01 0
26 5.486143465179344275e+03 2.838306713087028754e-01 1
19 2.100810202884454611e+03 5.904905009533408800e-01 3
15 -1.623728000431845430e+04 2.349552315981856820e-01 2
15 -1.514417567731895906e+04 1.283383434860884686e-01 3
3 -1.082604725669944286e+07 6.140569814317018565e-02 4
29 5.615001560003078339e+03 6.430054605285977498e-01 1
0 -5.559920652769701481e+08 5.207941984901296451e-01 3
10 -2.297672609262862825e+05 2.445054480783355189e-01 0
8 -2.898852954605892883e+05 5.467190731435488393e-01 3
8 -6.201850530432210071e+05 6.604575945650513757e-01 4
10 -1.336155502309232834e+05 7.875197223815423309e-01 3
25 5.382430163812878163e+03 3.816688035428187353e-01 1
11 -7.988950642414321192e+04 9.974953373530730527e-01 2
9 -1.030064769077446836e+05 3.924416689640048972e-01 3
17 -1.050881075576711737e+04 2.094954502027228660e-01 0
14 -2.831692763425970043e+04 2.520672914954102950e-01 0
1 -2.255576657112311572e+07 6.844590104679454390e-01 3
14 -2.826062374210607231e+04 2.251331273651810960e-01 2
2 -2.599104417988708615e+07 4.334261738179217005e-01 0
9 -5.721282819809034845e+04 6.675442471913939357e-01 2
5 -2.235763860430405941e+06 3.699129195027843764e-01 0
7 -5.165868465538275195e+05 3.228557859841147404e-01 2
6 -1.035525966655566008e+06 9.948879541535831095e-01 4
10 -1.507197935007273918e+05 5.876567124149090909e-02 0
29 5.671049898167306310e+03 9.075235848972039721e-01 1
2 -1.784156763836914301e+07 9.789111741878834261e-01 2
18 -3.778353857597457591e+03 8.696543098954011564e-01 3
22 3.267935515833557020e+03 5.470671136827078840e-01 1
5 -3.085885778094277252e+06 6.036659395847365772e-02 0
11 -6.740675266433277284e+04 5.944782647111219315e-02 0
25 5.070995238906631130e+03 8.627838692467327819e-01 1
29 5.619722023105894550e+03 7.766285193156962086e-01 1
7 -7.115729163674633019e+05 2.017271918072296444e-01 4
26 5.656094822311761163e+03 9.896900850439075414e-01 1
13 -2.961026633614987804e+04 1.276651125609999937e-01 4
20 1.589952878482977212e+03 5.315312205335007700e-01 0
4 -4.585967161504622549e+06 2.494693773698340999e-01 2
17 -1.854275926682331374e+03 3.376877430521966206e-01 0
4 -3.008953303955442272e+06 8.152628745475347660e-01 2
10 -2.191128388037414697e+05 1.804673794165695122e-01 4
29 5.632598064733130741e+03 6.678166689069542361e-01 1
8 -3.178839006341696950e+05 6.104844496940058374e-01 4
11 -1.504726606280074338e+05 5.400299050452855854e-01 4
12 -8.781334336080931826e+04 7.958606635682343722e-01 4
24 4.780736919539094743e+03 8.973025933350808891e-01 0
22 4.592894073319256677e+03 9.089801994724178158e-01 0
25 5.352145393404637616e+03 7.605706416415851656e-01 0
6 -1.087364603285084711e+06 4.451736089759373849e-01 2
1 -1.039722254129656255e+08 8.553529217281230501e-01 4
6 -1.342455812468385557e+06 3.804265101166519614e-01 4
1 -7.318982459847187996e+07 9.999411381134173382e-01 4
24 4.723710810024863349e+03 4.150966010475718587e-02 1
14 2.575630429229860965e+03 3.924800887241062242e-01 0
5 -2.179666398838261142e+06 7.631617694167112942e-02 4
25 5.084058729549045893e+03 5.460670274690216930e-01 3
19 4.656510292595235114e+03 7.460687570927115875e-01 3
18 -2.435109088304739544e+03 5.491529404031698647e-01 0
27 5.496779913751106506e+03 3.639576975923333180e-01 1
26 5.480895559000739013e+03 1.729669338978112592e-02 3
12 3.325050948364899341e+03 3.139355878694694013e-01 1
2 -2.607730484418125078e+07 2.693203851003591470e-02 4
22 2.279686450373484604e+03 9.845037090933195234e-02 1
21 9.693298420264395645e+02 7.573185186079149922e-01 3
4 -4.982058941999090835e+06 8.246564077515570190e-01 2
9 -1.801614974980670959e+05 5.757092183602523505e-01 0
11 -1.019918128923820914e+05 2.885243437076816519e-01 0
0 -1.167889029448063821e+08 1.089835559904921425e-01 2
28 5.707368017384185805e+03 9.070791771992774422e-01 3
13 -3.692172161018714542e+04 5.610654433777949590e-01 4
6 -1.474905366115830373e+06 8.960058146044558303e-01 2
1 -3.936379903325928003e+07 1.742989990052554727e-01 2
27 5.570504347096148194e+03 8.218786852240318463e-01 3
3 -1.067884306260567904e+07 8.491693152887859197e-01 2
14 -3.698833722201500495e+04 2.558932812046276761e-01 4
23 3.993199841413950253e+03 2.605304415933848983e-01 3
14 -1.618216553175820536e+03 5.406126037612437596e-01 1
13 -2.410244191369469627e+04 5.684259431309115485e-01 4
10 -1.514347308844565996e+05 4.002087956999056950e-01 2
21 4.144229685718721157e+03 1.379052024282838573e-01 3
4 -6.243360844899009913e+06 9.815166515340223441e-02 4
15 -1.581349381642852313e+04 1.164350409449343288e-01 3
12 -1.998745230426846683e+04 2.441389721409548685e-01 2
17 -1.065044168923184770e+04 5.228025689089103034e-01 2
26 5.491900234139862732e+03 8.630469316632814747e-02 3
13 -4.145520212540194916e+04 6.702126800202390378e-01 2
26 5.599053213242204947e+03 2.426372173572173552e-01 0
14 1.728431021707625177e+03 4.445669939755561018e-01 1
4 -1.322486705124363303e+06 1.449839144376361411e-01 4
1 -9.826461405597318709e+07 8.933707636634906635e-01 4
20 4.801533737450066837e+03 9.311437640281992056e-01 3
7 -5.412912831314539071e+05 3.377808522219868381e-01 4
24 5.329625584527335377e+03 9.361267199701619468e-01 0
11 -5.355148755875859933e+04 6.302358842890815049e-01 4
18 -6.603939586588232487e+03 8.105565834163518391e-01 1
22 2.624744193521960369e+03 9.864798235845492203e-01 2
12 -1.094494103302866824e+04 2.148417319039310769e-01 1
15 -5.920819173593277810e+03 4.392762609897252757e-01 2
13 -4.284284825435324819e+03 7.528857302978084753e-01 2
9 -9.496523275753628695e+04 1.900640002816103014e-01 2
26 5.396441393591368069e+03 7.802351500265274353e-01 3
2 -2.270836204583452269e+07 7.416654548558382354e-01 2
24 5.322577373942835948e+03 5.120116871126190183e-01 3
0 -8.482921198440837860e+07 6.554618552599882353e-01 4
24 5.275264548094102793e+03 5.267015274555463256e-01 3
25 5.721503952292767281e+03 2.306179285177822891e-01 1
3 -1.391870317033911124e+07 2.710139740531527508e-01 2
29 5.693747656510377055e+03 9.594853994483383275e-01 1
11 -2.693856745920377580e+04 7.131896079752511053e-01 4
23 5.743029330151686736e+03 1.008559871390799917e-01 1
8 -4.515147466279952205e+05 8.355735479901795770e-01 0
0 -1.957755463769212961e+08 2.804088917515157320e-02 2
23 4.749809683148656404e+03 4.540150686409467617e-01 3
0 -1.108215806723647267e+08 8.948490458650636414e-01 2
6 -1.443865056531029986e+06 8.027676038879921760e-02 0
7 -9.584641715189801762e+05 9.059841593620074907e-01 0
26 5.419063331888664834e+03 3.395321830077691061e-02 3
21 3.124439075957810019e+03 2.238871341597867826e-01 1
4 -6.263939639946464449e+06 2.156252109242729753e-01 0
4 -5.336639990691183135e+06 9.576344088280529521e-01 0
8 -9.722495756055053789e+04 4.263135596878724759e-02 1
12 -4.706769557583627466e+04 3.402925737972172238e-01 4
9 -2.131494914329757448e+05 8.752791318096840856e-01 2
12 -2.447858400125995831e+04 1.737575857243546518e-01 4
17 -9.351873203459499564e+03 9.087410678735121650e-01 3
24 4.747533252040562729e+03 8.981533251693681885e-01 3
1 -4.326135855222825706e+07 1.874904109385977791e-01 2
18 1.266430362602321793e+03 1.985216341666329321e-01 3
12 -1.227504029852889471e+04 5.881841272090509998e-01 3
28 5.641994286500917042e+03 3.584041323366695120e-01 1
9 -2.982194639839122538e+05 8.947307904955472679e-01 4
18 -6.285689294852977582e+02 8.855046070727665697e-01 4
12 -1.568864965866261173e+03 2.033196680330908723e-01 4
28 5.598046577809502196e+03 4.912455799952477609e-01 1
8 -6.593052956427023746e+05 5.746909402632542907e-01 0
25 5.700057263597152087e+03 5.890693913393044157e-02 1
28 5.611840570271227989e+03 7.488672455813158990e-01 1
23 5.638065284399990560e+03 2.287379834662202072e-01 1
3 -9.618923399169964716e+06 4.082005052864481343e-01 2
8 -6.614432909947304288e+05 5.922549164618757800e-01 2
18 -1.290408795669055735e+03 7.757243595111387169e-01 4
26 5.462978100141437608e+03 1.445171130056928099e-01 1
29 5.693261534454943103e+03 2.929348229413129556e-01 1
27 5.602345500971163347e+03 2.557663954472788603e-01 1
29 5.681209068277227743e+03 5.932484910424031810e-01 1
20 -1.185112053189924836e+03 7.747428908675703108e-01 2
21 6.902508573818647619e+02 8.361290868672526244e-01 2
28 5.600696035284707250e+03 4.858548395800053599e-01 3
14 -2.489490000335018703e+04 1.997207334641649124e-01 2
11 -9.459435215018905001e+04 8.255652806217024242e-01 0
27 5.539163578778712690e+03 4.506932099430221994e-01 3
11 -7.641714527598452696e+04 7.655266706229859608e-01 4
11 -3.298190008339790074e+04 8.935083690432732428e-01 4
2 -1.581381797555394657e+07 5.544774219245759417e-01 0
20 6.197809586339519683e+01 3.306055308125668279e-01 2
5 -3.009009173705550376e+06 9.801967019976345341e-01 0
3 -5.604470965156720020e+06 5.518765939982827051e-01 0
24 4.652254290153428883e+03 7.488342060437820358e-01 3
4 -3.506909286879450548e+06 5.499532902759693420e-02 1
25 5.621561197594893201e+03 9.515894857655676775e-01 3
4 -4.978302240194856189e+06 1.786966237427076720e-01 0
0 -6.140452620689110756e+08 1.837946780110633338e-01 1
1 -8.671173528667405248e+07 5.130145421603581335e-01 1
7 -5.940816224868146237e+05 9.136403450044338070e-01 1
14 -2.462811477321429629e+04 3.507258315575116914e-01 2
7 -3.856813862084135180e+05 1.052919813065783666e-01 4
1 -6.945633722250142694e+07 9.559568585716822220e-01 0
9 -3.072720174865099834e+05 4.042747593941492523e-02 1
16 1.336889786443870889e+03 5.477395629312616920e-01 3
6 -5.067550248056350392e+05 8.848235198784277777e-01 0
15 -1.274762105006017373e+04 9.239457479117864080e-01 2
4 -1.772032295921202051e+06 3.946272124499290886e-03 4
3 -6.166009109310858883e+06 2.785986524561480104e-01 1
23 3.867948642964534884e+03 6.798078555165678605e-01 2
19 -4.291827522881036202e+03 2.768295201751999057e-01 2
13 -3.918405812803091976e+04 3.467669788930179964e-01 3
12 -4.683618675403889938e+03 4.986094590642369262e-01 2
15 -1.480956713004006451e+04 5.100264905914642100e-03 3
24 4.489049714398734068e+03 6.016705647289626313e-01 2
21 1.060298834338049346e+03 4.974932820196874550e-01 2
10 -2.323220876602097997e+05 2.426139627788791997e-01 1
25 5.263557317276905451e+03 1.675520750412531346e-01 2
26 5.396998031534434631e+03 3.885327261354857842e-01 2
5 -1.526490716047983384e+06 4.112044720274809495e-01 1
11 -1.056586191027318273e+05 7.438046407915557268e-01 4
3 -1.183712300941809081e+07 2.159881289577558205e-01 1
19 1.856951336677525433e+02 9.670673816694532743e-01 2
14 -5.114069720071336633e+03 7.640581595509279289e-01 2
4 -3.813606425693204626e+06 3.783148774738928077e-01 4
27 5.597013310354355781e+03 4.315726602527311107e-01 3
16 -1.041044432346934627e+04 6.439171866691085766e-01 4
25 5.175450350729606726e+03 7.013178071176363604e-01 2
1 -1.639397599264482409e+07 7.634599380098723298e-01 1
13 -5.668694552667179960e+04 7.375001242530150325e-01 0
1 -3.213893853596266732e+07 8.447113071847187626e-01 1
2 -2.493107691141254082e+07 4.899053216750708373e-01 1
8 -4.242657464804542833e+05 3.865259429925521628e-01 0
24 4.889517756864051989e+03 2.191309940833461312e-01 3
22 3.513364097711209979e+03 4.803237819602252934e-01 3
25 5.229719736686412034e+03 9.151900685314879880e-01 3
13 -7.017449406010376697e+04 9.132761092134025205e-01 0
18 3.627023866879055731e+02 3.315669795054830837e-01 0
17 -9.811240423006620404e+03 1.135317552918639478e-01 2
24 4.994609177717764396e+03 8.030287447008788160e-02 3
1 -6.874148874700832181e+06 5.634618245675442338e-01 1
21 2.218808772281373422e+03 5.979852420504325750e-01 3
20 2.144814267478471720e+03 9.629278054913914531e-02 2
17 -5.466990041668156664e+03 3.653447661134465174e-02 4
24 5.060086312056041606e+03 4.912666317749875833e-01 0
8 -6.765772610546885990e+05 3.923085235967042061e-01 1
17 -7.393181205016418971e+03 6.096878018054633364e-01 2
15 -2.069834702670238039e+04 1.462757260965361628e-01 4
5 -1.218835204123138916e+06 9.417299879012847041e-02 1
9 -1.879976299250305237e+04 8.894635002814510472e-01 2
9 -1.211011999441208609e+05 1.179627169780765872e-01 1
17 -8.877061372166257570e+03 1.792871894060142912e-01 4
11 -8.811200895888516970e+04 1.026130991193172221e-01 3
11 -4.682120958495767263e+04 8.988813445760443499e-02 4
22 4.409612356185063618e+03 5.176596381283338211e-01 3
18 -5.931251294564291129e+03 1.238449321972154848e-01 4
19 -2.549053566255196529e+03 1.931801683420903970e-01 2
26 5.469926507944565856e+03 7.169920463128748311e-01 0
15 -8.242391289889657855e+03 7.304717972567716933e-01 4
13 -6.131359769783889351e+04 1.000827971817646045e-01 3
28 5.662169888879511745e+03 8.987030515435705524e-01 0
28 5.629295348193706559e+03 4.156371365046211963e-01 0
18 1.819707344490198238e+03 3.480370816760999242e-01 2
17 6.195958573949301353e+02 9.620346455045533096e-01 4
28 5.561069889818985757e+03 8.988497505419507094e-01 0
24 4.933308039761171131e+03 7.138960478730638215e-02 3
11 -2.021051690271627012e+04 1.158097649688860642e-01 1
8 -3.068481091200154624e+05 8.985372390043389057e-02 2
7 -5.496648360917966347e+05 2.517044425341250502e-01 4
29 5.693520968438029740e+03 3.569095626374867436e-01 0
27 5.514386888633638591e+03 1.654115057857648008e-01 3
28 5.628831674782833943e+03 9.989383853620061871e-01 0
12 -1.079759993715181190e+05 6.016935809551281489e-01 1
6 -7.304252223361867946e+05 6.373904321299903586e-01 1
29 5.619941911214584252e+03 7.193462099388259201e-01 0
10 -6.189638327533013944e+04 8.281578400992799516e-01 1
4 -3.524463451622968540e+06 1.324565169797153885e-02 4
24 4.695136539542547325e+03 1.602641327513150971e-01 0
0 -4.808896922229372710e+07 2.568310185902650256e-01 2
13 -4.697782356156070455e+04 5.632605720654026982e-02 3
10 -6.400810863281154889e+04 9.595443535899107479e-01 4
5 -2.988597756040672306e+06 1.926175957746585343e-01 2
26 5.545527195047951864e+03 7.549154376798719035e-01 0
17 4.153921350223336049e+03 2.631412186730401337e-01 3
23 4.559440973208349533e+03 5.312217320674810228e-01 3
22 5.310740740504575115e+03 6.012283558222772939e-01 0
2 -1.075755122263463587e+07 6.639643213769292895e-01 4
11 -9.972631696142382862e+04 3.537976930124452357e-01 1
18 3.856300128524553656e+02 3.119552541607335527e-01 0
6 -1.283294358827235876e+06 7.069644684754223807e-01 4
15 4.156204021254779946e+00 7.562959836261070601e-01 0
18 -6.403142299492325037e+03 7.695467814158027942e-01 0
0 -3.475224759978243113e+08 7.529538022053205992e-01 2
2 -4.057501081906671636e+06 6.265402621827083074e-01 3
27 5.570978046646785515e+03 3.780178028688645497e-01 0
0 -2.415976088545265794e+08 8.697744393480377756e-01 2
14 -3.417262776534029399e+04 6.045529044014320563e-01 1
13 -4.230852276663535304e+04 9.797514214634261975e-01 1
5 -7.139725647371469531e+05 4.944237740628344979e-01 2
21 4.952993529075292827e+03 4.318696031305648830e-01 0
14 -3.012505321421337794e+04 2.518123638833963951e-01 4
11 -1.459384728501045611e+05 8.035566868985309918e-01 2
29 5.630984207189822882e+03 1.473045029187858290e-02 0
10 -2.412456596766051953e+05 3.091877064196186797e-01 2
2 -2.099141196904140711e+07 6.056500816812939725e-01 1
17 -8.561252093762441291e+03 3.891124205249889556e-01 3
27 5.566539567594363689e+03 9.206979626620221957e-01 0
8 -1.808952770830230438e+05 1.116525868107641900e-01 4
13 -6.100162723592401562e+03 6.269620440053138566e-01 2
24 4.667777350329702131e+03 3.384639583413662223e-02 0
25 5.428875917776413189e+03 4.834851438333710727e-02 0
18 -5.966513772077732938e+03 5.384112658781714522e-01 3
5 -2.375636277476910967e+06 9.332105157727108580e-01 1
12 -5.760592995103778958e+04 5.534832514153944505e-01 3
20 -1.861902241263021324e+03 2.166275589979562710e-01 4
15 -2.023400973639760196e+04 8.085085566756156084e-01 3
18 -2.406481678817056945e+03 9.203418861701033737e-01 4
9 -7.456990001212760399e+04 1.584120565097562328e-01 2
4 -2.421975291947881691e+06 9.665048661034815192e-01 1
21 1.184583826819317665e+03 3.093487186002520928e-01 2
24 4.814725619762195493e+03 4.404758310190795001e-01 0
24 4.448237182026248774e+03 1.815931499261072002e-01 1
24 5.026617844347758364e+03 7.404017775906324150e-01 0
8 -6.234514486372214742e+04 3.669125352281292773e-01 4
29 5.639963534701695608e+03 6.913378232124716138e-01 2
27 5.509001857380324509e+03 9.137809730146896625e-02 0
15 -1.932311674935095652e+04 5.779103364329962744e-01 3
28 5.547772545706422534e+03 4.721203146181014443e-01 1
3 -2.843637300098305102e+06 7.268296379386571804e-01 4
23 4.918484064716459216e+03 5.879713862733422225e-01 0
29 5.603540089435894515e+03 4.038444461457628698e-01 2
7 -6.507591422611447051e+05 4.266437286974431586e-01 3
3 -1.428973244832353201e+06 3.369152961737533758e-01 3
29 5.700878749643361516e+03 7.033650146615721965e-02 2
21 2.471602528645953498e+03 4.267244855648187341e-01 1
7 -5.222557212488888181e+05 1.862925138942230774e-01 3
9 -3.218013829144481570e+05 4.398170028295772527e-01 3
26 5.415878226794991861e+03 3.498870120350237589e-01 0
13 -3.685894351247427403e+04 4.912133476334832327e-01 1
2 -2.472245027006598189e+07 1.891880543657218083e-01 3
4 -6.120138696494286880e+06 7.612547667303373178e-01 4
24 5.634194727405088997e+03 8.551778451811956616e-01 1
4 -1.632407742760943482e+06 6.259534666489903199e-01 3
3 -4.881791795891135698e+05 9.962566238045167388e-02 3
24 5.037268646717828233e+03 6.652336830676111035e-01 1
1 -1.315739029570191354e+07 1.369361394833461532e-01 4
1 -5.791728462813010067e+07 4.279479306081386270e-01 4
24 4.659353697547043339e+03 7.439666229953623144e-02 1
4 -6.411754317297393456e+06 2.945026515367503706e-01 4
3 -5.713798530479196459e+06 6.484870107329884226e-01 4
24 5.654428183458923741e+03 9.984663649540508334e-01 1
24 5.104531743009169077e+03 4.745157809911972890e-01 1
29 5.632987728421194333e+03 6.841079830842229370e-01 1
6 -1.834030328953703865e+06 3.805407940978469128e-01 4
18 -4.203225957272323285e+03 1.284876095524261075e-01 0
15 -1.561961022064819917e+04 5.264875369478301259e-01 3
12 -3.473111773519353301e+04 1.271737156714105588e-01 0
22 4.566773393772826239e+03 1.706383844005046058e-01 1
15 -7.911064313051152567e+03 6.675708163544158413e-01 2
17 -2.213103516343205683e+03 6.274916361162056200e-01 0
2 -2.540938194465021417e+07 7.306081110491948749e-01 4
28 5.555319866278550762e+03 8.597460308480762148e-01 3
0 -1.088673647624539852e+09 2.584576006317632624e-01 4
4 -3.959276302249727305e+06 8.661885420863971174e-02 4
26 5.422245886795234583e+03 5.533144709748993167e-02 3
20 -9.353329014133071269e+02 5.574198914290224849e-01 4
10 -2.402953310915232578e+05 5.218032189207365557e-01 2
16 -5.893463973519826141e+03 4.044900493984021628e-01 0
8 -5.784205211015803507e+05 7.096822885924249924e-01 1
18 -6.454778279575405577e+03 1.864535629779956460e-01 0
16 -3.001653300613366810e+03 2.764012380238756172e-01 0
7 -6.067920081369951367e+05 1.673192188768068966e-02 2
8 -8.517533610617120576e+04 9.043280036037806280e-01 1
23 4.802988969775655278e+03 5.714031987544254676e-02 3
10 -8.893143852610432077e+04 9.089174264605727471e-02 1
28 5.645166100762202404e+03 6.427726744170040307e-01 4
29 5.709429191410688873e+03 5.550574157277239351e-01 4
17 -9.315467103827530082e+03 9.495679080464529687e-01 2
21 3.079866998037917256e+03 8.057732616388157965e-01 3
17 3.080180402706219411e+03 3.546278038398333887e-01 3
18 2.526296759539483901e+03 6.534991400374142723e-01 3
29 5.643003966158742514e+03 7.792094274975562840e-01 0
26 5.445525017683358783e+03 8.120714269370371552e-01 4
0 -1.322309195165992975e+08 9.744880522274534940e-01 2
2 -1.223174104199882597e+07 2.532626516648897042e-01 2
21 2.724909818759177597e+03 1.039972066094310144e-01 1
11 -1.252843291387839708e+05 5.803554899860100535e-01 3
0 -9.332787195539943874e+07 4.565561775258197286e-01 2
26 5.591267821636422013e+03 3.124494471092518766e-01 0
8 -2.398059393259261560e+05 8.141158403773669505e-01 4
27 5.577074564274790646e+03 8.649441263010532177e-01 0
24 4.897673393938388472e+03 7.034098946714770761e-01 0
26 5.628938809107779889e+03 2.841809188483923609e-01 0
27 5.563489571235317271e+03 5.233630967661515587e-01 1
8 -3.169205661647046218e+05 8.163646049123625126e-01 2
19 -1.588818030594530228e+03 2.393836977332701177e-01 4
4 -5.286905529098667204e+06 3.262108931160352943e-01 0
8 -6.228858161050758790e+05 5.011788519966655642e-01 0
1 -9.179028333304041624e+07 2.531767573558340034e-01 0
28 5.644610327591202804e+03 5.171366109111207310e-01 1
12 -3.362405087436112808e+04 4.364361535780038048e-01 3
4 -3.810243053839261644e+06 8.771727740113962613e-01 2
27 5.519727179907240497e+03 3.616412898420193756e-01 1
13 -4.284671560068494000e+04 3.813993651390505946e-01 3
1 -6.494286613578142226e+07 2.281075734506056440e-01 0
28 5.582865493657881416e+03 6.484077613514893645e-01 1
0 -1.049737200056204557e+09 6.752973305236202872e-01 0
2 -1.963930304772036150e+07 4.798375315180101741e-01 0
4 -2.196271992559926584e+06 4.783946553161882442e-01 4
0 -1.307249659896540493e+08 2.736212804705824286e-01 2
7 -3.408742877714604256e+05 3.505556364525963531e-01 0
21 2.207022592782792799e+03 8.614566189652019812e-01 1
20 3.678777993516668630e+03 1.531475251687863803e-01 3
19 2.661062278467506985e+03 6.461084488989439212e-01 3
2 -1.871693780192333832e+07 5.460531945898723372e-01 4
18 4.122245469012315880e+03 2.802345063734099639e-01 3
10 -9.503417219057059265e+04 2.953839780103361679e-01 0
21 6.835146502726167910e+02 3.830113591314808774e-01 1
3 -4.837210677024619654e+06 5.155889706362373204e-01 2
0 -8.236799393492239714e+07 7.614574711115376093e-01 4
19 -1.487245609771619911e+03 9.388072582586808323e-01 1
3 -1.068939135945153795e+07 5.047053650027417682e-01 4
6 -1.486329277900882065e+06 8.215998631254947115e-01 4
8 -1.476601443257385654e+04 3.163463531003595230e-01 1
29 5.632112949472233595e+03 2.742226107729377471e-01 1
28 5.665505064403134384e+03 2.348216471525326754e-01 1
12 -6.639394031417548831e+04 8.134774696612486755e-01 4
14 -9.771208321392379730e+03 1.532126042076822348e-01 0
13 -2.956290109768253751e+04 5.999277683968706754e-01 4
28 5.595599582875922351e+03 9.240573686852282531e-01 1
17 1.183030286789486922e+02 5.735202404884712779e-01 0
9 -1.835713383977033373e+05 2.779769969948777675e-01 3
6 -1.168933156677069375e+06 3.060327565630437952e-01 3
27 5.515214074085700304e+03 5.117170529273333823e-01 1
14 -3.426376169292493432e+04 9.980811419951703956e-01 4
10 -1.677278286140751443e+05 9.056666348532678157e-01 4
25 5.388579760348474338e+03 7.452858865234299746e-01 1
14 -2.767396637479456695e+04 6.320588318679015716e-01 3
17 -9.982544691074615912e+03 8.270658478300038086e-01 3
14 -3.825280107894475805e+04 1.259056163226914826e-01 2
26 5.607079932405316868e+03 9.775892443108564756e-01 1
1 -2.653030418416424841e+07 5.063084874030949756e-01 2
3 -2.016909593930840259e+06 1.311113667191294851e-01 4
18 -5.653748947259807665e+02 7.225492562196036972e-02 0
21 1.043658341220288776e+03 5.255864429621581735e-02 0
21 8.304475927115381637e+02 5.220372047192570752e-01 0
17 -5.832832785956512453e+03 4.132364355236446407e-01 0
2 -1.029061359360581450e+07 5.660921026367494724e-01 2
10 -1.012878455750017747e+05 9.896371232385103855e-01 3
5 -2.334621659394315444e+06 3.129401723511704980e-01 4
15 -6.768600564985095843e+03 2.594828445227381764e-01 0
26 5.634872129687068082e+03 3.267512519545077154e-01 1
8 -4.419840254609584808e+05 5.514507089368754222e-01 4
2 -1.933938903523425758e+07 7.794501111992859776e-01 2
24 5.148846690415311969e+03 5.727554515988723116e-01 1
4 -6.143877537044800818e+06 3.578349142186674214e-01 2
28 5.701581744212110607e+03 5.220175375170386101e-01 4
23 3.699173417100203551e+03 1.463943933205774928e-01 0
3 -1.133256012219164148e+07 4.886932023697427852e-01 2
24 4.688401417251319799e+03 9.264575288015535204e-01 1
27 5.668985599857365742e+03 1.963550432792907641e-01 4
15 -2.331794263683996178e+04 8.154597305832994580e-02 3
13 -4.269163288630668103e+04 5.425266352208334419e-01 3
24 5.229400833635232630e+03 7.720807534451072929e-01 1
9 -1.275460324616831203e+05 2.323709057394711050e-02 3
6 -9.910133675862130476e+05 8.671336094351823620e-01 2
3 -6.315282201813252643e+06 1.138983306198154133e-01 2
22 4.282549961485091444e+03 9.533921380926915212e-01 1
15 -1.641061191517525367e+04 3.678640121326411938e-01 0
10 -1.625013578616176383e+05 1.637049800988799042e-01 3
13 -6.259349959925582516e+04 1.057279215172147457e-01 0
0 -2.814913806947304606e+08 9.624498985269681617e-01 2
4 -5.221654853555185720e+06 2.401612038529206128e-01 2
16 -1.798714086043467205e+03 1.873811640862085570e-01 0
10 -2.063055402220871765e+05 6.964631921699201422e-01 3
28 5.571820458635864270e+03 6.867482090872379930e-01 4
4 -1.712920783806800377e+06 3.708712218477865363e-01 2
28 5.710854596293861505e+03 7.499867427230788586e-01 4
29 5.738201164048600731e+03 8.259151682768207658e-01 4
7 -8.411601977976262569e+05 5.295849960964735814e-01 2
25 5.616847601576944726e+03 7.457673209196747921e-01 1
1 -2.196860918134909868e+07 3.283767072029503131e-01 2
12 -6.998598507219780004e+04 8.095522748531388535e-01 0
7 -7.898730934775187634e+05 6.782974302296751468e-01 3
13 -3.937246890773424821e+04 7.313314730739968184e-01 3
10 -2.355457782220521185e+05 3.731309472146442374e-01 0
9 -2.542903185287662200e+05 7.397033004300923587e-01 0
27 5.502044537754285557e+03 3.820726359895886270e-01 4
13 -4.177216164821144775e+04 3.267890145148224512e-01 3
13 -2.341469145449712232e+04 5.774810084888812867e-01 3
25 5.403184396189055406e+03 8.364046365795104743e-01 4
22 2.765905283758989299e+03 2.055051372443672808e-01 4
27 5.590841725799838969e+03 3.317026782686385289e-01 4
0 -7.279988186635500193e+07 7.503483280912199849e-01 0
1 -4.325158414592844993e+07 2.943266353876630159e-01 0
18 -5.786110522795015640e+02 3.209951410367183344e-01 1
19 -2.178980205430923434e+03 1.649777581165259577e-01 4
19 -1.035980351166605487e+03 5.145830163849183236e-01 4
16 -3.251848881550338774e+03 8.862128609762895959e-01 3
11 -1.313109657202410563e+04 1.266162728753235100e-01 4
14 -3.827649597765578073e+04 8.586686721409593492e-02 4
14 -3.693819528102695040e+04 7.597576770693272863e-01 1
19 -1.537408430934082162e+02 7.853446419553908875e-01 2
18 -2.228154759014877527e+03 7.840380986347471604e-01 1
19 -3.525939035883506222e+03 3.954549058567901065e-01 1
23 4.118508091705356492e+03 4.577512351975531191e-01 4
11 -3.118123555638258404e+04 7.827935312090662512e-01 1
8 -9.275153820927263587e+04 7.051858942837703204e-01 3
15 -1.516866777337387020e+03 9.199670688097447147e-03 4
23 4.455258073861233242e+03 3.632779137724757579e-01 4
12 -3.514713311366562993e+04 5.569396102787972369e-01 3
21 3.783414582496518051e+03 7.160194480486283819e-01 2
25 5.044672417977685654e+03 8.398902767803018143e-02 2
19 -2.395386787747049311e+03 6.622445878995859569e-01 0
15 -1.750811447116436466e+04 5.255453957146021260e-01 3
14 -1.532942776252374642e+03 3.997453550431183666e-01 4
6 -6.601865523395377677e+05 5.565330505978024478e-01 1
15 -2.131640375523757393e+04 1.059969652096792725e-02 3
14 -8.724377055298980849e+03 3.018771484567271401e-01 4
24 5.002132801804150404e+03 2.418555224186176300e-01 2
26 5.449155305365966342e+03 7.344031420847183522e-01 0
18 4.796714040934482000e+03 8.419178487707741354e-01 2
8 -1.429800310034883150e+05 9.865826047090031636e-02 4
26 5.551422546620229696e+03 5.370301383566555842e-01 0
28 5.547011703795122230e+03 3.398075919566423408e-02 0
1 -4.893372991000508890e+06 1.731480766629908685e-01 1
3 -3.952168546388041228e+06 5.633457167731625859e-01 3
5 -2.864305736102285795e+06 6.977334481967432112e-01 1
27 5.533126143227236753e+03 1.757027312133940256e-01 0
1 -1.279479186942360550e+07 6.050949647844158230e-01 4
9 -9.203752790388530411e+04 9.281152407976414054e-01 3
7 -2.273387048554554440e+03 4.652844470621361750e-02 2
10 -1.896158308323912788e+05 8.401815030517143512e-01 1
7 -8.601672811531622428e+05 2.541058762770884508e-02 4
12 -7.406769976107601542e+04 5.037271902631523801e-01 1
19 7.935260443682102505e+02 6.387137907609033993e-01 0
14 -1.653010054445009155e+04 9.713721440258358264e-01 2
12 -1.431841707497079551e+04 5.727450898245889377e-03 2
20 -1.396027232098276272e+03 6.662098000242125950e-01 4
18 1.236190352089434782e+03 1.254854518790473605e-01 4
29 5.656418755680502727e+03 7.188815873930822775e-01 0
21 3.228843053173782209e+03 1.358475179635982577e-01 2
1 -8.818090644101305306e+07 7.509105063409292624e-01 3
29 5.715867221820742998e+03 9.237704706838884006e-01 0
13 -4.157178780376177747e+04 5.294543381759079376e-02 4
3 -8.459924214773017913e+06 7.076400559045703531e-01 1
17 -5.741622228578095928e+03 5.678931045390118726e-01 4
16 -1.463516659216924018e+04 9.840293422153766345e-01 4
27 5.518103001445972041e+03 3.874018735994664286e-01 0
3 -3.798038413040696178e+06 8.593383982385827125e-01 3
1 -1.415846139293281734e+07 1.046087268364015443e-01 3
27 5.677985839549457523e+03 3.713709699440427281e-01 0
14 -2.404888687679300347e+04 7.360662429931538187e-01 1
5 -2.664669863397317939e+06 5.432284685530930357e-01 3
22 3.359682700849632965e+03 6.408501046720004035e-02 0
4 -4.773088528453437611e+06 5.922014712634470213e-01 2
7 -9.046818971565760439e+05 9.294310776217797887e-01 2
26 5.477639147518512800e+03 7.604375399074126962e-01 1
27 5.607376762585746292e+03 4.675591482348373518e-02 0
13 -5.304595901989684353e+04 2.682137507865257064e-01 2
21 2.290414882432105514e+03 6.427880632944269479e-01 4
17 -2.663853385938014981e+03 9.268431235359155806e-01 2
23 4.910051064472756480e+03 2.708957276505503664e-01 0
19 -2.908331121439796334e+02 2.144348493487728824e-01 4
29 5.698527864858908288e+03 7.705870027505969944e-01 1
16 -2.675804290076282996e+03 2.519372174960956556e-01 3
19 2.850689353407506132e+02 2.812502189731844737e-01 4
18 1.341933479957294594e+03 3.528151367850100861e-01 4
24 4.451990325324149126e+03 4.494552649651850640e-02 2
27 5.671601939592257622e+03 1.283029508538047203e-02 3
17 -3.869323676508632161e+03 8.227788863083072002e-01 4
26 5.450173207336849373e+03 9.844267257235943536e-01 0
11 -1.004028989557989407e+05 5.385165978763909456e-01 4
8 -2.526126236534196942e+05 2.040698769521078759e-01 4
25 5.675102319959154556e+03 4.177317947856078462e-01 2
25 5.327827284088290980e+03 9.574933605395549163e-01 1
9 -7.826272294791913009e+04 2.134521108400598000e-01 0
21 5.087712524354574271e+03 2.534886539125356109e-01 1
8 -4.688574311884394265e+05 3.203964316400731427e-02 4
23 5.607345222045434639e+03 3.886826700645230198e-02 3
19 -5.406833965915129738e+02 3.881485126001823494e-01 0
25 5.603636144273490572e+03 9.455921040308421510e-01 1
21 2.144990325893771114e+03 2.610733859457585737e-01 2
28 5.616719706873775976e+03 7.724006808347233521e-01 1
15 -2.033708180960653408e+04 9.888203454172445062e-01 0
17 4.655364484739237014e+03 3.338152236007028151e-01 2
16 -1.501230348524380133e+04 1.748617627594677981e-01 1
26 5.639830787900860742e+03 4.851961988209598231e-01 2
27 5.588794026359548297e+03 4.858541125962585749e-02 2
24 5.584455423236935530e+03 1.406431014054421169e-01 2
0 -5.485237790063791722e+07 7.985993380541884790e-01 0
24 4.402455246328061548e+03 4.958515298563768159e-01 3
27 5.679699431047469261e+03 6.467024727386907479e-01 2
2 -4.229659923705834895e+06 7.976994092881875553e-02 0
9 -2.624066114112115247e+04 5.568906490624451200e-01 1
3 -7.472264156372128054e+06 5.644813304444128432e-01 4
27 5.618717859379185938e+03 8.130902602212480845e-01 2
16 -8.520196544684125911e+03 4.703109948933708040e-01 3
27 5.612512420014847521e+03 7.224796979579544143e-01 2
8 -6.671598895902064396e+05 9.463364189149745531e-01 1
25 5.401529505376925954e+03 1.801786685164536439e-01 2
10 -7.398723928068453097e+04 6.052213221907876139e-01 0
23 4.493570475186683325e+03 8.776529292066121979e-01 3
20 5.161822789482455846e+03 3.950611491884752358e-01 2
18 -7.800248562639590091e+02 4.761973511180910279e-01 0
2 -2.055984359944156185e+07 3.439246086382081180e-01 4
2 -2.286402161264229566e+07 6.610244796981250559e-01 1
13 -6.725939649220282263e+03 6.242076150171844695e-01 0
0 -3.812076708400739431e+08 9.478868144807748308e-01 1
20 1.227609880194135258e+03 9.851948874295850533e-01 3
0 -3.619929375738909002e+06 2.540423516035992257e-01 4
20 4.457437173099267056e+03 1.165363629037496906e-01 0
17 -1.931787141748848626e+03 5.867803932756876506e-01 3
22 2.655571963197298373e+03 3.119037050199907624e-01 0
8 -6.205054692872481246e+04 3.935096344323560369e-01 4
16 -3.596371497766982429e+03 8.633958776875161334e-01 1
11 -1.282537059335383383e+05 1.410209070988790447e-01 3
1 -4.284100418222242594e+07 9.313322770640322101e-01 4
15 -2.238682697077774355e+04 1.365344923641106101e-01 2
15 -1.704174907714749861e+04 6.131952514105670771e-01 3
17 -2.592437794854108688e+03 1.219100750348935946e-01 2
24 4.428188059750262255e+03 8.189285214586990158e-02 1
4 -5.508740108409468085e+06 8.028869343003709469e-01 0
20 1.776230615830319721e+03 3.756149393828892014e-01 1
10 -5.456251320033417142e+04 8.249114647336724948e-01 0
29 5.712270059596433384e+03 2.562825393278904684e-01 3
7 -4.225871477693244815e+05 6.614618688286882930e-01 4
27 5.574921366654722078e+03 3.878509421542635782e-01 3
22 3.642397271607428593e+03 8.817454275088018045e-01 1
0 -5.875727801053748131e+08 7.694488573666113940e-01 2
3 -1.255565854119848832e+07 4.509489691279106732e-02 2
4 -4.169321929784299806e+06 9.291625273220458503e-01 0
18 -1.926435654126256168e+03 5.190820962522335602e-01 1
20 1.942588909655683210e+03 6.579067850924827932e-01 1
13 -3.679746060990644037e+04 6.777675159940503846e-01 4
2 -1.099282412062798999e+07 2.062754867951488436e-02 2
15 -2.065844657185470714e+04 8.690922175721609300e-01 0
1 -2.920533954701411724e+07 4.106681068132045365e-01 2
14 -1.682257295603511375e+04 8.685567423909383855e-01 0
17 -7.681652657792375066e+03 7.395596342363131015e-01 0
29 5.684952494666740677e+03 8.534005592121918227e-03 3
20 -2.860513132004469753e+03 1.810084436671885455e-01 1
14 -1.809781913017891202e+04 5.481769569653742735e-01 1
9 -1.439304285778115154e+05 8.037049605166736166e-01 2
29 5.686402232379166890e+03 6.950471407271130442e-01 3
24 5.629756252733019210e+03 9.315282618283564631e-01 0
19 1.154702196538662065e+03 5.166390862772805015e-01 4
1 -8.293755916358932853e+07 5.855238868558133580e-01 2
7 -1.003005691036091186e+06 9.065236027608959413e-01 3
21 4.809929386411453379e+03 2.460589180400561959e-01 4
2 -7.113500010835152119e+06 8.702809092891096165e-01 2
24 4.502819995417610698e+03 7.599877704825086511e-02 3
1 -2.878279335215295851e+07 1.852430300773226790e-01 2
3 -1.099849208829715848e+07 9.166446520582606228e-01 2
29 5.601057905225216018e+03 1.492835383424386264e-01 4
19 -3.938061291519978568e+03 3.998937072801720394e-01 3
11 -1.565883536589820287e+05 8.165276999298384242e-01 1
14 3.727073882534315999e+03 9.899546691059902814e-01 3
4 -5.008846668105209246e+06 2.271643005296002660e-01 2
3 -2.771399801279718522e+06 9.222631789720685536e-01 0
20 1.143128328173033879e+02 8.595957229984323433e-01 3
3 -6.167660518561258912e+06 6.262389645464097043e-01 0
21 2.174594931720847853e+03 3.297881539524242234e-01 3
18 -1.900221441884008982e+03 8.091549789108120061e-01 3
7 -8.802837674594919663e+05 6.841112359089300821e-01 2
8 -3.555118056937831570e+05 2.694378580136065349e-01 2
17 -5.522622738991920414e+03 6.924678658606734372e-01 3
22 3.270385615756354127e+03 5.507745598847838542e-01 3
3 -9.154691318343931809e+06 1.605401160668099014e-01 1
2 -1.594321463111729920e+07 4.765875682615446918e-01 0
5 -2.484950733670755755e+06 3.979292714015863486e-01 2
7 -8.094464367463209201e+05 6.573609892473781802e-01 1
2 -2.308571584379839525e+07 8.601166902476331533e-01 0
2 -2.523124871207935363e+07 6.698813397725511543e-02 1
2 -1.975196166238766536e+07 5.737407591081403746e-01 0
14 -2.670352808363853183e+04 1.570540780886482413e-01 2
13 -2.989855099322392198e+04 9.194457670890278100e-01 4
16 -1.254117437534907367e+04 5.120852140644238659e-02 2
14 -2.229237886856731711e+04 1.567640808873497771e-01 4
9 -3.048215344436434680e+05 4.134180162246181567e-02 0
9 -6.902629829272942152e+04 5.721816967926613984e-01 4
11 -1.408212480406885152e+05 2.047110443177224681e-02 1
20 3.067619330891432128e+03 8.343810795000040637e-01 0
16 -1.168416376069027319e+04 5.472237227231526724e-01 0
11 -1.525777623561197543e+05 6.499419366865506476e-01 0
8 -3.614817874015158741e+05 5.902974101525884087e-01 4
6 -1.674051469301221659e+06 5.216451085788484932e-01 1
8 -5.007208445155301597e+05 5.953293631326548319e-01 0
25 5.410334459974612400e+03 4.959835133388064143e-01 3
21 1.865682844265216090e+03 9.201684404096565073e-01 0
9 -3.422611887188114924e+05 1.719795599573187284e-01 1
22 2.678148898022394860e+03 5.500716812181598581e-01 0
4 -1.473158830058783293e+06 1.752715552379666697e-01 4
25 5.361239530317267054e+03 4.904669242697340947e-01 0
2 -1.805569419066277891e+07 8.225556365798075698e-01 4
27 5.504166123743394564e+03 1.047025416239632939e-01 0
25 5.587951915858805478e+03 9.984170785192973963e-01 0
0 -4.053841140946303010e+08 5.851104397764804455e-02 4
2 -1.573805191448904574e+07 3.365581806581455782e-01 4
28 5.547098027321177142e+03 7.674297326489375459e-01 0
3 -1.253884945309097692e+07 4.610610617641257569e-01 1
27 5.537494870085488401e+03 3.599455166359076808e-01 0
2 -2.112255970495600626e+07 1.063412744079326178e-01 1
5 -3.157237190368301235e+06 9.733932124705914068e-01 1
26 5.700485150141089434e+03 7.407571532699728234e-01 3
20 -1.688551826066275680e+03 9.038333668358666806e-01 4
13 -4.032097674499238929e+04 9.748075592760248043e-01 1
20 -2.193715067985531277e+02 8.802835142884075648e-01 1
24 4.914728720577199056e+03 5.758753520230177614e-01 1
19 -3.647234226252574445e+03 1.181657629352344391e-01 0
25 5.597255036327331254e+03 9.614823944947000767e-01 3
22 4.465006330049738608e+03 8.539170104730069433e-01 3
21 2.369596952242422503e+03 3.974631216803613948e-02 2
23 4.255447159683257269e+03 4.416673226620101422e-01 2
19 4.250230573444227957e+03 9.480085749499522763e-02 2
16 -9.267020176205471216e+03 5.464573536870513948e-01 4
11 -1.322447655709725514e+05 9.804706646549620208e-01 3
10 -3.540824080911393685e+04 3.964258106838156048e-01 1
12 -6.218672166447664495e+04 8.227246588509161684e-01 0
14 -3.268145141292933840e+04 1.027390427444634380e-01 1
6 -5.034845360565998126e+05 8.348021127518227003e-01 1
18 -5.257815675764642037e+03 7.752952917919877507e-01 2
6 -1.669569523841362679e+06 5.137107553318071007e-01 0
2 -1.347632738268405944e+07 1.231935226398945815e-01 1
3 -7.920129042648481205e+06 6.980955162755160259e-01 1
3 -5.821519984051622450e+06 8.340211901019619622e-01 4
3 -4.019813534839238506e+06 3.369352632596427921e-01 0
0 -1.662655973655098863e+07 8.609794422784844414e-01 1
18 -3.672932424697513852e+03 2.850390719110320603e-01 2
9 -1.999329074615280260e+05 5.695683157565686328e-01 3
11 -1.575311942235059396e+05 1.772237102372842266e-02 3
2 -8.011414923465605825e+06 5.474282481499059827e-01 0
4 -5.120537765991912223e+06 7.560335841560358316e-01 4
2 -1.820305329886865988e+07 9.281765470553100528e-01 4
7 -8.703669401804225054e+05 3.453630022216420958e-02 1
0 -2.237772224442043304e+08 2.320628953595447186e-01 0
7 -5.551644331453052582e+05 4.603487642308019545e-01 1
2 -6.569327856894508936e+06 9.092366033915002532e-01 1
18 -6.913131912278446180e+03 7.214930702744672963e-01 3
12 -8.542143422334844945e+04 3.532169335910566588e-01 4
22 2.912221723284580548e+03 1.643054799846765945e-01 0
15 -1.903007324995910312e+04 5.498644193741031305e-01 4
9 -3.188414774228130700e+05 6.632248687924926500e-01 4
10 -1.339078610880224733e+05 5.824043626759126679e-01 1
20 -6.183613367670294565e+02 6.144224070175297037e-02 4
21 1.888845111194298624e+03 9.411748289528620859e-03 0
10 -1.081247596927781124e+05 5.725153541660734646e-01 3
19 7.159850005761251168e+02 6.221159348273435086e-01 0
15 -6.744955691447142271e+03 3.137003845275048164e-01 4
14 -2.716313039520158054e+04 7.185747673603302133e-01 0
17 -9.012786553953506882e+03 8.392077436888837338e-01 4
24 5.224511897756901817e+03 5.969921946622011033e-01 2
3 -1.310091027505295724e+07 3.656351286409585399e-01 1
18 -3.612070672966588063e+03 4.977827399993799418e-01 4
26 5.453582924644244486e+03 8.334419223434429425e-01 2
20 -2.394263185714513611e+02 8.956704189934566740e-01 4
7 -9.022052364973623771e+05 1.356638132136058772e-01 1
25 5.328893373892764430e+03 2.423735541151026407e-01 0
27 5.667413508334345352e+03 4.795539253538628754e-01 2
21 2.269793603749871181e+03 6.636150950485102396e-01 4
27 5.751624356710844950e+03 1.100786882008761847e-01 2
25 5.077654628241429236e+03 7.853539133385183391e-01 3
29 5.712044666634907117e+03 1.097903438435525736e-01 2
26 5.511231084200484474e+03 7.490703930123769894e-01 0
28 5.555129749104488837e+03 8.941891244153974405e-01 0
20 -2.432020870335639302e+03 6.850102948911316325e-01 4
27 5.654250823203101390e+03 6.398139222210765809e-01 0
16 3.448037554894116965e+03 2.384086383298494038e-01 4
26 5.447956666145791132e+03 2.855892033654141571e-01 2
24 4.738999439572857227e+03 2.897458967694528376e-01 3
24 4.683309584962145891e+03 1.936649592678065801e-01 3
20 2.148965918469746157e+03 3.318437803832658961e-01 3
25 5.622352566682486213e+03 9.494062047831258733e-01 0
29 5.631369379984547777e+03 9.635218567023059455e-01 0
28 5.643447551534500235e+03 7.971823814050116308e-01 4
0 -1.386807753275102615e+09 8.482506363468136357e-01 1
5 -1.980302137956772000e+06 2.069557030775636963e-01 1
28 5.653217539451577977e+03 6.391195501894901820e-01 0
26 5.596596211933989252e+03 3.716083591899856930e-01 2
25 5.455825211495677650e+03 6.860480907531018024e-01 2
24 5.748754943986368744e+03 7.519165256392561503e-01 2
28 5.658537666267657187e+03 8.648540074885850970e-01 0
16 -8.454641368923481423e+03 8.702497557944972595e-01 2
4 -5.157631764877156820e+05 8.327787912327568876e-01 3
15 -2.476166072822002025e+04 3.900089119121690207e-01 1
19 -3.682581038821688708e+03 8.809408113479686442e-01 4
7 -1.323344987236762245e+05 1.535095599207778605e-01 1
5 -2.260956792473746755e+05 7.237454732019211745e-01 1
5 -2.154980404008064419e+06 1.757439423102695741e-01 3
22 2.148583532285470028e+03 4.341112158329050175e-01 2
25 5.301410397930416366e+03 4.323354902118234921e-01 0
7 -4.890070016252875794e+05 2.278822334071861633e-02 3
23 4.058097794137803248e+03 6.047844131995167016e-01 2
22 4.945361503107591489e+03 7.151122508821909918e-01 2
9 -2.771023319792037946e+05 8.918057921099475926e-02 3
18 -2.380762594016876392e+03 2.675233384473374443e-01 2
26 5.396062720422858547e+03 4.212074658422828577e-01 4
29 5.669881561483668520e+03 5.625232433730127379e-01 4
29 5.685318347362624991e+03 7.052872162820211788e-01 2
17 -6.403694716391925795e+03 2.499510997805757251e-01 0
9 -2.956041518369986443e+05 1.741068427172764999e-01 3
23 5.146529354843723013e+03 9.366791838120747116e-02 4
5 -2.693646807719151955e+06 9.327777140580638671e-01 3
11 -9.720298314487270545e+04 8.433105753111964642e-01 0
18 5.158289031657142914e+03 1.621181985672795201e-01 2
17 -5.230536573378859430e+03 3.557588226337511372e-01 1
19 -4.175227570356795695e+03 1.646583177313452051e-01 1
26 5.497899359291081055e+03 2.041437866459250294e-01 2
17 5.625209844303991304e+03 5.206661563778176571e-01 4
21 1.191393481489720443e+03 7.922273301348659036e-02 2
10 -9.502788778742126306e+04 3.632609788792722227e-01 4
1 -2.301693382178122178e+07 1.374156238617403325e-01 0
2 -2.510074678317603096e+07 3.611937692797777544e-01 0
3 -1.307874584355929308e+07 4.771429655783592239e-01 1
2 -1.840500092433158308e+07 8.537123357623762621e-01 1
4 -5.920342957932099700e+06 6.647473238667060969e-01 0
8 -6.014503799854371464e+05 6.552603313294098619e-01 3
8 -6.854144669515847927e+05 7.562660678740572573e-01 3
13 -3.251841081590847170e+04 7.610731777289090338e-01 2
9 -3.346273975448326091e+05 9.264526243330384325e-01 3
0 -9.152664319767279923e+07 1.268910765438860389e-02 0
13 -3.520045191365239589e+04 9.693009447200385820e-01 4
9 -2.089534562650378502e+05 5.302391662213683521e-01 2
0 -2.947586936679797173e+08 3.771240763431690790e-01 1
1 -5.662153933507212996e+07 4.377336271398490908e-02 0
10 -1.827492954741700087e+05 1.947064646118699116e-01 2
2 -2.386419414858278632e+07 7.748423920588507485e-01 1
2 -2.498182771390300244e+07 8.379650934775462190e-01 0
2 -1.227658225738257915e+07 8.464431494229480712e-01 0
9 -1.865901681656817163e+04 9.772556345882907891e-01 3
13 -3.558853603741490952e+04 2.722619378504022025e-01 2
16 -1.280580129692719493e+04 8.145953336082152607e-02 3
11 -7.350443358722666744e+04 4.050601150188628541e-01 0
16 -1.443041391893646505e+04 8.377359011332039529e-01 2
15 -2.025968629497057555e+04 4.073987658689333102e-01 2
18 2.100573043983888056e+03 2.214549783643580405e-01 4
19 1.443629299612372961e+03 6.151812060977023267e-01 3
20 -1.318646393347101366e+03 9.424827156599917544e-01 0
22 2.517610457280988157e+03 7.493433946279290936e-01 0
6 -1.705349378246440087e+06 8.264347376397584988e-01 1
14 -2.975852414229677015e+04 4.257440185464572147e-01 2
14 -3.735247568705506274e+04 1.476150696904752202e-01 2
14 -9.138827593013997102e+03 1.684736621992479755e-01 2
15 -1.621775479295748664e+04 6.959502115496923880e-03 3
9 -3.405497696903458564e+05 9.950758947074276328e-01 3
18 -4.081262223364647070e+03 5.647153094807735307e-01 2
8 -5.517000847851783037e+05 6.200322385837608863e-02 3
6 -2.921764133797719842e+05 9.273994112288622693e-01 1
18 -5.472328563953775301e+03 7.036483934377768534e-01 2
24 5.076417744525775561e+03 4.148636194949406608e-01 4
24 4.995349717071622763e+03 6.304751843351482643e-01 0
