3.005635405470211130e-01
1.480444436768013272e-09
5.483097771686526456e-03
1.778580976021043591e-01
7.610107539233510465e-01
1.087728852586183209e-01
2.511828542437954392e-01
1.181973584552681311e-02
3.989294926806432814e-03
5.478246953300164312e-01
2.250571373409752662e-01
5.811293691450999388e-01
4.328349921347828810e-01
2.492268898523146425e-01
6.487526627166803062e-01
4.234716935209167921e-01
4.034973375722122543e-03
3.983663821285794715e-03
2.694860950871254268e-02
4.014934886884533212e-03
1.156196224034454836e-02
3.975293855860160055e-03
3.995839536092814399e-03
6.434573566454228702e-09
2.682428535969883648e-02
7.053940287132693943e-01
1.882625535768319425e-01
5.581162239997374819e-01
3.013957290468748454e-02
1.256300944408090051e-03
5.395092678837073441e-01
2.510430311969988892e-01
1.168995591768624484e-02
1.144984288852986948e-02
1.153427865622392301e-01
1.146798479816667216e-02
1.723525682856121911e-05
1.859179661358400249e-11
1.723440575378016194e-05
1.254092438249576873e-03
3.984640263754139419e-03
1.000000000000000000e+00
2.842934206557867457e-06
3.984589735749335775e-03
2.718759841198280583e-02
5.715616142729296497e-06
2.486766155367639286e-01
1.145030582084147208e-02
1.418946175232676577e-40
4.697748077006591062e-03
4.897621815911549215e-01
4.412900864950951019e-01
5.716465429559207006e-06
3.876096268366701158e-07
1.631522875843789038e-04
1.723508764051217076e-05
1.724180872757487769e-05
1.396238479142096979e-06
3.876051061486513140e-07
2.725006842610404777e-08
2.843189841984079956e-06
3.876056859140653138e-07
1.146499018341942677e-02
1.150305960216969209e-02
9.807108264965603436e-09
2.725007000459160511e-08
2.086122312459949922e-09
5.715738319641936576e-06
5.715570647962436843e-06
1.723842789201035747e-05
3.876072160168397303e-07
3.876045634902815017e-07
2.744348606296043852e-02
1.724053863104882170e-05
5.716462579167444988e-06
1.167080418512477132e-02
1.632783639642594923e-04
1.724246336228214620e-05
1.149501607188653171e-02
4.019358042686912817e-03
2.842982028085728796e-06
3.876036280190224889e-07
1.723922439526300005e-05
1.100565484362278762e-07
2.843121035645799631e-06
5.388060630815386272e-05
1.100553855596549661e-07
2.086122926241202222e-09
3.876065843086379587e-07
3.733323705531627687e-10
1.396265579168058165e-06
3.733323722384884661e-10
9.807102736513075116e-09
2.086123569409191427e-09
2.725016484613913078e-08
1.396271587893422647e-06
1.100568942364322702e-07
3.733323473839775854e-10
2.843101717756440784e-06
8.391900238349147703e-11
2.725009627413436177e-08
5.386108048383820651e-05
5.716897783108987263e-06
2.039749081044566882e-10
1.631982820167464680e-04
5.602917604460579398e-11
4.015603992550345266e-03
2.706256696304539314e-02
1.649055357276455721e-11
3.876116102575235114e-07
1.100554786856349239e-07
1.649055306467163183e-11
2.669216114490996147e-02
4.089583643228942916e-04
1.649055261453407564e-11
3.998717456960414543e-03
4.002346932750120573e-03
2.779643272321445481e-11
5.602917560024517025e-11
1.137703837951178042e-02
4.017416481206717051e-03
1.649055242467069248e-11
1.649055313183486863e-11
1.863079568756411883e-03
2.779643214121147475e-11
9.807092881714900818e-09
1.723538730149537935e-05
2.779643300225264489e-11
1.649055243128531011e-11
1.154725929921092756e-02
1.723663168775901153e-05
1.723720609297588061e-05
3.733323643579206757e-10
2.086122217954286178e-09
2.431592910857446332e-01
5.715602588610756950e-06
8.553397920511316001e-10
1.649055245836291882e-11
3.979965701300773769e-03
8.513298241110358600e-01
9.429361411974048162e-12
3.733323603717188473e-10
1.100564075587037628e-07
5.602917839668207845e-11
2.779643161794111961e-11
5.602917491589513946e-11
2.725012954128329306e-08
8.553395835262177593e-10
5.602917469599283130e-11
2.039749065596691837e-10
8.553396781933288576e-10
8.391900199312580449e-11
1.100555446109168121e-07
2.779643145878721736e-11
2.779643233499362928e-11
2.086123301782615213e-09
1.396237197598804659e-06
3.733323976555933673e-10
8.391900393400650933e-11
1.255022116325698808e-03
5.099166398207117812e-01
2.039748990254142828e-10
6.653272815764558201e-01
9.807108354864260770e-09
5.602917528868491065e-11
1.103954026091723412e-01
5.602917689381529253e-11
4.000461369068006486e-03
2.039749497922151468e-10
3.726767167063747138e-02
2.843135357542286771e-06
1.100553064867385629e-07
1.723617727864372576e-05
1.985644584076372000e-47
3.973305804465213954e-03
2.271741163750948256e-01
3.637079512774741424e-02
2.779643178065170462e-11
1.649055266952824808e-11
3.403948023459998657e-03
5.716279744560169161e-06
7.306047321418553113e-08
1.254325993645033803e-03
2.637638250710839030e-02
1.251867083331983932e-03
2.666541759787071086e-01
2.039749504566803890e-10
1.150031147867358952e-02
1.100552982385055628e-07
2.725016805480223075e-08
3.349680660726610411e-19
1.199258673912236839e-01
2.039749427442723684e-10
1.631317753416335688e-04
1.723428000419035392e-05
5.716340946060641521e-06
2.843168149847938978e-06
1.631522668851488134e-04
7.140275171204681914e-01
4.090712220681400817e-04
1.649055300217982646e-11
2.843024768705313523e-06
5.715998797248922411e-06
1.723910253344076166e-05
1.100553506233913817e-07
5.387722854609362994e-05
1.199894433897934903e-01
1.632576713340021279e-04
4.098288710447029934e-04
5.837568506807986443e-08
9.391832024185124972e-01
2.623195894448977772e-02
2.956036157389450821e-08
2.727546968828513038e-02
2.039749366484114765e-10
2.779643175293298569e-11
1.175749362339365868e-02
1.649055325323815734e-11
1.723452627611247320e-05
3.876091590672777437e-07
1.633373212445963520e-04
5.716640215594369280e-06
9.807107808532670127e-09
7.315156827353853641e-01
2.138962649271616952e-10
5.736026319572862242e-01
6.337552172704605388e-33
2.751797344877748505e-02
1.143475729012065865e-02
5.716666186292604771e-06
2.843179846877907401e-06
2.779643280123546143e-11
3.876102451041031054e-07
1.396251481869313670e-06
1.100566713461024286e-07
1.632281229746367025e-04
1.100564960597617633e-07
1.084657618124963419e-01
8.553397001802419036e-10
2.779643212633851853e-11
5.602917552203701401e-11
2.039749455411355590e-10
8.553397000261880966e-10
3.733323601462936222e-10
2.086123514965345964e-09
3.733323789885028632e-10
1.649055329920443212e-11
5.602917739645940473e-11
5.715569004659594476e-06
9.807092752785772603e-09
5.387430616396843118e-05
1.649055250176124370e-11
1.083030228515617643e-02
5.715793029909393624e-06
4.743877778522418986e-01
1.174065067117136853e-02
1.158611167290326226e-02
7.351458042444320995e-01
1.225405218433425196e-09
1.723882113440788853e-05
4.017250355986902270e-03
3.984779132600919753e-03
5.715445613267086135e-06
4.949731802146960513e-01
8.391900481218681330e-11
4.010003462120150138e-03
1.631792000932078489e-04
2.843023021028672174e-06
2.709175132967656108e-02
9.807107639460802620e-09
3.876100903421017548e-07
3.876167815798827748e-07
1.180469700063366788e-02
5.558736740327400172e-01
8.553397152092555372e-10
2.725012058998991804e-08
1.100557630116873376e-07
2.676269105392504663e-02
1.649055247318757545e-11
2.039749296837417975e-10
2.039749274279597020e-10
1.649055241436889143e-11
1.649055269628761845e-11
8.391900472782266263e-11
1.649055266301861778e-11
2.779643165774717356e-11
2.779643218900228377e-11
2.712821603205286397e-02
2.725015179459294656e-08
2.086124002541991227e-09
1.649055313667783663e-11
2.779643282778652445e-11
2.039749059037261507e-10
1.252666590838250873e-03
2.039749292043211235e-10
8.391900730482969913e-11
1.249775942376157012e-40
3.525686274298761580e-02
2.086123602999493116e-09
3.876187532884500315e-07
1.253447534017973264e-30
2.173277795486707187e-01
2.725017955201334370e-08
4.795268816844955873e-01
4.415941227499571298e-01
1.171512165718516241e-02
1.723600526505675773e-05
3.992760617267464285e-03
5.715796751286426887e-06
5.516753977127199227e-02
2.354499019803393267e-01
5.387866912064447295e-05
3.876150346247851715e-07
5.109607528538052668e-01
3.876152328848438510e-07
6.976326045569030132e-01
1.144806199038875608e-02
5.386486445612294062e-05
1.396316966799736114e-06
1.632120511074631867e-04
3.876098390070850729e-07
1.723721566624538521e-05
1.180177474983339601e-02
5.425110680343219291e-12
2.737210026336946433e-01
2.286194056989581669e-01
1.469592028282365632e-02
2.843102615953251088e-06
1.396232659792955889e-06
1.396307191351896465e-06
1.724168417426237947e-05
5.715936746055155269e-06
7.214141251192891513e-01
5.387011674339123069e-05
5.387573675375848041e-05
5.715526596358105282e-06
2.779643142236482971e-11
2.779643301341012552e-11
2.039749402522668511e-10
6.726997741775903039e-02
6.256088862520943206e-01
2.667806757293637518e-02
5.602917765786084077e-11
3.733323494880137854e-10
8.391900463759590814e-11
1.723888913273795563e-05
2.779643179003084709e-11
5.602917745915555926e-11
2.039749072843626353e-10
8.553396054563883867e-10
2.086123433085213292e-09
8.391900172629511034e-11
3.992968709553968917e-03
2.843186501002519708e-06
5.602917406053406025e-11
3.876104728752745936e-07
8.737414360139867942e-01
8.391900432039143980e-11
4.096584285989704694e-04
2.779643195666073016e-11
2.039749337973260798e-10
5.716596109385823299e-06
1.396294983425420380e-06
1.649055246697884501e-11
4.017697920078834931e-03
1.649055247077147781e-11
1.723817243209117158e-05
9.807105987222721844e-09
5.715967415356464555e-06
2.086122346713047448e-09
4.037343113923439787e-03
2.779643229133463589e-11
1.396236832697921542e-06
8.391900276676142625e-11
5.618557786750936200e-01
2.533414292146148883e-01
1.207029119642362286e-01
2.779643248457483849e-11
1.086185845163571987e-44
1.128801748636795443e-01
1.255167766321777477e-03
1.100562348895439474e-07
2.779643255218809385e-11
2.086122028766165378e-09
1.724161928602711193e-05
4.090022150636567688e-04
3.600216585689668897e-08
1.723991902640138274e-05
1.173967511443982890e-02
1.167318798290266878e-02
1.396284292611414492e-06
4.895323866896693632e-01
1.631245957776354563e-04
9.807086324879643112e-09
1.100568542258420560e-07
2.725006889376957599e-08
9.075667869722158221e-01
2.732398017378295796e-02
2.712695085389780006e-02
1.010872402799789654e-01
2.713227139989538364e-02
2.689887475977205122e-01
3.978267360920061807e-03
4.695850782361950526e-01
2.485029389745883333e-01
2.783337139852014655e-02
1.724062320766969533e-05
1.172410783993057919e-02
4.095585082060997323e-04
5.571497121631361349e-01
1.082320558894398488e-01
1.168642376686080189e-02
1.396241219552362880e-06
5.716031149393943388e-06
2.787801840210381299e-02
1.168526460461634560e-02
2.603860751120257722e-01
2.039749486013187470e-10
3.733323836654644028e-10
1.723708232355626436e-05
1.632486821859244826e-04
5.602917591340902285e-11
2.039749163527382882e-10
8.553396474136061515e-10
2.039749131605855162e-10
5.602917507066646110e-11
9.807104441667269488e-09
8.553395668559998287e-10
2.039749086123942846e-10
5.602917849335304813e-11
1.100556012387273405e-07
1.649055261126074747e-11
2.039749336873799987e-10
2.779643138053869083e-11
1.100557567243931293e-07
1.649055252859700549e-11
1.649055351825688328e-11
8.391900699223565118e-11
1.649055250700869010e-11
8.391900289731821162e-11
8.391900665979261602e-11
5.387451770967287404e-05
3.876120881848418246e-07
5.602917723089289787e-11
1.649055359784602078e-11
1.649055344616396992e-11
3.876086704783310536e-07
5.715598950141224708e-06
2.033853099485198046e-01
2.787153900196307627e-02
1.139603039279453271e-02
1.832911687052538319e-01
1.116746092255763018e-01
2.909528772842596601e-36
1.632335421318544509e-04
6.155122048439778393e-01
3.996837995723158919e-03
3.876053797785563494e-07
5.716598188568239068e-06
1.256355163377222790e-03
1.396286013032376413e-06
3.876129771733990932e-07
5.716268138490858189e-06
4.097411849961127002e-04
1.254543995944143670e-03
2.843068017572340017e-06
2.779643200558284761e-11
3.978844296924202717e-03
1.396247797162742692e-06
5.715496411879109619e-06
2.086123468521248163e-09
1.724136194629857194e-05
2.086122809230892983e-09
5.388275167265391981e-05
2.725007859936885563e-08
5.602917616442452776e-11
3.733323603895661479e-10
1.649055249955324338e-11
8.553397954291824356e-10
1.396284909326585067e-06
9.807084873483953210e-09
2.039749381563862384e-10
2.725016371798078569e-08
1.100558914587201866e-07
3.876192319205290853e-07
1.152699989054701939e-02
5.386314803557438156e-05
1.724097019632452507e-05
1.160985140592191676e-02
1.176058892679803652e-02
4.089663386060770158e-04
7.475336892793448262e-01
8.249838252492693869e-01
1.310485853293416048e-01
5.248981352920397692e-01
8.391900649962695233e-11
5.602917902043165557e-11
5.286808294837345122e-03
2.067551078516408070e-02
2.259875243313016480e-01
1.148695838670315585e-02
1.396232494836392940e-06
1.351412836280986101e-05
1.100562766218160831e-07
2.411747385309462033e-01
9.807094134640909531e-09
5.716737877604372313e-06
2.725008139843302078e-08
3.876124976186135392e-07
4.379505487733927338e-01
1.649055332929056135e-11
3.876138242260066175e-07
1.649055265427005512e-11
4.588379535926001562e-01
2.086122249535840961e-09
8.553397873448190558e-10
1.649055286898899106e-11
2.086122669712593544e-09
2.039749217385491259e-10
2.684888560937192040e-02
5.602917415767160503e-11
2.039749038142635032e-10
2.086122714764279608e-09
1.649055325347718992e-11
4.089939955331206947e-04
1.257023705494000800e-03
2.633218014700127244e-02
4.219973610997735936e-01
4.093466067678478738e-04
5.716271295305279534e-06
1.723770139466759740e-05
3.970892013510246045e-03
4.090034953711770352e-04
1.100559676159298567e-07
2.843085428287521113e-06
2.843149415578700679e-06
4.089188337126629024e-04
1.253175793599910649e-03
1.193956829084476118e-01
2.842993986941364600e-06
1.101896621133571924e-01
4.404913251337667091e-01
1.724138735387885086e-05
1.631819910145720627e-04
1.108468250425538593e-01
1.632824459252367856e-04
1.159187450170593575e-01
2.725010670844832821e-08
1.723799663328980293e-05
8.196170898899931556e-01
3.972118114543882368e-03
1.631262049463658235e-04
5.386349067532164505e-05
6.756778630457784818e-01
2.842987438104913600e-06
2.843074348277945024e-06
4.095342342477044850e-04
5.716172673762731021e-06
1.100554779469034637e-07
3.876111042096650555e-07
2.383495030689693761e-01
2.843136472743848340e-06
1.100562990803464507e-07
3.985533516287629273e-03
2.305894817040762823e-01
4.092285689420200484e-04
4.011355036312071708e-03
2.675575458796402087e-02
2.086123804087323366e-09
3.990467683892380373e-03
1.649055284680309908e-11
2.779643167807049392e-11
5.716163921743803662e-06
3.196151559195468190e-31
1.396270110003464230e-06
1.255335363577289804e-03
3.733323529568356473e-10
8.553398133189514140e-10
2.783463039715123460e-02
1.867269913905915044e-07
3.876138845479400238e-07
1.649055320314460028e-11
1.253877656646101672e-03
1.649055251461505527e-11
9.807086134227990000e-09
2.725008835298248245e-08
2.086122450390763621e-09
5.602917749732487158e-11
8.553396717308713410e-10
2.039749393402388334e-10
1.649055250241647091e-11
2.758375260589524675e-02
9.559514189880429225e-01
3.927420292664604990e-22
7.273128628756445613e-01
3.977268671773212527e-03
5.602917407508741132e-11
2.086122504605065223e-09
2.779643267671533355e-11
2.779643203996066128e-11
5.386604011374271990e-05
9.807105853306022099e-09
9.807108405148853103e-09
2.086122885999212010e-09
5.602917895831196191e-11
1.396260493036380937e-06
2.779643197707016131e-11
5.602917721008123400e-11
2.725012136121346946e-08
2.725010653036336013e-08
1.649055315265406438e-11
1.632150843622262723e-04
1.633639664418823606e-04
3.876174697889375017e-07
3.876135190941855322e-07
2.039749133290207371e-10
5.716791581358331258e-06
4.089009192640808907e-04
1.633104580185346186e-04
1.157810039472079340e-02
1.100556182221546335e-07
8.817373221902671254e-01
5.716068650893240068e-06
2.592004092257227388e-01
5.387041461399650765e-05
1.118788794604699127e-01
1.633687210673390286e-04
6.658600547894246843e-10
3.991164616853664672e-03
1.078221876147992531e-01
2.665089856068223600e-02
1.162809900147235981e-02
2.482061156694497506e-01
9.807080532558105772e-09
1.100556924699993892e-07
3.733323877926090187e-10
1.149093660450423160e-02
2.039749254796730811e-10
6.671245375211151376e-52
1.649055319210039817e-11
5.716357540717023289e-06
1.753564818168710615e-04
1.649055303746841122e-11
6.953538109797541278e-01
2.779643167713510451e-11
6.859016241262975155e-01
2.293991121085241780e-01
2.725013468254675783e-08
5.602917735359078241e-11
8.391900642262805661e-11
1.257760399537192738e-03
5.602917567269663409e-11
1.157364358108583652e-01
5.716590144816008107e-06
2.646936108658447598e-02
2.278473797283093183e-01
1.649055258356493434e-11
8.553395833308365613e-10
3.733323748441689689e-10
5.715543845051000142e-06
2.725016436891699967e-08
8.391900334017564138e-11
1.257693145407296278e-03
2.779643293250395816e-11
9.807092218523971324e-09
8.553396877918529661e-10
1.631771408903721497e-04
3.984254421920865007e-03
8.391900197990506723e-11
2.725010718688773170e-08
4.284153936520697648e-01
5.716241973739031279e-06
8.169654376661154016e-01
4.684709490415714557e-03
1.100555232546698720e-07
5.388019803380988330e-05
1.724237915578208686e-05
1.169969537597024233e-02
8.131508593352135619e-03
2.125801089969320823e-01
2.574067942081744165e-01
6.538372375402936587e-01
1.168487033805994460e-02
1.366716246745056651e-01
5.716475231677184913e-06
2.086123786042282350e-09
1.723963864549310656e-05
1.100554961690203965e-07
3.876055869571035987e-07
9.807078946273044369e-09
3.733323998584052205e-10
5.602917524643734588e-11
1.723682509751048279e-05
3.733323521080610195e-10
8.391900412020579580e-11
1.254179507641355181e-03
1.396272941464864251e-06
4.375064988079958583e-01
2.842965159041065072e-06
1.649055342030588392e-11
2.779643246260511529e-11
1.112188246680330533e-01
8.391900454316893729e-11
3.876173321328943170e-07
2.785487816254890794e-02
2.843199123055279108e-06
2.039749105308883413e-10
1.632049205666742588e-04
2.786652836497395189e-02
2.039749327672763201e-10
5.716189799224700431e-06
1.527976263893472758e-66
2.779643188309307978e-11
5.741713962005672300e-01
1.141758914044268755e-02
2.684148054605333539e-02
2.039749040758325402e-10
2.707781807175283495e-01
5.602917731201204486e-11
1.475823401136922008e-01
2.039749144048517901e-10
8.391900314222249323e-11
1.105963284326406393e-01
1.949221828384289306e-09
4.504231950781409366e-03
3.982118292614375207e-03
1.157724299720782127e-02
1.141106804313189726e-02
2.635615706737068700e-02
2.725715610681227197e-02
2.354037531794160032e-01
1.100565271707701228e-07
1.631708824031885476e-04
5.501235548273727405e-01
1.174689365443746560e-02
7.818587292317010773e-01
2.692379348828196300e-07
1.001506137035365757e-01
1.396297278375400928e-06
2.736450593504739098e-02
2.725006806915934447e-08
9.292832943684306013e-01
2.775260441530921426e-02
8.292085052158624237e-01
8.553398219408625610e-10
3.876122435406645167e-07
1.253025674574650104e-03
1.649055280937119242e-11
8.553396435939608101e-10
5.602917896287591156e-11
1.649055308824063120e-11
1.724260297932265327e-05
1.723855764907007885e-05
2.725013851352118889e-08
2.725019011917458778e-08
9.807087169788135782e-09
2.842990748945959655e-06
5.602917734138150609e-11
1.724071769347835473e-05
2.039749317884922421e-10
8.391900223592162857e-11
2.725010780013955904e-08
1.633118846679963796e-04
2.039749081506206817e-10
1.649055271348103277e-11
1.631630098763865700e-04
2.086122648944140598e-09
5.602917871099091705e-11
3.733323657302931349e-10
2.678801671496778419e-02
2.779643224598025828e-11
1.095116585151636318e-01
3.876072575371513603e-07
8.391900722187516761e-11
2.039749073157318833e-10
5.715550053395388141e-06
5.208540083195335124e-06
1.649055329514932780e-11
2.798966165559374844e-02
3.984205785952358962e-03
1.396277080371757204e-06
3.876135579520318399e-07
1.100566051448193014e-07
4.097703591100824928e-04
9.807100690150153701e-09
1.116209883053706636e-01
6.547534987365873915e-01
5.388230418805481435e-05
1.632103330494853201e-04
1.207425276404936049e-01
4.095431139359518246e-04
2.086123535812190403e-09
1.723478308199595031e-05
2.039749017953367953e-10
5.716223098007070334e-06
5.602917420498632960e-11
2.039749296952552728e-10
4.349557062326371293e-01
2.779643143199914770e-11
4.096822509317248604e-04
5.716048696860387721e-06
8.553397222203705804e-10
6.253589913393171364e-03
4.985773413083037786e-01
3.876064973927453148e-07
1.631862489162917728e-04
1.723633091803978870e-05
9.807091643561133470e-09
1.254163844109288956e-03
1.256070317075478043e-03
1.632041341754089203e-04
1.396303999795412513e-06
2.042554685674881214e-07
1.100566703080416347e-07
1.255192564473893652e-03
2.680589996692273741e-02
1.723448974811579490e-05
9.807085331255971163e-09
1.723901788514696192e-05
2.725015148003763321e-08
1.100566899164444130e-07
1.180028834060156337e-02
1.257931738117306969e-03
1.485769612254259076e-01
1.175355609473206497e-01
1.256457823753433624e-03
5.631911335468557797e-09
5.992270386645090382e-28
2.843042445588651318e-06
1.723881239896652589e-05
1.252790939602346386e-03
2.843183296305772241e-06
5.716466311850736711e-06
5.778812499388286555e-65
8.187065795135671786e-01
1.944775394145994832e-13
1.100565221535669317e-07
2.779643161279175550e-11
1.396320603188012690e-06
2.721999882731355666e-02
3.988959743717719608e-03
8.391900694524159480e-11
4.093089494327646584e-04
5.602917465306688795e-11
2.779643197070337152e-11
1.396238548925823252e-06
9.807085007942783820e-09
9.807078509523715805e-09
9.807107135465994903e-09
2.086122438849679152e-09
4.127728005000207423e-01
2.663418862067642653e-02
5.602917856610867533e-11
4.093160893792041882e-04
8.391900363282052280e-11
1.396288178161920909e-06
1.649055280007614126e-11
5.716079574256596792e-06
5.715882465237762157e-06
3.876059932645861840e-07
9.807081152323995328e-09
5.792117397965822478e-01
2.039749030223559916e-10
2.636760477801042279e-02
5.602917562210625490e-11
1.100557937180789902e-07
2.779643162372486985e-11
5.073882524905237723e-01
2.086122009484919894e-09
2.779643226032153123e-11
5.602917863353280037e-11
2.039749403009758984e-10
1.140992991011416935e-01
2.039749229370804028e-10
3.205344502685295461e-03
1.649055300065939741e-11
1.649055244136495177e-11
1.649055336765469086e-11
2.779643224990587975e-11
2.086123784978124005e-09
2.779643250096305711e-11
2.779643157934301107e-11
5.602917852738519077e-11
3.733323821242006877e-10
5.871502375508803606e-01
1.649055291668942091e-11
2.725018217026147493e-08
1.631872054569853225e-04
8.391900743870656775e-11
3.876119228025270290e-07
2.725007879140692136e-08
8.391900766534558991e-11
1.170014932256570155e-02
1.100565677718821014e-07
5.387564656849336790e-05
4.093900019618915685e-04
1.631500530110950337e-04
1.396272185163756119e-06
1.091408821782840072e-01
1.252733471713862647e-03
9.807079059569754372e-09
1.167854830072646843e-02
2.779643232032766209e-11
4.014839907214583919e-03
5.683600294962934951e-01
1.251920758490940528e-03
2.086123427755765120e-09
5.252438869618677453e-01
1.723424657761747343e-05
1.195832700590755832e-01
1.723964579959359633e-05
2.666276736609236517e-02
2.843140363991842044e-06
1.255403371084169457e-03
1.153158745740525196e-02
4.096803181762351904e-04
1.723577463951296931e-05
8.555655383299055616e-01
4.222939193203864017e-01
2.608862885472683635e-01
1.100564453082030783e-07
2.681429715048956261e-02
1.724195021484584993e-05
7.300622620909587301e-03
3.876068892630772158e-07
1.723942779924386354e-05
4.531536611740984988e-01
1.485635787808635422e-02
2.797503320382797518e-02
5.387977003213798515e-05
1.723854187447440903e-05
2.626142210209365599e-02
4.602621787570336798e-01
6.907152084062483377e-01
9.807104149215790444e-09
3.297817583462897834e-07
4.096816734906750233e-04
2.039749327911438670e-10
4.342010538374820872e-01
1.221236869081952541e-40
4.140177312290849035e-07
1.632611277988490529e-04
1.175680139929443308e-27
2.843186955827989479e-06
1.154394692624654759e-02
5.602917633204210649e-11
2.725007052276963542e-08
2.702538170814402022e-02
9.807105490762755267e-09
1.649055350026107469e-11
7.190294604971371920e-12
2.779643267068272473e-11
2.779643214041118397e-11
1.631849024314969629e-04
5.602917836479973298e-11
4.094070398980842180e-04
5.602917400546094375e-11
2.039749303795067010e-10
2.086122049492396544e-09
2.039749015811955804e-10
8.553395835321494715e-10
2.779643135354916393e-11
1.396258205837271088e-06
1.108549117392472298e-02
2.523995335022544695e-01
1.649055312077754149e-11
4.094104979006460312e-04
1.723655292558953967e-05
2.779643245056438672e-11
8.391900455030523123e-11
2.799353059130806759e-02
5.387952160210727413e-05
5.602917907760998550e-11
3.876036444755333362e-07
2.843233420729327391e-06
5.716004690145421009e-06
9.807097282063204815e-09
3.969703785591432825e-03
5.387437759502284164e-05
3.876116334114986204e-07
2.497151862380559417e-01
1.724028333579606626e-05
1.166037297249839302e-02
4.091449855992691483e-04
5.715507086037389128e-06
3.876190599572905383e-07
4.507526720221184946e-01
5.716836973738108132e-06
5.715860615154373183e-06
2.086123144095269632e-09
2.637375140841173929e-02
1.099792647848629873e-01
1.974870313246633591e-01
4.090753680655958061e-04
9.807089161293338944e-09
1.144281162455928619e-01
5.386182896216248179e-05
9.807078528863390432e-09
8.553397830573959435e-10
8.553396538915248111e-10
