# level_assignment log_likelihood tiebreaker ID
0 -1.373225335971354980e+03 4.030932871328706257e-01 4
0 -1.595367572003999385e+03 2.757910194650632293e-02 0
0 -1.785180525920178752e+03 4.638366561959902934e-01 4
0 -1.419259035519160079e+03 1.200185304993567348e-01 2
2 -1.379763812056089364e+03 5.065757926041942749e-01 2
1 -1.377947180809549991e+03 5.692965358978909762e-01 3
3 -1.365222725175413643e+03 6.105901776657175484e-01 0
4 -1.361058734794894008e+03 5.985856388648989057e-01 1
3 -1.356251437720529339e+03 2.348600301512102084e-01 1
4 -1.360142074595527674e+03 7.410246160937159488e-01 2
4 -1.361203695770671857e+03 8.140788302982272517e-01 2
7 -1.355867176619221482e+03 8.610316735321500436e-01 1
7 -1.356202271837626995e+03 5.461274503171165140e-01 3
8 -1.355602508704925185e+03 5.981968877861467693e-01 4
8 -1.355926659268304093e+03 6.570381431963177032e-01 2
2 -1.382542374134654665e+03 4.565437972206356498e-01 1
7 -1.355752683237625206e+03 4.972606893381449900e-01 1
5 -1.356903501416591553e+03 1.961961282338912094e-01 1
3 -1.368770487440405986e+03 9.033062424882890573e-01 0
1 -1.375884266290721371e+03 5.466509489081561313e-01 0
2 -1.381480136937297175e+03 8.745434551062275519e-02 3
5 -1.357606155622026790e+03 7.781399766128949125e-01 1
4 -1.358678015281183434e+03 7.462653504457912312e-01 4
1 -1.404894123760172988e+03 5.928732361365938175e-01 3
0 -1.613696509373294930e+03 9.904707308757855211e-01 2
1 -1.380973043383894492e+03 1.102706044647404765e-01 1
5 -1.357044167609804617e+03 8.816647825860446375e-01 4
9 -1.355704615259736784e+03 5.581642378315599951e-01 4
9 -1.355733201684990490e+03 3.608145333087775519e-01 4
5 -1.355829226065652620e+03 7.651360661734076807e-01 4
0 -1.779508807292078927e+03 1.043447898778035454e-01 2
10 -1.355613303609505238e+03 6.481261662656692124e-01 0
7 -1.356102739104225748e+03 6.747520038244000373e-01 2
12 -1.355527488187763538e+03 5.457047978693303492e-01 1
4 -1.358172127071538398e+03 3.647539170833367095e-01 2
4 -1.358288371475191980e+03 8.318097566827961087e-01 3
14 -1.355487749352791297e+03 7.389467612848842348e-01 0
14 -1.355483055832997252e+03 9.017889123846017929e-02 1
14 -1.355497660930595430e+03 7.975267498080780282e-01 1
8 -1.355850924216294970e+03 5.756436399539428539e-01 4
2 -1.365648108117655283e+03 1.649572694594257649e-01 3
8 -1.355826103601278646e+03 2.028869743177277307e-01 4
8 -1.355957022075648638e+03 4.121734026761307845e-01 1
2 -1.369761752176507798e+03 5.557351787673029397e-01 3
1 -1.386887210234416671e+03 3.855786019565686229e-01 2
0 -1.485178763482744671e+03 3.732612062908913231e-02 3
0 -1.400230457077469509e+03 8.501366924673794401e-01 3
9 -1.355567064313649098e+03 6.926204039419987524e-01 4
15 -1.355492327862353477e+03 8.387309685496308065e-02 0
18 -1.355478189653765639e+03 1.786335645861854005e-01 1
16 -1.355481021353026563e+03 9.440005866782228416e-01 1
17 -1.355481659110189867e+03 1.650921557382181715e-01 1
17 -1.355477314109261897e+03 1.954007081340985441e-01 4
4 -1.358581739275256041e+03 2.900932216533985697e-02 2
2 -1.357340848596993283e+03 5.793036865035068317e-01 2
0 -1.515915654098713503e+03 7.909922699236784926e-02 2
18 -1.355479774045915292e+03 7.985781326454433060e-01 1
17 -1.355480499948042507e+03 9.221314170973116120e-02 0
16 -1.355485072922323070e+03 6.557711743918542835e-01 4
0 -1.384460696372998655e+03 5.916786328359432412e-01 2
6 -1.356801936256366844e+03 8.270094563268008958e-01 3
7 -1.356184849359817918e+03 4.319666346034048976e-01 2
9 -1.355527291917482671e+03 9.340356251302426305e-01 4
16 -1.355479516030587774e+03 8.303950132383099980e-01 1
20 -1.355477535279722815e+03 3.111917055564461521e-01 4
8 -1.355583637735579487e+03 5.920003907403382781e-01 2
17 -1.355482192273264445e+03 2.646253415005062060e-01 4
6 -1.356735806598487898e+03 5.869583546572302302e-01 3
15 -1.355481289037006945e+03 1.933517465283525749e-01 4
4 -1.361209850173952873e+03 9.047481055960954199e-01 1
12 -1.355538325332172462e+03 1.511460413095022659e-05 2
12 -1.355544999142230608e+03 7.237633208665692486e-01 2
7 -1.356137316381569690e+03 3.727269705301237135e-01 3
8 -1.355908669455081736e+03 2.393880258988883014e-01 3
3 -1.357358209719317529e+03 4.411810921730698887e-01 1
18 -1.355478421833119228e+03 3.771922132046245935e-02 0
23 -1.355476271157449673e+03 3.370324171076358732e-01 4
24 -1.355476404520518372e+03 1.753892413998081601e-01 4
20 -1.355477807945856512e+03 3.909191787923989025e-01 2
16 -1.355482124262307480e+03 7.271669074307869352e-01 2
8 -1.355776268609824683e+03 1.448405573405491253e-01 1
19 -1.355478356873474240e+03 3.802092818678668440e-01 2
6 -1.356455978820316886e+03 5.964869746240020199e-01 3
20 -1.355477615307727319e+03 8.866279383666118008e-01 2
22 -1.355476737965872417e+03 6.033495130609353163e-01 4
23 -1.355476668423209730e+03 3.614100184338951971e-01 4
0 -1.367314638410916814e+03 1.908939126068604497e-01 1
25 -1.355476306791124898e+03 8.209006800390765690e-01 4
19 -1.355477592145029575e+03 4.036886678508666559e-01 0
6 -1.356941357000516518e+03 1.504458313431003003e-01 3
18 -1.355479245991945845e+03 7.578418755660027983e-01 2
3 -1.368236300029602717e+03 4.445602563715711497e-01 1
17 -1.355481451164109103e+03 7.827110959029304205e-01 2
15 -1.355482089986440769e+03 2.767591668132720062e-01 3
12 -1.355525097207858380e+03 6.591442868371649721e-01 1
19 -1.355477999517970602e+03 9.902806162432430392e-01 2
19 -1.355477655003071050e+03 9.813918303915817321e-01 2
16 -1.355485469169395856e+03 8.886018322409307002e-01 0
26 -1.355476246004269569e+03 3.133237575571773958e-01 4
21 -1.355477283630022839e+03 5.378190158349670513e-01 2
17 -1.355482766094863564e+03 8.066705652532690785e-01 3
24 -1.355476393573248060e+03 4.817779153423710214e-01 2
12 -1.355533967687711993e+03 4.389695510613760288e-01 0
20 -1.355477208628775998e+03 6.448891990403463614e-01 3
22 -1.355476309260212474e+03 4.708013166528672855e-01 4
15 -1.355495263822420839e+03 2.340372416750837181e-01 0
28 -1.355476231726754577e+03 6.989592402634768886e-01 3
19 -1.355478370699596326e+03 7.504727403198792057e-01 4
28 -1.355476228169753540e+03 9.217166564050884858e-01 3
8 -1.355550756260107846e+03 4.517900373385360102e-01 1
20 -1.355476998335191183e+03 8.677089480118311826e-01 4
13 -1.355508049289098153e+03 2.269500024170525154e-01 0
29 -1.355476204872290509e+03 8.240533173717523585e-01 3
20 -1.355477670334900267e+03 3.491938311443172904e-01 4
9 -1.355709155816290604e+03 8.936060403731787005e-01 0
25 -1.355476294557595338e+03 6.472125913330423197e-01 2
23 -1.355476597730999401e+03 3.650938845294000035e-01 4
22 -1.355476431480881502e+03 6.631780947834049478e-01 4
25 -1.355476313874023390e+03 7.822077398613930255e-02 4
28 -1.355476224070023818e+03 9.765144870658311049e-01 2
29 -1.355476206587828983e+03 4.888225730808396646e-02 3
7 -1.355839847383019332e+03 6.269885450367812529e-01 0
28 -1.355476228100108528e+03 7.395400850994635761e-03 3
25 -1.355476292633823050e+03 9.117079852231412262e-01 3
24 -1.355476235747664077e+03 8.467695909743184757e-01 4
6 -1.356432234463606619e+03 3.864568534641050768e-01 1
28 -1.355476230986048449e+03 1.517304503220693324e-01 4
27 -1.355476232411508136e+03 6.728157827236165289e-01 2
26 -1.355476268002467577e+03 4.169001995325536392e-01 4
29 -1.355476209062517000e+03 2.733954236858462394e-01 2
6 -1.356864782646736330e+03 5.450958227097598696e-01 1
3 -1.364557947755693021e+03 3.099124928041909754e-01 1
27 -1.355476221186296243e+03 5.363858706362734097e-01 3
19 -1.355476858623449516e+03 2.140092441844464455e-01 2
17 -1.355479129474677393e+03 6.175248837743403385e-01 3
27 -1.355476246903459923e+03 6.920377419649508255e-01 4
27 -1.355476223083152945e+03 5.568343896779746893e-02 4
11 -1.355568325118637631e+03 4.797467632204620025e-01 1
20 -1.355477884170867810e+03 7.814299089673699683e-01 3
18 -1.355477892980877641e+03 4.159628888087286147e-01 3
26 -1.355476267182240917e+03 8.000911901224823097e-01 0
15 -1.355482482443161189e+03 7.985254182123311395e-01 3
16 -1.355483721938721828e+03 2.738444838981359264e-01 3
21 -1.355476941923533559e+03 8.697177619847000773e-01 4
0 -1.679254935284517387e+03 3.433580601254726528e-01 1
24 -1.355476287825238160e+03 3.146775941658644937e-01 3
13 -1.355511538276402916e+03 2.151017724746118187e-02 4
4 -1.361135418218593259e+03 3.526066164622804200e-01 1
17 -1.355481926821023762e+03 9.789925526086512564e-01 0
11 -1.355523604592975516e+03 5.422310923780229164e-01 4
19 -1.355477969739619766e+03 3.915802738162467711e-01 0
21 -1.355477403760728066e+03 1.130325858960024021e-02 0
8 -1.356014412623815815e+03 5.502120033539298349e-01 4
17 -1.355482647761508360e+03 1.001151797184152842e-01 2
7 -1.356002848203319445e+03 8.449951571260857497e-01 4
0 -1.581018942452416013e+03 1.685006266921506568e-01 1
27 -1.355476237847189623e+03 4.162953237026725262e-01 3
26 -1.355476275835534580e+03 2.832291923166447289e-01 3
15 -1.355485271473737384e+03 8.545124795696195097e-01 4
18 -1.355479021220870891e+03 9.183030932220881404e-02 2
22 -1.355476898575485393e+03 5.854047180971182485e-01 0
7 -1.356220657511732952e+03 8.923285038379528133e-01 1
19 -1.355478318025597673e+03 2.344147027790421944e-01 4
25 -1.355476325981891250e+03 2.620496240114848496e-01 4
29 -1.355476215498737020e+03 1.764812190839984141e-01 3
2 -1.384466659746649839e+03 7.869575489994459216e-01 1
12 -1.355531151062372373e+03 5.838279966880879912e-02 2
29 -1.355476205963444954e+03 9.288750951245844378e-03 3
9 -1.355632815222858426e+03 6.246490700944314911e-01 2
29 -1.355476214243853747e+03 7.203153782916374981e-01 3
12 -1.355530170530189025e+03 3.828922916796230203e-01 1
3 -1.355751148674064325e+03 6.153803522975959117e-01 1
6 -1.355616177954851992e+03 2.849918999177605272e-01 1
1 -1.395192614172830872e+03 6.139455893803598130e-01 1
14 -1.355483320972849015e+03 5.101456534022427158e-01 3
23 -1.355476681844893392e+03 8.432221514227532522e-01 0
12 -1.355484259149869786e+03 5.536584969188379501e-02 4
21 -1.355477201340597730e+03 9.994826551079365184e-02 4
0 -1.439151945774587603e+03 6.683276326934822764e-01 1
17 -1.355481302713787045e+03 6.331625098294798581e-01 4
6 -1.356928891097821634e+03 5.595341304545340538e-02 1
24 -1.355476417518189692e+03 2.009232417031063256e-01 0
3 -1.359094282379806373e+03 6.958908663822338525e-01 1
11 -1.355582276364375730e+03 4.837638192524497116e-01 4
26 -1.355476231048004820e+03 6.503553479949306659e-01 0
9 -1.355639728790634308e+03 3.689868437103334120e-01 2
14 -1.355496986852974715e+03 9.903470714626350091e-01 4
5 -1.356994776875017124e+03 8.847416161334835660e-01 3
3 -1.365554502189399500e+03 4.699429295071144708e-01 3
2 -1.370190811809236038e+03 9.557516583619030115e-01 2
19 -1.355476891606833078e+03 3.540611634263726160e-01 0
23 -1.355476435454220336e+03 8.482240443060118373e-01 0
1 -1.376280590308305818e+03 7.336238420536389526e-01 3
24 -1.355476401306656498e+03 4.830498453955454075e-01 0
22 -1.355476570155408808e+03 1.763218363235495301e-01 0
9 -1.355668661032622595e+03 3.137479101745276333e-01 4
10 -1.355604983871439799e+03 6.215628978888249057e-01 2
19 -1.355477355496794416e+03 2.789438446227205937e-01 0
6 -1.356164433056096641e+03 3.278341365235220572e-01 3
7 -1.355879956131852623e+03 4.896775559642578823e-01 3
12 -1.355546059125317242e+03 4.122918388539538181e-01 2
12 -1.355520288439066917e+03 8.653900019084544981e-01 2
10 -1.355551641481138631e+03 9.706071442282980799e-01 2
9 -1.355685223266189951e+03 7.980315867497140836e-01 3
18 -1.355479969307177271e+03 8.605900530163381745e-01 0
19 -1.355478431738109975e+03 7.385704076052046485e-01 0
4 -1.358619149358258255e+03 4.183844374928895604e-01 3
0 -1.769696768484203858e+03 4.623265302085837192e-01 4
8 -1.355942847878216298e+03 6.011882378811478356e-01 4
21 -1.355476799691738506e+03 6.459000594294284255e-03 0
3 -1.362903820420276134e+03 8.305075688313934279e-01 3
4 -1.359421439609861409e+03 6.191494550565405097e-01 3
19 -1.355476805172730110e+03 4.672013118346409755e-01 0
1 -1.398123448366656703e+03 6.046061676361367265e-01 3
11 -1.355515173947169160e+03 1.427743647001982197e-01 0
10 -1.355626496751977129e+03 2.499068126006770973e-01 2
4 -1.358761897737355412e+03 6.495687271204200197e-01 3
7 -1.355670375372380022e+03 7.895368524186122672e-01 3
4 -1.358248286557025949e+03 5.368613602698353304e-01 4
9 -1.355610496962969819e+03 7.797431830613361647e-01 3
10 -1.355610925890275212e+03 6.973239550076415494e-01 3
11 -1.355548886086682387e+03 8.439839127690565990e-01 2
5 -1.356061700553706487e+03 2.375554699660407110e-01 4
2 -1.360969835935038191e+03 5.761726465152515742e-01 4
2 -1.366763303808875207e+03 2.814896853240800301e-01 3
16 -1.355486089076151529e+03 1.582905228775768336e-01 0
5 -1.357095349709652055e+03 1.954702462003831687e-01 1
16 -1.355484734113902960e+03 1.790294501248128056e-01 0
2 -1.385162300518412394e+03 8.790371756555401817e-01 4
11 -1.355582111242461224e+03 3.718727408462241257e-01 1
1 -1.425615571896324582e+03 1.933593655446945447e-01 2
12 -1.355544349726964128e+03 7.774004428917329346e-01 1
3 -1.359736668412607969e+03 2.166126329654398663e-01 4
5 -1.357591728312206442e+03 8.852829693850701176e-01 4
15 -1.355489977242839359e+03 5.875625623110281026e-01 1
9 -1.355674732697814761e+03 3.926751577157504003e-01 4
16 -1.355486195598721224e+03 2.649227956071680268e-01 3
16 -1.355485407489903082e+03 2.910000961802658992e-01 3
20 -1.355477925098725336e+03 1.255128883744953128e-01 1
21 -1.355477311240630570e+03 9.841293435235334286e-01 1
19 -1.355478129538882058e+03 7.529590230395735162e-01 1
26 -1.355476260685597936e+03 5.487398254236076633e-01 0
20 -1.355477751802435478e+03 3.521329335911824177e-01 1
16 -1.355486313189036991e+03 2.429531966922293673e-01 3
17 -1.355480873607484909e+03 7.532207121081397894e-01 4
17 -1.355478566774683259e+03 4.021944200334563457e-01 3
8 -1.355870748091187579e+03 6.265703769798527389e-01 2
23 -1.355476501182064112e+03 5.732339712743287352e-01 1
21 -1.355477003550812697e+03 4.310577447264598572e-01 4
20 -1.355477863800023897e+03 5.084875868297767942e-01 3
20 -1.355477906689499832e+03 4.747251310831983595e-01 3
28 -1.355476225167663870e+03 9.574191571301448045e-01 0
25 -1.355476274324968927e+03 9.555017520604422998e-01 4
29 -1.355476210176804670e+03 4.060569922088527739e-01 3
29 -1.355476215265150358e+03 4.165899176677942961e-01 3
28 -1.355476216465729294e+03 8.584996850537165436e-01 0
27 -1.355476205941973149e+03 1.119695576244528201e-01 0
23 -1.355476420895071442e+03 1.365935842982257675e-01 0
26 -1.355476218382645811e+03 7.203017658523511724e-01 4
29 -1.355476214537417036e+03 7.485884476607704840e-01 0
28 -1.355476225203910872e+03 2.285316503836645197e-01 0
24 -1.355476353020960687e+03 6.606423661652187640e-01 4
26 -1.355476232837873795e+03 3.371081616069585701e-02 0
22 -1.355476853760293579e+03 1.240242860720286444e-02 1
26 -1.355476235044561236e+03 3.939419337812542499e-01 0
22 -1.355476809905967229e+03 2.967730406188519576e-01 1
25 -1.355476221995949572e+03 9.575061893574754457e-01 0
26 -1.355476275425645781e+03 2.098252667204034971e-01 0
26 -1.355476244951358922e+03 4.288849043867742350e-01 0
29 -1.355476212794304956e+03 9.485256761877022269e-01 0
26 -1.355476257731414080e+03 6.131414693854065900e-01 0
16 -1.355483803574508102e+03 1.884609980970858023e-01 3
16 -1.355483101195139170e+03 9.071692363967925887e-01 4
27 -1.355476230802762302e+03 5.978537571361508540e-01 1
23 -1.355476646385420963e+03 7.658215803396348775e-01 1
11 -1.355504579818621551e+03 3.141895122461696999e-01 3
9 -1.355760434052009259e+03 7.615750018181302039e-01 3
25 -1.355476309040365777e+03 6.157270783704564820e-01 0
29 -1.355476213851101875e+03 5.913725939925289499e-01 1
23 -1.355476682499242997e+03 8.189673185845814940e-01 0
26 -1.355476233376502933e+03 1.018040702368026018e-01 1
20 -1.355477162531510658e+03 2.364380580810436783e-01 0
0 -2.449603596818831193e+03 6.642479056653792790e-01 3
23 -1.355476565902187986e+03 1.648450955230567061e-01 1
2 -1.370885868694139845e+03 6.975420576882065404e-01 4
1 -1.415244537008651150e+03 5.440632642678482345e-01 2
24 -1.355476243759029785e+03 7.223570718878123964e-01 1
24 -1.355476241870247577e+03 2.253120316781262455e-01 0
29 -1.355476212808820947e+03 2.734785013165417777e-01 1
29 -1.355476207278436959e+03 8.444656844299188725e-01 1
8 -1.355769518998602052e+03 7.614180104972760876e-01 2
5 -1.356558969337440431e+03 3.968611665893424512e-01 4
22 -1.355476835330338190e+03 6.816618380689920542e-01 1
20 -1.355477158890924329e+03 6.601778432206173441e-01 1
11 -1.355524153797172858e+03 5.586689796705668343e-01 2
13 -1.355511610700795700e+03 3.005530535581724810e-02 3
17 -1.355481537427837111e+03 1.199334220350953828e-01 0
22 -1.355476736556401647e+03 7.201861518752494806e-01 1
0 -1.368040178065065902e+03 5.009269616650685597e-01 4
0 -1.533446636619681840e+03 9.178466145271584331e-01 3
20 -1.355476982615512952e+03 2.587440678507935132e-01 1
3 -1.357219863906942692e+03 2.174824943280562195e-01 3
10 -1.355626270185050998e+03 8.510716187711182545e-01 4
7 -1.355866757646165979e+03 1.264804532564731965e-01 4
17 -1.355482844591023422e+03 9.016264846311828896e-01 0
6 -1.356836029205130217e+03 3.851594535555767918e-01 2
20 -1.355477753999878587e+03 2.753206707428361710e-01 0
1 -1.362461507221609281e+03 1.613617102218052324e-01 2
3 -1.363707932531882761e+03 3.799386256451809385e-01 2
16 -1.355483944664437331e+03 9.373486244306539206e-01 3
23 -1.355476438598384902e+03 9.332871778005309427e-01 0
23 -1.355476365686294457e+03 9.768885160065028384e-01 0
23 -1.355476485546919776e+03 9.776303552397321850e-01 3
26 -1.355476275569253630e+03 2.424169395398045324e-01 1
23 -1.355476377412497868e+03 7.242126181360575288e-01 3
19 -1.355476349185694744e+03 1.483963162947644077e-01 0
13 -1.355505886717387511e+03 9.709492097132095267e-01 4
23 -1.355476670768372514e+03 5.106082437723147294e-01 3
25 -1.355476322023136618e+03 4.200145715874712415e-01 3
29 -1.355476204321581463e+03 1.380355235833860827e-01 1
8 -1.355807936041752782e+03 5.327487435448774455e-02 4
27 -1.355476226006315528e+03 8.416538125364461109e-01 1
2 -1.383847545817116497e+03 1.240622897090664645e-01 4
22 -1.355476508545252045e+03 7.141424686331823146e-01 1
1 -1.386033513777013923e+03 6.138887533322804346e-01 4
22 -1.355476891637708832e+03 4.372073966220240138e-01 1
17 -1.355479565852965607e+03 3.602478406484141971e-01 3
17 -1.355481982819804216e+03 2.450983538425166586e-01 3
8 -1.355613001778087437e+03 7.857373352994059257e-01 2
8 -1.355707599314041317e+03 2.258267979756437838e-01 2
5 -1.356562195953217724e+03 5.787295409334135554e-01 2
1 -1.376484864107490239e+03 5.421822750899014665e-01 2
27 -1.355476219744696209e+03 3.506230981626586307e-01 1
8 -1.355879236032525796e+03 1.337500863980156107e-01 4
22 -1.355476339804213467e+03 1.216806457054628032e-01 0
18 -1.355476357112171627e+03 7.459120059314700013e-01 0
1 -1.360166244387088000e+03 4.689076666815693017e-01 2
10 -1.355615816097188599e+03 5.842848861150575779e-01 4
25 -1.355476318129129140e+03 7.443740744012075083e-01 1
17 -1.355477911026351649e+03 8.622531924537212289e-01 1
7 -1.355994045193127477e+03 1.405121472697636043e-01 4
12 -1.355483119620351999e+03 9.737018901213900790e-02 0
11 -1.355574711372766387e+03 7.197777540150741560e-01 1
23 -1.355476515754927959e+03 7.472794806706966053e-01 3
19 -1.355476638201125070e+03 5.383571876468762341e-01 3
8 -1.355830856552179739e+03 5.658637105890635954e-01 2
16 -1.355486310950976986e+03 4.178512922838309440e-01 3
16 -1.355486599592808034e+03 7.910658875393085376e-02 3
5 -1.356845598191807312e+03 8.411441972912001575e-01 2
4 -1.359310073666094468e+03 4.506040221709083776e-02 2
1 -1.356528065386025901e+03 7.677088972521023402e-01 2
28 -1.355476200221212366e+03 4.653236397447371164e-01 0
19 -1.355478301274975593e+03 4.149794997689111864e-01 1
13 -1.355509800610230741e+03 9.143481241455390096e-01 3
20 -1.355477056549712870e+03 1.603867236637377403e-01 1
6 -1.356730941766194974e+03 9.846997760543751976e-01 2
5 -1.356146736690693388e+03 3.817423210121151378e-02 3
21 -1.355477145700054052e+03 5.712230279351790396e-03 1
23 -1.355476233862691515e+03 4.591749653119533425e-01 1
25 -1.355476268672194465e+03 7.552165368257136580e-01 0
6 -1.356081080795662047e+03 6.711488319397507230e-01 3
2 -1.369258202088367852e+03 6.046778976353236468e-01 3
2 -1.366874038861428744e+03 9.798015132009088024e-01 2
12 -1.355527181783802689e+03 4.372941919020836288e-01 4
5 -1.357610838120930566e+03 1.760491828156816041e-01 2
1 -1.401391841712705173e+03 4.838291413967598098e-01 2
10 -1.355622066830762833e+03 3.566564552954486489e-01 4
10 -1.355594175513399932e+03 6.285957787864543400e-01 4
16 -1.355484454525993442e+03 5.003058765992711709e-01 1
16 -1.355485457308548121e+03 4.246057151535431728e-02 1
13 -1.355500438886570691e+03 5.618689410845609800e-01 2
23 -1.355476512198290266e+03 8.442760215481791564e-01 3
14 -1.355486269004555425e+03 1.335604427611603029e-02 4
18 -1.355478921488780770e+03 9.410476576839563734e-01 1
19 -1.355477946586992402e+03 3.989497690452363798e-01 1
5 -1.357003168705907910e+03 2.264089989180084750e-02 4
29 -1.355476215414825674e+03 9.992805653146771272e-01 3
14 -1.355501047002282121e+03 3.726813337198082721e-01 2
25 -1.355476299656398851e+03 6.868182969750247224e-01 1
4 -1.359883305305041176e+03 9.659999376160717244e-01 4
13 -1.355493354673355270e+03 2.266395567231429264e-01 2
8 -1.355776985841943315e+03 5.539194621876908364e-02 4
3 -1.363651948003228881e+03 4.858129008077241018e-01 4
6 -1.356814668675292751e+03 8.898413088055850961e-01 4
10 -1.355596333368686146e+03 6.337588920954396743e-01 4
19 -1.355478011458015089e+03 8.791747203620414730e-01 3
11 -1.355574481246803316e+03 8.357313852428559509e-01 4
15 -1.355491021961886872e+03 8.026546347318830321e-01 1
1 -1.383242043266427800e+03 6.926299334350833892e-01 4
14 -1.355485024895750939e+03 5.593708549193951995e-01 1
9 -1.355702508469468285e+03 6.820418832940794429e-01 2
7 -1.355680147976539502e+03 6.689562331796581329e-01 2
15 -1.355485189977639493e+03 9.016449763009284357e-01 1
24 -1.355476273446249252e+03 8.621333673411868403e-01 3
29 -1.355476209859433766e+03 5.141285677148302868e-01 0
23 -1.355476532888961628e+03 4.051687994740408305e-01 1
24 -1.355476273670775072e+03 5.758881360520770043e-01 0
25 -1.355476254458653329e+03 5.004520454532190854e-02 0
27 -1.355476239669231745e+03 3.668410109251373230e-01 0
15 -1.355483112199177867e+03 5.629003526416616054e-01 3
5 -1.357849411652738809e+03 7.631006348054780730e-02 2
12 -1.355478388157707514e+03 5.749540995061650506e-01 1
18 -1.355477427173358592e+03 2.472894956635895980e-01 0
5 -1.356228260909993878e+03 5.983308948754595402e-01 2
14 -1.355499986668100973e+03 4.346288096950740587e-01 3
26 -1.355476240699249047e+03 3.613705315680803554e-01 0
22 -1.355476832630688477e+03 4.078025999965961268e-01 0
23 -1.355476637502800713e+03 9.412345861643967027e-01 1
18 -1.355479436949089632e+03 2.096980758338835571e-01 0
8 -1.355867886168508221e+03 4.746500684931564962e-01 4
9 -1.355648539491325437e+03 2.487002179531881685e-02 4
2 -1.374668666983220191e+03 3.965402997381976546e-01 2
14 -1.355496271740561724e+03 9.159710184595842852e-01 0
15 -1.355495062655626043e+03 5.333991324851712346e-01 0
13 -1.355497273147375154e+03 8.978672552157505038e-01 4
27 -1.355476227655635739e+03 7.886467343647396433e-03 3
2 -1.356145632034081018e+03 8.212106875864734201e-01 2
7 -1.355839509884995550e+03 5.320194995147285999e-01 4
25 -1.355476272883458023e+03 5.566952949883781088e-01 3
9 -1.355612939914436311e+03 7.359105910459735611e-01 4
9 -1.355546830191294703e+03 4.574415658085780323e-01 4
15 -1.355491895325999849e+03 1.877335212492083905e-01 3
14 -1.355492144936211616e+03 2.190379833003406329e-01 3
15 -1.355484410064444774e+03 3.368761802963936014e-01 1
5 -1.357692314876463797e+03 5.366275693230697641e-01 2
21 -1.355477464201157545e+03 5.111565833362252675e-01 0
8 -1.355706707809311411e+03 6.036191855543950879e-01 1
0 -1.417355379497397053e+03 6.337167960998183469e-01 2
22 -1.355476784325180233e+03 9.297721729619726760e-01 0
18 -1.355479455586739050e+03 1.219727761275333361e-01 0
16 -1.355481393561256937e+03 1.618406862413523939e-01 4
10 -1.355575280883685537e+03 6.213400676276066292e-01 3
4 -1.359402640570743642e+03 2.872692399975055322e-01 2
9 -1.355702898997844841e+03 2.489271018019229009e-01 3
9 -1.355714208058539498e+03 7.123132521513095838e-01 3
2 -1.360081930614077010e+03 7.114706823910410538e-01 3
1 -1.423794945920208193e+03 6.725656390581269406e-01 2
2 -1.367554272387125820e+03 3.916352434661751758e-02 1
2 -1.370634845376134763e+03 2.193246260166148431e-02 2
4 -1.361120421921146317e+03 3.761957510270065863e-01 2
8 -1.355874164616839607e+03 5.425888906893607810e-01 1
7 -1.355943259999510701e+03 7.759958111169935613e-01 1
15 -1.355488673013137941e+03 9.731680452333648645e-01 4
3 -1.366698185206308835e+03 6.784296555869739898e-01 0
4 -1.360574837760945456e+03 6.956511572187047410e-01 0
5 -1.357119059894588418e+03 7.594686522970399700e-01 1
2 -1.383663841981638598e+03 8.072074611388426746e-01 0
7 -1.356355484580363282e+03 5.029515825965922282e-01 3
8 -1.355841731727172828e+03 5.429112976641961019e-01 2
6 -1.356770009928197396e+03 1.821279049174939768e-01 3
13 -1.355513183856757678e+03 2.509444733237253256e-01 2
11 -1.355523664147141972e+03 7.487257090222545486e-01 2
12 -1.355551247116056629e+03 3.844048046752037706e-01 2
10 -1.355523859780425482e+03 5.634639917668442244e-02 0
8 -1.355705481192840580e+03 8.232540948640060252e-01 0
15 -1.355490236397454964e+03 5.660877681060448863e-01 1
9 -1.355697284351816961e+03 3.631020460624910795e-01 3
21 -1.355477440796062638e+03 9.337509793900555799e-01 1
0 -1.648640903860951767e+03 3.209222122671340216e-01 4
22 -1.355476852408856303e+03 1.970170452099078706e-01 1
23 -1.355476660534273378e+03 6.112254981674851706e-01 1
16 -1.355481385125423913e+03 7.398039614623886928e-01 2
6 -1.356388657000407193e+03 6.590335132771646398e-01 3
18 -1.355479601996612246e+03 1.287463995595348187e-01 2
9 -1.355689049058603814e+03 4.718886608469397004e-01 3
9 -1.355769650817923548e+03 5.620344762925197912e-01 3
11 -1.355559527724498594e+03 2.012217135770381915e-01 3
4 -1.358096040059746883e+03 1.770458443830725259e-01 0
26 -1.355476280101859857e+03 8.125365235868216018e-01 1
17 -1.355481171365689988e+03 9.379810173158098507e-01 2
16 -1.355486337715884702e+03 1.387262885493214526e-01 4
16 -1.355486963781061149e+03 9.214865637166131940e-01 4
22 -1.355476677535575618e+03 6.374921395963610848e-01 1
4 -1.356643464215165523e+03 4.361300121230926585e-01 0
28 -1.355476226490804038e+03 2.868728260990155085e-02 2
13 -1.355500519657271298e+03 2.354396912178211565e-01 3
28 -1.355476217307063052e+03 5.616116054796072010e-01 2
18 -1.355478388765737236e+03 4.490397770145335699e-01 0
20 -1.355477863338594489e+03 6.114216945304924433e-01 4
18 -1.355479962711498956e+03 2.640833826098809567e-02 4
23 -1.355476675533872367e+03 1.662317966779608761e-02 3
26 -1.355476283851185144e+03 3.287507713264767872e-01 2
25 -1.355476316849637897e+03 7.301211931908023756e-01 3
27 -1.355476237120175938e+03 1.218653581720863244e-01 4
24 -1.355476313281806142e+03 8.671578908882907610e-01 3
29 -1.355476209980375188e+03 4.301575880716896477e-02 2
29 -1.355476212220602974e+03 5.362948525678095102e-01 4
24 -1.355476379661475221e+03 1.099188936542678935e-01 3
27 -1.355476228792300844e+03 4.536753508630030352e-01 4
27 -1.355476216686304724e+03 6.139446922099309756e-01 2
26 -1.355476281690249607e+03 9.013379992944934305e-01 0
27 -1.355476230164762228e+03 8.246568584327006457e-01 3
29 -1.355476214761710025e+03 3.540189724897133683e-01 3
29 -1.355476214221989721e+03 9.227493574278635702e-01 3
17 -1.355479726776436792e+03 5.388745941272787832e-01 1
18 -1.355479335095855731e+03 6.789404129672501620e-01 4
20 -1.355477830296100819e+03 8.473910940928162105e-01 4
20 -1.355477398945090499e+03 8.497767813977805673e-01 2
16 -1.355484785405095863e+03 4.032845117320583150e-01 4
21 -1.355477083703297012e+03 9.620496329748841058e-01 2
22 -1.355476773732531910e+03 8.087233368260977606e-01 3
16 -1.355483028980041809e+03 7.475439630375457778e-01 0
14 -1.355484644559526259e+03 8.267960162199321505e-01 0
11 -1.355563422196122701e+03 8.719639493959409071e-01 4
15 -1.355482202276059979e+03 9.375160030635305841e-02 4
20 -1.355477610629411629e+03 9.126501392835417725e-02 1
27 -1.355476242724758777e+03 3.672354458459125559e-01 3
4 -1.357308012277617308e+03 5.262935231398220282e-01 0
14 -1.355494401589953441e+03 5.115860682275115146e-01 2
12 -1.355546892153815861e+03 2.468611943478018489e-01 4
16 -1.355484556302883675e+03 2.508590639503267550e-01 1
4 -1.356518110276571861e+03 6.845737438905366012e-01 0
2 -1.379742879771436492e+03 8.418353489920313848e-01 4
13 -1.355518107730579459e+03 3.528815508103297915e-01 2
24 -1.355476276751265232e+03 9.132965210509809140e-01 3
24 -1.355476382938783900e+03 2.695663584573482763e-01 3
24 -1.355476393637351975e+03 8.266722965225491437e-01 3
9 -1.355711716058729507e+03 3.222211321039420429e-01 2
7 -1.356324922228025116e+03 9.103189813607546199e-01 1
29 -1.355476212061935257e+03 8.670562068215432738e-01 3
7 -1.356107901641167700e+03 9.580685487806732681e-01 1
15 -1.355494478177924293e+03 5.252055919669804673e-01 2
10 -1.355595670515821439e+03 1.039552333231825304e-01 1
10 -1.355538738196443092e+03 9.275848175484364688e-01 2
26 -1.355476245922786802e+03 8.464928467048733474e-01 3
10 -1.355616497032691314e+03 4.435738189009604260e-01 1
7 -1.355730242894718003e+03 3.700547583816806707e-01 4
4 -1.359018064289416088e+03 4.357785072582665009e-03 1
3 -1.358136625001333414e+03 7.378383470024999502e-01 1
4 -1.359314773421706377e+03 7.686917517705462721e-01 1
26 -1.355476281741670391e+03 4.274228205841257289e-01 3
3 -1.359856752588841800e+03 9.068110947262000288e-01 1
22 -1.355476585364753191e+03 1.063816324995232182e-01 2
24 -1.355476386234631946e+03 6.330420459063956784e-03 2
24 -1.355476401514534246e+03 8.990808626235721190e-01 2
2 -1.373878350928301870e+03 4.445130274586102104e-01 1
21 -1.355477371917461824e+03 6.255971186792618211e-01 3
6 -1.356361910236536914e+03 8.566295496598397285e-01 1
7 -1.356392437555914512e+03 9.301259200532653315e-01 1
0 -1.422230862233855760e+03 4.234176654886948055e-01 0
29 -1.355476212161979674e+03 2.943760069365444210e-01 2
3 -1.364492212396875857e+03 9.376786830354962854e-01 0
2 -1.380469596766565246e+03 2.101160498399181620e-01 0
14 -1.355503990793721186e+03 5.926279648024442848e-01 4
0 -1.379518444577869104e+03 2.677772235262668166e-01 0
17 -1.355482966877563285e+03 8.726135437421338459e-01 3
5 -1.357575511701799769e+03 5.051541393367225963e-01 1
17 -1.355481546839361272e+03 8.589913010111189795e-01 4
2 -1.369377928823987759e+03 2.248438529081494830e-01 1
11 -1.355548044560917333e+03 8.456153873703637913e-01 4
9 -1.355546479368175369e+03 4.483796546325153343e-01 4
13 -1.355492709104005371e+03 6.605053890881098511e-01 2
10 -1.355626635273462625e+03 3.452734794769671822e-01 4
8 -1.355933084830009420e+03 7.095382614257074172e-01 1
6 -1.356588191853328908e+03 9.136588011788315811e-01 1
9 -1.355680977866838020e+03 3.255789582357982992e-01 2
0 -1.409885147432424219e+03 8.828945443971774054e-01 0
10 -1.355621451353359134e+03 5.926438169128446232e-01 2
2 -1.382109491582898499e+03 2.524413583408273709e-01 0
11 -1.355545183553584138e+03 5.364106841741714815e-01 1
2 -1.374326875005128386e+03 5.924991704502907686e-01 2
18 -1.355478193692444393e+03 9.310856603905587336e-01 1
18 -1.355478785466278396e+03 2.957087956107592452e-01 3
10 -1.355558116171276652e+03 1.067209447008389267e-01 0
14 -1.355499454208459611e+03 8.065033661590373937e-01 0
13 -1.355524301604569246e+03 5.139549207310292189e-01 4
17 -1.355479918488326803e+03 1.119711819011417475e-01 0
15 -1.355490889098448406e+03 5.517023043127489146e-01 4
24 -1.355476414582705047e+03 5.430090706842634063e-01 1
5 -1.355789925793332714e+03 7.795388788314858708e-01 2
23 -1.355476552828877402e+03 1.455829231537471014e-01 0
9 -1.355634992420374147e+03 7.336556599228939435e-01 2
26 -1.355476209969288902e+03 9.146692511453169416e-03 1
10 -1.355553276465662520e+03 9.313729779854833524e-01 2
23 -1.355476691592286215e+03 9.561280066510313702e-01 3
15 -1.355493922783882226e+03 8.403065721996014759e-01 2
16 -1.355484531939243197e+03 6.047578169548661897e-01 2
19 -1.355478331716316916e+03 9.121055978183693069e-01 2
26 -1.355476245140289848e+03 2.881844635650984698e-01 1
25 -1.355476292919265688e+03 3.435055338716730411e-02 3
23 -1.355476624007409555e+03 5.615219633563968138e-01 4
28 -1.355476203929239318e+03 1.595302536671122651e-01 0
25 -1.355476242270206967e+03 2.775190006631138573e-01 0
21 -1.355477202527715917e+03 1.201408500846857519e-01 4
27 -1.355476229258586955e+03 5.537382106620484246e-01 0
19 -1.355478406702222173e+03 3.782886966469166112e-01 2
29 -1.355476210550966243e+03 4.864842640374744676e-02 3
28 -1.355476214094624538e+03 5.720712378940264742e-01 0
28 -1.355476226675921907e+03 5.186554585839499021e-01 0
14 -1.355505111337710787e+03 7.264420378380129772e-01 2
8 -1.355926850557528496e+03 3.410475516887890857e-01 4
1 -1.414434933203490800e+03 2.921577851423298178e-01 2
17 -1.355477805502371893e+03 5.104285826338280652e-01 1
8 -1.355915896522720686e+03 2.829700394282337328e-01 4
22 -1.355476860724768812e+03 1.043465955388958727e-01 3
2 -1.363728722715694857e+03 2.760676254067284674e-01 4
0 -2.144559893115536397e+03 3.507851176485378697e-01 2
15 -1.355489030866704752e+03 5.290402237822099396e-01 3
11 -1.355550007244749622e+03 8.648026944046862674e-01 3
14 -1.355481165885699738e+03 4.836499196921249522e-01 0
4 -1.359549463699884654e+03 6.759482037490428530e-01 4
8 -1.355817309611509245e+03 4.104627867160996237e-03 4
18 -1.355477644603034150e+03 2.719422616553966998e-01 1
11 -1.355527554725582831e+03 2.291908672653194534e-01 3
13 -1.355512685000182046e+03 6.730357683467012020e-01 4
10 -1.355497146332377724e+03 8.136629928959422386e-01 1
22 -1.355476883330842156e+03 6.028583175973354358e-01 0
8 -1.356008921394082790e+03 1.313036606868625000e-01 2
11 -1.355509948986536301e+03 4.471714006927109963e-01 4
9 -1.355657712546734729e+03 3.892034971779665398e-01 3
7 -1.356162033603041891e+03 6.815249563515265452e-01 4
17 -1.355479289424585659e+03 8.472024514185707567e-01 0
2 -1.373190146489882181e+03 7.590318669457181144e-01 1
1 -1.387522540710685917e+03 5.122232290031263346e-01 4
0 -1.395426051905873010e+03 7.127259686364103564e-01 1
1 -1.371466000051015044e+03 2.296969489521981100e-01 4
0 -1.431474899213303615e+03 3.870264002683029836e-01 1
8 -1.355946978941778525e+03 8.811833217064966028e-01 2
8 -1.355956196565573919e+03 6.278144131660493565e-01 2
4 -1.360147658001313857e+03 5.907473830375895574e-01 4
5 -1.356909493868606432e+03 2.210658877836426117e-01 4
2 -1.369619059150105841e+03 6.576101168414396625e-01 1
6 -1.355963384081575214e+03 3.156991593125440532e-01 2
25 -1.355476281141813161e+03 1.923920916593645780e-01 0
6 -1.356044422930236578e+03 2.315109092203377628e-01 1
12 -1.355547683113100902e+03 6.481219115817633547e-01 3
3 -1.367941548745094906e+03 5.561261734773611520e-01 2
26 -1.355476241271639765e+03 2.867642604456099864e-01 0
3 -1.359337636741018741e+03 3.046456160336168395e-01 1
8 -1.355855506416977050e+03 6.360626360473586871e-01 3
7 -1.355763423183333998e+03 2.411333609667957179e-01 3
6 -1.356798053587239338e+03 6.311854849470881490e-01 2
26 -1.355476247090236484e+03 8.744253065396501157e-02 0
8 -1.356017857530220908e+03 7.207301084357524701e-01 3
26 -1.355476283371773661e+03 4.882424451957208533e-01 0
3 -1.367644025641011467e+03 4.595398626655705088e-01 4
16 -1.355485056464535546e+03 6.603731972308297671e-01 1
8 -1.355982166230524854e+03 5.120910947126041529e-02 3
14 -1.355505220014558745e+03 2.742910267161475790e-01 1
5 -1.356368305272333600e+03 4.885276424219917590e-01 3
15 -1.355491485043621879e+03 7.536134784381234297e-01 2
20 -1.355476620835734593e+03 5.789176875857098281e-01 0
9 -1.355767218653231794e+03 8.481598466995439178e-01 4
16 -1.355483462089809791e+03 9.347296567889046282e-02 2
17 -1.355483245838714083e+03 8.479583513949702223e-01 2
12 -1.355514226687868813e+03 5.277192070445326788e-01 1
22 -1.355476783572684326e+03 2.389210843708711174e-01 0
11 -1.355568214789844887e+03 1.236753293229302247e-01 1
13 -1.355521204169991051e+03 2.697027463004638137e-01 1
14 -1.355501639992255605e+03 4.333983390237747813e-01 1
27 -1.355476248631433009e+03 6.800478987620164339e-01 0
18 -1.355479126848591022e+03 9.321735289715975536e-01 2
18 -1.355478745213282309e+03 6.276350500252401154e-01 1
20 -1.355477442576168414e+03 2.791592271967158201e-01 2
21 -1.355477359670407623e+03 1.004588318902438770e-01 1
24 -1.355476321761062081e+03 3.266198450093477645e-01 4
27 -1.355476238554575048e+03 1.604061163990101457e-01 0
25 -1.355476233119230756e+03 8.868905301714172795e-01 2
28 -1.355476209711482170e+03 4.883043587891667259e-01 4
27 -1.355476208371100256e+03 5.815451378920806214e-01 0
26 -1.355476239997020684e+03 8.694076375826174097e-01 3
24 -1.355476268337202782e+03 9.096679457340712815e-01 3
24 -1.355476357704526436e+03 4.197178749657719532e-01 0
21 -1.355476550670460711e+03 9.526199540393207599e-01 4
21 -1.355477449460375283e+03 4.545990125768197831e-01 1
19 -1.355476962412779358e+03 9.117800493022083508e-01 1
18 -1.355479170349791730e+03 5.475539872525581053e-01 3
15 -1.355495514536059545e+03 7.227586381562010054e-01 3
29 -1.355476211512030886e+03 6.136066865681673033e-01 2
22 -1.355476834025666676e+03 4.346740710368734995e-02 4
27 -1.355476231658031566e+03 2.638788453274831247e-01 0
12 -1.355526139203096591e+03 9.380220881528674726e-01 3
29 -1.355476213743221933e+03 4.436658571093315406e-01 1
15 -1.355477696459440267e+03 8.898393484045551416e-01 4
23 -1.355476606946112952e+03 9.218947106724466600e-01 2
14 -1.355492469501271671e+03 3.308423677220523884e-01 3
18 -1.355478309423402607e+03 5.264032737429028552e-01 4
19 -1.355477532497868197e+03 8.408567201568928340e-02 2
23 -1.355476654933138207e+03 5.981363143258234816e-01 2
23 -1.355476674706661470e+03 9.870574958985390834e-01 2
19 -1.355478535688361262e+03 9.166685471343924974e-01 4
28 -1.355476220540886061e+03 2.380811330494292666e-01 3
28 -1.355476225542306111e+03 8.678216513159642265e-01 3
19 -1.355477386727180146e+03 8.204147543415785115e-01 0
9 -1.355727787519813774e+03 5.486668728462079647e-01 1
8 -1.355719745502594833e+03 7.324747566449726910e-02 1
29 -1.355476199129870338e+03 8.786891655490617348e-01 3
28 -1.355476232951411021e+03 8.265578051986253172e-01 3
4 -1.357367969983007470e+03 2.445655203222583951e-01 0
22 -1.355476811731000907e+03 9.449216906702471164e-01 3
6 -1.356101940976140440e+03 2.795887491067628461e-01 4
10 -1.355527276623794023e+03 7.382738270071939057e-01 2
27 -1.355476223053195326e+03 6.440619932323221608e-01 3
25 -1.355476216283149824e+03 9.384284359406905862e-01 3
0 -1.410231592552631355e+03 9.256462967548382270e-01 0
12 -1.355494488840073473e+03 5.626067433206225488e-01 2
0 -2.075586196654969172e+03 5.491344494218879380e-01 4
2 -1.361733189831737491e+03 2.077868937584175235e-01 4
4 -1.358930449331842738e+03 9.294186051741948340e-01 0
17 -1.355479665248594756e+03 9.607540630000404036e-01 2
19 -1.355478373480391838e+03 1.908077014096782875e-01 2
1 -1.387539933479701631e+03 2.298127400542255283e-01 1
8 -1.356018790001913203e+03 3.561947384668057159e-01 4
15 -1.355488985946404227e+03 7.453133929686853731e-01 3
3 -1.366402373530607292e+03 5.455974556448746071e-01 4
15 -1.355487085861454489e+03 1.373367265582992047e-02 3
0 -1.362596116003882571e+03 3.052766665213013653e-02 4
9 -1.355606305847202520e+03 7.209542708159517588e-01 0
0 -1.396325009916317413e+03 6.518163371697562880e-01 4
3 -1.363770082761057893e+03 3.012461951609800015e-01 4
2 -1.384302626540425081e+03 9.576499907379030230e-01 4
8 -1.355566003481500502e+03 8.391962984972105577e-01 0
1 -1.389174685931282966e+03 4.253625262671956730e-01 2
17 -1.355482754003504851e+03 3.440648305604256940e-01 1
17 -1.355482536200685900e+03 4.429816226260003820e-01 1
6 -1.356541366206219664e+03 7.015041348755087780e-01 3
2 -1.356410563040277793e+03 6.442936407853904202e-01 0
0 -1.677955314302313582e+03 1.555762157619977604e-01 4
4 -1.361430638047685534e+03 2.284371875238968563e-01 0
10 -1.355549424196763994e+03 3.264622500543190031e-01 3
5 -1.357274490307181850e+03 3.537183274510913300e-02 4
8 -1.355746938840471103e+03 4.302390572766188193e-01 2
21 -1.355477128884787135e+03 8.680094885515903247e-01 3
3 -1.364174941004215725e+03 5.313248721327227253e-01 0
5 -1.355980928048725218e+03 7.113287073308537378e-01 2
26 -1.355476232263228212e+03 8.804910257883818980e-01 3
7 -1.356291963172072883e+03 7.645148390305793740e-01 4
28 -1.355476231916992674e+03 1.854852075176344761e-01 3
3 -1.361606875623578617e+03 6.462847767806725319e-01 2
17 -1.355482411306988752e+03 6.505840220805964025e-01 4
18 -1.355479859341635802e+03 7.196861193403265577e-01 4
8 -1.355899998166467185e+03 3.419331334310151682e-01 2
27 -1.355476228161879817e+03 2.907272201371617348e-01 3
29 -1.355476207737764980e+03 5.393991075940504087e-01 1
25 -1.355476242962654851e+03 5.984006729121621460e-02 3
20 -1.355477719352861868e+03 4.192535327219508723e-01 4
24 -1.355476356309547100e+03 5.197998326144825931e-01 3
24 -1.355476350330862260e+03 1.381821518109989100e-01 1
5 -1.357534478818192611e+03 4.383819907116212056e-01 0
4 -1.358723190209172344e+03 8.419649787154703802e-01 0
5 -1.357818260104641695e+03 8.535053954022333578e-01 0
6 -1.356956170264770208e+03 9.187627532325651769e-01 2
23 -1.355476277001787139e+03 2.835463608162863691e-01 4
8 -1.355835743662989671e+03 3.241163590765708813e-01 0
1 -1.394482787594436104e+03 9.194980013547044972e-01 2
25 -1.355476293502481667e+03 5.852698547397416906e-01 4
19 -1.355478588823651535e+03 5.733908647219821964e-01 1
29 -1.355476211291955678e+03 5.335838243641091161e-01 4
23 -1.355476274926694714e+03 6.270665587430553911e-01 4
10 -1.355520532224217504e+03 1.342481617998834975e-01 3
2 -1.365618542913675810e+03 4.604712602434125057e-01 2
19 -1.355476854664774010e+03 2.529621233457100549e-01 0
2 -1.366305913521354114e+03 9.719253496488059474e-01 2
25 -1.355476285429490645e+03 2.436374619175927236e-01 4
18 -1.355479536916639063e+03 4.818922419688407288e-01 0
14 -1.355494605389762910e+03 1.250454642840190811e-01 1
17 -1.355478667591387875e+03 6.049838409564435304e-01 0
4 -1.361091063953646199e+03 1.875584738373419214e-01 2
26 -1.355476280278607192e+03 6.107630491378093218e-01 4
5 -1.357960173048290926e+03 6.800358774388793881e-01 2
22 -1.355476446449905097e+03 8.128627043361282001e-02 3
13 -1.355510391170344974e+03 4.627428548987051471e-01 0
15 -1.355495410512105309e+03 1.089816868868267591e-01 1
10 -1.355576121400819375e+03 1.542757285607829210e-01 0
14 -1.355491489812096916e+03 1.166109522732627912e-01 1
18 -1.355478394256121419e+03 7.093556823681967938e-01 3
27 -1.355476249536387968e+03 3.733632318479234158e-01 4
3 -1.357628486733018917e+03 2.599703190917148632e-01 2
27 -1.355476218399199297e+03 4.692140355458818135e-02 4
12 -1.355541597535336678e+03 9.211331616105181697e-01 0
29 -1.355476208754354502e+03 4.122035845569209656e-01 4
17 -1.355481390705481999e+03 9.015874027366967969e-01 0
28 -1.355476217412689948e+03 2.521566922623392770e-01 4
10 -1.355629699886504113e+03 4.015873423010458687e-01 2
7 -1.356050707908525055e+03 4.426047033960944788e-01 2
22 -1.355476587080945137e+03 8.432556494652989620e-01 3
25 -1.355476299630531003e+03 7.668932645606225673e-01 0
20 -1.355477900788404668e+03 4.042503159154396397e-01 3
14 -1.355499367116318808e+03 2.028509265194189393e-01 1
18 -1.355479225004075943e+03 6.051286328147815752e-01 1
13 -1.355494391998235642e+03 6.015841367448745425e-01 0
12 -1.355514024408263595e+03 8.721687860431295292e-01 1
16 -1.355478565689181323e+03 8.756101625593717408e-01 3
19 -1.355478194707339753e+03 9.227132246575410202e-01 3
29 -1.355476210682207693e+03 8.267800805438927370e-01 4
28 -1.355476214768255431e+03 1.903951302472517426e-02 4
2 -1.375365007497263377e+03 4.448181416041692149e-01 2
20 -1.355477501469935305e+03 8.633714928065563399e-01 3
0 -1.671394653543526601e+03 5.290443670347011462e-01 2
2 -1.382348806056121248e+03 6.587874350261486711e-01 2
14 -1.355493519089118308e+03 1.932105138915174436e-03 0
14 -1.355504455562797375e+03 5.531665467232883548e-01 0
27 -1.355476246281023805e+03 1.077932148476989926e-01 4
4 -1.360619747108214142e+03 7.188154977693044234e-01 0
4 -1.359886571007137491e+03 4.941138301214085260e-01 0
28 -1.355476217547216947e+03 4.288081128984548296e-01 3
8 -1.355965282777342509e+03 7.703892995218453166e-02 1
18 -1.355478148024216580e+03 6.263049833571102676e-01 4
4 -1.357230468984945446e+03 5.939041974623091580e-01 2
2 -1.365810377249228168e+03 7.841306520062110708e-02 2
15 -1.355490368008292990e+03 8.688082936200788309e-01 0
1 -1.373976552865499571e+03 2.874319002279477897e-01 1
0 -2.177289354911250484e+03 1.450868202179200761e-01 2
2 -1.380787318388788890e+03 6.112185899135624823e-02 1
17 -1.355482617343458969e+03 1.991509617182235514e-02 0
10 -1.355583063997924910e+03 6.471684433163583661e-01 1
18 -1.355478124422112160e+03 7.775685734726285325e-01 4
7 -1.355888134088436573e+03 4.317581837292646663e-01 2
24 -1.355476285707132774e+03 9.989697225324553065e-01 3
8 -1.355755624642983548e+03 1.878364602793887173e-01 1
8 -1.355931544374693203e+03 8.227517429272186433e-01 1
10 -1.355590595442472477e+03 4.840524132075940678e-01 1
5 -1.357928773858563545e+03 7.408408396230174719e-02 2
4 -1.358452309347302844e+03 1.886422799858006316e-01 2
0 -1.515480440025038661e+03 2.982832759424702274e-01 2
26 -1.355476250931629920e+03 7.628922082488998058e-01 4
21 -1.355477456745593372e+03 9.523604107805024865e-01 4
6 -1.356251895281643556e+03 3.437438782406689319e-01 2
6 -1.356805978302560561e+03 1.609025363494937799e-01 2
23 -1.355476476776201707e+03 2.407375536877334188e-01 4
19 -1.355478259591169945e+03 9.458156168150746446e-01 1
22 -1.355476905558775343e+03 5.938691667297389953e-01 1
20 -1.355477811596486617e+03 8.344034697922662058e-01 0
23 -1.355476623877983229e+03 4.515028465019292891e-01 1
13 -1.355516609625610954e+03 9.907546267813175378e-01 0
2 -1.376970970856667918e+03 5.867986890736460737e-01 2
24 -1.355476281005299825e+03 1.961433994179295759e-01 4
2 -1.365843657191594048e+03 2.783713234668483416e-01 2
21 -1.355476924807994692e+03 5.616289035657502371e-01 1
12 -1.355541361699720255e+03 6.817037924300271001e-01 0
25 -1.355476249368183744e+03 9.415028039812920468e-01 3
27 -1.355476227458857920e+03 8.418399196971919629e-01 3
28 -1.355476224039571207e+03 4.520334578928573710e-01 3
20 -1.355477544880163350e+03 4.502318771736942282e-01 3
4 -1.357754348760925041e+03 6.683641457502531580e-02 0
1 -1.386650451163834077e+03 2.047105465875649344e-01 0
0 -1.358717807235703503e+03 9.854173394039973388e-01 0
10 -1.355620691971998667e+03 1.842484926773214626e-01 2
18 -1.355476696754584736e+03 2.340234955167573572e-01 1
23 -1.355476688970178657e+03 4.481436895141233667e-01 1
19 -1.355478460509048773e+03 7.814427716127871903e-01 4
6 -1.356941471035650238e+03 2.581099194762348503e-01 2
19 -1.355478340792357358e+03 4.023179324804191381e-01 1
21 -1.355477139588316504e+03 4.030770434308785788e-01 4
19 -1.355477833950844570e+03 4.334042331343680443e-01 4
11 -1.355564223426257286e+03 1.206343404034735008e-02 4
3 -1.366041768254652652e+03 6.397475370931715588e-02 2
14 -1.355493767030032359e+03 8.126397875554021155e-01 3
13 -1.355499433281410347e+03 2.996454957044769052e-01 3
10 -1.355642052132347771e+03 2.266101748577296071e-01 0
8 -1.355682947911668634e+03 9.892101666364928603e-01 4
8 -1.355651339586610447e+03 8.331137123300393910e-01 4
18 -1.355479258917395555e+03 2.909590981493842543e-01 3
20 -1.355477728364246104e+03 1.544029319499763409e-01 3
2 -1.367514061139159821e+03 1.456867552906713215e-01 2
18 -1.355479128229644857e+03 6.431563957483884542e-01 3
12 -1.355512025305296675e+03 7.378858281540742192e-01 4
7 -1.356237162079935615e+03 4.274791956094290413e-01 2
8 -1.355963073998770597e+03 9.443980582688702441e-01 2
20 -1.355476877830939429e+03 6.555197544570452450e-01 3
25 -1.355476254046456233e+03 3.705808789721150576e-01 4
9 -1.355707128210594874e+03 3.747042084059942213e-01 2
9 -1.355526435392971507e+03 5.234357509300705535e-01 1
5 -1.355793172311364287e+03 8.020613960001627962e-01 2
29 -1.355476214886375601e+03 4.685779354687432119e-01 3
6 -1.356946299794207107e+03 9.292586695738466185e-01 2
10 -1.355591074716224966e+03 2.258685844387531283e-01 2
10 -1.355513821254211052e+03 3.615279412168186379e-01 2
7 -1.355849594231443461e+03 5.291264052128958895e-01 0
14 -1.355490008203231810e+03 1.324161342037402378e-01 2
14 -1.355495871784978590e+03 9.888046291682894839e-01 0
24 -1.355476298134445642e+03 2.263480196233911557e-01 4
9 -1.355554847039668175e+03 2.951820027825116655e-01 0
24 -1.355476290526786215e+03 8.855736986999174221e-01 4
10 -1.355640094175542799e+03 1.150394256921156710e-01 0
24 -1.355476362143890128e+03 7.998756152715642553e-01 2
21 -1.355477284816028487e+03 8.404384696033995183e-02 2
6 -1.356806945584476125e+03 5.179855205088159664e-01 0
28 -1.355476217414703569e+03 9.811240590081249380e-01 4
23 -1.355476687571148886e+03 8.362763211940285046e-01 3
9 -1.355581343867711439e+03 2.194193611033938840e-01 0
17 -1.355482745198852626e+03 7.614992199056404010e-01 2
13 -1.355516235097142726e+03 7.069697117497902861e-01 0
3 -1.366310490542499792e+03 1.283833376102867241e-01 1
20 -1.355477874440976620e+03 6.242340001682009643e-01 0
17 -1.355479840761541482e+03 7.775103817173915077e-01 2
26 -1.355476239659084058e+03 2.248996887683749613e-01 3
15 -1.355487934149941339e+03 6.209202934632888082e-01 2
17 -1.355480616719792124e+03 6.659603729709946407e-01 4
5 -1.357300210048016197e+03 2.319057643213255915e-01 1
29 -1.355476210423881639e+03 4.025831029520574589e-01 3
28 -1.355476227866692170e+03 3.398664941594368161e-01 0
2 -1.371087735899840936e+03 5.305911285571756064e-01 1
6 -1.356253688539394261e+03 3.525346553573077690e-01 1
12 -1.355511781310321112e+03 8.311211161368646794e-01 2
4 -1.357710604334733489e+03 3.531884225607910821e-01 1
11 -1.355577607199301838e+03 3.445699726118361950e-01 2
14 -1.355504811321463421e+03 1.494659091896173853e-01 1
15 -1.355493522106378805e+03 1.304051445412075239e-01 1
2 -1.366884536850414406e+03 9.304222352459405876e-01 4
18 -1.355479200434707764e+03 4.514761222509440231e-01 3
15 -1.355489354281982060e+03 8.807365456737193954e-01 1
22 -1.355476895408028668e+03 8.274581429595598836e-01 3
5 -1.356194013229422580e+03 7.940986224900836721e-01 4
4 -1.356348584057993094e+03 3.929162882824741021e-01 4
15 -1.355495407058137289e+03 3.664899175419478183e-02 2
8 -1.355993664434494576e+03 2.045091577799926785e-01 4
5 -1.357553646114457933e+03 4.086140385342815762e-01 1
27 -1.355476224539590476e+03 3.697629426410422582e-01 0
16 -1.355486821805569889e+03 1.070767669799170818e-01 2
12 -1.355504177665939096e+03 9.480463905063890584e-01 2
22 -1.355476701837305427e+03 9.018043095833516709e-01 3
2 -1.361230904680191315e+03 9.503505334694953843e-01 1
21 -1.355477333266055211e+03 3.732053390930474279e-01 3
28 -1.355476232729360618e+03 7.142066921201539742e-02 0
5 -1.357687943806673502e+03 8.245056754744775063e-01 4
10 -1.355553342463846093e+03 4.251493427311716644e-01 2
20 -1.355477603691631884e+03 5.919478281864911651e-01 3
27 -1.355476225967869368e+03 6.980290568294656994e-01 0
15 -1.355485716660257367e+03 6.329440515275331913e-01 2
2 -1.366812806121069798e+03 2.794140897973658166e-01 1
24 -1.355476240936499153e+03 2.973905801869775045e-01 0
15 -1.355485687540650815e+03 3.785136345090412968e-01 3
4 -1.360807822073048783e+03 5.659030695224831486e-01 1
5 -1.357696641349690708e+03 9.915360957556940136e-02 4
8 -1.355984956376910986e+03 5.961462107384842835e-01 4
6 -1.356302488780714384e+03 3.889426123501473764e-01 1
24 -1.355476407986631102e+03 8.276836112866671202e-01 0
4 -1.360186455566212544e+03 1.222426891483386485e-01 4
9 -1.355550540271477075e+03 4.125040888724615940e-01 3
0 -1.857687938265834418e+03 8.380256463372547371e-01 1
26 -1.355476250650864131e+03 2.247794928418864469e-01 2
10 -1.355590912386395303e+03 3.503586721372604074e-01 4
29 -1.355476211500326826e+03 2.019275163789000516e-01 2
10 -1.355617399607574498e+03 3.166181479894309564e-02 4
29 -1.355476212058973033e+03 3.858413925512901299e-01 2
28 -1.355476234105896765e+03 8.786310035416191599e-01 2
26 -1.355476253132546844e+03 2.852894406533123539e-01 2
5 -1.356038308875858093e+03 5.342865654787232188e-02 4
0 -1.365096745179911295e+03 3.366262202281298244e-01 4
26 -1.355476282130988693e+03 2.811164055977988241e-01 2
15 -1.355484575589914130e+03 5.270617275016463710e-01 0
6 -1.356802945514398743e+03 9.737605287108512808e-01 4
17 -1.355480509486620576e+03 7.667363678304111030e-01 0
8 -1.355632062378463161e+03 1.500814734728463939e-01 1
29 -1.355476204769347987e+03 7.527400794264542672e-01 2
3 -1.360897973228244382e+03 1.335616934147727530e-01 1
1 -1.357688127994356364e+03 9.409288219958776844e-01 1
3 -1.357401523249081492e+03 8.895131396802045953e-02 3
9 -1.355731128453511246e+03 3.946672525853198721e-01 4
5 -1.356164744851475689e+03 4.083553021646433301e-01 4
28 -1.355476227240439130e+03 6.107846054389072243e-01 2
4 -1.357213979325122182e+03 8.178687967910908130e-01 4
5 -1.356143990662589431e+03 5.620772667786262389e-01 1
16 -1.355480939499925398e+03 2.302184888504317239e-01 0
5 -1.357375801502743570e+03 7.070171969883598528e-01 1
14 -1.355482075849302419e+03 9.243313552441467795e-01 0
28 -1.355476227669097170e+03 1.038342496103439316e-01 2
14 -1.355497322222960520e+03 3.921731252302071424e-01 3
15 -1.355488658847791157e+03 4.268152427602264209e-01 3
16 -1.355486951238804522e+03 2.498403903064286002e-01 1
20 -1.355477827204590312e+03 4.646722432911600253e-01 3
19 -1.355478038752575230e+03 3.528165224219002027e-01 0
0 -1.391092946633017164e+03 7.596941838596090735e-01 4
19 -1.355478569038993101e+03 2.435927378255139109e-01 2
15 -1.355482640030306811e+03 3.840955587012230277e-01 2
28 -1.355476219257070625e+03 4.309942739270248846e-01 3
19 -1.355478349893331597e+03 4.064765230705357779e-01 1
17 -1.355482784149867257e+03 6.861706659505188988e-01 1
18 -1.355477474614341190e+03 1.858114196015420161e-01 0
24 -1.355476371642304230e+03 7.118580577470332571e-01 0
10 -1.355538931136792826e+03 5.981092869259421185e-01 2
23 -1.355476375495409229e+03 2.884473174327317757e-02 3
22 -1.355476747739526218e+03 9.944801879133846612e-01 1
16 -1.355483663090366463e+03 8.085643798401100923e-01 0
11 -1.355530596898356180e+03 2.942231763073448469e-01 0
3 -1.356707356714187881e+03 5.414560432991772920e-01 4
18 -1.355479694370658308e+03 9.089025543619477787e-02 1
15 -1.355479505298955701e+03 4.113647609914401482e-01 0
21 -1.355476886742238321e+03 4.333945977339409006e-01 3
20 -1.355477697774229000e+03 4.014367701640615960e-01 0
17 -1.355476726120845797e+03 9.683788774150747791e-01 3
8 -1.355701329180074026e+03 7.084395034284285408e-01 4
17 -1.355477573881024455e+03 9.030744495684071005e-01 0
29 -1.355476214721312317e+03 2.688045018352482884e-01 1
9 -1.355668651607727952e+03 6.624068067116630765e-01 4
11 -1.355563268483778756e+03 8.277114062958299545e-01 4
23 -1.355476349230496908e+03 2.499405533149854364e-01 1
12 -1.355487729079054589e+03 8.018392530159292875e-01 0
29 -1.355476211487639375e+03 5.486912360784074183e-01 1
18 -1.355479268249978304e+03 1.405009993145775633e-02 0
23 -1.355476356551395384e+03 4.478576355788336794e-01 2
28 -1.355476229303932087e+03 5.512985774624923341e-01 3
25 -1.355476293111197265e+03 9.948675741015386986e-01 2
27 -1.355476240257175277e+03 2.546649494684629644e-01 3
23 -1.355476290581419562e+03 4.748560738235545475e-01 1
22 -1.355476733431420371e+03 1.350923506468481305e-01 1
10 -1.355560060377077662e+03 5.780286260524410968e-01 0
26 -1.355476276756600555e+03 1.946753078221270528e-01 1
21 -1.355477044300881516e+03 9.775354848420120257e-02 3
