-1.937459732744307672e+01 7.819934715448759732e-01 -8.609422463224742472e+00
-1.805804975021959180e+01 6.918390739625047692e-01 -1.295831217791569223e+01
-1.885045674070862631e+01 9.291144672049380659e-01 8.911671452193203891e-02
-1.847986125214676889e+01 6.139059500269539171e-01 -8.040434416387704175e+00
-1.957597723657561417e+01 5.115960927543130587e-01 -1.272571966455875270e+01
-1.831384754447121210e+01 6.826020765961999803e-01 -2.580991216733721672e+00
-1.932113947931134490e+01 2.753216603439478938e-01 -1.295665365744490316e+00
-1.903726348665907153e+01 4.998708500860309933e-01 7.039508227860480361e-03
-1.869108961694392690e+01 1.489817405084623708e-02 -9.504101693924077665e+00
-1.956096085494457171e+01 6.725773783918762017e-02 -1.076659896395399940e+00
-1.946624418073187712e+01 1.804502309038699126e-01 -1.529322017143748269e-01
-1.902582543037883767e+01 1.325844388967230003e-01 -1.118659819530774868e+00
-1.932919164744200202e+01 1.505895993129510169e-01 -8.805693814111670292e-01
-1.933691273503916364e+01 2.504129357802762357e-01 -8.523218450077862940e-02
-1.917074930061475513e+01 3.087228818682308251e-01 -7.323844911811754343e-01
-1.920042241089280566e+01 1.745423635724266120e-01 -1.412632574960516862e+00
-1.919841803774491140e+01 3.232487772038450391e-01 -4.953717004750757269e-01
-1.939746576092352726e+01 8.765947062169118786e-02 -9.535919674975232851e-01
-1.936635741210144346e+01 1.025310768295487340e-01 -8.412568710974248631e-01
-1.927612576708974501e+01 2.483288151909585628e-01 -2.899688180080275401e-01
-1.939227709033660574e+01 2.018316464370183971e-01 -4.948015165897778900e-02
-1.924174752879693173e+01 2.358896489166194266e-01 -4.591763720830606132e-01
-1.930506881549970899e+01 2.431619233763263610e-01 -3.228378178589998981e-01
-1.908436806008687014e+01 3.727372851783127827e-01 -1.358206938625380999e+00
-1.928501834998185771e+01 2.836159560814602854e-01 -1.502389029186996794e-01
-1.938069821566332251e+01 8.384530574738376096e-02 -8.915840165365533920e-01
-1.846418562928802132e+01 8.679439035837245298e-01 -7.445164103086559848e+00
-1.930991796754540957e+01 2.950156546715064221e-01 2.388609950976672280e-03
-1.931372313828665810e+01 2.959771255909642851e-01 8.653931016615601379e-03
-1.932539078369728713e+01 2.238065323457198164e-01 -3.642606258229701410e-01
-1.936097199421064730e+01 1.343238566241770904e-01 -6.996971137477547842e-01
-1.935876101795471627e+01 1.635453980812557884e-01 -5.342814745631017104e-01
-1.932429214511402904e+01 2.773058483490293824e-01 -4.580379342300311407e-02
-1.933715975234505180e+01 2.202960163226033996e-01 -3.317629195726201630e-01
-1.932760348671221706e+01 2.291502494858418948e-01 -2.578471298790461219e-01
-1.931514653578369334e+01 2.444589170094806918e-01 -2.031324980657238655e-01
-1.931212494832133686e+01 1.506059620805169086e-01 -1.019930867501448901e+00
-1.935531642464611224e+01 4.366088816806350942e-02 -1.135175418984008644e+00
-1.931728935063112829e+01 2.518232900770965288e-01 -2.401578424289674274e-01
-1.918965194760436788e+01 2.759076070966385297e-01 -5.985068588691309088e-01
-1.930868712498942585e+01 2.443403130460713724e-01 -2.945608514191988547e-01
-1.838262487707308779e+01 9.251158196839979198e-01 -5.797535861543991587e+00
-1.932008966707621056e+01 2.200511656117939419e-01 -3.582196818346972123e-01
-1.854925389524000323e+01 6.151757478556429959e-01 -6.508047675180865355e+00
-1.931611662860758116e+01 2.402365326477102214e-01 -2.497644016926532373e-01
-1.850385301140622119e+01 1.939270441433976200e-01 -8.205438753625331927e+00
-1.930741989414431359e+01 2.416857899126637343e-01 -2.619723321716218578e-01
-1.939020100824003023e+01 1.655475288761892039e-01 -2.360898436549803137e-01
-1.933615940719225890e+01 2.201624927515732355e-01 -3.152107442327682918e-01
-1.933333215316868703e+01 2.771763281711863147e-01 -9.899024885621443559e-03
-1.932101195471281230e+01 2.726702709004951708e-01 -4.836588566491961672e-02
-1.858767221664252034e+01 5.802687230262028040e-01 -2.339261844013165614e+00
-1.936611525909161813e+01 1.520464634393607350e-01 -4.972981420951949616e-01
-1.932857929475856551e+01 1.358022463679740555e-01 -8.101518958344673393e-01
-1.932942367746970902e+01 1.342802215654443909e-01 -7.548392688314269350e-01
-1.936408038475816795e+01 8.935016669073850282e-02 -8.735687638819182865e-01
-1.931402333548889061e+01 2.503168545276669432e-01 -2.435959286512261457e-01
-1.937318658669514093e+01 2.110118806866868868e-01 -2.222139019729745257e-01
-1.932982063795672545e+01 2.167461124570453090e-01 -3.376197904267499439e-01
-1.906985385378176190e+01 4.954480398881409009e-01 -9.689760573622963946e+00
-1.933531369207931050e+01 2.389517280424821866e-01 -2.001172069915622131e-01
-1.934634351725394197e+01 2.236794744360253717e-01 -2.392305580520268649e-01
-1.916444886817597038e+01 3.769405547110449839e-01 -2.477759053449446469e-02
-1.919238520697412653e+01 4.047731235022563601e-01 8.039878729448979300e-02
-1.932690527841890216e+01 2.780059706953217358e-01 -2.671958316359024366e-03
-1.928008941187011160e+01 3.201549786669221076e-01 5.532837677106705598e-02
-1.931281571341504133e+01 2.860097255719949993e-01 -2.343136644454801853e-02
-1.930802606820334688e+01 2.942732789289225215e-01 8.076383389088448439e-03
-1.931738360932065390e+01 2.842636120481964457e-01 -2.198986339187669614e-02
-1.929446002818393424e+01 3.188141432852560353e-01 9.393219976235478441e-02
-1.930283894910226294e+01 2.860566101595880539e-01 -4.930783875343180966e-02
-1.930711540400571380e+01 2.866304685879706993e-01 -3.946618138886215377e-02
-1.914014343180355127e+01 4.514244944285259464e-01 -4.889409651477674146e-01
-1.818200544717932488e+01 1.140291637112147427e-01 -3.708707603529916241e+00
-1.930313658580799796e+01 3.130645112877253888e-01 8.346344887204359964e-02
-1.840817299848415800e+01 8.897771622759826915e-01 -1.766662094467308819e+00
-1.945838792318017951e+01 9.923284945571690940e-01 -3.354832078938773776e+00
-1.930345737636935510e+01 2.971187070276490871e-01 8.460139525000798244e-03
-1.851794074185996308e+01 8.031549927398851096e-01 -6.824734153436835982e+00
-1.930225569107360428e+01 3.008686827991209345e-01 1.323846118250138204e-02
-1.929890515566924236e+01 3.158132853716970057e-01 8.906708918631167649e-02
-1.934543837242604525e+01 1.337263266228569392e-01 -7.135436805931529847e-01
-1.929489302676397955e+01 3.152565468727548947e-01 8.357647363570208654e-02
-1.929974582040311759e+01 3.022303301544008169e-01 2.856132025954138953e-02
-1.929613898929401827e+01 3.172664612554305652e-01 8.806480535192839909e-02
-1.930144059679652813e+01 2.993005304393195898e-01 1.047108446246447500e-02
-1.929978506611862699e+01 3.160368295176100850e-01 9.844128302192878266e-02
-1.930268187645598488e+01 3.010838325207976229e-01 1.618070159599227509e-02
-1.930362281692593029e+01 3.065999934935577653e-01 5.089349715319180234e-02
-1.929740444459294224e+01 3.156745030947800679e-01 8.788653752031549971e-02
-1.929855082829588753e+01 3.145908410484578033e-01 8.459671845916538757e-02
-1.937499774782691730e+01 8.198609268682040263e-02 -1.025780938319364566e+00
-1.898916886049296338e+01 3.581440713139926735e-01 -7.164025786478234181e-01
-1.930080410923784484e+01 3.075294733407615277e-01 4.642990631533550072e-02
-1.930119341698149427e+01 2.890154901636881601e-01 -4.346337646069287075e-02
-1.929865801091926869e+01 3.046858433634866414e-01 3.031196509089362223e-02
-1.930192485848075634e+01 3.144802451422008538e-01 9.011432734630098196e-02
-1.925721408812075097e+01 2.603663882834889032e-01 -4.432243472880639246e-01
-1.930045660896332649e+01 3.096758956965108278e-01 6.023756674581726145e-02
-1.930032414591599377e+01 3.126331286270752075e-01 7.439552883647415626e-02
-1.930196800989506301e+01 3.081826017151990671e-01 5.214362471762790108e-02
-1.929495936786595678e+01 3.086036538574972732e-01 4.732651255019604264e-02
-1.929823734249008282e+01 3.160578991501850621e-01 9.216754916146285836e-02
-1.928841834264746780e+01 3.187870374066882895e-01 6.577417922436268327e-02
-1.928125550263542110e+01 3.113149581111465114e-01 3.509440621843751273e-02
-1.950975801212722871e+01 5.445451891072757705e-02 -1.009499860291173334e+00
-1.934345752253549122e+01 1.349243482121255111e-01 -7.191690444046159314e-01
-1.922544224989445993e+01 1.614777756700191969e-01 -8.608222866943897600e-01
-1.934287636746731565e+01 1.271736639819750769e-01 -7.345245071604491471e-01
-1.936214494913890860e+01 1.389360370039019466e-01 -6.157913855732779496e-01
-1.929781305705810013e+01 3.177213671720605093e-01 9.576679562651158051e-02
-1.929761075840788820e+01 3.174272079357652876e-01 9.480624063142428781e-02
-1.929840740639333063e+01 3.152500331730062055e-01 6.785405830377122527e-02
-1.929354716150244542e+01 2.753745461627996050e-01 -1.333160896744853829e-01
-1.937658229981992974e+01 1.152594619703918993e-01 -7.354535743767627309e-01
-1.931852338793168045e+01 2.765653667759885859e-01 -4.947455537031686390e-02
-1.929979092409138985e+01 3.158139354705344903e-01 9.031995820306093492e-02
-1.928566386593666238e+01 5.595931555279419489e-02 -1.103044412361349202e+00
-1.903710731203136675e+01 8.698992239101754897e-01 -9.582094412100655489e+00
-1.929882597282659162e+01 3.145707594581850230e-01 8.604797471616976168e-02
-1.931669661683082850e+01 2.789045222399470503e-01 -7.434993610744733417e-02
-1.929849275746161297e+01 3.165521426136733707e-01 9.408440568968678974e-02
-1.929874673503084637e+01 3.164298471230138077e-01 9.128886386151791044e-02
-1.929892619948128285e+01 3.164650862724248115e-01 9.317662924861558338e-02
-1.929812776188982681e+01 3.171140040768921087e-01 9.293897292341135596e-02
-1.930204295807142145e+01 2.980956549963837410e-01 9.960286482314728573e-03
-1.929863732099740048e+01 3.177713096767702528e-01 9.885327991363013211e-02
-1.935736501838880130e+01 1.122302677836812257e-01 -8.711623497724971799e-01
-1.929730751910642184e+01 3.178349312291552375e-01 9.793811197359225673e-02
-1.930343485796750613e+01 2.676152366513245284e-01 -1.564771115725740458e-01
-1.929853449097631213e+01 3.159626797209369453e-01 9.134774775351139908e-02
-1.936894498669850861e+01 1.250985170262066404e-01 -6.810348875035678873e-01
-1.943642589745736160e+01 9.864864336838319314e-02 -6.360012107645705015e-01
-1.929775945513019764e+01 3.179388627914511156e-01 9.788768563394079081e-02
-1.929792425029101821e+01 3.174725553399387334e-01 9.518612396777470508e-02
-1.929740681419842829e+01 3.145109045666683589e-01 8.015997431093957459e-02
-1.948092423189954658e+01 8.388303343840475268e-02 -7.545428292672191617e-01
-1.929721194165272635e+01 3.179359791870815521e-01 9.345011207057751790e-02
-1.928930626749198041e+01 2.138069462755235739e-01 -6.297725480836415812e-01
-1.934149960573991223e+01 1.619820050472983441e-01 -5.676869110643085747e-01
-1.929737978581225377e+01 3.187494994266593107e-01 9.934641432523783067e-02
-1.929698764099518016e+01 3.187743173359933735e-01 9.883778907638784972e-02
-1.929697603425744035e+01 3.184092617135985126e-01 9.664372648262187226e-02
-1.929728906173745528e+01 3.187232276352923166e-01 9.936051653411048790e-02
-1.929505740838263605e+01 3.185889162717523426e-01 9.260378968992633020e-02
-1.931623847287156792e+01 2.307676200059308458e-01 -3.389729790289361944e-01
-1.929784432640926184e+01 3.181715121803501689e-01 9.985551321768681987e-02
-1.945777122133914006e+01 2.168004613767402500e-01 -3.541202146412452123e-01
-1.927202712550954189e+01 3.318540877328025607e-01 9.240753860069794712e-02
-1.931043378673181010e+01 5.958538646581803544e-01 -4.348616298476724040e-01
-1.916876513124230996e+01 3.125947214109081607e-01 -4.687727672138919388e-02
-1.843678167724569406e+01 8.843142355040752856e-01 -4.082400255980534354e+00
-1.929780320561341256e+01 3.177053601812460659e-01 9.672190529711599538e-02
-1.927915619607081865e+01 6.872950994366894273e-01 -9.393512387390803298e-01
-1.929799458217578589e+01 3.179231285657297956e-01 9.915724810177906079e-02
-1.929835958848043731e+01 3.179263535498335624e-01 9.952212774218160973e-02
-1.929805109760041759e+01 3.179283002342412345e-01 9.890142337003737794e-02
-1.929767253625583834e+01 3.180637696451946717e-01 9.902946755648223132e-02
-1.870269514475884520e+01 2.946238727265692581e-01 -7.337719416576526044e+00
-1.881512740451552546e+01 4.134444101497342650e-01 -6.150983225629225615e+00
-1.929829858675123688e+01 3.181377317057625387e-01 9.925331107498180927e-02
-1.933190178784940372e+01 1.621678018225745366e-01 -7.397506823231108086e-01
-1.932524990500836282e+01 2.193569614862750372e-01 -3.731751091774277995e-01
-1.929770330732942796e+01 3.181614537068797044e-01 9.867065234207039737e-02
-1.931933037267278053e+01 2.217532581601638075e-01 -3.644756043070564999e-01
-1.929743438370692843e+01 3.179963750599621997e-01 9.786692953572107001e-02
-1.947214392607088485e+01 6.932521790807881501e-02 -7.968145923035763190e-01
-1.929790292731922108e+01 3.175828775175260632e-01 9.921247782394182479e-02
-1.932123588281635307e+01 1.858737808563428462e-01 -8.181793257476446257e-01
-1.888745436443889503e+01 6.025150187768234522e-01 -9.557327240037096772e-01
-1.929815374031761621e+01 3.178359352811986338e-01 9.940170379042001514e-02
-1.813928655237324250e+01 7.884627722153345619e-01 -2.375852908336781866e-01
-1.937498033917750817e+01 2.855926794451882009e-02 -9.757173858999781402e-01
-1.929115100424709439e+01 3.100641330929005401e-01 3.703839381101659001e-02
-1.929728794215641230e+01 3.124174449090328376e-01 6.962044221909380326e-02
-1.929908964906410063e+01 3.129345520582356710e-01 7.440391429942927459e-02
-1.932604867073114718e+01 2.399403112494991330e-01 -2.403813863088704039e-01
-1.929707922240467610e+01 3.175806835706188047e-01 9.433515765708122558e-02
-1.929866668842879918e+01 3.127252058973318261e-01 8.629371150956011149e-02
-1.929762647119013153e+01 3.178161383103488835e-01 9.699020026226357061e-02
-1.929677552306099031e+01 3.190529092557790047e-01 9.995850841788112007e-02
-1.929926246555517366e+01 3.158579948135249449e-01 8.833580927528750237e-02
-1.929661142088106729e+01 3.147060323453704789e-01 8.233674583564543070e-02
-1.929693322174477998e+01 3.188735871203925432e-01 9.958111369865640938e-02
-1.930595882690769827e+01 2.854758026712878038e-01 -4.177418674452404446e-02
-1.929319299807464105e+01 3.205302339202587003e-01 9.544918574038518955e-02
-1.930025989720472879e+01 2.786913356059402269e-01 -6.933901869096636972e-02
-1.929394275163927475e+01 3.210886123768247891e-01 9.800292991979198121e-02
-1.929674930263376353e+01 3.189982663072791769e-01 9.966948133321551495e-02
-1.929820491113056136e+01 3.138170660165769399e-01 7.962304065756953264e-02
-1.929753543861520626e+01 3.184472304521243635e-01 9.896989082523965919e-02
-1.929711933454917983e+01 3.088037161351816495e-01 4.007098451250179494e-02
-1.929696827111175494e+01 3.187544661527480505e-01 9.789416414189844318e-02
-1.942732854031379475e+01 1.863140334246084218e-01 -5.408651812180274021e-01
-1.840564866003888866e+01 7.287806785197548098e-01 -5.883307877966004185e+00
-1.929758156959919191e+01 3.006963605579938137e-01 2.048460456293099696e-02
-1.929555270778684672e+01 3.204223564193521279e-01 9.969265317178610530e-02
-1.929658240913629186e+01 3.190868796348356184e-01 9.982053666056955876e-02
-1.929367375047090860e+01 3.200222987842846756e-01 9.713531722388246692e-02
-1.935691174772770395e+01 1.250867309894919954e-01 -7.148087102661531134e-01
-1.936455402015349136e+01 1.348167192965849526e-01 -6.573800764554569298e-01
-1.916069961444915037e+01 1.806035604707307840e-01 -1.405180943268089067e+00
-1.905753794229916309e+01 2.530790348642675269e-01 -1.777292457579319418e+00
-1.941743547636157530e+01 1.668907160452419089e-02 -1.258332959224103931e+00
-1.927189036229047758e+01 1.323772157047833353e-01 -1.110769933161618539e+00
-1.929869520103553526e+01 3.177382384234249679e-01 9.913153573486077619e-02
-1.929730735666633024e+01 3.183930131636916738e-01 9.870266804130878313e-02
-1.951367546370672557e+01 3.966310792936646873e-02 -5.690612479487509034e-01
-1.933407394126068013e+01 1.973562235201792581e-01 -4.178964360356083318e-01
-1.935074438889464687e+01 1.992554341852644795e-01 -3.741675929922809729e-01
-1.934400725486585770e+01 1.977034150880834784e-01 -3.848130764897756961e-01
-1.944492283451172199e+01 1.517224169695061964e-01 -4.261287117656191725e-01
-1.929769107576140641e+01 3.185120635055885274e-01 9.977419723167280097e-02
-1.929266971257199970e+01 3.206218160701500008e-01 9.819601917905274036e-02
-1.988692319317816981e+01 6.806518255133311435e-01 -4.207751381519114986e+00
-1.929803872373575047e+01 3.166028342422804176e-01 9.357613118952379239e-02
-1.929867175639795462e+01 3.168636222954509529e-01 9.553560838216945683e-02
-1.947948071615549281e+01 9.041748826390865190e-01 -6.024041300170846824e+00
-1.902317946099868351e+01 6.223152231725944533e-02 -2.979823231277643814e+00
-1.818190909007084599e+01 8.566444639106126635e-01 -6.154983113130322536e+00
-1.929834090495362631e+01 3.176953336976481856e-01 9.769475201039057310e-02
-1.930622956500610599e+01 2.873740301756934623e-01 -5.982689023146470220e-02
-1.883363147294448225e+01 1.067719474232512872e-01 -5.279290188494282887e+00
-1.935031650127089264e+01 2.500372752040139757e-01 -1.609050065731203460e-01
-1.950646362373886689e+01 6.731614179277384258e-02 -8.836958942611836676e-01
-1.929739489365780258e+01 3.185404690353992874e-01 9.997874130163353357e-02
-1.930135674599544160e+01 3.102445991817549542e-01 8.327454597007388770e-02
-1.933822447694835489e+01 1.449960744421815162e-01 -6.544353114192666965e-01
-1.932945499646043430e+01 2.016400587948466439e-01 -4.538509326555946188e-01
-1.933117896921877588e+01 2.045319953221307885e-01 -3.811346013212517647e-01
-1.932788340176249520e+01 1.884109930885038697e-01 -5.077069160850165019e-01
-1.863192866783051471e+01 2.919067592950694845e-01 -9.373268544656378154e+00
-1.929858894898987387e+01 3.179268749189958498e-01 9.957166082553214892e-02
-1.922875089038544516e+01 1.190483918524839341e-01 -1.189591394294410520e+00
-1.935691052355850772e+01 8.381891014634845760e-02 -1.011688348814509197e+00
-1.928882351113240645e+01 1.858632558331970164e-01 -5.749574612285428543e-01
-1.929904901164619346e+01 3.170930425210131687e-01 9.801338326857056416e-02
-1.929865425248502220e+01 3.123379797887874121e-01 6.949577384020066972e-02
-1.928924151833525613e+01 3.172821315927611407e-01 6.464178666379361005e-02
-1.929325660147113908e+01 3.216572967467039024e-01 9.835000086185097246e-02
-1.929752138529467942e+01 3.184728836807094177e-01 9.738949154430720512e-02
-1.929227087230554361e+01 3.176962160724707274e-01 9.916448592233884085e-02
-1.929785371448982900e+01 3.176748398128111384e-01 9.710454967159698469e-02
-1.905549543734868934e+01 3.053608950109361619e-01 -1.107260695167200382e+00
-1.915131150434261187e+01 2.753154152469172722e-01 -9.944131024067850433e-01
-1.929821655506424705e+01 3.178724942913307983e-01 9.908242999615701763e-02
-1.929812537582186138e+01 3.180492058149742007e-01 9.967335446130576315e-02
-1.929811443627662371e+01 3.182308664464882919e-01 9.989234443251859830e-02
-1.990500140839166576e+01 4.183450603006466650e-01 -1.277423563576399523e+01
-1.867254866600588059e+01 5.199344335003591722e-01 -2.564908259820864345e+00
-1.929811675552680938e+01 3.181361625294100715e-01 9.961919956888465322e-02
-1.920004683490992647e+01 1.924378103975399323e-01 -5.995193424759897027e-01
-1.929818632622806263e+01 3.121736019517926675e-01 7.132109633448635577e-02
-1.929694237414264535e+01 3.188131704800222233e-01 9.960021436288712948e-02
-1.929762779262406980e+01 3.178451499126051516e-01 9.794528062717589023e-02
-1.929811066306780276e+01 3.177223530582852229e-01 9.715082334863289759e-02
-1.911030086452570487e+01 6.018475491902464114e-01 -2.965683338713015260e+00
-1.932732145893286102e+01 1.943155246516712620e-01 -4.645435422503094713e-01
-1.933297521739520874e+01 1.952804496668625323e-01 -4.536476855431832433e-01
-1.929869749378813637e+01 3.173333460960474639e-01 9.933081839585078399e-02
-1.930208653264902097e+01 1.937300276830061230e-01 -5.440497065036069557e-01
-1.930033403516498680e+01 3.147091802010849038e-01 9.090794174826299923e-02
-1.929912369732293698e+01 3.159344888912458127e-01 9.490173662527645604e-02
-1.929822433507041168e+01 3.160968877480825889e-01 9.001902382758508736e-02
-1.920237337191161586e+01 2.279529422935983318e-01 -7.334397970489447971e-01
-1.929916753304504695e+01 3.171640505470688653e-01 9.727054306946136819e-02
-1.929727073799165638e+01 3.184627470988475317e-01 9.904396878824428541e-02
-1.929802318565208807e+01 3.144815196721749140e-01 8.062658189244409357e-02
-1.929702713709710338e+01 3.188845833801549623e-01 9.984711705147475413e-02
-1.929652966186237251e+01 3.188123727197200163e-01 9.916286001668872530e-02
-1.929798048422225065e+01 3.177908054299100615e-01 9.839556393045256755e-02
-1.938634577855526331e+01 2.215736574144747673e-01 -5.006568445706882642e-02
-1.933205189586532313e+01 2.693466582049393598e-01 -2.122714644875323131e-02
-1.970254313123454537e+01 2.943458001026808546e-01 -8.195881153045826650e+00
-1.930049193950899777e+01 3.108616681702991991e-01 7.497592043879919288e-02
-1.910036679064358012e+01 3.354136421917039979e-01 -1.139847599547969992e+00
-1.929900739184169467e+01 3.173501406955709370e-01 9.989620092057016620e-02
-1.930894221196974314e+01 3.059138501672019617e-01 8.862803425535403790e-02
-1.929802735886467246e+01 3.180297697821782843e-01 9.864841595542195307e-02
-1.930479154012877174e+01 3.109477522700275776e-01 8.396067208793311920e-02
-1.929810191503233696e+01 3.180466994969437522e-01 9.885944180802574976e-02
-1.929806920350834432e+01 3.180026696419202548e-01 9.936804258444631444e-02
-1.929690416621336269e+01 3.176935247950948282e-01 9.246124145741596578e-02
-1.930740452628367620e+01 3.098353337537602670e-01 9.009541350528316173e-02
-1.933555549292326248e+01 1.210252548819137769e-01 -8.054150581036836343e-01
-1.930132463789944453e+01 3.112948945884531637e-01 8.622599597526203752e-02
-1.930514966698848767e+01 3.116447848142996913e-01 8.227384548765215300e-02
-1.926687991131392508e+01 2.989713067635059729e-01 -1.304492623167252674e-01
-1.928700940423961896e+01 2.946417696964916955e-01 -3.816190151353993087e-02
-1.929783722483107411e+01 3.182864788162336755e-01 9.921165879113758024e-02
-1.928638105413312687e+01 2.912498954021531250e-01 -7.270542120221534788e-02
-1.929661945880368279e+01 3.187635907040536343e-01 9.665065063028421832e-02
-1.930050539227973516e+01 2.618091763232365254e-01 -1.667740890322448877e-01
-1.937794622882121587e+01 2.478983161704563787e-01 -1.503885241144686802e-01
-1.929747358795260226e+01 3.182495332097852181e-01 9.784040714148112272e-02
-1.931108285598961061e+01 2.353834313735519712e-01 -3.123808845050053407e-01
-1.879505320184035710e+01 3.322861568634860041e-01 -1.992923420784833866e+00
-1.901008287289527487e+01 8.872264422181490584e-01 -1.173968635758260071e+01
-1.929592323729299608e+01 3.194757131877029588e-01 9.961797184037735065e-02
-1.929936789050951162e+01 3.171231262374952231e-01 9.945597776942349810e-02
-1.933456174727674082e+01 2.428206526612000649e-01 -2.325962483011494442e-01
-1.929957832140995677e+01 3.162307079453684500e-01 9.320713987186479699e-02
-1.929928634133064591e+01 3.162882543502729682e-01 9.572213575844479294e-02
-1.929585418160130317e+01 3.199015575470187667e-01 9.928504541896998603e-02
-1.931503701883916690e+01 2.632607854890174348e-01 -1.281620311977977877e-01
-1.936830734572272661e+01 2.452811131296072644e-01 4.974650065499020002e-03
-1.925959217910539323e+01 2.917372438974042415e-01 -5.116636269610452814e-03
-1.862694840638481253e+01 2.978651873734812217e-01 -5.019979170471792429e+00
-1.929768146607750978e+01 3.175061114836856269e-01 9.316045176838372299e-02
-1.928874768258509320e+01 3.198887112082804407e-01 7.825704660388232980e-02
-1.929800379270196586e+01 3.171269258335838170e-01 9.476195044725166383e-02
-1.929729322941926384e+01 3.179915127280618092e-01 9.738742772614905618e-02
-1.930424921551928463e+01 3.040883640097097329e-01 1.937442540885569997e-02
-1.929968356722170597e+01 2.996986278902891709e-01 3.281461321472889381e-03
-1.929778659092247750e+01 3.183431858620273114e-01 9.960238182381608851e-02
-1.953932867739333901e+01 1.526036032653536045e-01 -2.501023833289401921e-01
-1.930995616800513659e+01 2.820869610276601214e-01 -4.711132271609308475e-02
-1.930773313859718243e+01 2.559748882647384094e-01 -1.580510781601240922e-01
-1.929518567294001841e+01 3.173945438886004999e-01 7.740996092029917008e-02
-1.929817206736549551e+01 3.177057797989298882e-01 9.779711866809925880e-02
-1.929802649029743833e+01 3.178207803635953455e-01 9.724366532922168460e-02
-1.930036433966548515e+01 3.157569218007963974e-01 9.921358837568483580e-02
-1.922499122604098432e+01 2.214090538096769589e-01 -5.803545657106070621e-01
-1.929781976590769332e+01 3.182978433097851112e-01 9.996994507134893126e-02
-1.929893963835568371e+01 3.151584612115269635e-01 8.998626148736832420e-02
-1.929642821336825520e+01 3.191581784371551045e-01 9.902027598589135948e-02
-1.929790504939429496e+01 3.180725030168096712e-01 9.879758498273538692e-02
-1.929814478826142121e+01 3.169775517058363579e-01 8.999855492528219258e-02
-1.929777235303053473e+01 3.181223036019549255e-01 9.895993536275682345e-02
-1.929695296221930434e+01 3.189040599790423092e-01 9.916547686739640710e-02
-1.929754248392697136e+01 3.179492632753285752e-01 9.802913661854795180e-02
-1.859913816561689615e+01 3.947374828537931202e-01 -1.168441513926376807e+01
-1.929803699045961807e+01 3.179713583647823527e-01 9.947558276584445025e-02
-1.929759644293742937e+01 3.174523224956061762e-01 9.182285153686287060e-02
-1.929804225717389699e+01 3.179660515490475015e-01 9.830015871676600625e-02
-1.929811279708496841e+01 3.177585656530345082e-01 9.865940310700693772e-02
-1.928950430019153117e+01 2.980734532505200374e-01 -2.850479862197374814e-02
-1.929860861464636557e+01 3.177611099939656736e-01 9.826917474310192802e-02
-1.929818220548219543e+01 3.178919239978636457e-01 9.635189863780802000e-02
-1.929880633820129177e+01 3.174378523149632980e-01 9.301795376955546146e-02
-1.930237485871976233e+01 3.153066806030974667e-01 9.977959430561078591e-02
-1.929848861508591185e+01 3.179969170636763875e-01 9.977375351001427362e-02
-1.930264668308946341e+01 3.098724447408102711e-01 7.738856512500369433e-02
-1.930341511096132834e+01 3.063255619395852114e-01 5.739378092260594144e-02
-1.932010405539218567e+01 2.391188266613145097e-01 -2.422695902201255080e-01
-1.930833885374810421e+01 2.989092730255334951e-01 -3.561026601195038666e-02
-1.935493888538861995e+01 2.858786656995360720e-01 -1.523687789899543787e-01
-1.929775153846363267e+01 3.181756739134540823e-01 9.994967497488893571e-02
-1.929808964891009992e+01 3.177676545095298177e-01 9.650036153741403666e-02
-1.824312615952736749e+01 4.023820712579340153e-02 -3.953843496580924821e+00
-1.929778572286676663e+01 3.184235937449890752e-01 9.976020704876198408e-02
-1.937154609593214616e+01 2.061136074305839061e-01 -2.511649811669602883e-01
-1.877627300830407364e+01 4.310525634109456661e-01 -1.735837945491095269e+00
-1.929692775677276373e+01 3.174238044824485017e-01 9.297276285737865464e-02
-1.930639156709504078e+01 2.919319605662799022e-01 -7.309093474619743347e-02
-1.929704131269375722e+01 3.038996575911134257e-01 8.957490193141737223e-03
-1.935044978859551179e+01 1.578217149987218848e-01 -6.130133315962389418e-01
-1.932882791658818178e+01 1.562116372722532898e-01 -5.540081214567251777e-01
-1.929778832491016516e+01 3.182130401903824346e-01 9.985938484944512084e-02
-1.930156278355175559e+01 3.130629406098926482e-01 8.540207895345375277e-02
-1.929882755011404427e+01 3.141202237657066410e-01 7.880481834834895949e-02
-1.929929945680273207e+01 3.109402207678798602e-01 7.910985715722418377e-02
-1.930108930709055670e+01 3.085599342980739346e-01 5.761451285320440263e-02
-1.930494161758195304e+01 3.126080780145312765e-01 9.974702744059982251e-02
-1.928119167461462524e+01 1.078624326118593491e-01 -4.911086304978475425e+00
-1.928256612828370820e+01 3.115092114647850519e-01 -1.261639512632584115e-02
-1.908445208571610863e+01 4.037843777565467418e-01 -3.165413668085719223e+00
-1.897887247218919171e+01 4.891047052992325006e-01 -3.316113734598555851e-01
-1.931787859700692067e+01 2.729153113431146971e-01 -1.340016944342714567e-02
-1.929647493045489171e+01 3.177753175158906651e-01 9.084211865100400018e-02
-1.812581225089773795e+01 2.713986609287570850e-01 -1.480304923800167849e+01
-1.931493339559787614e+01 3.087035483349253040e-01 -9.512837337901753898e-01
-1.921847639932894580e+01 2.379374729399674482e-01 -1.425118343188350067e+00
-1.923440825741606020e+01 3.259784269832602388e-01 -1.146190412706153872e+01
-1.929801978407063601e+01 3.178592622645644017e-01 9.773153772909459747e-02
-1.929947818155489969e+01 3.117998943984615079e-01 7.046188497687388974e-02
-1.929963153535478781e+01 3.117124991056179351e-01 7.071775708499039581e-02
-1.929426685275980446e+01 2.030326976845321929e-01 -6.505320311970681502e-01
-1.929750441867107824e+01 3.182033812758134350e-01 9.820993869062277781e-02
-1.929619250585023238e+01 2.864605847645271264e-01 -1.206371575300178023e-01
-1.937786138323116347e+01 1.225636397068739919e-01 -6.451682213740745908e-01
-1.936233280016924496e+01 1.301808332250525557e-01 -6.846532289163054230e-01
-1.930545450887225911e+01 3.058067332440987385e-01 6.617473272520690841e-02
-1.929747777948418630e+01 3.164769298730454317e-01 8.883582515685617409e-02
-1.997902789871238127e+01 1.595780124986460047e-01 -1.059605941541247809e+01
-1.929549665328505625e+01 3.005329846884271516e-01 -9.858571698883267231e-03
-1.855521709714301792e+01 7.156096037539281252e-01 -7.193187945604500477e+00
-1.853338107805699053e+01 4.382587406279299103e-01 -5.907180863040492724e+00
-1.886173370553645512e+01 6.635968559825258239e-01 -3.285738906705855555e+00
-1.930069032658023076e+01 3.011937687379979689e-01 2.813496129424208902e-02
-1.925759845810528503e+01 2.751367548741251445e-01 -1.497250149468083436e-01
-1.928469552651287700e+01 2.986863378970969762e-01 -1.460927776640890130e-01
-1.932946870644714110e+01 2.393944431628532155e-01 -2.064857163528817097e-01
-1.929822645905965217e+01 3.186368383448892061e-01 9.910356635927541902e-02
-1.929676217714693465e+01 3.189633882901394268e-01 9.830414240349938382e-02
-1.944464386124871424e+01 2.449596154321798391e-01 -8.974954115135105326e-01
-1.912784177834780408e+01 6.461039110534132490e-01 -7.034006682460969273e-02
-1.936790783265192673e+01 2.269243617803655133e-01 -2.770902787111282350e-01
-1.929821226793375999e+01 3.182580252696093903e-01 9.983931714017302284e-02
-1.928385959890205470e+01 1.550243042183812037e-01 -5.549642526494409367e-01
-1.926517368586255330e+01 3.198584118189574110e-01 5.259567807526011052e-03
-1.930920471233588032e+01 2.691043934766099155e-01 -1.227232839686269728e-01
-1.928803064367122744e+01 2.841910093971963258e-01 -7.675117086740712580e-02
-1.930684075594986737e+01 2.811530321838318636e-01 -6.855551250569469346e-02
-1.933463918582418373e+01 2.745253597360562958e-01 9.720621060965939364e-03
-1.933530874155830048e+01 2.902603434235240809e-01 5.741329515177540088e-02
-1.930685010355013276e+01 2.909880478123573755e-01 -1.976584258704683350e-02
-1.930512686570680714e+01 2.923197265562773040e-01 -9.466540495424169421e-03
-1.929940279585386875e+01 3.173651316314998749e-01 9.817033138524777769e-02
-1.930603821974232304e+01 2.953633020911042850e-01 1.469369528461328400e-03
-1.929655145952936834e+01 3.181390698418878338e-01 9.697608831377912963e-02
-1.929705242357936967e+01 3.070111492586744539e-01 3.189112810444960644e-02
-1.930559794626834602e+01 2.997076918838755821e-01 2.473581528727741841e-02
-1.895090825701976556e+01 4.515603616499903605e-01 -2.042909592625353099e+00
-1.930277378863610949e+01 3.045818497158531701e-01 4.418466486612437905e-02
-1.970901084116167468e+01 2.993278957176080946e-01 -6.961587471482578948e+00
-1.930683080730137746e+01 3.152359538590610577e-01 7.568430711740781192e-02
-1.929663273067295748e+01 3.182275874255620640e-01 9.759419481713749178e-02
-1.929272239151867296e+01 3.130368354728713665e-01 3.001177617861117142e-03
-1.942189820585399573e+01 7.773189238956422498e-02 -7.104378403303908129e-01
-1.930186241965666483e+01 3.142450004157071874e-01 9.041950917420749079e-02
-1.929763421575044546e+01 3.185737896968240390e-01 9.960540598676459467e-02
-1.930107498976454039e+01 3.156004259008318713e-01 9.615425624979323516e-02
-1.929936361068335415e+01 3.147333539036130112e-01 8.870931834446871278e-02
-1.929345460430211290e+01 3.184737705840633426e-01 8.546701219823837903e-02
-1.929834932631504074e+01 3.171262693528499321e-01 9.178714499040907526e-02
-1.929734804979384677e+01 3.182721922116977242e-01 9.817487076885278441e-02
-1.929702291781508450e+01 3.186662961308253661e-01 9.953553829723027491e-02
-1.929917590665651872e+01 3.126238947880233265e-01 7.583337035249471114e-02
-1.929731008065393638e+01 3.186897194307832804e-01 9.909909075678235979e-02
-1.929722693634212405e+01 3.182870752939943038e-01 9.644001669617807693e-02
-1.930007906245837646e+01 3.123041823223362545e-01 7.044050763483689082e-02
-1.929718126836605308e+01 3.187732610580645276e-01 9.878459155063978869e-02
-1.929615513951611305e+01 3.186407308571891361e-01 9.485407606406326408e-02
-1.930923900032204443e+01 3.113324156042459601e-01 9.943629330164860392e-02
-1.929758780451232170e+01 3.185882710999942691e-01 9.924266793944269693e-02
-1.929604869473369888e+01 3.173988294225845719e-01 9.047920060580949553e-02
-1.929600444729859277e+01 3.190110515547985859e-01 9.820872462648821966e-02
-1.929909345958780875e+01 3.176266132517880370e-01 9.941138920360259590e-02
-1.929782889937685653e+01 3.181742363772710469e-01 9.874314266600237033e-02
-1.929765026113127036e+01 3.183292919896134610e-01 9.922342351858226550e-02
-1.929618070523047280e+01 3.184893425467746897e-01 9.379847152817966105e-02
-1.929957286001033978e+01 3.172625459911385670e-01 9.961767781068964211e-02
-1.929702285826577679e+01 3.187478406535695918e-01 9.912846851164047735e-02
-1.929749739644713102e+01 3.183011786257104458e-01 9.923956411335055350e-02
-1.929728645727461966e+01 3.185750672696052721e-01 9.917360433922972618e-02
-1.930169502675906656e+01 3.140156074729281710e-01 8.688742570657481679e-02
-1.929634387428593456e+01 3.172842017338520781e-01 6.794261459680761561e-02
-1.933501124117941572e+01 1.650739240657135842e-01 -4.816778558764607254e-01
-1.929599038276342071e+01 2.469052352731830047e-01 -1.583364320467417485e-01
-1.930601140342452382e+01 2.920540868369437271e-01 -1.495693002747344735e-02
-1.931029202438525161e+01 3.027700232633902533e-01 6.457172244071252010e-02
-1.919529529064091733e+01 4.135675081976291634e-01 -2.302018632353117766e-01
-1.929711363072652119e+01 3.198763072067181135e-01 9.879346034831648637e-02
-1.832755847084789025e+01 4.679119622543178036e-01 -1.393713268744275524e+01
-1.931805689209860333e+01 2.849371349965658662e-01 -4.339148841562057157e-02
-1.931019416279056244e+01 2.994762030185227908e-01 3.132099651628550419e-02
-1.934969561114382586e+01 2.379388778857223496e-01 -1.554462089292858451e-01
-1.960523408725425298e+01 3.068066867986322110e-01 -7.379702847011224698e+00
-1.932135721969425646e+01 2.566127788365157869e-01 -1.480712981059699729e-01
-1.930688650692547270e+01 2.695036498605741238e-01 -1.497766420409263333e-01
-1.919394282599454371e+01 3.773794796170171217e-01 -5.081670182902726651e-01
-1.929930256507908837e+01 2.953615594141761891e-01 -1.079011021438880391e-02
-1.879859133826875350e+01 8.940601504568332913e-01 -3.772847573755559125e+00
-1.930826052600793119e+01 2.997197629280818343e-01 2.925059237786875599e-02
-1.941659497178584104e+01 3.370309522597814689e-01 -8.028133526474512394e-02
-1.930814500648053667e+01 2.975785653207568826e-01 2.573600073724691129e-02
-1.866573006497948484e+01 7.204990299660933850e-01 -2.948826523459500137e+00
-1.909163142769292421e+01 3.331186928737229769e-01 -8.566411158768953982e-01
-1.929292886799887441e+01 3.168957882635531353e-01 6.239549021929668982e-02
-1.928289540774107635e+01 2.500468133522191216e-01 -4.767231867711760884e-01
-1.912638872869768392e+01 2.240651984781221184e-01 -1.453119877858419784e+00
-1.924743571638973094e+01 1.511576834847063733e-01 -7.826530315231270407e-01
-1.931073597956420684e+01 2.628522469175572085e-01 -1.683172835693191871e-01
-1.930501582403726601e+01 2.614465999664815077e-01 -9.364487212489613910e-02
-1.943047917097568700e+01 1.940531825992317660e-01 -5.775962360334201406e-01
-1.933952294133891314e+01 2.688539238230265860e-01 -1.524676230837478386e-01
-1.893206448382107254e+01 5.669013392092545622e-01 -2.091924283306971333e+00
-1.932012946901762263e+01 2.468702634017543307e-01 -4.426752546905987629e-02
-1.934145989052077752e+01 1.921501995981004518e-01 -4.324293447807114887e-01
-1.912873501544279264e+01 3.255542876939485630e-01 -5.697211907775354689e-01
-1.872717713885165836e+01 4.417778631943514861e-02 -3.746376674160458720e+00
-1.931290814083387986e+01 2.824051768500006054e-01 -3.062583291154830079e-02
-1.932613738410906734e+01 2.830573164483524695e-01 -3.119240424056535232e-02
-1.902060007279092702e+01 6.251120605285174214e-01 -8.249318179173634746e-01
-1.935483306648925961e+01 7.664379293075675170e-02 -7.956719082367484930e-01
-1.982650686712819876e+01 4.168450532059751468e-01 -1.155736338931872886e+01
-1.930517176289928827e+01 3.005769813544146851e-01 3.216508328784328796e-02
-1.853879120264235780e+01 5.386080227898657480e-01 -4.782474408659101783e+00
-1.933649376897058758e+01 1.761002993022435237e-01 -5.492752604406714312e-01
-1.930425958851908064e+01 2.999417662860773270e-01 3.338023413830981667e-02
-1.933706542473002443e+01 1.876924518327497404e-01 -4.584214579244534349e-01
-1.930746724690484228e+01 2.997285573550512172e-01 4.086678494207163226e-02
-1.924736175349666212e+01 2.599274896963449377e-01 -3.638884612589148304e-01
-1.930369363345573319e+01 2.980060255746221354e-01 -1.008721931224698665e-03
-1.943899417230991133e+01 3.836438077665701996e-02 -8.428555761208915698e-01
-1.931242530918804334e+01 3.013818284915156798e-01 3.855989804101511709e-02
-1.929975632373134076e+01 3.136702931752997636e-01 7.583890038122476085e-02
-1.929953068777954783e+01 3.121689294982478713e-01 7.330545464291304825e-02
-1.803081497322174442e+01 9.960654097027402676e-01 -1.039300020391601187e+01
-1.914615693362611992e+01 3.575210932529078178e-01 -4.892439145544358325e-02
-1.929880195888276617e+01 3.129657153220244958e-01 7.793920991355740568e-02
-1.860778814429515293e+01 8.913050991020187164e-01 -5.714046701904523573e+00
-1.855578530690374706e+01 5.267777672165919745e-01 -4.262043986221522474e+00
-1.806653543108392768e+01 9.985035488974798312e-01 -7.141062536814128947e-01
-1.889163134557919577e+01 3.359378745792467869e-01 -2.193891757440816548e+00
-1.929852229889417359e+01 3.006262377409541497e-01 1.780185275172740944e-02
-1.930067291596886747e+01 3.123665542019183894e-01 7.629646609016482728e-02
-1.930228467002806170e+01 1.628095702141413581e-01 -1.790277032506242705e+00
-1.931134221915816340e+01 2.654956911703218458e-01 -1.675166697617527234e-01
-1.930175443715304695e+01 3.129438257641797838e-01 8.129296246704065254e-02
-1.933655965357371187e+01 2.334391139099105950e-01 -2.198150409024250962e-01
-1.930071561792985335e+01 3.149644358389160348e-01 9.237805179203562034e-02
-1.929938985121586725e+01 3.141562997569628535e-01 8.527305064672852097e-02
-1.933846021137222593e+01 2.157803235863715863e-01 -2.653863928433128905e-01
-1.929920236064925376e+01 3.154184371693130595e-01 9.045610838981588131e-02
-1.929900307213369715e+01 3.144406798958723770e-01 8.283088474024680181e-02
-1.923768578952785546e+01 1.794249638315305873e-01 -1.119300446746596123e+00
-1.930360752179153749e+01 3.016437523101042628e-01 3.629239865223432560e-02
-1.929900215953899689e+01 3.158559639685801224e-01 9.015600401371948180e-02
-1.970585481357545277e+01 5.311081609631891354e-01 -5.404781221113335477e+00
-1.929902496869510387e+01 3.163852601114449103e-01 9.279387710068220940e-02
-1.929905156696604607e+01 3.161230513252021868e-01 9.246074575570872867e-02
-1.930350215196311936e+01 2.955743935619426499e-01 -6.787415895615822592e-03
-1.929897314693012689e+01 3.172448574872263616e-01 9.612484561978185127e-02
-1.929823166383417288e+01 3.174586591343852016e-01 9.622019861095409965e-02
-1.929891363607315569e+01 3.173123771562254558e-01 9.829557710389380532e-02
-1.929746058740861514e+01 3.172020924806151498e-01 9.379912755687414005e-02
-1.929840392127443494e+01 3.172392448006843835e-01 9.663525363795599787e-02
-1.927294262852537088e+01 2.753737975358179213e-01 -1.455170734704331892e-01
-1.934110153504540719e+01 1.780419157899803539e-01 -4.884946012275719340e-01
-1.941986815887527129e+01 2.508252128451725696e-02 -1.260165333240760077e+00
-1.930082831399706578e+01 3.099876210201392146e-01 6.417029403194973725e-02
-1.931306275026217989e+01 2.146972281682495709e-01 -4.120863708001891723e-01
-1.929789907129456950e+01 3.181811237418048499e-01 9.902176639745796649e-02
-1.922329822076765282e+01 1.039888427261201898e-01 -1.792269555993353691e+00
-1.929799193538497804e+01 3.180111316033183977e-01 9.852592055417908057e-02
-1.929797762844940578e+01 3.180975269829390828e-01 9.794819204669380497e-02
-1.929614474585779149e+01 3.189548721971700584e-01 9.847498456938552636e-02
-1.929382229627506007e+01 3.054288001634947181e-01 1.419950019660731755e-02
-1.918775657906035903e+01 1.950601456747322604e-01 -1.486853743768396185e+00
-1.929818585231549477e+01 3.177299442007924246e-01 9.809836551151640549e-02
-1.901756954460844184e+01 3.204237410153143450e-01 -1.258352344095710507e+00
-1.930312145577516958e+01 2.924937882539119238e-01 -1.385004053022598214e-02
-1.900099919197574039e+01 2.396621903951974275e-01 -6.637384673323388995e+00
-1.929495970206754762e+01 3.198912882299360105e-01 9.923662170891311973e-02
-1.929673172034542716e+01 3.193170417011317874e-01 9.895604971613991552e-02
-1.929652951010696071e+01 3.188119747712953034e-01 9.993551436355829765e-02
-1.930295318533170601e+01 2.930239814087780559e-01 -1.888321081555410785e-02
-1.934896393771774825e+01 1.882353549207073373e-01 -4.512141870053856252e-01
-1.929772826523965179e+01 3.181401222915034022e-01 9.956677827447357743e-02
-1.929774195029084893e+01 3.185168121015568565e-01 9.922680547975559762e-02
-1.942532614489410037e+01 2.501307137785477863e-01 -8.069573507535565682e-03
-1.929691758859625494e+01 3.189115412314426079e-01 9.948430310851996694e-02
-1.928204671945494653e+01 1.720246325146413402e-01 -4.444041905499016565e-01
-1.897095933031826576e+01 8.732563117807383701e-01 -1.098485971224729241e+00
-1.929555695452845399e+01 1.853118241598016025e-01 -8.452095402217612019e-01
-1.932961353532010307e+01 2.007681832260524435e-01 -4.183750931534557793e-01
-1.929749850611530704e+01 3.188956993255324113e-01 9.947519273620208935e-02
-1.929734331044555518e+01 3.181773797800949155e-01 9.791898057870795924e-02
-1.933883910253614857e+01 2.164537059038875166e-01 -2.681400905075204122e-01
-1.862682903163051762e+01 7.228227085293692511e-02 -1.290353380014040852e+01
-1.947351591360229506e+01 1.192510537897650269e-01 -4.692500615586308044e-01
-1.929832811819429850e+01 3.180571414154151344e-01 9.999268721002430027e-02
-1.929783257295103382e+01 3.180725591636733851e-01 9.887519077498474473e-02
-1.887772301800415420e+01 4.126337626478360221e-02 -6.311857810438906924e+00
-1.929816786997075440e+01 3.171757039024049041e-01 9.662742777180177711e-02
-1.929862499963743971e+01 3.173136046484239525e-01 9.685030119832838125e-02
-1.802754949904895199e+01 8.721784740936173730e-01 -1.028911257273523994e+01
-1.941205832550600974e+01 9.388578460351801325e-02 -1.106609853106784058e+00
-1.929626655842584171e+01 3.190919543054764884e-01 9.915207216122645661e-02
-1.931117418642666905e+01 1.152331594812558146e-01 -1.083367598484144878e+00
-1.929626800077587845e+01 3.191020556130179653e-01 9.946348424333351090e-02
-1.929696567328667811e+01 3.189883608301468665e-01 9.946995985528950257e-02
-1.929814596620202138e+01 3.183134718276541264e-01 9.784460499578884196e-02
-1.928541642648270837e+01 1.777817065485134407e-01 -7.231821547430765662e-01
-1.930660886776995611e+01 1.998314490756679385e-01 -6.763598868082869586e-01
-1.931946673688631222e+01 1.533763328460621134e-01 -7.174766933115588330e-01
-1.932256041786745726e+01 1.344669661310989861e-01 -7.355820860296322650e-01
-1.929696771688379187e+01 3.188936685034203244e-01 9.885500582962869487e-02
-1.865821796799490073e+01 3.314519845431531109e-01 -7.661759458353418317e+00
-1.929512158766707941e+01 3.196417456379326283e-01 9.877310747985035277e-02
-1.846441759251199599e+01 9.596567153509845127e-01 -8.742937479393727784e+00
-1.934788830346830224e+01 9.459769188540342877e-02 -8.999249542224578846e-01
-1.924870777853080028e+01 2.490859722903218665e-02 -1.637529097581223780e+00
-1.934320513819787735e+01 1.961975488473563789e-01 -4.015466575102770719e-01
-1.934687664186544964e+01 1.946452710251300178e-01 -3.932684674876476549e-01
-1.929764608041047325e+01 3.184418107101439355e-01 9.877048448156955374e-02
-1.930947220882120519e+01 6.875986827117544498e-02 -1.221067174301058600e+00
-1.934791002815222072e+01 1.950706177712924205e-01 -3.944962327013588066e-01
-1.932920694597526889e+01 2.086360212284095461e-01 -3.734597608136471791e-01
-1.929684343714937711e+01 3.183262515706815621e-01 9.626129535208249877e-02
-1.930685225763926738e+01 2.634999169111886252e-01 -2.339680144845353027e-01
-1.929785819813323400e+01 3.184505254676797681e-01 9.975482798518342520e-02
-1.929679510657438968e+01 2.834245233650006801e-01 -1.302221019704496996e-01
-1.934677152959029911e+01 1.592311171572384498e-01 -6.040322996984368586e-01
-1.933020535040762056e+01 2.184399510155291824e-01 -3.423517382856644531e-01
-1.942266071776991865e+01 1.417799510554307585e-01 -4.665911636757513747e-01
-1.930605987474375596e+01 2.874294423350896022e-01 -4.477402469198565882e-02
-1.930872402980100588e+01 2.872590771284613265e-01 -3.362002797416430155e-02
-1.930064075701783821e+01 2.905810222177603874e-01 -4.134256273276903926e-02
-1.929827002956070103e+01 3.171300654903560501e-01 9.663416002505975655e-02
-1.931183800712326715e+01 2.833828329295994819e-01 -4.791076801131310958e-02
-1.930332864760771727e+01 2.938930987996539179e-01 -1.909930994844977192e-02
-1.930711863335241674e+01 2.935054038068043436e-01 -3.822244839938093719e-03
-1.929669289548829170e+01 3.167894909758286470e-01 8.716511045633623667e-02
-1.929783254127844572e+01 3.181944944939359976e-01 9.913076723836766746e-02
-1.929645165373565519e+01 3.163129605334516481e-01 8.640752763991521590e-02
-1.932612985618439438e+01 2.248788623645887885e-01 -3.023506925604220186e-01
-1.930317920288341327e+01 2.999688285969192569e-01 1.690622495211435705e-02
-1.929712916745031848e+01 3.167384474097650338e-01 9.283665374323391006e-02
-1.929884478957771066e+01 3.148817311455375245e-01 8.361906510535455084e-02
-1.930282519903903093e+01 3.052804349124055294e-01 6.429778338416447525e-02
-1.930011817148863784e+01 3.014558219115323623e-01 1.528561327082300636e-02
-1.929773438982856604e+01 3.171819773569551359e-01 9.530200438563340981e-02
-1.930577656928841890e+01 3.036586585178677744e-01 5.785634209631673741e-02
-1.930652268595000720e+01 3.045262065960742115e-01 5.205501812807611373e-02
-1.929955947309521136e+01 3.038625260264065653e-01 3.123473493726791617e-02
-1.930468456311053060e+01 2.981884351100192454e-01 1.576314265876632703e-02
-1.929880506798119910e+01 3.170230933992600475e-01 9.592426459343705858e-02
-1.929723978457483113e+01 3.160734732551631621e-01 8.938762791389365248e-02
-1.930047567876301784e+01 3.158827583543506456e-01 9.418404922817558145e-02
-1.867709020952865373e+01 5.482981132286166570e-01 -2.604339922651361050e+00
-1.929486797947298271e+01 3.028930241213986796e-01 -5.957749715216564823e-03
-1.929879317040296272e+01 3.169647429672133865e-01 9.659562148761047240e-02
-1.929905364786997168e+01 3.170280450303992192e-01 9.313617594570011704e-02
-1.883798892129598102e+01 4.293626420200923333e-01 -5.997907776802652080e+00
-1.929961351325009744e+01 3.141038648120019205e-01 8.206690381852688176e-02
-1.893166425481514281e+01 1.013151603318616090e-01 -2.344679787412244920e+00
-1.940235036212449771e+01 2.073126284389916196e-01 -1.122599846423284475e-01
-1.930757544508707468e+01 3.073737445270645630e-01 8.218738886340481997e-02
-1.929963049442624978e+01 3.127557512579918209e-01 5.820752190428812867e-02
-1.929948587688518913e+01 3.165463222329515935e-01 9.546212026319622623e-02
-1.929953577366766027e+01 3.148686872925092195e-01 8.960589265236862389e-02
-1.929971274804454495e+01 3.157210000014308293e-01 9.427343839226409727e-02
-1.929950464345950323e+01 3.132936362612356862e-01 8.397787038986237462e-02
-1.933397061852903676e+01 2.802312673229613860e-01 6.355337088351298291e-02
-1.933720730415286226e+01 2.673823603161085138e-01 9.876526847242494966e-02
-1.929811754837138338e+01 3.173827551186709228e-01 9.572668096948788730e-02
-1.929945058216292608e+01 3.123888256392977070e-01 7.235108936363410237e-02
-1.931013471152484229e+01 3.056032401060683745e-01 7.497347376975405098e-02
-1.930653699498817488e+01 3.064608888428807520e-01 6.602812315694173151e-02
-1.929512963504069845e+01 3.148147391808012729e-01 7.812635077183927024e-02
-1.929830413728504013e+01 3.173086116784178401e-01 9.565972347661855224e-02
-1.862483377318825717e+01 8.047426665070387397e-01 -2.866915168350002929e+00
-1.929799394578751048e+01 3.182280629113909964e-01 9.978107549495085493e-02
-1.929812751197127341e+01 3.180280774547784017e-01 9.910019398838620930e-02
-1.929824543067192621e+01 3.178877450450887099e-01 9.931562504525359714e-02
-1.929798974101245790e+01 3.172423755446969196e-01 9.431552269525411702e-02
-1.930683562829955235e+01 2.967922875834546614e-01 1.877916659829637069e-02
-1.930261239646343441e+01 2.986639991252439397e-01 6.104625399917296136e-03
-1.932490485817797321e+01 2.803778806524084288e-01 1.940851592537917725e-02
-1.931398192919863988e+01 2.761368168316450933e-01 -4.155992862921209507e-02
-1.929825981144627889e+01 3.179600976905527787e-01 9.993481307780172074e-02
-1.929797308644804943e+01 3.182184161623227703e-01 9.984782517415347058e-02
-1.884863216655843488e+01 9.467924878936849753e-01 -2.195504126739370676e+00
-1.902200197822860162e+01 4.897517529433628169e-01 -4.643485511432476898e-01
-1.929696297068505473e+01 3.188009689780893496e-01 9.954110720516240463e-02
-1.930646915509174022e+01 1.757987038998884699e-01 -5.711679001989207194e-01
-1.929747565727064895e+01 3.181396573267477046e-01 9.760413442628923519e-02
-1.929824395369960399e+01 3.177475475620001322e-01 9.949310638038255661e-02
-1.934367123489283102e+01 2.291893711251690169e-01 -2.477880713144866576e-01
-1.929889721614566866e+01 3.178454168266506286e-01 9.815585570599694165e-02
-1.916710805194878375e+01 3.618976059729527850e-01 -3.667510687789174995e-01
-1.929796566239723177e+01 3.172441864949594459e-01 9.214560108451763654e-02
-1.930653467200643192e+01 2.903287475574007348e-01 -1.061304007233943025e-02
-1.915557707605632842e+01 7.508189027219818179e-01 -5.640518704982948606e-01
-1.931085884803134078e+01 2.871160185710509571e-01 -3.181576187699519664e-02
-1.882099798314330386e+01 2.331925099446970073e-01 -8.548486727111141548e+00
-1.929791810785390993e+01 3.181490543534657434e-01 9.947820049316113966e-02
-1.929645721655303348e+01 3.181768119839880615e-01 9.601031417979122295e-02
-1.986591068865761400e+01 9.722015769595379053e-01 -4.467321613919761347e-01
-1.870676163390987412e+01 1.788972534083900223e-01 -1.832185127895460397e+00
-1.929817025031431044e+01 3.177114320499893618e-01 9.940071548182949357e-02
-1.923031689469173955e+01 3.184578013101431737e-01 -3.259011695388451813e-01
-1.847881938267573432e+01 9.568391908977059712e-01 -1.002614820677632856e+01
-1.933761141414621676e+01 1.687766028421841813e-01 -4.641522570428602279e-01
-1.929865532246196125e+01 3.173341310007545268e-01 9.744306993612639189e-02
-1.820947205495235366e+01 3.172971435630893011e-01 -1.424915318346280202e+01
-1.901998274829615809e+01 6.885390820531972489e-02 -2.727423493237512986e+00
-1.929736349203188794e+01 3.190889554096494884e-01 9.947243563949115241e-02
-1.929965143011452611e+01 3.145437217104893324e-01 8.536705946155365154e-02
-1.922817330816316073e+01 3.024681118428323989e-01 -4.347917604492916865e-01
-1.929768564234172246e+01 3.179172723776567677e-01 9.754448984351782315e-02
-1.903968707902397028e+01 4.628277588517489272e-01 9.168897982028312299e-02
-1.929807449195170577e+01 3.177645683732872595e-01 9.948435289475199284e-02
-1.928955575101840125e+01 3.032947650676670048e-01 -7.096619967827066944e-02
-1.931088034894858652e+01 2.825590383075444190e-01 -3.927369231761268509e-02
-1.902279672880899142e+01 2.797980335477565084e-01 -2.415857947856837384e+00
-1.930694442903088159e+01 2.973369705620501069e-01 1.967586951376532056e-02
-1.929790701979672463e+01 3.182090584047437831e-01 9.763862447121418597e-02
-1.929957085237262859e+01 3.135852511230535211e-01 6.947243900283694984e-02
-1.929611328489514221e+01 3.181347376581922237e-01 9.451264189338282051e-02
-1.929589549380501268e+01 3.191676402133535317e-01 9.723015801960599447e-02
-1.929703612189729967e+01 3.114294620006065606e-01 4.792582450630789026e-02
-1.929955636026247134e+01 3.165138720466766364e-01 9.212301877148121321e-02
-1.929360487170430005e+01 2.711864160766392917e-01 -1.890945764750657787e-01
-1.929817324318399230e+01 3.181558681766473162e-01 9.964458005414655872e-02
-1.929634090786554168e+01 3.073057901322117647e-01 2.510780625521391585e-02
-1.920369430775933139e+01 2.854430671447664158e-01 -3.972277303164375439e-01
-1.929632317311066814e+01 3.050294112771905208e-01 7.416785259330005431e-02
-1.938054464673600918e+01 1.432950481090494721e-01 -6.044368024863739919e-01
-1.930234691078782205e+01 3.098290209344772839e-01 6.209508564615440207e-02
-1.930248472637390122e+01 3.087529810428664701e-01 6.056988937715779286e-02
-1.928809465515181998e+01 3.043639575505830419e-01 4.622432251714769791e-02
-1.927919450784706612e+01 7.126707500472118095e-01 -1.300380116086081017e+01
-1.939037599437938297e+01 3.936402298469730138e-02 -9.834968383956734783e-01
-1.902080310952947784e+01 2.055050473477531559e-01 -1.343971100221078707e+01
-1.929235618734023916e+01 1.236442394501680864e-01 -1.005940380243304233e+00
-1.929689202784772561e+01 3.137563458340261735e-01 7.203237648220195410e-02
-1.938743899168753515e+01 8.373493192756634174e-02 -8.490202607292296477e-01
-1.929723595180334073e+01 3.183860917220437403e-01 9.830713050539863218e-02
-1.929845723691260417e+01 3.100266386765517801e-01 6.614955741647854381e-02
-1.930858726620695975e+01 2.901644712430896389e-01 -5.023548525512566698e-03
-1.933444615102820308e+01 2.674304320002606761e-01 -9.492432849523524396e-02
-1.929949516341668669e+01 3.160613924966965138e-01 9.554440982417311545e-02
-1.905260772096923105e+01 2.805723621532567602e-01 -4.795086943040427485e-01
-1.933542793649969482e+01 2.539708154001745211e-01 -8.894829075714127953e-02
-1.931301266873313693e+01 2.794842016883518632e-01 -1.203319187459452877e-01
-1.914926203806036753e+01 1.383808398248343730e-01 -1.323744863392469995e+00
-1.930480189918057476e+01 2.924472666072371885e-01 -1.974060049893111568e-02
-1.929728779198093847e+01 3.182732821939347478e-01 9.765891478680543969e-02
-1.930690435925426840e+01 3.104223970671974309e-01 7.867625096750252567e-02
-1.929964162763797830e+01 2.994652391810656566e-01 -6.951299901457375086e-03
-1.929793047669166839e+01 3.181955806071320447e-01 9.945701043254651097e-02
-1.930794788444163146e+01 2.829839805665556041e-01 -4.022402859944484987e-02
-1.906766553274807663e+01 2.335730918883894558e-01 -1.437659448946385865e+00
-1.929678625507030532e+01 3.189821195689067079e-01 9.958653110557236232e-02
-1.941086124690700032e+01 1.111518681944090176e-01 -1.752636619779757154e-01
-1.840271622448110023e+01 2.107587196323442158e-01 -1.404258227961923922e+01
-1.929728680770553595e+01 3.186073637204903664e-01 9.872378185245622717e-02
-1.873479433681961126e+01 1.024876063299906548e-01 -6.176458022541570614e+00
-1.895099325786826583e+01 4.482724843906053525e-01 -9.236445390355729756e-01
-1.929823609792709505e+01 3.179074424015976841e-01 9.818749752056632474e-02
-1.929792832504664446e+01 3.180896284842560928e-01 9.940117088355115982e-02
-1.874765880841404098e+01 2.518525289708541948e-01 -2.533088814058295668e+00
-1.929785151658712650e+01 3.180950282854360656e-01 9.917962699079119204e-02
-1.929992690863847216e+01 3.164978338060047691e-01 9.799551401923345395e-02
-1.929738940612439890e+01 3.187446034496898006e-01 9.956892518159143890e-02
-1.929882340510475203e+01 3.172790918133159277e-01 9.708526510536152898e-02
-1.929603280921435271e+01 3.197354814297271308e-01 9.930695148022650187e-02
-1.867028180315717023e+01 9.891214037300741779e-01 -1.009776147317209549e+00
-1.929591572613311712e+01 3.197364837233385160e-01 9.836584586190610935e-02
-1.930313924282722482e+01 3.148972996747561592e-01 8.757078232055093281e-02
-1.929709595950573586e+01 3.143198266066615787e-01 7.526430239506076703e-02
-1.929668782292475271e+01 3.175987535685705354e-01 7.707042437181677030e-02
-1.929910517632132994e+01 3.169672850979131096e-01 9.968132716283228945e-02
-1.929616891903893006e+01 3.168856843948865687e-01 9.051127208596732032e-02
-1.941017247690681558e+01 1.984320441726846185e-01 -1.884143488417091561e-01
-1.930380242584647377e+01 3.150903374647799349e-01 9.627665334988222412e-02
-1.929624025879639149e+01 3.196948207798870900e-01 8.354383187195324467e-02
-1.931210588987987009e+01 2.645262720480058283e-01 -1.159833983142384284e-01
-1.934276646252927634e+01 2.450115234059116187e-01 -1.062422335196373524e-01
-1.934776833045809141e+01 2.503399749840595212e-01 -1.358893652015922271e-01
-1.929702223288914453e+01 3.185100680239866811e-01 9.949335688210858564e-02
-1.929909848919698589e+01 3.160946871125574487e-01 8.958521166495714283e-02
-1.926344174736943060e+01 2.735161001297227168e-01 -5.264029906835219208e-01
-1.931923753937407540e+01 2.814929777335697381e-01 -2.507825326195245452e-02
-1.943091494571358169e+01 9.453360971560650916e-02 -5.166650630650586606e-01
-1.870317854695126059e+01 3.862775147964166989e-01 -6.091903350845667475e+00
-1.935740207534500357e+01 2.249567290592590085e-01 -2.379167786313036714e-01
-1.930949265774784607e+01 2.026039556226149618e-01 -4.311974773648437065e-01
-1.882294615056412468e+01 3.497297442912420951e-01 -1.992780756291852029e+00
-1.894988298103461943e+01 4.362211803407486932e-01 -7.931286929521768059e-01
-1.928962405616556808e+01 3.254701115635891262e-01 7.665944610367070311e-02
-1.931944979938203488e+01 2.288530258395784500e-01 -1.987205206247075751e-01
-1.911776962964283300e+01 4.345611992434631476e-01 -1.715468871475955837e-02
-1.893128758580956372e+01 8.954906017199013579e-01 -1.667173109168722078e+00
-1.892226882538817989e+01 1.501794182033506786e-01 -9.208487327958890134e+00
-1.866265455085996905e+01 7.006131794228238618e-01 -1.852709198805575497e+00
-1.929755175610268836e+01 3.184936390563848918e-01 9.896157353248469235e-02
-1.916537521809953049e+01 4.203969972653853193e-01 8.790817389705551932e-02
-1.910155470171169867e+01 4.064911146746092996e-01 -3.235000662792693049e-01
-1.944488927432456649e+01 2.108660372960935794e-02 -6.604884325131052947e-01
-1.930066976356744490e+01 2.958276577007329378e-01 -2.386114611593193047e-02
-1.946906571285728660e+01 7.292028586973843540e-02 -3.189538491485190974e-01
-1.898418809988946876e+01 1.482666079480658150e-01 -2.206296969262243834e+00
-1.930625782288947789e+01 2.931785015027563723e-01 -5.399493158382284719e-03
-1.929440285360988128e+01 3.195527371265645122e-01 9.061674663694851972e-02
-1.929896206819146798e+01 3.170663141781841499e-01 9.798621146141606175e-02
-1.942389407212547781e+01 1.380476043511403295e-01 -6.157249340304318252e-01
-1.807911643991835504e+01 3.952568862759733292e-01 -8.846459219767988102e+00
-1.929882890743743573e+01 3.162196031037772803e-01 9.524103247888682233e-02
-1.932441324567990648e+01 2.553821801643447742e-01 -1.675410705817412804e-01
-1.930759640300836111e+01 2.615482505461274587e-01 -1.862854965771703064e-01
-1.932473138972383708e+01 2.174369950579120858e-01 -3.209132729175188103e-01
-1.929592060408441867e+01 3.180511802350115547e-01 9.149544958795452487e-02
-1.932424801077833010e+01 2.640973843824063749e-01 7.229437390537007957e-02
-1.929504524369424345e+01 2.746027633925353095e-01 -1.256748303104942011e-01
-1.931793926227787850e+01 2.954859688721173105e-01 4.730077068717442046e-02
-1.929777574984992583e+01 3.166585871093039461e-01 8.950664568722999093e-02
-1.934393401344898322e+01 7.045257796380950677e-02 -1.011304599245704594e+00
-1.948834065608314603e+01 3.443747237112573800e-02 -6.579509673537025094e-01
-1.911367335340074192e+01 2.295176453771670955e-01 -1.232715112151819170e+00
-1.929826284307336337e+01 3.179346975025889588e-01 9.840491270587037320e-02
-1.932150163606988258e+01 1.821390199448909286e-01 -5.987481689554829956e-01
-1.868476290658278671e+01 3.543945557109896560e-01 -2.133308501673155888e+00
-1.929927176656126164e+01 1.824316239875094503e-01 -7.194508927999727632e-01
-1.929736068323013143e+01 3.183940376532515271e-01 9.910819324968045407e-02
-1.946829389499112040e+01 1.428642205398395482e-01 -1.473727370694456695e+00
-1.941914901732582166e+01 7.194482248501414545e-02 -7.251660849338925630e-01
-1.929713696995573002e+01 3.188765064225081436e-01 9.965509390361404485e-02
-1.940793793900258279e+01 1.051815646327772108e-01 -8.698162121309493955e-01
-1.929673555509239691e+01 3.185625773087178425e-01 9.876093608047220584e-02
-1.954104807008830491e+01 8.243923159620933916e-01 -1.271507628184064309e+01
-1.900809890923007117e+01 4.633851461428402096e-01 -3.982260930759391471e-01
-1.929599013000554208e+01 3.191822459796047062e-01 9.821390727841361468e-02
-1.929647013281181600e+01 3.190350379765826694e-01 9.846655206410837025e-02
-1.929773583951371663e+01 3.178791107198620791e-01 9.956082556022316510e-02
-1.918369346594358404e+01 3.408120106395373661e-01 9.410241390573581555e-02
-1.929841673433164573e+01 3.178536872358194154e-01 9.972503732256932096e-02
-1.933951059179544174e+01 2.560551760360458839e-01 -1.336748027246752457e-01
-1.933626783185419384e+01 2.701451961640691235e-01 -2.314216572287719487e-02
-1.929910124633263635e+01 3.151013700485990054e-01 8.719800463133786650e-02
-1.929811138397001713e+01 3.171725055856060571e-01 9.583885693175098197e-02
-1.931879775487436035e+01 2.859073139439802791e-01 3.015741276365879742e-02
-1.929753656159711284e+01 3.183142128738205567e-01 9.821313409921117454e-02
-1.929322410129981691e+01 3.169170339864470498e-01 6.601562208718902980e-02
-1.929820861563673517e+01 3.178403436405117799e-01 9.823448352562635932e-02
-1.932772399692467147e+01 2.662351995992903175e-01 -1.142049135053895270e-01
-1.929837321735230660e+01 3.178303620150858544e-01 9.885936745025425409e-02
-1.930833558170923325e+01 2.998542844338561442e-01 3.576592595158167853e-02
-1.929791059331066450e+01 3.180803759782266926e-01 9.957103549858992153e-02
-1.929779450919077632e+01 3.182610116625648744e-01 9.936505006914408966e-02
-1.929688786481241181e+01 3.186862982574967806e-01 9.971069917500230417e-02
-1.929819259059002690e+01 3.178070687869685162e-01 9.875015725543789813e-02
-1.929611290199731854e+01 3.118799849387616785e-01 4.942504648976608905e-02
-1.929774537737812423e+01 3.155251552625540912e-01 8.219251287862050503e-02
-1.929707302334078989e+01 3.186244822731442161e-01 9.974721739151171107e-02
-1.927788886049097528e+01 3.098302121606352211e-01 2.238752284056211295e-02
-1.929780127505653198e+01 3.179790924098506721e-01 9.825069879335224243e-02
-1.930382489527639223e+01 3.048040762279500826e-01 4.843353129076710673e-02
-1.932547074593798797e+01 2.733192658597699554e-01 -1.632264721436751387e-01
-1.929732270781013526e+01 3.186278783134934289e-01 9.791751328790887499e-02
-1.929782027948380474e+01 3.179332504828231154e-01 9.884488905183985707e-02
-1.926311787098521577e+01 3.133479764070123408e-01 -5.062404582538171383e-02
-1.929850071695797809e+01 3.171157897251286051e-01 9.452723966020393220e-02
-1.929939072692479840e+01 3.181715664332488980e-01 9.557442978736752082e-02
-1.929674950816522383e+01 3.187719156310737656e-01 9.749755775872870345e-02
-1.931327469348554970e+01 2.960036185226194716e-01 2.481860795014689813e-02
-1.929687163022927621e+01 3.186565711431299519e-01 9.924148042241753842e-02
-1.930263584870251137e+01 3.081511723386979318e-01 6.300526086528002168e-02
-1.929742043459124545e+01 3.184656189760065037e-01 9.883510634778858162e-02
-1.929869070033995371e+01 3.140688441853005108e-01 8.070802555458556071e-02
-1.929892950968055132e+01 3.140461341432747577e-01 8.031050141384987739e-02
-1.929867120843791994e+01 3.134071334991463398e-01 7.634924745545390579e-02
-1.929772892675876150e+01 3.181502162161997105e-01 9.979013530645097774e-02
-1.929771398386380454e+01 3.177940812913036539e-01 9.881707081090418399e-02
-1.923241535394267743e+01 2.399815727811739630e-01 -4.654200140414275211e-01
-1.929801579938450118e+01 3.184078284303688555e-01 9.993259822693723038e-02
-1.929921326866405806e+01 3.174494341660752950e-01 9.911654092274346795e-02
-1.929777089361562759e+01 3.174854845931894265e-01 9.673225832802856416e-02
-1.821769552206260201e+01 9.580272330621869559e-01 -1.203147998590592493e+01
-1.929692317046644590e+01 3.189497375613642438e-01 9.913818157806630893e-02
-1.929747545193460923e+01 3.190279764930015749e-01 9.999265490680997459e-02
-1.901720985923086715e+01 2.834245430159255674e-01 -1.842610525781786635e+00
-1.930009137128404717e+01 3.139477234547352613e-01 6.979696539217350448e-02
-1.928570908509253101e+01 2.829797902280831168e-01 -1.371796606134516594e-01
-1.929701861318723743e+01 3.186281713987365038e-01 9.989811493353428773e-02
-1.929532523529886134e+01 3.088498981028747759e-01 3.675475403243844141e-02
-1.929619638083480027e+01 3.083347310322774315e-01 4.389745103980757790e-02
-1.929311288865408613e+01 3.140180157467463151e-01 5.845940258166137937e-02
-1.930365249641177527e+01 3.060231423891786595e-01 5.643319906461208291e-02
-1.929914326216647069e+01 3.171643684413615882e-01 9.590378525982146130e-02
-1.933996239994986510e+01 2.721223574407206081e-01 -1.150883577040957562e-01
-1.929702452657632250e+01 3.185011683896235568e-01 9.879434524135710660e-02
-1.929804652698771861e+01 3.173474964706689549e-01 9.293216758303657343e-02
-1.931743008831565334e+01 2.950608966053996918e-01 -7.752999687689055008e-03
-1.929740551135097704e+01 3.184924160471021559e-01 9.944046385584925929e-02
-1.928832361831626940e+01 2.790427920015970953e-01 -1.275492355588632165e-01
-1.929666776387067983e+01 3.181210926550566143e-01 9.432984967181567981e-02
-1.929689657329377539e+01 3.188745094400977642e-01 9.916905287205146635e-02
-1.929725491811220550e+01 3.185276756836837309e-01 9.910598566000139442e-02
-1.934428300591357797e+01 2.409127369494227511e-01 -9.877465238009719428e-02
-1.929491360384142595e+01 3.198954948760798223e-01 9.667222097790784119e-02
-1.929796952705891755e+01 3.180355067679751513e-01 9.978499961457920620e-02
-1.929466635307549183e+01 3.204745982311258401e-01 9.160114637832705853e-02
-1.941161546221596979e+01 1.023776670802108713e-01 -6.877909287492727231e-01
-1.935869477768495983e+01 1.594731874725965337e-01 -5.269934456743960993e-01
-1.896317750517836842e+01 6.678279246111772371e-01 -4.859130015040378225e-01
-1.934599611515622897e+01 2.476361505336401314e-01 -1.223283476999377228e-01
-1.932661751956243279e+01 2.499214636262515887e-01 -1.348346756181015849e-01
-1.929882269679226425e+01 3.175778453490985531e-01 9.865878619281254203e-02
-1.918554247076583863e+01 1.462357802783273986e-01 -1.000296519050060340e+00
-1.926691389600876647e+01 3.407016349210176820e-01 9.243929057715938313e-02
-1.930543816063798701e+01 3.108236039973444886e-01 9.119470965882214841e-02
-1.929994028666125772e+01 3.127875676820418005e-01 7.449625780493818183e-02
-1.909574883905525766e+01 4.454429374563386723e-01 -3.064021202079807438e-01
-1.886835937657997775e+01 4.605678973264564768e-01 -3.211344254956578936e+00
-1.867535460415179571e+01 6.236567333268344671e-01 -3.048855222343954452e+00
-1.927752420171508518e+01 3.173909182764877990e-01 1.211297922399268145e-02
-1.929805499438952054e+01 3.162633993559679224e-01 8.985720479438974451e-02
-1.921840700945772795e+01 3.363769040976375968e-01 5.872864418987155943e-02
-1.921869346975667270e+01 2.601281064451783087e-01 -1.920995601443237888e+00
-1.929957190798207378e+01 3.166127410068183545e-01 8.853104209364204280e-02
-1.938480416873418122e+01 8.665828965103581361e-01 -1.416344294733037579e+01
-1.928701116420622697e+01 2.743328046001818343e-01 -1.806736697215907128e-01
-1.938247628816809964e+01 2.417783154277929614e-01 -1.353519645207104105e-01
-1.929642293189361979e+01 3.189795514915133579e-01 9.944464156240329089e-02
-1.929692350706324078e+01 3.184737134331335207e-01 9.889706081933091752e-02
-1.926979516004733739e+01 2.484439745141749367e-01 -9.983777842812813219e-02
-1.933089084031067983e+01 2.131020848669369638e-01 -3.558820682095475973e-01
-1.929722602543911236e+01 3.183822918970472537e-01 9.879603855180363325e-02
-1.929764247837097813e+01 3.184327068523085114e-01 9.972490373527165275e-02
-1.929733847197574548e+01 3.187981617549597857e-01 9.908345977555299555e-02
-1.925968380082670350e+01 4.341737958309859202e-01 -6.953844280299300351e+00
-1.882591074240216145e+01 4.697137125297539684e-01 -4.194422748411231083e+00
-1.932521607365942984e+01 2.395781663262460670e-01 -2.227940496745723920e-01
-1.932097837560991849e+01 2.376218228763986862e-01 -2.382572689245652242e-01
-1.934456611542971771e+01 4.192763220014970593e-01 -1.177750733220115364e-01
-1.882248042590774517e+01 1.785080853933013190e-01 -4.559650308872962299e+00
-1.929206291271312423e+01 1.805532664956058242e-01 -6.441453642527239509e-01
-1.864730452153778373e+01 3.132434129138863543e-01 -2.439024715784192665e+00
-1.887534714685274295e+01 5.682783373482611644e-01 -4.151576326781203363e-01
-1.932613715201430082e+01 2.436206252111228487e-01 -2.039741514697155367e-01
-1.938619396116619953e+01 1.127166953322788073e-01 -7.230362712962445926e-01
-1.936660621690009876e+01 1.951391003373811189e-02 -1.207338645938071053e+00
-1.913110058401473879e+01 4.394751073210970832e-02 -2.893995787479319404e+00
-1.881500440523180373e+01 9.709694955934202731e-01 -1.044165870941924368e-01
-1.933850438727654719e+01 2.548526564567478725e-01 -1.502819894764044761e-01
-1.929801637958201965e+01 3.180267243686643597e-01 9.968111042630134477e-02
-1.914467517903414517e+01 3.181685919556873632e-01 -6.506900751680166906e-01
-1.901909331187534846e+01 2.342289636244934692e-01 -3.463040651136957138e+00
-1.923107644353855150e+01 3.069254032755026618e-01 -8.251279223563745546e-01
-1.911803747969579703e+01 3.723570593369037729e-01 -1.079270433757494985e+00
-1.936498380954289900e+01 9.582174463702898548e-02 -8.604005645807824010e-01
-1.936167478221202742e+01 1.589694645197223810e-01 -5.398379226637430861e-01
-1.935845686582324632e+01 1.067121403479153186e-01 -8.000801625322573329e-01
-1.929757962691978790e+01 3.183823244424321963e-01 9.776072452316775241e-02
-1.935332870029390051e+01 1.269462068914963826e-01 -8.770461502127204767e-01
-1.869917618629586187e+01 7.040708256318759517e-01 -9.384832316830387100e-01
-1.937994179652862314e+01 1.443718389871986030e-01 -8.080009112645871738e-01
-1.929504575567324665e+01 3.211382975711072896e-01 9.817731788288774908e-02
-1.917165487336065155e+01 2.260497388599568003e-02 -2.423808990866806568e+00
-1.938579604467979678e+01 2.224338931314868151e-01 -3.450505681385109824e-01
-1.933386251387945620e+01 2.283762907480312576e-01 -2.474404090974271497e-01
-1.887416548953192930e+01 6.678783396411041018e-01 -4.088121807854415479e+00
-1.966154072906799755e+01 8.059587126362777187e-02 -1.082301673729084257e+00
-1.934313627216465648e+01 2.385652970199797218e-01 -1.604619798659410179e-01
-1.931739199364990967e+01 2.512057848751481082e-01 -1.955273496418161727e-01
-1.943448585353080560e+01 1.853496357451908105e-01 -3.198780881502383266e-01
-1.929024711432874994e+01 3.215671814608823120e-01 9.460579458010975884e-02
-1.931742549674190812e+01 2.436764706646725176e-01 -2.527364646221990085e-01
-1.836484130301917261e+01 7.019448599973223679e-01 -4.954947771125105760e+00
-1.932189740434313663e+01 2.502626288815030797e-01 -1.905493206195334466e-01
-1.937566350682007865e+01 1.316014824564867890e-03 -1.246112409131251653e+00
-1.933523227335957273e+01 2.286643992448988694e-01 -2.170579050244434427e-01
-1.930495403337830140e+01 2.725141149660151862e-01 -1.345170555388364164e-01
-1.905552115115467160e+01 6.090955766142740480e-01 -1.286037892838987062e-01
-1.916007845637432183e+01 4.174378223898060902e-01 -1.233835277007599984e-02
-1.932365991010348694e+01 2.317258833787496919e-01 -2.754397059538096215e-01
-1.928727845576930378e+01 2.818826967230957936e-01 -1.463216305965016062e-01
-1.929265806810303729e+01 3.101403104433514413e-01 3.873890529799695059e-02
-1.903256215147601438e+01 5.059891200260127064e-01 -3.752238902938582754e-01
-1.930945871338374076e+01 2.775642022021010402e-01 -7.512980417571313296e-02
-1.930949297287651589e+01 2.782128536612698544e-01 -6.263557569517885781e-02
-1.929876658833114078e+01 3.172823278408124503e-01 9.890111409300672562e-02
-1.929832995869873713e+01 3.177245818129880717e-01 9.824556963703479084e-02
-1.922594713224091123e+01 8.146295836410198665e-02 -1.985449776526950316e+00
-1.931222236243968737e+01 2.812559344621963220e-01 -4.967062453331649863e-02
-1.932496771366739452e+01 2.810570946292916261e-01 -2.067798635792428286e-03
-1.924220410084960520e+01 9.876570726502384434e-02 -1.723598737881584242e+00
-1.928457240101723258e+01 6.822414664474234502e-01 5.569928333509288620e-02
-1.915995217421804497e+01 2.327202597812533524e-01 -9.808925517797639770e-01
-1.930500127733428783e+01 2.989702160129680819e-01 1.191217447780168470e-02
-1.929503380078161356e+01 3.196625993735064397e-01 9.843141772972430203e-02
-1.924635147981939554e+01 4.030424547879321584e-01 5.871519682814607677e-02
-1.930050099761514204e+01 2.975228660580250817e-01 -5.651661060117163515e-03
-1.929720371283113778e+01 3.186407437927032404e-01 9.975921029084133806e-02
-1.929962005739355035e+01 2.551181421721632758e-01 -2.246147807574860877e-01
-1.930300132762602061e+01 2.493391731888426610e-01 -2.830101867621337419e-01
-1.929572185504825299e+01 3.193793148165319784e-01 9.979085545016452841e-02
-1.930701509491738932e+01 2.917832706456576219e-01 -6.932993445669666244e-03
-1.930615664593868530e+01 2.913038441845345328e-01 -1.477548775466352993e-02
-1.930738030309382225e+01 2.965668769533942317e-01 2.325415821574239317e-02
-1.930605812312616720e+01 2.985821943517305010e-01 2.175364672369539676e-02
-1.930150251336755574e+01 3.045616220904466820e-01 3.331623586475629395e-02
-1.924695483648179462e+01 2.340983474388534380e-01 -4.084310887450453009e-01
-1.929719732410977784e+01 3.188626555190486878e-01 9.716593492496095053e-02
-1.931575847776024091e+01 2.437233809115924299e-01 -2.280802763890932283e-01
-1.932563894392754023e+01 2.109963528613212347e-01 -3.723322693134107908e-01
-1.931031846130543173e+01 2.225287943921082090e-01 -3.523292742574373193e-01
-1.916738051812201604e+01 3.968630314659528646e-01 -4.970257815116063682e-01
-1.929503146737301122e+01 3.195814194007386977e-01 9.218304304124913529e-02
-1.929979204116544622e+01 3.116072276621477122e-01 7.098480470745371917e-02
-1.943921661966144754e+01 5.393016801591590109e-02 -8.763546690558108310e-01
-1.934461984261173129e+01 1.573374529956906298e-01 -6.279046362370461765e-01
-1.930181661055850739e+01 3.041526380657244566e-01 4.056974161939308487e-02
-1.930503075569778204e+01 3.021839858410537150e-01 4.077113251325314991e-02
-1.933210235431843316e+01 1.858389174777936859e-01 -5.316650174644141913e-01
-1.932853521304843980e+01 1.959486869598430492e-01 -4.836633580629072782e-01
-1.929409393634200143e+01 3.126508716688701228e-01 5.408194357096185456e-02
-1.928068033629996592e+01 3.289634313066948645e-01 7.192842443355118576e-02
-1.925996380639729821e+01 2.940521845869528694e-01 -1.366606027926664524e-01
-1.927894757110023960e+01 2.217479455980960190e-01 -5.202873444653430823e-01
-1.906172131868278896e+01 4.077194820275147902e-01 -3.750253651645358843e-01
-1.929726184556841773e+01 3.181332068621814946e-01 9.723014584228018009e-02
-1.929739659455131573e+01 3.127436913116990458e-01 6.927942938685127672e-02
-1.848764521918502268e+01 5.174982476916536456e-01 -1.783829126570548596e+00
-1.930016085677434035e+01 3.156639793949481687e-01 9.477877256226818758e-02
