# level_assignment log_likelihood tiebreaker ID
0 -3.630871532230720914e+04 3.798980599434820249e-02 2
0 -1.781338872870011983e+04 2.888473485570796639e-01 3
1 -1.137728484924305121e+04 4.878338784411226925e-01 1
3 -4.274819356528536218e+02 6.318283647593929686e-01 3
4 9.625353562316781790e+02 7.854705080796797745e-01 4
2 -1.940372424296448344e+03 8.681546354115425856e-01 4
4 1.234431349359726028e+03 6.685633000509183521e-02 2
5 1.033159402349540869e+03 3.043905055688939099e-02 4
1 -1.098652344438108958e+04 3.401131338462710652e-01 3
5 1.089218278282881329e+03 7.713135800273771547e-01 4
5 1.122428589689416185e+03 5.392483916388098875e-01 1
6 1.219152998187796811e+03 4.707398652831241703e-01 1
0 -1.095089163552016998e+03 8.687315325859081838e-01 1
6 1.237494321417311767e+03 7.361574247248279246e-01 0
1 -7.965218671476521195e+03 4.538269303145048283e-01 0
8 1.270494547588707519e+03 2.702565225159316298e-01 2
10 1.280586645679793037e+03 9.967447626578330722e-01 2
6 1.275090296149283859e+03 5.637941490074513951e-01 0
3 -5.070986853227852862e+02 3.446985671939550300e-01 0
11 1.290097434551150855e+03 2.114212839407462186e-01 1
9 1.274969649754527154e+03 1.234377852241953649e-01 2
3 9.776411287423093199e+02 2.604084057898385929e-01 3
2 8.909428829267155834e+02 3.984603241671091922e-01 3
13 1.290609614382671225e+03 9.423303894025013561e-01 2
12 1.290507276966720383e+03 1.699713959528539320e-01 2
14 1.291379370882730200e+03 1.873951689200482051e-01 0
8 1.263246167187706305e+03 5.174081223744060321e-01 4
7 1.257960309644724703e+03 9.267077013659826834e-01 4
13 1.291908735551712198e+03 8.226511628316862668e-01 0
9 1.288693296710679988e+03 2.401745369763632343e-01 1
12 1.291278724533155355e+03 3.934069179275159200e-01 1
16 1.292399672301326518e+03 4.753714957129049901e-01 0
11 1.287318505248242673e+03 5.375060055496619915e-01 4
8 1.264172976172176959e+03 8.893553943758454317e-01 3
9 1.279706673119366769e+03 8.374507390964787135e-01 2
10 1.280451400034969083e+03 8.149095499404518383e-01 4
9 1.283060298000839794e+03 6.712963337432178434e-01 4
8 1.261745252244663334e+03 3.905069420740527875e-01 3
10 1.281292000388313227e+03 1.339974220897115487e-01 2
9 1.280895679357598056e+03 1.590906056218370779e-01 2
16 1.292390033794826422e+03 2.714713331225747650e-01 0
13 1.290785234181718806e+03 9.684622821516342128e-02 1
18 1.292436663696222013e+03 9.365179006650345972e-01 0
12 1.290703077283514176e+03 9.509833520793229411e-01 4
11 1.285428140641395657e+03 7.675946835251270528e-01 1
3 7.071310852647297907e+02 2.725924844949912385e-01 3
6 1.286555803698322052e+03 3.679017967698010594e-01 3
10 1.282557531045688620e+03 9.640953854238447640e-01 2
19 1.292471011663969421e+03 3.342566795909922006e-01 0
2 3.438672892299267687e+02 5.741427171466703117e-01 2
18 1.292468064094756073e+03 9.038387285896959389e-01 0
17 1.292380882417498242e+03 9.454191111657781477e-01 0
16 1.292294483337432666e+03 4.551432118899132462e-01 1
17 1.292388119973360972e+03 1.775785660656227227e-01 1
13 1.290177847141013444e+03 4.902194381046375005e-02 2
5 1.168875294491866498e+03 1.849594167691170910e-01 4
20 1.292485541884705526e+03 4.232742831776059589e-01 0
11 1.288297384091273216e+03 3.237506911585528724e-01 3
19 1.292464634494720940e+03 7.152850781849838802e-01 0
0 -1.433131731921333085e+04 7.326649600590143807e-01 4
14 1.291917113908847114e+03 2.874509900686054165e-01 1
7 1.275953381201909451e+03 3.487083987348960079e-01 3
20 1.292487147236004603e+03 3.564450657680211521e-01 0
14 1.291461796963791585e+03 9.291785213376052566e-01 2
3 -6.071381649980196471e+00 8.012572935642441052e-02 4
21 1.292485113273292427e+03 8.128707414384194196e-01 0
16 1.292171071745919107e+03 2.443324743150038225e-01 1
0 -3.359170542533291609e+03 4.718199682090586933e-01 4
17 1.292384951431811260e+03 7.857049359337411332e-01 0
18 1.292432733121814636e+03 1.977942046325810443e-02 2
18 1.292430824098102676e+03 6.249601044622727919e-01 2
20 1.292475865491383274e+03 7.863012167856711088e-01 0
3 7.917901560453439060e+02 7.229125457167651092e-01 4
4 8.406528969277778742e+02 1.024750089335413616e-01 3
5 1.220164899187593392e+03 8.792983237037930166e-01 4
3 6.851948430463164641e+02 3.296660946248442525e-01 4
11 1.285076413569055603e+03 3.257634140874779982e-01 4
19 1.292468877480640458e+03 5.977301951451762241e-01 0
10 1.283194510631317371e+03 3.769859365425636266e-01 4
0 1.725692953833155343e+02 3.636456161206180759e-01 3
15 1.291945288080790760e+03 9.433656876282449089e-01 2
8 1.278006807652487623e+03 6.035230499546528904e-02 4
10 1.281232530434618639e+03 8.332843790079754731e-01 4
9 1.276031649645077778e+03 8.620113005375410475e-01 4
13 1.291127614592610371e+03 2.128685804382661195e-01 1
9 1.290833763855869620e+03 5.440321660927480707e-01 1
18 1.292431814378572653e+03 4.513243417478485231e-01 2
9 1.276548084130781945e+03 2.016540377291358155e-01 4
14 1.291998334742263751e+03 3.132838863932843054e-01 0
9 1.272745200938233666e+03 7.818420313311174041e-01 4
15 1.292046539276789645e+03 4.023784370458471926e-01 1
20 1.292485103790615085e+03 1.527396894960709739e-01 2
12 1.290402805081565020e+03 1.093250997193460777e-01 1
22 1.292489479266042508e+03 2.754156306850825686e-01 3
3 8.307583324073600579e+02 5.436660538630675443e-01 4
12 1.289255090902461234e+03 2.932870443164979357e-01 1
19 1.292479698435119190e+03 3.574553850833070978e-01 2
18 1.292466215332875436e+03 4.031479321763861146e-01 2
8 1.259703050418307157e+03 7.591451051444184639e-01 4
19 1.292468849437620520e+03 7.588942913395506640e-01 0
16 1.292335748221444192e+03 1.130177162631307297e-02 2
13 1.291246317984359393e+03 9.804863872266355029e-01 1
10 1.280789601593531188e+03 7.770540204680838059e-01 4
13 1.290727286149147403e+03 5.425054332485188535e-01 2
9 1.280175306131390926e+03 6.724452018900590744e-01 4
15 1.292054071846555416e+03 6.266252646301762042e-03 2
14 1.291436355955820318e+03 3.463533592614914669e-01 3
16 1.292383909335991575e+03 1.259039128109762373e-02 0
18 1.292440258080705462e+03 6.768539279733332137e-01 3
13 1.291671068138865166e+03 8.990955109492412278e-01 0
18 1.292466470451740179e+03 4.327028643997407054e-01 0
16 1.292454049187942019e+03 9.619546382941340790e-01 2
18 1.292446658384791817e+03 3.782599387226747156e-01 3
21 1.292489039190038056e+03 5.927784875966472800e-02 2
5 1.113362498558095922e+03 4.180676795270619750e-01 4
11 1.290086903582294326e+03 6.271447350384705688e-01 1
20 1.292485544271542949e+03 1.409008338736139621e-01 3
21 1.292488769075609980e+03 7.247714344138268538e-01 3
20 1.292481923320755868e+03 4.379613269443893842e-02 2
4 5.304308585931102016e+02 1.665478865751561233e-01 1
13 1.290651766245508952e+03 7.495807352947263524e-01 0
18 1.292484748683799808e+03 2.269692834813798188e-01 3
19 1.292486517873289813e+03 8.328350403254627943e-02 3
17 1.292340132690932478e+03 2.387369826138368012e-01 0
22 1.292488775551126764e+03 3.149185623776792342e-01 2
11 1.285869214911482004e+03 9.145397735672858852e-01 4
22 1.292488241916514198e+03 6.487981819074474243e-01 3
17 1.292411960715599662e+03 7.044929709900866754e-01 2
8 1.278235168923018364e+03 3.635740163010048320e-01 1
19 1.292461623577451519e+03 4.052801523804516748e-01 2
9 1.283788955257835823e+03 3.959033622763546423e-01 1
18 1.292466765977515479e+03 8.143773290548095289e-02 0
6 1.159089868120643587e+03 9.707175943876679147e-01 4
17 1.292391297674974794e+03 3.508751688302678695e-01 2
17 1.292421606079525418e+03 2.359205724157837636e-01 2
20 1.292483063382677756e+03 2.770092574645603989e-01 0
9 1.273992300272153898e+03 6.505290959468688072e-01 4
0 -6.004355212686002778e+04 3.921475837680196141e-01 4
24 1.292489967044699370e+03 7.992565423248220169e-01 3
0 -5.887716277782509860e+04 4.418021812117719493e-01 4
0 -5.308888632030651024e+03 3.399266881371800775e-01 4
22 1.292487728685855473e+03 3.818918967402992748e-01 0
6 1.259001752256776854e+03 6.462663106427704585e-02 1
21 1.292486726519064177e+03 7.803818956523137507e-01 0
1 -9.802675134798266299e+03 4.616785154472056729e-01 2
21 1.292484920809452433e+03 6.243631603493371429e-02 0
9 1.280335961930893063e+03 2.579618993395653703e-01 4
18 1.292474911895393006e+03 7.924643917567451012e-01 0
20 1.292483883214765228e+03 3.791233130254719752e-01 0
21 1.292484344654813185e+03 9.303642362638875341e-01 0
8 1.272151011787749894e+03 2.077760693539053571e-01 2
9 1.279030269134556875e+03 9.396190486413484866e-01 2
5 1.086542963009221921e+03 7.679323010636931457e-01 4
5 1.136528758995700628e+03 8.193815388209095829e-01 1
6 1.211407396279185832e+03 9.971824226913758027e-01 4
23 1.292490063922445643e+03 3.242903168122538426e-01 0
7 1.237957094294556782e+03 9.576235349227995020e-01 1
25 1.292490413939061909e+03 1.681410180029000168e-01 3
25 1.292490245470268974e+03 7.431901416872579436e-01 0
13 1.291604587154230103e+03 6.582025632414717498e-01 1
23 1.292489752038795814e+03 8.749492363874651346e-01 0
1 -9.492387097325972718e+03 3.064732598704528743e-01 1
9 1.272442579235927951e+03 9.253361879349206731e-01 4
9 1.284557223527999213e+03 6.492437670508199865e-01 4
22 1.292488373189522463e+03 4.287806951295651814e-01 0
8 1.272383503507201112e+03 4.943120580689045473e-01 4
7 1.236583417749340242e+03 1.767070891203568195e-01 4
2 -2.960889265923069047e+02 2.755100153274002150e-01 1
13 1.291295940786993469e+03 5.949789025074583293e-01 4
24 1.292489755994478401e+03 4.108280807676813473e-01 0
0 -7.090978866216965253e+04 3.556811238536827235e-01 1
13 1.290344452137038616e+03 4.944682611989739129e-01 4
3 4.723717414033216073e+02 5.146704693156460841e-01 1
14 1.291433228047958664e+03 6.591429340110219748e-01 4
12 1.291623250571601602e+03 6.972689871082804469e-01 1
24 1.292490524148388886e+03 8.486457655823036461e-01 3
11 1.285281323031555758e+03 4.858129364636215586e-01 2
8 1.267549023827285282e+03 9.437059335716229125e-01 2
25 1.292490011086247023e+03 7.601092629490346919e-01 0
11 1.286118390770082897e+03 1.568080362035403352e-01 4
13 1.291055769722519926e+03 5.497822646843322225e-01 1
4 1.054546399333844647e+03 5.030669334435222684e-01 2
23 1.292490219635333460e+03 8.776312622289115239e-01 3
25 1.292490315956056747e+03 1.058001747304979645e-01 3
26 1.292490746073369337e+03 7.898455737651216557e-01 3
11 1.289014352230157556e+03 3.007965423184968401e-01 1
26 1.292490655459360823e+03 8.293667345048671979e-01 3
11 1.285694586576948723e+03 1.993813574062126559e-01 1
12 1.289500451459101896e+03 1.640947530538205967e-01 1
12 1.289822743555407442e+03 5.584863625336837778e-01 1
26 1.292490684953732398e+03 3.299158069231450940e-01 3
25 1.292489979506830196e+03 6.634516491405232363e-01 0
10 1.280573578981642640e+03 8.763798705084985263e-02 2
8 1.267213845140934154e+03 6.237534784430067702e-01 2
24 1.292490367157805395e+03 1.542630052806117646e-01 0
25 1.292490177594203487e+03 4.567819995144192236e-01 3
25 1.292489905015303520e+03 3.926221713065326524e-01 3
23 1.292489908850748634e+03 9.214152855484557536e-01 3
23 1.292489277217531253e+03 5.343057643477180374e-01 0
6 1.186964325928536482e+03 3.233289796638043612e-01 4
7 1.247039370302517455e+03 6.400516235981703606e-01 2
25 1.292490403597900922e+03 2.336065456736764467e-01 0
18 1.292422893455925987e+03 8.467527930881508791e-01 1
15 1.292396832075353359e+03 9.827089592363581760e-02 1
17 1.292339576739388349e+03 7.431385400631556060e-01 1
2 8.039763215271675563e+02 1.937216044804248583e-01 2
23 1.292489823391582831e+03 2.090074140273165126e-01 0
10 1.281696747550311102e+03 1.646944870782384440e-01 4
17 1.292381846986848132e+03 9.066672636671317953e-01 1
7 1.272619732335612753e+03 5.107031828928517703e-01 2
23 1.292489545179692414e+03 3.477764907192442689e-01 3
8 1.258525703738866696e+03 7.564334741497316106e-01 4
4 1.129940786835938070e+03 7.331691229660579623e-01 2
17 1.292426186239871186e+03 8.729217463568422763e-01 1
9 1.270722176512650549e+03 2.836668481195504521e-01 4
22 1.292490063852841331e+03 7.975912371767740483e-01 0
10 1.282092333753275170e+03 7.264591426590243095e-02 4
25 1.292490271171390759e+03 7.334558851311632210e-01 3
24 1.292490517863187506e+03 1.522978672974659442e-01 3
23 1.292489928253880635e+03 9.533357138879446913e-01 3
13 1.290194489253307211e+03 5.532615457926937097e-02 4
12 1.288922988834043963e+03 9.633744924743800064e-01 4
13 1.290456596953869166e+03 9.742309230411185794e-01 4
11 1.285364367288988888e+03 9.894449544835204335e-01 2
19 1.292473819987131264e+03 7.571588335393765190e-01 1
12 1.290863468082101917e+03 6.894120664043423830e-01 4
12 1.290008503451103024e+03 4.376588651820020326e-01 4
20 1.292476597786978118e+03 4.459948742543337619e-02 1
16 1.292249526388060076e+03 8.237897027366756220e-01 1
12 1.290570999207975547e+03 8.723178258689040510e-01 2
13 1.291507665446620649e+03 2.095430781044527180e-01 4
20 1.292481426611250527e+03 5.331127703265536866e-01 3
24 1.292490245882845329e+03 8.275715361814013349e-01 0
23 1.292490179997398400e+03 9.679068034578274249e-01 0
4 1.192983074462180412e+03 6.807433747145674729e-01 2
11 1.286929574100799755e+03 1.947322269376616788e-02 4
26 1.292490669060682876e+03 5.481666491661059126e-01 0
16 1.292428277959407978e+03 6.326446401957481758e-01 1
0 -5.978907674667488754e+04 8.485087103164357103e-02 4
24 1.292490546532001190e+03 7.403288703622756817e-01 0
7 1.259637279500797376e+03 3.797586907112537880e-01 4
5 1.152475374166489473e+03 2.683873377191153820e-01 4
21 1.292486878843492377e+03 5.251659446838519152e-02 0
22 1.292487814227349418e+03 3.776320291773407334e-01 0
15 1.291913098556474779e+03 6.681589889661089243e-01 4
21 1.292487733615249681e+03 1.728202058922901629e-01 3
21 1.292487970373734015e+03 7.095999074270109563e-01 3
7 1.255469859322873617e+03 9.616375465812780909e-01 2
16 1.292377082338367927e+03 1.461486363516333598e-01 1
22 1.292488521249270889e+03 7.139778568409833603e-01 3
8 1.263109331080738230e+03 9.036799093456360232e-01 2
7 1.270437932741240729e+03 3.887697080011363604e-01 2
22 1.292488054176067862e+03 8.554151709675963389e-01 3
6 1.246948895093043575e+03 7.450567210418626019e-01 2
24 1.292490024725041167e+03 8.573224442157234559e-02 0
24 1.292489804658565845e+03 9.744051442575932809e-01 0
21 1.292484560938090908e+03 3.094314394794963619e-01 3
19 1.292471413193150738e+03 4.183383065053208894e-01 3
13 1.290949302109532937e+03 7.907143216356180560e-01 4
3 1.214201467675499771e+03 3.509993185108281066e-01 2
15 1.292103416306366853e+03 9.921259968536459972e-01 1
14 1.291731037663869301e+03 9.161305059097811787e-01 4
16 1.292356726549943687e+03 4.546185772322126617e-01 1
14 1.291366566618230763e+03 6.511281274490130500e-01 4
18 1.292446238805947814e+03 9.674347970358689874e-01 1
22 1.292489605122372723e+03 6.358627060381344398e-01 0
12 1.288986234969244833e+03 4.665499793582455479e-01 2
25 1.292490180747150589e+03 8.702527006116077546e-01 0
25 1.292490330056451967e+03 9.807801019107750262e-01 0
8 1.283221646165716720e+03 9.808790771466622260e-01 2
22 1.292488724337479653e+03 4.042312222560662249e-01 3
16 1.292232601599023837e+03 8.576355898212870699e-01 1
16 1.292409723553861113e+03 7.666800000569680140e-01 1
19 1.292482086907416260e+03 8.748607631258242812e-01 3
7 1.279285199216874844e+03 2.642381943206733586e-01 2
17 1.292471069026413943e+03 9.437900509555268158e-01 3
17 1.292471916796253026e+03 5.818577821103239067e-01 3
23 1.292490067001224816e+03 8.174299564230071979e-01 0
19 1.292467359151822620e+03 5.545118725361088963e-01 3
23 1.292490286829792240e+03 1.930539126340821976e-01 0
20 1.292480178380947109e+03 8.567375935460987135e-02 3
22 1.292490572971498295e+03 5.010388081464672849e-01 0
8 1.276582922932016572e+03 1.198681951300601678e-01 2
25 1.292490182407203974e+03 7.583891003360854199e-01 3
15 1.292090596903408141e+03 6.203738027054805926e-01 2
15 1.291979280475708720e+03 9.997598518775406840e-01 4
17 1.292435712797762790e+03 5.034874908693822704e-01 1
22 1.292490345022096335e+03 3.254279559299977365e-01 3
18 1.292447484929452685e+03 3.127982660665926673e-01 1
24 1.292489815285763143e+03 3.017875124788516050e-01 3
25 1.292490162339117205e+03 6.814980200137222832e-01 0
13 1.292316252143184556e+03 9.403773257179782741e-01 1
19 1.292469458440975359e+03 5.726157890647796123e-01 2
25 1.292489943270856429e+03 3.631027611230353003e-02 0
14 1.292273164647561316e+03 7.089718013507835259e-01 1
18 1.292441313885680302e+03 1.985299112056764237e-01 1
25 1.292490267301569475e+03 5.087884372425990342e-01 0
19 1.292463934774666541e+03 6.913243163377733591e-01 1
18 1.292455469692054066e+03 4.883557558255885445e-01 2
24 1.292489579918798427e+03 2.032498652616492318e-01 0
20 1.292477127022979630e+03 4.484155844918353839e-01 1
18 1.292426970992225051e+03 6.665547113879710661e-01 2
23 1.292489532749459613e+03 3.846861582023315962e-01 0
18 1.292451710125677437e+03 7.331252649293382717e-01 1
17 1.292337892692449259e+03 2.155072299395985880e-01 2
21 1.292487425292860507e+03 2.346963859698673049e-01 0
22 1.292488607842334659e+03 4.837527841005595519e-01 3
17 1.292332531538340163e+03 9.522210070290837436e-01 4
16 1.292446091722211122e+03 7.451468656134059287e-01 0
25 1.292490152930207842e+03 6.111114199501550548e-01 3
25 1.292489833682850531e+03 3.409309902640744738e-01 0
26 1.292490646984689192e+03 4.444157082826001859e-01 3
19 1.292465233249873791e+03 8.788563780028830763e-01 2
18 1.292466362069098295e+03 6.999399251611748696e-01 4
20 1.292476190657256666e+03 4.966208098502964408e-01 1
20 1.292477777077449900e+03 3.996142424650923619e-01 4
27 1.292490759360919583e+03 4.234773584793014578e-01 3
17 1.292354476340419069e+03 6.492572318371754303e-01 4
23 1.292489145347728481e+03 2.620444084284079267e-02 0
20 1.292481555919510583e+03 1.530342004743089901e-01 1
18 1.292426497922968792e+03 2.718719130078106616e-01 4
26 1.292490690117469967e+03 1.264803643949997947e-01 3
26 1.292490685782826404e+03 2.527820104342985985e-01 3
19 1.292473017957837783e+03 7.448009552710689318e-01 2
23 1.292489333849438481e+03 6.232715542936722031e-01 1
24 1.292490312572561152e+03 4.103630425805793180e-01 1
18 1.292462817032209841e+03 9.632633536942360186e-03 2
27 1.292490825320043768e+03 3.330601348904523862e-01 3
24 1.292490515671224102e+03 1.852684065509609124e-01 1
24 1.292489970636670478e+03 9.732005934929384150e-01 4
22 1.292489653926130131e+03 9.693367576050100354e-01 4
27 1.292490807567108277e+03 6.197197256640425422e-01 3
23 1.292489794856855042e+03 6.616095354709538023e-01 0
18 1.292441963379915023e+03 9.112200456729351306e-01 2
20 1.292489659761771691e+03 3.519317912517613833e-02 1
27 1.292490786627028683e+03 8.795032446838212392e-01 0
14 1.292362958537871009e+03 1.446704512200858161e-02 1
23 1.292489627935955468e+03 5.477962483109560798e-01 0
12 1.291595000865155271e+03 3.333714562878076215e-01 4
14 1.292164235206420017e+03 6.369445066616121753e-01 0
9 1.289693285998197098e+03 8.863034784602087379e-01 2
15 1.292322278759006622e+03 1.661026118530566364e-01 4
29 1.292490888607966781e+03 9.885312913215926756e-01 3
12 1.291693504787191614e+03 8.693653676700696664e-01 0
6 1.216923824062273525e+03 3.800018920442482795e-02 4
28 1.292490872105091967e+03 3.172149201735215418e-01 3
6 1.247343571454699486e+03 6.858519314433300651e-02 4
12 1.290423063113068110e+03 9.573367442748890177e-01 2
19 1.292485511479175329e+03 7.089079288810615775e-01 0
5 1.190295471172910311e+03 4.985255203529348478e-01 1
0 -4.657938362789860776e+02 3.613309056219823345e-01 4
3 9.406066499412688700e+02 8.469683175309424827e-01 4
1 6.808868447693546386e+02 9.709049982451189997e-01 1
5 1.008707232318634169e+03 5.873349067997903905e-01 2
2 1.064511363506760745e+03 6.813868305678120185e-01 4
2 -2.239588631456633721e+03 1.205183024501775141e-01 1
17 1.292438229030012280e+03 6.363219764327365802e-01 0
2 -1.616655877031018235e+03 1.345397680990327582e-01 4
4 1.055997654444211321e+03 8.689387103037118365e-01 4
3 1.081129619158009064e+03 5.257456215649520814e-01 4
29 1.292490873873029841e+03 7.909856881329434541e-01 3
28 1.292490888136778949e+03 9.464299343203137482e-01 3
6 1.227331817329556998e+03 2.214229981454023943e-01 4
9 1.273678196552304371e+03 4.828432706254019990e-01 4
14 1.291632894132632600e+03 3.890756178560764167e-01 2
10 1.285467888385053584e+03 8.140850577507652286e-01 1
8 1.287179138291771324e+03 8.407001589797729046e-01 4
11 1.291497313397083872e+03 4.414663893398258487e-01 4
29 1.292490883813945402e+03 1.546909257710159524e-01 3
24 1.292490743138527250e+03 2.719470414400075309e-01 3
0 -9.380734350110056766e+03 2.928766466707879434e-01 2
8 1.269891081900770359e+03 5.428424275809489163e-01 1
7 1.257043370760512062e+03 1.123501675107452247e-01 2
3 1.983040090922779939e+02 8.697262813649340174e-01 4
4 1.026168348715263619e+03 9.356072291511733363e-01 4
7 1.246858383582033639e+03 3.453036452512066035e-01 1
9 1.275440382987035719e+03 4.646550190460096985e-01 2
0 -1.971997018263640348e+04 4.379624402157875629e-01 2
3 1.688162197487452545e+02 3.128289604096359255e-01 4
3 8.754163480683100715e+02 9.112421889684835241e-01 2
6 1.219987688975486435e+03 9.142254147558077637e-01 4
14 1.292306027142566336e+03 1.199965025098974625e-01 0
4 1.247038833693973629e+03 2.640355396359023721e-01 1
27 1.292490820179556977e+03 7.227523106387847562e-01 3
17 1.292358631649564359e+03 8.518926653236492674e-01 2
14 1.291506687766487630e+03 6.137319374293461749e-01 2
14 1.291869756298387983e+03 4.719296218098447682e-01 0
8 1.282785620724526098e+03 4.142002139128203031e-01 0
25 1.292489984875618575e+03 2.991134696268366588e-01 3
13 1.291460602910467742e+03 9.187900074408026363e-01 0
8 1.261930181915983212e+03 1.736278440116825195e-01 4
17 1.292415986525301832e+03 3.455713462197664843e-01 0
18 1.292467274603631495e+03 6.301049033419672263e-01 0
0 -8.228492197631741874e+03 3.730854709594368934e-01 1
5 1.164538115493653095e+03 5.650460509583892232e-01 4
20 1.292488124707435645e+03 9.679782285544695775e-01 3
21 1.292487531295324516e+03 1.428814506847351229e-01 3
21 1.292487247694939470e+03 3.302815247662702625e-01 3
16 1.292206564403841639e+03 1.908567160029140952e-01 2
22 1.292489254936232783e+03 5.641730504556811132e-01 3
16 1.292200379095879271e+03 3.635824969854872801e-01 2
13 1.292294287724676224e+03 1.653359485412411456e-01 2
12 1.291962644614530745e+03 2.448363797143351950e-01 2
20 1.292486124375864165e+03 8.714235167321779940e-01 3
17 1.292377200619175483e+03 7.996859068650730151e-02 0
9 1.274837562130972856e+03 3.431402627930360549e-01 4
24 1.292489621791306263e+03 7.647967951459108127e-01 3
10 1.280976381933536686e+03 2.343964359146148979e-01 1
13 1.291932140186123888e+03 7.023569532725334463e-01 0
15 1.292241910194825323e+03 9.462193064569277556e-01 0
8 1.279453926284524869e+03 2.370231200404191441e-01 1
17 1.292367760884590552e+03 1.550649024466771442e-02 0
11 1.287750622310719791e+03 3.543041882924305996e-01 1
17 1.292330082618012511e+03 8.311729606282581839e-01 0
1 -1.173598646184296285e+03 1.666963509278024946e-01 4
9 1.291072696152089520e+03 8.951641448579822358e-01 1
13 1.290962977922413984e+03 6.296838065538525875e-01 2
11 1.288125115721254133e+03 6.785130090221938026e-01 1
7 1.246249929665377749e+03 8.596161200261231983e-02 4
1 -6.763236032069261455e+03 5.801546473046598207e-01 1
13 1.291444684235161731e+03 9.419044681345667414e-01 4
12 1.289436591858428528e+03 2.124076744099839265e-01 4
7 1.234494395366590197e+03 2.237864034795063461e-01 0
14 1.291543030478581841e+03 8.389348346948864998e-01 4
15 1.291872679989549852e+03 7.430280321555198242e-01 0
24 1.292489797360424291e+03 9.515786634631353547e-01 3
5 1.247143591571950537e+03 6.056989444831307745e-01 4
13 1.291587085292175061e+03 9.768195918184808813e-01 0
9 1.271723035953000135e+03 1.660326132221437712e-01 4
11 1.284817133135347376e+03 9.060475077916798625e-01 2
18 1.292422907144376040e+03 5.614771445521632431e-02 0
25 1.292490278367680048e+03 9.664595470867348714e-01 3
1 -2.927958521655592904e+03 1.109346926246601583e-02 1
26 1.292490700369719661e+03 4.866497342098065060e-01 3
4 1.027961791922753036e+03 5.072868712020515147e-01 4
16 1.292185186923368065e+03 2.144804187697962883e-01 0
3 3.329060607328641481e+02 4.105546682740903175e-01 1
5 1.171874161716760455e+03 7.957204590483392403e-02 4
14 1.291460009467169812e+03 8.171894731156377212e-01 4
24 1.292489833733787918e+03 4.182912630610946536e-01 3
4 5.332827319810795643e+02 9.809549099321177579e-01 1
27 1.292490773680607617e+03 9.464709522767221772e-01 2
26 1.292490712266475839e+03 2.798030388613703123e-01 3
12 1.291204869480914567e+03 3.451685098825585385e-01 4
15 1.291843040322332399e+03 5.431751960352907416e-01 4
15 1.292254253928956132e+03 2.506840017041742641e-01 0
17 1.292330932761771692e+03 3.587935199113316820e-01 0
26 1.292490656473989475e+03 8.168875828059475319e-01 3
7 1.284895380336353355e+03 2.087296479064051913e-01 4
2 -2.493624057989757603e+03 3.356781104961017448e-01 1
7 1.242884349686502446e+03 3.613712602451375488e-01 1
23 1.292490160782423118e+03 7.667218795907222439e-01 3
22 1.292489657293442860e+03 3.513432383419647920e-01 3
16 1.292310178604324847e+03 4.796773929103004264e-01 0
20 1.292483057180255855e+03 8.053827419097571438e-02 0
12 1.288809192060277837e+03 3.807360201218044221e-02 4
23 1.292489865983451182e+03 5.751751519194554518e-01 2
18 1.292467115147750064e+03 6.381612331346540046e-01 0
1 1.522247745805475461e+01 2.733620702292770543e-01 1
21 1.292486835643542690e+03 7.294607486522434181e-01 0
29 1.292490869107463368e+03 9.228295424467338748e-01 3
28 1.292490880313615207e+03 2.773962257837325751e-02 2
29 1.292490868666815004e+03 8.553397688441912727e-01 2
11 1.284902172762691862e+03 3.373489649158418757e-01 4
11 1.287061035744719447e+03 7.120928611778900574e-01 4
29 1.292490889674741084e+03 4.693896474189074297e-01 2
4 1.102138339029542749e+03 2.632227513343418090e-01 1
28 1.292490858455585112e+03 4.622482103006011478e-01 3
11 1.288287946831383579e+03 3.630528843931065675e-01 4
3 4.646444945573887253e+02 9.614627699267958016e-01 1
6 1.213130335273735000e+03 4.761454303825622958e-01 1
23 1.292489490991046750e+03 3.745013890583805960e-01 3
23 1.292489975859636615e+03 6.137372920695008949e-01 2
25 1.292490074669733303e+03 3.657421631880994339e-01 2
25 1.292490569631148901e+03 4.476761126392059253e-01 2
25 1.292490777775241213e+03 5.743240376120348767e-01 2
19 1.292482719433458442e+03 4.306386160448729683e-01 0
19 1.292463392231425587e+03 4.099462387617750503e-01 0
21 1.292489585149134200e+03 3.492747202224322223e-01 0
27 1.292490763430294919e+03 3.446269782082203026e-01 2
24 1.292489379334491787e+03 1.754287636170472620e-01 0
29 1.292490868051128473e+03 9.052122557560302596e-01 2
19 1.292489409865308971e+03 6.752754078587975828e-01 0
29 1.292490880145060601e+03 8.435611958828898027e-01 2
9 1.280158197450392890e+03 7.023447031493209591e-01 4
24 1.292490544561428123e+03 5.175191339116728129e-01 0
23 1.292490428574376210e+03 4.040085723848829691e-01 2
24 1.292489511431182109e+03 3.586372615779040984e-01 0
17 1.292430021043116540e+03 1.853951981853380893e-01 1
26 1.292490693146771719e+03 8.345161852838614003e-01 0
24 1.292490148385823431e+03 4.724964150394868057e-01 3
19 1.292466363466283838e+03 1.898383745936352007e-01 1
5 1.282432146068478914e+03 6.141813615225307776e-01 4
18 1.292455922657335577e+03 6.640784618289110597e-01 1
17 1.292433565734797185e+03 6.266693446123672295e-01 1
24 1.292490378833376326e+03 2.041233324007514227e-01 0
26 1.292490715739284042e+03 7.806752777925473064e-01 3
21 1.292483789965355072e+03 9.959429176700402842e-01 0
21 1.292483938836991001e+03 2.466353796993340786e-01 2
23 1.292489973673324812e+03 3.654049678945781032e-01 0
23 1.292490004378924368e+03 6.644533193065118581e-01 0
27 1.292490803593461123e+03 2.929613957270860713e-01 3
4 5.030116724119682203e+02 8.934972097063536012e-01 4
20 1.292488270739272139e+03 9.397038038514295977e-01 2
5 9.604060765502640606e+02 7.011684460385610995e-01 4
23 1.292489373911737403e+03 4.401776865115074600e-01 2
26 1.292490741915023364e+03 5.471090112468539601e-01 3
15 1.291884313007673882e+03 9.525968069472311450e-01 1
7 1.233124173594818330e+03 9.357126602388383674e-01 4
20 1.292485122815238810e+03 8.077976242467478363e-01 0
26 1.292490637554486057e+03 6.422234541822129383e-01 3
13 1.290302789988149470e+03 5.649734705202411611e-01 1
14 1.291547052672357495e+03 3.653690788336235729e-01 0
6 1.248541379666781268e+03 3.656097064368157845e-01 1
13 1.290498916909761647e+03 9.556063044166519527e-01 0
26 1.292490639184540214e+03 3.438829568099355249e-01 3
20 1.292478215098001783e+03 1.836389251828125513e-01 2
25 1.292490280752417675e+03 2.190181100410484860e-01 3
1 7.654695752483568185e+02 5.946496870424390346e-01 4
27 1.292490771099045105e+03 4.525272408217105302e-01 3
26 1.292490771279445198e+03 8.226313582715338857e-01 3
4 1.080578480172964646e+03 8.804092241752319026e-02 4
1 -4.707715285106510237e+03 4.039454230248191724e-01 2
2 -5.678684102465555270e+02 2.792464662450817592e-01 4
2 -2.965960386186413871e+03 6.277991216164537924e-01 1
25 1.292490101108826138e+03 8.628928624421743354e-01 3
6 1.273943708885037950e+03 3.673731831201083042e-01 4
7 1.270525025505251506e+03 8.672553497211468176e-01 4
9 1.279451478431948090e+03 3.589741745516880078e-01 2
9 1.273402709722766986e+03 1.550099856060610792e-01 1
6 1.231795263362957940e+03 6.257069275004289825e-03 4
8 1.281450138680309237e+03 6.678926805001459410e-01 2
10 1.283429715720417789e+03 9.562281305223372385e-01 2
23 1.292489364968298560e+03 3.271957423901366013e-01 3
2 -2.956525948392660212e+03 2.622075620653235295e-01 0
1 -4.296468971202679313e+03 5.047492614465969307e-01 0
4 6.552323429859351336e+02 5.372298293088140220e-01 2
6 1.179797801800981915e+03 2.542186617946621263e-01 0
3 1.813760128759777501e+02 9.276348726486691731e-01 4
0 -1.713608889905482329e+02 7.045762952443668237e-01 0
2 -2.909457211103927875e+03 8.038607164048838793e-01 4
8 1.260834435857756489e+03 6.880129555059310009e-01 2
7 1.241596833493541226e+03 5.006035393824200819e-01 2
8 1.266245659578714140e+03 8.818241776476400118e-02 4
8 1.276920532988705418e+03 3.800553808293023472e-01 0
28 1.292490848712819343e+03 3.148876316867106895e-01 3
6 1.269360399368897561e+03 4.077848787423201671e-01 1
28 1.292490864248233265e+03 6.302919854509889674e-01 3
29 1.292490868256486692e+03 9.577927171565957520e-01 3
5 1.283196579048180411e+03 5.231244113208052271e-01 0
10 1.285748509865989035e+03 1.568430023040816579e-01 0
0 -1.573880699815674689e+03 3.807495354004630794e-01 2
29 1.292490868586439092e+03 9.703774778803087031e-02 3
14 1.291529947612180649e+03 9.481665285853324576e-02 1
13 1.291019328057917392e+03 2.780710159994671526e-01 1
13 1.290349175751560324e+03 9.715333289994249055e-01 1
10 1.283767252876533803e+03 9.494292607532232031e-01 0
6 1.232402724418411935e+03 2.633187479745897619e-01 2
13 1.291075877115165667e+03 6.624918688577881298e-02 1
13 1.290837203305472485e+03 2.599835758300719779e-01 2
28 1.292490856080607045e+03 2.777616755191498754e-01 3
0 -6.294852679919796356e+04 3.276577376166325828e-01 0
5 1.100026155781431271e+03 1.734041397098491366e-01 1
16 1.292221153623921964e+03 3.000413179007186404e-01 4
0 -6.757020629241543247e+03 3.207339308606694389e-02 2
17 1.292334269511408820e+03 3.773717578865163347e-01 4
10 1.281873234267721045e+03 2.385153960435508758e-01 2
7 1.268093223260423656e+03 1.750126795495617615e-01 2
18 1.292423788055996283e+03 8.271271034171248093e-01 0
8 1.274211533475914166e+03 3.047125850850509465e-01 1
17 1.292329423944267774e+03 9.179318550061092985e-01 4
7 1.259925272683332196e+03 8.639935062034034274e-01 1
0 -9.089089748147364298e+04 5.598985595196352694e-02 1
19 1.292465701101372815e+03 5.763697013478654707e-01 0
10 1.282878861703120492e+03 2.409861490745140722e-01 2
21 1.292488328212442866e+03 2.841720561640386222e-01 3
17 1.292454709365657209e+03 7.332626211516526382e-01 0
13 1.291693114456257263e+03 5.372551491265514789e-01 4
23 1.292489702842730367e+03 6.561046185886979520e-01 3
9 1.278171962699457481e+03 1.022442543671525372e-01 1
17 1.292333130207914110e+03 9.584236698365158347e-01 4
19 1.292468425960198601e+03 1.063428824597565381e-01 0
18 1.292426195336414139e+03 3.662573457784772391e-01 0
17 1.292348001212840700e+03 5.839145961215760350e-01 4
19 1.292463602831070148e+03 5.740300340832013015e-01 0
15 1.291869585854496563e+03 4.336394434592101277e-01 4
20 1.292478646091501332e+03 8.623173335036149467e-02 0
22 1.292488061223287787e+03 6.398533874391976184e-02 3
15 1.292063494955031274e+03 8.205172678910581663e-01 4
19 1.292477609627096854e+03 7.394172275131190020e-01 0
1 -1.890705870140879824e+03 6.050607353567216684e-01 2
7 1.264624477121798463e+03 7.205171745665843730e-01 1
23 1.292490568924151376e+03 5.170469616252630907e-01 3
18 1.292447950260970401e+03 5.021980537005070744e-01 0
21 1.292487447852523019e+03 2.139659763991664798e-01 3
5 1.122144947321578911e+03 7.625064805013628266e-01 2
9 1.276721553327932270e+03 1.693944113858877609e-01 1
7 1.236487274442770968e+03 8.282695313391384984e-01 2
3 -4.303724522310187695e+02 3.783439902794754062e-01 2
0 -2.102731984925314027e+05 2.111054982229096932e-01 1
4 1.075377115813394539e+03 4.657321487193554210e-01 2
6 1.207139699618816394e+03 7.138124374875680356e-02 1
3 8.073433046225595717e+02 1.333290819544557526e-01 4
27 1.292490785842974674e+03 8.047169184466883562e-01 3
21 1.292485889869826451e+03 3.270229051379862084e-01 0
0 -1.704255026205414033e+05 3.025826938320790305e-01 1
4 1.154315008428827468e+03 3.312196087633830222e-01 2
12 1.288775662956607903e+03 5.597342980994834960e-01 2
9 1.276248194610705923e+03 5.781944846219134737e-01 1
14 1.291370463823753653e+03 2.561380332642550564e-02 4
8 1.268783695985071972e+03 5.818810995092833505e-01 1
8 1.265951119323565536e+03 1.432786060783441950e-01 1
17 1.292347143913412310e+03 7.503671104279318049e-01 2
15 1.291916867052928183e+03 8.393694726169793618e-01 4
17 1.292377607903783655e+03 9.674119016625124523e-01 2
16 1.292177604048823923e+03 8.615343094517662337e-01 4
17 1.292382242513118399e+03 8.458322190583282829e-01 2
23 1.292489797029368219e+03 7.099557462867684965e-01 3
15 1.291857282375888872e+03 6.300277980503407038e-01 4
26 1.292490664043790275e+03 1.603920379915693140e-01 3
11 1.291471998694603371e+03 4.349596523356751843e-01 2
15 1.292193513274441784e+03 7.809288477549007901e-01 1
24 1.292489688558792295e+03 3.075522634220675955e-01 3
20 1.292477377787287878e+03 7.815683403921624972e-01 2
25 1.292490608131843601e+03 6.834967282220212326e-01 3
25 1.292490634085940201e+03 5.932704227747286341e-01 3
18 1.292455900116455041e+03 2.812203494558261352e-01 2
19 1.292466237214927560e+03 5.490082757085843479e-01 2
2 6.145024806687613363e+02 9.531611912705164613e-01 4
10 1.280655726550965483e+03 6.639869671387800265e-01 4
20 1.292475684050702057e+03 3.295388220775885557e-01 2
21 1.292483903046402247e+03 4.224963063554181275e-01 0
14 1.291747750500015172e+03 6.115566131242893277e-01 1
14 1.291476743123904271e+03 4.729375079609195454e-01 1
7 1.258348736025386188e+03 5.315221908317671051e-01 4
12 1.289290750051514351e+03 4.238906448206416488e-01 1
20 1.292482487351379405e+03 2.610633465044872592e-01 0
19 1.292483220697204615e+03 8.503460839180672082e-01 2
14 1.291891710193571043e+03 3.059625113855295453e-01 2
8 1.280755810407331637e+03 3.544783336680774055e-01 4
19 1.292480368017029832e+03 9.046479847016865028e-01 0
7 1.242926495615964541e+03 9.029397442062183643e-01 4
23 1.292489897644815528e+03 9.199747891081156981e-01 3
9 1.283799451791041520e+03 8.957490140151591618e-02 1
22 1.292489766356859718e+03 4.238536486615011589e-01 3
8 1.263099845979147176e+03 6.123984629389035428e-01 4
3 9.253663469535624699e+02 4.989147266018894022e-01 0
9 1.275491459925398885e+03 1.573718640228185528e-01 1
5 1.073109968025166381e+03 3.548281656354711489e-01 1
0 -8.423006216166236300e+02 4.170685248075942653e-01 0
25 1.292490059141822258e+03 7.785175590336885776e-01 3
22 1.292488565050092348e+03 9.258204174795379160e-01 3
0 -1.213850795253884426e+05 9.376335245391261841e-01 1
25 1.292489919903835926e+03 2.408418523206555251e-01 3
26 1.292490667999795278e+03 1.245978253000818992e-01 3
9 1.282433944516931206e+03 1.571469079487025078e-01 4
26 1.292490779230146018e+03 9.046768844856788450e-01 3
4 7.915948070969232049e+02 7.468115846232024069e-01 0
8 1.279203828391619936e+03 9.663143395390747514e-01 1
12 1.288694828148227316e+03 5.481028145258162176e-01 1
12 1.288573276213464396e+03 5.738405455772142005e-01 1
8 1.267533508482175876e+03 9.905493115633425827e-01 4
13 1.291130733982217407e+03 4.938866900619890421e-01 2
13 1.290498577370303110e+03 3.504689420546453198e-03 2
2 -2.019835849731489361e+03 3.991131133442375467e-01 0
10 1.284221778021854789e+03 6.169783812567743997e-01 1
13 1.290959561823606009e+03 4.364948698495929591e-01 2
6 1.161569831822828746e+03 5.796355327726215867e-01 0
14 1.291573660558870642e+03 1.791811709883548431e-01 2
2 -2.376470970176849733e+03 1.076861495420422116e-01 4
4 4.886632873074404984e+02 8.069289125073921820e-01 4
14 1.291641270702920565e+03 6.342388168045650643e-01 2
10 1.284424390389467590e+03 8.299459789390546405e-01 1
25 1.292490522067942038e+03 2.059807116427094797e-01 3
7 1.247246252491341238e+03 5.193920399787692321e-02 4
3 1.116601356883791368e+03 7.869273855094677250e-01 1
22 1.292490218481506190e+03 3.895620917130709349e-01 3
16 1.292204034089781999e+03 9.792413594913584873e-01 2
15 1.292043540471527194e+03 9.440214747387969396e-01 2
8 1.260841774960126259e+03 1.101846463412067267e-01 4
4 1.088603822418567233e+03 2.290926568873568048e-01 1
7 1.284250766511600659e+03 7.845318800040139706e-01 0
5 1.071774095767194240e+03 8.877479375646830650e-01 4
8 1.270157239207576140e+03 6.664870812816792167e-02 1
16 1.292220240316974468e+03 7.573150701918174299e-02 2
8 1.279768916723870234e+03 3.971434758683856647e-01 0
11 1.285525640147715194e+03 1.717625446433256597e-01 0
26 1.292490713842059904e+03 1.277750459556274976e-01 3
13 1.291074336503498216e+03 4.180546576589616037e-01 0
13 1.290556446174977737e+03 2.899745943116316949e-01 0
26 1.292490637958656862e+03 6.413308666115287160e-01 3
13 1.290799458246520771e+03 9.396945289853557703e-01 0
4 9.424233001614056775e+02 3.828315725199840092e-01 4
23 1.292489766048476213e+03 6.839119059017453317e-01 3
21 1.292486721082335407e+03 3.519634680668377036e-01 2
10 1.279989918668859900e+03 8.785559868482040180e-02 0
22 1.292488086640385973e+03 9.212974185981552822e-01 3
8 1.260163505967480887e+03 6.570809065397124060e-01 1
24 1.292489405114514511e+03 3.848776523226630775e-01 2
0 -2.598012353420959334e+04 6.369167707280291857e-02 0
21 1.292488401077117032e+03 7.778256494658646325e-01 3
17 1.292400574157088840e+03 3.878989190845125723e-01 3
5 9.858047300096048957e+02 8.928957021121100013e-01 4
17 1.292425750936711665e+03 8.222698643367745142e-01 2
5 1.118531955006708131e+03 8.661750085039647828e-01 0
19 1.292474381559188259e+03 4.391912367078965596e-01 3
12 1.290588486619604282e+03 1.898887537714403217e-01 4
5 1.080952353873409265e+03 7.854303815786982668e-01 1
3 4.642907821066939960e+02 5.746924574683802689e-01 1
20 1.292479220048763636e+03 2.518391032186067524e-01 2
11 1.286179966155054444e+03 9.321919806558527366e-01 0
12 1.291730619284846625e+03 2.832405069226234251e-01 4
7 1.266204386388986222e+03 4.767972959223570895e-01 1
17 1.292447573807563458e+03 1.631830323095471158e-01 2
10 1.282949965300110762e+03 1.969225270142876127e-01 1
6 1.280574362892625686e+03 7.123982886427732142e-02 1
12 1.291088387101560329e+03 4.337852694481825200e-01 4
16 1.292372086780163499e+03 4.799501274779370830e-01 2
12 1.288959612088262020e+03 3.901252886571693335e-01 0
22 1.292489135803437421e+03 9.585319039343248582e-01 3
10 1.280559069068895269e+03 6.895062907363952442e-01 0
17 1.292364144784087330e+03 9.501573867463896095e-01 2
14 1.291675323046051972e+03 5.501382707296776919e-01 4
6 1.155455457174828553e+03 2.349925709285965170e-01 0
11 1.287598427698857222e+03 7.287178056666098191e-01 0
23 1.292489917056326703e+03 9.081452373973816772e-02 3
24 1.292489790608174872e+03 8.571083576619651367e-01 3
9 1.284829539361823436e+03 5.869473901005235472e-01 0
4 7.315043511525443591e+02 3.141877680770130965e-01 0
0 -2.385951121218268963e+04 6.393372189189030497e-01 0
22 1.292488576485780186e+03 6.475575840025666885e-01 2
2 1.817646756997454531e+02 1.744950648604148835e-01 1
2 1.432568566110716404e+02 5.999472767795588357e-01 0
5 1.062182761110213505e+03 6.270103297968170342e-01 1
6 1.174798105104844126e+03 8.089807257131422791e-01 1
5 1.057163558509025961e+03 8.891778678893769161e-01 0
22 1.292489577192883871e+03 5.991606687997098613e-01 2
12 1.289049872889587959e+03 9.431235356968787897e-01 0
12 1.288806922333202010e+03 6.684710910590269117e-01 0
21 1.292486223799387062e+03 4.108510946636249606e-01 3
1 -1.142197425307034428e+04 5.478822228277947515e-01 1
5 1.144357472881915101e+03 4.664842482399112478e-01 1
24 1.292489405758999737e+03 8.011683398806380696e-01 2
10 1.280530815561654435e+03 3.095141828517666838e-02 0
26 1.292490622869303024e+03 2.857727935928549567e-01 2
26 1.292490630360203340e+03 8.982560688263698800e-01 2
15 1.292126885862283189e+03 9.188589866214539326e-01 4
26 1.292490698446072201e+03 2.649547570361749926e-01 2
26 1.292490668712743172e+03 4.432601900755395175e-01 2
17 1.292353888309643480e+03 8.794779103129791720e-01 4
26 1.292490686735921827e+03 4.781665812655635506e-01 2
1 5.668940067950507000e+02 7.369789101301106315e-01 1
11 1.288645646749910838e+03 3.966229545244447374e-01 0
23 1.292490248579664694e+03 2.262966966410973058e-02 2
13 1.290441967721712217e+03 6.266552206213242826e-01 0
24 1.292489671046244439e+03 5.216948708728018635e-01 3
11 1.286124307127726297e+03 7.769682898156360373e-01 1
7 1.244819729849569740e+03 3.142877453015682221e-01 0
1 -9.089799158542880832e+03 1.170339741294892377e-01 0
14 1.291376379868616823e+03 9.827799660778718804e-01 4
26 1.292490707802233828e+03 6.378347763686671446e-01 2
3 1.031301659329696804e+03 9.852941371222012634e-01 0
20 1.292482155444392447e+03 8.822821507629921012e-01 2
17 1.292332018565050248e+03 3.270785094215435951e-01 4
2 4.945128317634611221e+02 9.137375889493926095e-03 1
22 1.292488216013410693e+03 9.282103725258920024e-01 2
1 -5.013704151674493005e+03 7.070425163679199265e-01 1
18 1.292480451089327062e+03 6.953625278366635243e-01 3
25 1.292489852109204094e+03 9.104765474408187398e-01 2
18 1.292437747256364673e+03 6.281138364661185136e-01 3
11 1.287888574635382156e+03 8.892690641085841952e-01 4
15 1.292032550980363794e+03 3.421443850243151008e-01 4
5 1.166306720950224189e+03 3.808876277231262319e-01 1
19 1.292477632692884981e+03 9.500370973229023130e-01 3
27 1.292490768304909352e+03 1.658908460025371179e-01 2
12 1.290222982935289565e+03 5.924228517569306574e-01 4
10 1.280188719633249093e+03 3.446038557353936493e-01 0
18 1.292446714159161047e+03 3.923724166118714995e-01 3
11 1.285730155685680529e+03 7.290207910892463339e-01 0
2 -2.332226492300351310e+03 9.085199601919016210e-01 1
3 -3.255184517361939243e+02 9.519087983805857300e-01 1
27 1.292490778018853689e+03 4.913798076070959864e-01 2
0 1.628566385837077064e+02 1.650846974321917571e-01 0
3 1.063831839568174928e+03 8.845856563960605712e-01 0
27 1.292490829067540062e+03 3.907606772045005283e-01 2
19 1.292468676860358755e+03 3.844477765936537006e-01 3
15 1.292205400649084140e+03 2.061714228616811084e-01 1
1 -6.240376329311526433e+02 2.064723668418271263e-01 0
9 1.277802162170815564e+03 5.534966986285131396e-01 4
13 1.291853359711978101e+03 5.489687117224055779e-01 1
20 1.292478336024067858e+03 7.498870684428345923e-01 3
18 1.292443336481643200e+03 3.542792610523349817e-01 3
8 1.261341451806149962e+03 1.403083900207825474e-01 4
21 1.292484539719042232e+03 9.708698631427490344e-01 3
17 1.292341348895026840e+03 7.323283315732754817e-01 1
21 1.292485680269487830e+03 9.454499044054559542e-01 3
16 1.292340723365790836e+03 4.381627064721183018e-01 1
18 1.292429383506759223e+03 8.929963209277513858e-02 1
28 1.292490858287972969e+03 7.036137503657808878e-01 2
2 3.724836286053454728e+02 8.293070740097512328e-01 4
2 -2.233988288467267580e+02 5.530126235670266288e-01 4
19 1.292477263974635434e+03 4.135269200331022632e-01 3
14 1.292411211077338976e+03 2.275324539350438435e-01 1
28 1.292490849133845813e+03 3.268389598714435129e-01 2
29 1.292490868152674238e+03 8.283673491001160016e-01 2
29 1.292490868475721072e+03 2.659085672572025771e-01 2
29 1.292490867899135310e+03 8.032753299383843526e-02 2
14 1.291972212800199486e+03 2.488336520287662557e-01 1
13 1.291667301052203584e+03 9.121971677522113797e-01 4
29 1.292490869098673784e+03 7.688253944128115025e-01 2
16 1.292276808187880761e+03 1.080759196614070050e-01 1
18 1.292447479317570242e+03 5.005652255513259874e-01 1
28 1.292490856825730589e+03 7.604678411762437751e-01 2
28 1.292490863852449365e+03 6.404472353099749382e-01 2
29 1.292490869638847926e+03 8.825259529108421264e-01 2
13 1.291297198335734265e+03 1.619129037172401808e-01 1
12 1.290231628170396789e+03 7.477324090653680866e-01 1
13 1.291181671657053812e+03 4.495653811204313177e-01 1
19 1.292473637443418738e+03 7.023919245597414207e-01 1
21 1.292485880163937281e+03 9.095725840831683229e-01 3
20 1.292485397028642637e+03 4.946088772575334830e-02 1
29 1.292490868107202459e+03 1.343168646811012390e-01 2
18 1.292455897611636601e+03 9.536177282735603944e-01 1
17 1.292367110394864312e+03 8.933650421630974225e-01 4
27 1.292490810101475745e+03 2.861413071390948026e-01 0
24 1.292489316627506923e+03 1.569513032552755441e-02 3
23 1.292489344805543396e+03 2.739122498630091052e-01 3
24 1.292489391034454002e+03 8.096680751002448551e-01 3
23 1.292489252941123141e+03 2.058372955650512870e-02 3
7 1.287351363177733674e+03 4.943790056985267745e-01 4
23 1.292489257852393621e+03 5.283815762742171129e-01 1
11 1.287340879197800859e+03 2.221557085692351940e-01 4
27 1.292490781997403019e+03 2.127829360632430347e-02 0
29 1.292490869506395029e+03 7.267249886272678649e-01 2
23 1.292489876373327661e+03 4.272162975406148533e-01 3
2 -2.060047231433514980e+02 9.851021840926827977e-01 4
24 1.292489664547008260e+03 7.832477869514155033e-01 1
24 1.292489446166283415e+03 6.921054936029054083e-01 3
27 1.292490801774060174e+03 4.955359765905864577e-02 0
26 1.292490814138169071e+03 8.330257087715349229e-01 0
27 1.292490781518738459e+03 9.318961308628987972e-01 0
23 1.292489058165946062e+03 4.456579534955028010e-01 3
25 1.292490026305405081e+03 6.542389657702868400e-01 1
14 1.291333612676658049e+03 8.478710901123266419e-01 4
28 1.292490860557756378e+03 5.887635222130701562e-01 0
22 1.292487822207574936e+03 5.795005109857712666e-01 3
28 1.292490851158152054e+03 6.816742084833222748e-01 0
23 1.292489843337654293e+03 1.805008482060326824e-01 1
22 1.292489791514881972e+03 2.085957546747359004e-01 1
15 1.291991174200052683e+03 1.594177562793341885e-03 4
28 1.292490867366432212e+03 2.752637214205344574e-01 2
28 1.292490852327777247e+03 7.701723860209719330e-02 0
12 1.291835029823516834e+03 3.397410135650016927e-01 4
29 1.292490867667347857e+03 5.463672660306938544e-01 2
19 1.292483853503345017e+03 5.258379022089225696e-01 3
28 1.292490852390533746e+03 4.709568032590283337e-01 0
28 1.292490859429946568e+03 4.679058125153101599e-01 0
20 1.292477295099239655e+03 5.579012333303005056e-01 3
28 1.292490856116356326e+03 3.371369825652180685e-01 0
29 1.292490868852123640e+03 1.348904666640138861e-01 2
28 1.292490863861045455e+03 6.327911336205600534e-01 0
27 1.292490821326951391e+03 1.626246451722221653e-01 0
28 1.292490853677238874e+03 1.455936533746093609e-01 2
21 1.292484080194278249e+03 5.377865906211492381e-02 4
26 1.292490625766694166e+03 6.496502834829339657e-01 0
11 1.285747844981929120e+03 7.823744419654585225e-02 3
28 1.292490850513162741e+03 9.774834037193906866e-01 2
26 1.292490682708229770e+03 7.813592241744933276e-01 0
16 1.292270788825740965e+03 4.356714114264992332e-02 3
14 1.291896749321845391e+03 4.462259369728778235e-01 3
27 1.292490787152677058e+03 1.905847374839976238e-01 0
27 1.292490776180363810e+03 8.127969384350780535e-01 0
27 1.292490790662226118e+03 6.335879664565822189e-01 2
27 1.292490811289242856e+03 8.735125423317270377e-01 3
26 1.292490733237371842e+03 7.718838794429672134e-01 3
28 1.292490851713857410e+03 7.510220009605067526e-01 3
29 1.292490873013550754e+03 7.086492954980778691e-01 3
9 1.280959193883981243e+03 3.685377554521416243e-01 1
29 1.292490872166371446e+03 3.399407964813210836e-01 2
7 1.277224600403972545e+03 6.344094517798808397e-01 1
29 1.292490883211837627e+03 7.152972175025693602e-01 2
29 1.292490888032867588e+03 1.370806357780562923e-01 3
2 -6.578565732659136529e+02 2.694858177588626558e-01 1
29 1.292490869014853615e+03 5.639666924639019641e-03 3
28 1.292490852169706159e+03 8.042190197019003506e-01 0
28 1.292490860499053497e+03 9.599257931005865663e-01 3
16 1.292306068977821496e+03 9.048919669779122987e-01 4
1 1.090378978325734124e+03 9.404209005615937755e-02 1
14 1.291620047479542791e+03 6.049186270998161419e-01 4
16 1.292266973171285827e+03 4.152265174262803615e-01 4
3 -6.508164627719759210e+01 5.060126507856566036e-02 1
13 1.291376072745546026e+03 4.184337633939199108e-01 4
14 1.292004387628321183e+03 9.537382391293887096e-01 3
18 1.292426476799484135e+03 8.372328050171757852e-01 4
12 1.291217284673285121e+03 8.315596045754099219e-02 3
25 1.292489853686317474e+03 4.949091329809107709e-01 0
20 1.292480301120368495e+03 3.214367578231508427e-01 0
4 7.631169165824052243e+02 8.340212102077567691e-01 1
27 1.292490820853045079e+03 5.044889176587967761e-01 2
20 1.292480899564413903e+03 3.522528679874206148e-01 4
24 1.292490649836393459e+03 4.644389125900361126e-01 2
6 1.166869042495175790e+03 8.234821502747249333e-01 1
16 1.292420009579441285e+03 9.570783534359791345e-01 4
24 1.292490387014160433e+03 4.950561111347504539e-01 0
24 1.292490149604493809e+03 9.779769409313927575e-01 0
9 1.286555978526216222e+03 8.775840791253063378e-01 3
12 1.290810186979942500e+03 6.237627425246161650e-01 2
24 1.292489804873356888e+03 2.797601912748494124e-01 0
4 6.495196251791189752e+02 1.135370848628404344e-01 3
12 1.291354746340870634e+03 9.943008203969065928e-01 4
4 8.424690555033366763e+02 8.875095551761613688e-01 1
8 1.264589407657573247e+03 5.410284092758956692e-02 2
16 1.292163742519087464e+03 2.888260615922222940e-01 4
1 -6.183795370937377811e+03 7.784492861807975617e-01 1
5 1.041678507795222231e+03 6.392240231904673387e-01 3
12 1.288561278991514882e+03 1.093219573464967870e-01 2
17 1.292389689248176637e+03 7.629926087302375537e-01 0
0 -4.294200266747966816e+04 2.193576705119877346e-01 3
2 -2.387175244908584318e+03 3.042813806984415725e-01 3
2 1.898138224264943119e+02 6.552813191772361989e-01 1
3 9.997741485486023976e+02 4.302122831026469196e-01 3
0 -6.188203049081394420e+04 4.511155948999893694e-01 1
23 1.292490250367090994e+03 2.011468782753720874e-01 4
7 1.251972182436396224e+03 1.134484075375050693e-01 1
22 1.292487963459346247e+03 5.299830154784548331e-01 4
7 1.280684727322425260e+03 5.258405390963192261e-01 2
21 1.292484067983880777e+03 5.539385687953077841e-01 4
16 1.292346881870425022e+03 6.726808901486052150e-01 4
9 1.275076195317228212e+03 8.111807655358400926e-02 3
0 -3.744330559095578792e+01 4.220733130696391333e-01 1
2 -1.914286082048151457e+03 9.340893872363483785e-01 1
2 -1.770679242844310011e+03 7.288931214723555208e-01 1
2 -9.899177665406434699e+02 1.881026707898099115e-01 2
2 -1.822375501993696844e+03 6.726113747935317244e-01 2
10 1.288521450495675253e+03 8.512349911584192741e-01 3
10 1.283725177877811120e+03 1.557608745776102588e-01 3
0 -4.260526617247544345e+04 3.202087418003054520e-01 2
8 1.282304018814461642e+03 4.672294337194604630e-01 3
3 3.937766379945868493e+02 4.575213976933323323e-01 2
3 -3.419175613771461144e+02 3.985382844067730801e-01 1
16 1.292384332557127891e+03 8.942586160950131147e-01 4
18 1.292446365972891272e+03 8.430063565419256832e-01 4
6 1.207206360193089495e+03 6.719198998446672677e-01 1
7 1.235959860183911815e+03 9.080131670187715498e-01 2
5 1.084586126836337371e+03 4.809443034588660737e-01 2
14 1.291443770114249901e+03 3.213338935637196636e-01 0
14 1.291791329490074304e+03 3.486788795763813287e-01 0
17 1.292417985949261720e+03 1.200609957770444325e-01 0
12 1.290775810068809733e+03 8.397150843574585632e-01 3
3 -2.901491000494623336e+02 1.015075803749945250e-02 2
16 1.292298732266922343e+03 5.671433349492922549e-01 1
25 1.292489847623438209e+03 4.495109553231766419e-01 4
23 1.292489688562335687e+03 6.650276028616515234e-01 4
15 1.292465881248029063e+03 5.092676828235774833e-01 0
14 1.291370948603230772e+03 8.733829218182062037e-01 3
23 1.292489224026838656e+03 7.888506473541333497e-01 4
18 1.292451748337752178e+03 7.391349687332038343e-02 0
21 1.292485609628949078e+03 3.181193455055127406e-01 4
4 7.047928147765736639e+02 3.751143899606402266e-01 3
25 1.292489868197302712e+03 9.993199741381861845e-01 4
18 1.292461970800436802e+03 9.859836200284439744e-01 1
6 1.207804409061732485e+03 1.943017319073158666e-01 3
5 1.126406070864451522e+03 8.151512322775256170e-01 2
17 1.292348794593191087e+03 6.463554988054172057e-01 0
15 1.292184023382289070e+03 3.035516263767262801e-01 1
16 1.292302806474837325e+03 6.505894435543175813e-01 0
0 -6.437129495553762536e+04 3.465428909471569563e-01 3
17 1.292353334321942839e+03 1.680060003930594625e-01 0
4 8.076706399298032011e+02 5.524753397403259214e-01 2
3 1.038052652870357406e+03 3.061680123712452462e-01 2
12 1.290806652448361547e+03 2.272182277532376338e-01 0
11 1.288368403401761043e+03 8.374857869942384792e-01 3
8 1.276148020950715363e+03 8.860049330142861779e-01 3
11 1.289113636243366500e+03 4.701470830336198503e-01 0
15 1.292157585704432677e+03 5.112775622690906019e-01 4
12 1.290687529531204746e+03 1.894222121191897201e-01 0
5 1.035593427600118957e+03 1.521857469102372018e-01 2
17 1.292424431423594797e+03 5.504497948260546059e-01 1
19 1.292471020574956810e+03 1.642155436521989254e-01 1
21 1.292483920196940062e+03 7.564939152658456401e-01 4
19 1.292461607595549594e+03 1.381712165660435032e-01 4
4 1.256626337398688065e+03 2.444649321260636832e-01 2
7 1.274618607514084943e+03 6.314263017262934374e-01 4
12 1.288809011151666027e+03 6.106662615942013428e-01 4
17 1.292369529740920825e+03 7.499632568711410707e-01 3
17 1.292336319540253953e+03 5.906148393149042164e-01 3
0 -2.053631550006126781e+04 1.652306570307793265e-02 0
4 1.100319680436055478e+03 9.397666674583112778e-01 0
12 1.289053883896016032e+03 5.896348360892254004e-01 3
15 1.291999580433989877e+03 4.424417621148596380e-01 1
15 1.292021416362996206e+03 7.394871727119829430e-01 2
5 1.181064435536720111e+03 1.287781148657911601e-01 2
3 9.291763074991673648e+02 3.836318374608813642e-01 3
3 -4.458489921080515614e+02 3.251991824231180717e-01 2
2 -2.373049925615615393e+03 9.108850416278382323e-01 0
22 1.292489599661113516e+03 5.389824621448163766e-01 4
6 1.236310217606305969e+03 5.208977459180049729e-01 0
10 1.281519396025638343e+03 4.475663606644115777e-01 0
1 -2.964083905566013982e+03 7.074169788790261870e-02 3
14 1.291550632507335649e+03 1.973896909676173816e-01 1
