1.000011831828595321e+00 -5.705046349702034281e-01
1.000011831828595321e+00 -5.705046349702034281e-01
1.000015825526085589e+00 -1.102869628354987919e+00
1.000029530326257188e+00 -1.432170531645744260e+00
1.000004767330322508e+00 1.570416084179115934e-02
1.000015407397124578e+00 -2.068051465031357505e-01
1.000000372718962138e+00 5.368616475255039155e-02
1.000002957131624681e+00 7.313936203369020284e-02
1.000000806112922858e+00 -1.151133713665414948e+00
1.000041432491028504e+00 -1.326612732751298429e+00
1.000002839813463718e+00 -1.285032084556533061e+00
1.000016397292545545e+00 -6.260241254154161883e-01
1.000040814179826709e+00 -9.654828858174772099e-01
1.000003254797012797e+00 -4.695218639998663956e-01
1.000010983054427260e+00 -6.903576462212352993e-01
1.000037336931176579e+00 -5.298038031760676780e-02
1.000015407397124578e+00 -2.068051465031357505e-01
1.000007875400925172e+00 -8.071385379309653496e-01
1.000023886716201238e+00 -5.975012220449209543e-01
1.000042580381222512e+00 -4.859469109375443852e-01
1.000013640279274085e+00 -8.781545069556300209e-01
1.000031097447680706e+00 -5.967138852941967775e-01
1.000017631251088668e+00 -1.206653399817471772e+00
1.000031104904610002e+00 -1.115719811942096351e+00
1.000002004582266624e+00 -1.198841771661713462e+00
1.000021837015576676e+00 -7.882067063904861781e-01
1.000003277603940921e+00 -1.323649503678906436e+00
1.000017450355972448e+00 -1.336887017604885930e+00
1.000003803643446876e+00 -3.959963367456478256e-01
1.000007770547358454e+00 -1.706693432210015793e-01
1.000037195128253398e+00 -4.541319605155018646e-01
1.000030661825370037e+00 -4.150391080629132201e-01
1.000015987963813524e+00 1.419287501560120290e-01
1.000003148233417516e+00 -1.109062017984683068e+00
1.000002374328728960e+00 -5.688026924920990268e-01
1.000018920338191730e+00 -8.031871609913701082e-01
1.000003262514302493e+00 -6.571878556991281872e-01
1.000019541671108403e+00 -4.214400473540209635e-01
1.000035468385986892e+00 2.703498622565581044e-02
1.000034818226267719e+00 9.994109712111698407e-02
1.000014205388986221e+00 -5.180923144449095519e-01
1.000023033655884408e+00 -6.393047368722946100e-01
1.000037195128253398e+00 -4.541319605155018646e-01
1.000000071660926970e+00 -2.332202279864001859e-01
1.000038031085848989e+00 -1.017579232865087668e+00
1.000012857570113711e+00 -7.843007039707126093e-01
1.000012857570113711e+00 -7.843007039707126093e-01
1.000012586414388283e+00 -1.312786865236353906e+00
1.000018768112384882e+00 -1.943804889683071746e-01
1.000044168308456216e+00 -8.283390005102031495e-01
1.000009416224933778e+00 4.958700204070298767e-02
1.000002839813463718e+00 -1.285032084556533061e+00
1.000009988692993845e+00 9.729329799915520383e-02
1.000024108923715405e+00 -2.398244241785210118e-01
1.000010602243150970e+00 -5.510646251485582514e-01
1.000028611577198800e+00 -1.200832731024078948e+00
1.000004942868099267e+00 -9.885206518022515709e-02
1.000002858427582186e+00 -3.512737655783617630e-01
1.000007265547036006e+00 -1.330054652369222934e+00
1.000006090236551515e+00 -1.601427126786176824e-01
1.000007094037818067e+00 -5.513816402311390030e-01
1.000025599975004731e+00 -8.643339592932203219e-01
1.000080889109301152e+00 1.098659948618532223e-01
1.000014205388986221e+00 -5.180923144449095519e-01
1.000007770547358454e+00 -1.706693432210015793e-01
1.000044168308456216e+00 -8.283390005102031495e-01
1.000008648799879385e+00 -1.011823981487061319e+00
1.000034818226267719e+00 9.994109712111698407e-02
1.000010397655381800e+00 -1.822296293152669833e-03
1.000015407397124578e+00 -2.068051465031357505e-01
1.000012171523480209e+00 -2.260456015692779985e-02
1.000014044060145713e+00 -3.435465128176153904e-01
1.000009330793409035e+00 -1.051825317724250031e+00
1.000016397292545545e+00 -6.260241254154161883e-01
1.000003266192252216e+00 -7.035799864818197413e-01
1.000017631251088668e+00 -1.206653399817471772e+00
1.000003148233417516e+00 -1.109062017984683068e+00
1.000009330793409035e+00 -1.051825317724250031e+00
1.000037336931176579e+00 -5.298038031760676780e-02
1.000023033655884408e+00 -6.393047368722946100e-01
1.000013640279274085e+00 -8.781545069556300209e-01
1.000000617732373920e+00 -3.699974897162416898e-01
1.000038896119475496e+00 1.025902022636202560e-01
1.000002155394952963e+00 -7.229003048864179881e-02
1.000005156056522848e+00 -4.952478389293801797e-02
1.000003254797012797e+00 -4.695218639998663956e-01
1.000019541671108403e+00 -4.214400473540209635e-01
1.000038896119475496e+00 1.025902022636202560e-01
1.000002696230139598e+00 -1.606500790863891748e-01
1.000004129227273886e+00 -8.897163275164057250e-01
1.000007094037818067e+00 -5.513816402311390030e-01
1.000003803643446876e+00 -3.959963367456478256e-01
1.000029137741890395e+00 -9.964497287561059347e-01
1.000023033655884408e+00 -6.393047368722946100e-01
1.000037336931176579e+00 -5.298038031760676780e-02
1.000015172828314869e+00 -1.244649951519249509e+00
1.000002858427582186e+00 -3.512737655783617630e-01
1.000017031107751642e+00 -2.641070661295130684e-02
1.000029137741890395e+00 -9.964497287561059347e-01
1.000019541671108403e+00 -4.214400473540209635e-01
1.000017031107751642e+00 -2.641070661295130684e-02
1.000016397292545545e+00 -6.260241254154161883e-01
1.000026267900864019e+00 -7.228257945151060904e-01
1.000009416224933778e+00 4.958700204070298767e-02
1.000100888391639575e+00 -1.112413139762074010e+00
1.000094042305506914e+00 -1.396021467742935451e+00
1.000003266192252216e+00 -7.035799864818197413e-01
1.000007265547036006e+00 -1.330054652369222934e+00
1.000009416224933778e+00 4.958700204070298767e-02
1.000000792223197044e+00 -1.070524924338686068e+00
1.000028920992357850e+00 -5.742609049568632162e-01
1.000040047290245759e+00 -4.772558838733087505e-02
1.000002155394952963e+00 -7.229003048864179881e-02
1.000004977138631013e+00 -7.366517499273539382e-01
1.000042580381222512e+00 -4.859469109375443852e-01
1.000005156056522848e+00 -4.952478389293801797e-02
1.000008648799879385e+00 -1.011823981487061319e+00
1.000022393893996275e+00 -2.024567291612027198e-01
1.000002957131624681e+00 7.313936203369020284e-02
1.000015825526085589e+00 -1.102869628354987919e+00
1.000003254797012797e+00 -4.695218639998663956e-01
1.000025302353985790e+00 -3.988536444386570068e-01
1.000054591895054079e+00 -8.005588485204540028e-02
1.000008640899865409e+00 -5.888347296673941411e-01
1.000032151816464099e+00 -4.937934274512281174e-01
1.000021837015576676e+00 -7.882067063904861781e-01
1.000003890531790507e+00 -5.284130737301208081e-01
1.000010602243150970e+00 -5.510646251485582514e-01
1.000000988905715538e+00 7.983028745937126303e-02
1.000004472254506505e+00 -2.323059686594570739e-01
1.000015987963813524e+00 1.419287501560120290e-01
1.000002839813463718e+00 -1.285032084556533061e+00
1.000011051006011398e+00 7.625026355865149874e-02
1.000028696441284337e+00 -6.075165307332665021e-01
1.000004793033181238e+00 -1.286595721271673431e+00
1.000010397655381800e+00 -1.822296293152669833e-03
1.000023033655884408e+00 -6.393047368722946100e-01
1.000007770547358454e+00 -1.706693432210015793e-01
1.000000861113805817e+00 -9.009881016709875290e-01
1.000019541671108403e+00 -4.214400473540209635e-01
1.000002299720160082e+00 8.180767410584754984e-02
1.000035468385986892e+00 2.703498622565581044e-02
1.000004472254506505e+00 -2.323059686594570739e-01
1.000004129227273886e+00 -8.897163275164057250e-01
1.000030661825370037e+00 -4.150391080629132201e-01
1.000006090236551515e+00 -1.601427126786176824e-01
1.000026267900864019e+00 -7.228257945151060904e-01
1.000038031085848989e+00 -1.017579232865087668e+00
1.000018920338191730e+00 -8.031871609913701082e-01
1.000002155394952963e+00 -7.229003048864179881e-02
1.000036714566022056e+00 -2.362282817993204276e-01
1.000010983054427260e+00 -6.903576462212352993e-01
1.000004942868099267e+00 -9.885206518022515709e-02
1.000028611577198800e+00 -1.200832731024078948e+00
1.000003262514302493e+00 -6.571878556991281872e-01
1.000001437903699886e+00 -1.179929520338561577e+00
1.000003262514302493e+00 -6.571878556991281872e-01
1.000014237366401604e+00 -3.615072529030127768e-01
1.000003454242169409e+00 -5.816431875882734914e-01
1.000000181429771873e+00 4.938262490219069711e-02
1.000037195128253398e+00 -4.541319605155018646e-01
1.000017631251088668e+00 -1.206653399817471772e+00
1.000018768112384882e+00 -1.943804889683071746e-01
1.000017031107751642e+00 -2.641070661295130684e-02
1.000003803643446876e+00 -3.959963367456478256e-01
1.000000107856476861e+00 -7.290886850047778589e-01
1.000015987963813524e+00 1.419287501560120290e-01
1.000029085197553291e+00 -8.835371351804532924e-01
1.000007265547036006e+00 -1.330054652369222934e+00
1.000010602243150970e+00 -5.510646251485582514e-01
1.000019541671108403e+00 -4.214400473540209635e-01
1.000000108991879744e+00 -4.460922641411717571e-01
1.000001224384788223e+00 -7.379297949178913463e-01
1.000032741117924839e+00 -6.851188202664733051e-01
1.000021707654999759e+00 -9.902304024616246370e-01
1.000000820236605747e+00 -9.473845321264298125e-01
1.000011831828595321e+00 -5.705046349702034281e-01
1.000032741117924839e+00 -6.851188202664733051e-01
1.000007612104465871e+00 -1.187514176100999075e+00
1.000034818226267719e+00 9.994109712111698407e-02
1.000026267900864019e+00 -7.228257945151060904e-01
1.000006090236551515e+00 -1.601427126786176824e-01
1.000032121798136497e+00 -1.154876431841521667e+00
1.000014205388986221e+00 -5.180923144449095519e-01
1.000012586414388283e+00 -1.312786865236353906e+00
1.000004977138631013e+00 -7.366517499273539382e-01
1.000002839813463718e+00 -1.285032084556533061e+00
1.000013640279274085e+00 -8.781545069556300209e-01
1.000000119767984197e+00 -1.246155428147330824e+00
1.000015825526085589e+00 -1.102869628354987919e+00
1.000028920992357850e+00 -5.742609049568632162e-01
