2.857599468900660633e-01 -1.009637623815511365e-01
3.000783638454316282e-01 -9.157023552193832572e-03
2.969798305094963897e-01 -4.546804864859743667e-02
2.997815971963486148e-01 -1.079282137869652658e-02
2.960863308771305991e-01 -4.643384696944430345e-02
2.952258895669536143e-01 -6.971266873669845765e-02
3.013716497512679560e-01 -8.399546020927406431e-03
2.820424870347319479e-01 -1.560721222863077351e-01
3.016433690492595909e-01 -1.483639159917626849e-02
2.862499075045830677e-01 -1.251484315786053347e-01
2.908350707477890817e-01 -7.650017360386196508e-02
2.999399813518807134e-01 -1.070774392858742097e-02
3.009166664622806020e-01 -6.833926823770486436e-04
2.951378376593049024e-01 -5.774526186235795500e-02
2.952258895669536143e-01 -6.971266873669845765e-02
3.028064677616702505e-01 -1.007130688062130019e-02
2.978880077572813589e-01 -3.435525960272878265e-02
2.962615984681197245e-01 -4.687131977792535764e-02
2.982577811780905974e-01 -6.202078019317314173e-02
2.888032913791420686e-01 -1.058336043628700374e-01
3.019441950097144778e-01 -4.805051397629656051e-03
2.996675296728556481e-01 -1.416333744980624587e-03
2.969798305094963897e-01 -4.546804864859743667e-02
2.980511459797274831e-01 -3.219142871949953744e-02
2.938128358784292682e-01 -6.256323420645437672e-02
2.986111088135088854e-01 -3.101529181934359336e-02
3.011336477421578395e-01 -2.137869226255251220e-03
2.943063397991476648e-01 -4.863133261290619735e-02
2.979703150520697230e-01 -3.196547174708874728e-02
2.986111088135088854e-01 -3.101529181934359336e-02
3.016433690492595909e-01 -1.483639159917626849e-02
2.888032913791420686e-01 -1.058336043628700374e-01
3.018964200303193013e-01 -1.380355556677681506e-02
2.933719219800199896e-01 -5.928150140506027732e-02
2.832505027271826070e-01 -1.543059014670733475e-01
2.862499075045830677e-01 -1.251484315786053347e-01
2.988870836279794996e-01 -4.225791500129760792e-02
2.952258895669536143e-01 -6.971266873669845765e-02
2.936263803357071489e-01 -5.888054171050405294e-02
2.943411763759297695e-01 -5.939453584715903567e-02
2.925455553885552007e-01 -6.844615344114934885e-02
2.812109460290945773e-01 -1.518618808230913775e-01
2.896729902065736106e-01 -1.091857552141211052e-01
2.988676113351483865e-01 -5.566771920977009458e-02
2.971095490416839069e-01 -5.350636701402988749e-02
3.026767253487613329e-01 -1.485740753350106580e-02
2.692506385117997003e-01 -2.625683571102384040e-01
3.019539623103099091e-01 -1.425624372704881182e-03
2.828408651202036217e-01 -1.444983401624373442e-01
2.952258895669536143e-01 -6.971266873669845765e-02
3.019782574798682839e-01 -2.753824188342690604e-03
2.948658463359556392e-01 -4.888941831548043737e-02
2.976473243335057139e-01 -2.409619435838572521e-02
2.896729902065736106e-01 -1.091857552141211052e-01
3.012944582237491176e-01 -2.320716438364067713e-03
2.862499075045830677e-01 -1.251484315786053347e-01
2.862499075045830677e-01 -1.251484315786053347e-01
2.862680146299982353e-01 -1.180233530233161243e-01
2.956135301678470273e-01 -6.060430034935504473e-02
2.854859257135465289e-01 -1.672757259566539645e-01
3.006791794239447313e-01 -4.645354267579504537e-03
2.951235432760086486e-01 -7.547510644977117877e-02
2.943063397991476648e-01 -4.863133261290619735e-02
2.989909777520438072e-01 -2.264544285572500648e-02
2.924523162937670007e-01 -8.743919399757582589e-02
2.951235432760086486e-01 -7.547510644977117877e-02
2.993835635128798689e-01 -2.411726844389261437e-02
2.862680146299982353e-01 -1.180233530233161243e-01
3.019940199154677041e-01 -3.772602707510230857e-03
3.001499527719150850e-01 -2.058626221333348383e-03
2.938128358784292682e-01 -6.256323420645437672e-02
2.971095490416839069e-01 -5.350636701402988749e-02
3.019106311084451821e-01 -2.651222523176333112e-02
2.982998041233663189e-01 -1.885192076388797489e-02
2.895909389121349431e-01 -1.013227937732437134e-01
3.016433690492595909e-01 -1.483639159917626849e-02
2.992867117980516634e-01 -2.974339926554137037e-02
2.908318667180079253e-01 -9.123422625131505370e-02
2.990777648293498903e-01 -1.822964791318537614e-02
2.971095490416839069e-01 -5.350636701402988749e-02
2.969279248444585684e-01 -3.612925279619116914e-02
2.983907838561854486e-01 -3.446561273602832820e-02
2.993558898975742233e-01 -8.591844706732576498e-03
2.976473243335057139e-01 -2.409619435838572521e-02
3.003160257929883281e-01 -2.347608440481185887e-02
2.970146737722876851e-01 -4.959672001937098784e-02
2.896729902065736106e-01 -1.091857552141211052e-01
2.986554815184806477e-01 -2.736358697184693156e-02
2.969426460021309944e-01 -4.095401654764496691e-02
2.951235432760086486e-01 -7.547510644977117877e-02
2.969798305094963897e-01 -4.546804864859743667e-02
3.006520677495818639e-01 -2.496363493193154426e-02
3.019106311084451821e-01 -2.651222523176333112e-02
2.951354993101324986e-01 -6.050493505612619671e-02
2.837553283725818831e-01 -1.672581895958404896e-01
2.846169130706917016e-01 -1.419390815804912886e-01
3.006628828282462140e-01 -2.375972751669452876e-03
2.943411763759297695e-01 -5.939453584715903567e-02
2.996675296728556481e-01 -1.416333744980624587e-03
2.888820641186470306e-01 -1.123677360121873026e-01
3.016433690492595909e-01 -1.483639159917626849e-02
2.952258895669536143e-01 -6.971266873669845765e-02
2.997815971963486148e-01 -1.079282137869652658e-02
3.049034815194342496e-01 -6.742518602881331091e-03
3.018041047477845185e-01 -2.489370270973179089e-03
2.949808311341490241e-01 -5.799914323030685992e-02
2.772309760212832708e-01 -1.920361940057058181e-01
2.812109460290945773e-01 -1.518618808230913775e-01
2.988676113351483865e-01 -5.566771920977009458e-02
2.956135301678470273e-01 -6.060430034935504473e-02
2.992867117980516634e-01 -2.974339926554137037e-02
2.908318667180079253e-01 -9.123422625131505370e-02
3.019106311084451821e-01 -2.651222523176333112e-02
2.899259354220982687e-01 -9.656779531816606088e-02
2.901422593687118523e-01 -1.464008216854921773e-01
2.860920671208392330e-01 -1.329112960818019662e-01
2.996670130098234575e-01 -2.200811843026340142e-02
2.989909777520438072e-01 -2.264544285572500648e-02
2.943411763759297695e-01 -5.939453584715903567e-02
2.954262861463353151e-01 -5.076341496431902023e-02
2.840486065714132313e-01 -1.460347582705061598e-01
2.975396839518635872e-01 -4.538862846858027211e-02
3.016130371931060594e-01 -9.131740913888020117e-04
3.002007539235816980e-01 -1.728397305242879156e-03
3.019106311084451821e-01 -2.651222523176333112e-02
2.997815971963486148e-01 -1.079282137869652658e-02
3.000904253340956895e-01 -1.214473044634289955e-02
2.999240864180185429e-01 -4.041332612632198007e-02
2.896729902065736106e-01 -1.091857552141211052e-01
3.000009854745831483e-01 -1.755349935132199946e-02
3.001499527719150850e-01 -2.058626221333348383e-03
2.895909389121349431e-01 -1.013227937732437134e-01
2.772309760212832708e-01 -1.920361940057058181e-01
3.003379696737187854e-01 -6.667862803263702176e-03
2.979957692432844141e-01 -2.131895529390703814e-02
2.971349423863082762e-01 -2.693532296135559001e-02
2.991857209948759477e-01 -3.114178962788960447e-02
2.908350707477890817e-01 -7.650017360386196508e-02
2.899259354220982687e-01 -9.656779531816606088e-02
2.915142241877605733e-01 -6.735221793631107623e-02
3.026767253487613329e-01 -1.485740753350106580e-02
2.951235432760086486e-01 -7.547510644977117877e-02
2.996766116297277516e-01 -1.049930180748126496e-02
2.747342665978800835e-01 -2.089618152436467646e-01
2.862499075045830677e-01 -1.251484315786053347e-01
2.991857209948759477e-01 -3.114178962788960447e-02
2.888032913791420686e-01 -1.058336043628700374e-01
3.019106311084451821e-01 -2.651222523176333112e-02
2.915142241877605733e-01 -6.735221793631107623e-02
2.979703150520697230e-01 -3.196547174708874728e-02
2.829282891573065006e-01 -1.386604758708787077e-01
2.954262861463353151e-01 -5.076341496431902023e-02
2.975396839518635872e-01 -4.538862846858027211e-02
2.981228344884256920e-01 -3.275455571753926876e-02
2.951235432760086486e-01 -7.547510644977117877e-02
2.862680146299982353e-01 -1.180233530233161243e-01
2.971095490416839069e-01 -5.350636701402988749e-02
2.978880077572813589e-01 -3.435525960272878265e-02
2.925766184349734567e-01 -8.202775118426797185e-02
2.962608750151256576e-01 -8.001239030982421063e-02
2.888032913791420686e-01 -1.058336043628700374e-01
2.915142241877605733e-01 -6.735221793631107623e-02
2.911734321179691443e-01 -5.986487651176553015e-02
2.828408651202036217e-01 -1.444983401624373442e-01
2.896729902065736106e-01 -1.091857552141211052e-01
2.933719219800199896e-01 -5.928150140506027732e-02
2.951235432760086486e-01 -7.547510644977117877e-02
3.000009854745831483e-01 -1.755349935132199946e-02
2.829282891573065006e-01 -1.386604758708787077e-01
2.949808311341490241e-01 -5.799914323030685992e-02
2.997815971963486148e-01 -1.079282137869652658e-02
2.933719219800199896e-01 -5.928150140506027732e-02
3.006520677495818639e-01 -2.496363493193154426e-02
3.049034815194342496e-01 -6.742518602881331091e-03
2.962615984681197245e-01 -4.687131977792535764e-02
2.956135301678470273e-01 -6.060430034935504473e-02
2.955349828748909946e-01 -5.210050892320561289e-02
