-1.929310736822007044e+01 3.049502598033180245e-01 -1.592001313238489146e-02
-1.930121954039970333e+01 2.874790375340203208e-01 -2.126845477773720017e-01
-1.929315682572151047e+01 3.012718500594602777e-01 -3.452637136085678904e-03
-1.930426625442912325e+01 2.825111619960698484e-01 -2.163346166894328793e-01
-1.931406853148421021e+01 2.617457440913449895e-01 -4.452514410434567083e-01
-1.929438220916872382e+01 3.018892377015478523e-01 -3.126925743770048172e-03
-1.929998335262944664e+01 3.000636579456247288e-01 2.271184269199189032e-02
-1.930120515225023681e+01 2.984050899388021594e-01 -6.201009893616937774e-03
-1.930373128514930769e+01 2.811136271696250688e-01 -2.327148048383524959e-01
-1.930024789034454713e+01 2.799366819439281229e-01 -2.776009133757353364e-01
-1.930594019181031484e+01 2.819374034507589610e-01 -2.101747347252969078e-01
-1.930238443674348758e+01 2.970344894250755430e-01 -3.222884966538575036e-02
-1.930310265530238567e+01 2.795684249341913175e-01 -2.825483478182859720e-01
-1.930869740549372082e+01 2.844427232708234277e-01 -1.482202765450035820e-01
-1.928706360458821578e+01 3.161089211258948373e-01 9.611071435284213038e-02
-1.930147481063310622e+01 2.834683020190738034e-01 -2.372034866218051263e-01
-1.929676541819535984e+01 2.899452121780526914e-01 -1.587305455038960922e-01
-1.930811792289340190e+01 2.687057352035445712e-01 -3.800619019105253571e-01
-1.929482389679484555e+01 3.045662267059104922e-01 2.268016005870254759e-02
-1.929965142719401427e+01 3.036573302883031622e-01 5.861592351085231911e-02
-1.930192777490266209e+01 2.907348121295663668e-01 -1.333705721222666618e-01
-1.929425059073647120e+01 3.067158240375457701e-01 3.367252484807714552e-02
-1.929998335262944664e+01 3.000636579456247288e-01 2.271184269199189032e-02
-1.929676541819535984e+01 2.899452121780526914e-01 -1.587305455038960922e-01
-1.929658508794888050e+01 3.059022153980712200e-01 6.537613042361334337e-02
-1.929240602622699186e+01 2.974511986744401981e-01 -1.031230048668778654e-01
-1.930048602974049388e+01 2.842886309826076485e-01 -2.214220484722000393e-01
-1.929145938510163205e+01 2.965940398984910908e-01 -1.036218469894527594e-01
-1.928977797578041020e+01 3.098018844694643281e-01 6.389307154716705739e-02
-1.929685948840795362e+01 2.954993179801947978e-01 -8.970835881486416419e-02
-1.930029269432118610e+01 2.939891291300077980e-01 -8.290889327974815259e-02
-1.929002369585432319e+01 3.070645709280075408e-01 8.197814655567459141e-03
-1.928344670018287133e+01 3.144809485524575066e-01 8.545564010804929111e-02
-1.930577205264577856e+01 2.940379190780054719e-01 -5.046050122991951881e-02
-1.929650355919715565e+01 2.990031310859727620e-01 -5.461225611333442309e-02
-1.929530708495336100e+01 2.955659776452568277e-01 -1.020022218542226966e-01
-1.930128594465238479e+01 2.829367790532399951e-01 -2.376613007582726311e-01
-1.930297666662197287e+01 2.781735423237399751e-01 -2.757812291667542937e-01
-1.928976434865915834e+01 3.052638736786667528e-01 -2.609987581418704572e-02
-1.929948411623353266e+01 2.884142544836322264e-01 -1.657012657936276501e-01
-1.930862803690369844e+01 2.796259954420104998e-01 -2.470956154274794869e-01
-1.931011053209358508e+01 2.583148384151371380e-01 -5.698881006782463565e-01
-1.930044388871041150e+01 2.912657670787374142e-01 -1.429281852294479460e-01
-1.929577563985471755e+01 2.972174141561634286e-01 -8.171183651464586362e-02
-1.929310736822007044e+01 3.049502598033180245e-01 -1.592001313238489146e-02
-1.929516378936735066e+01 3.059376544200291814e-01 4.263990136138673392e-02
-1.930056743817387144e+01 3.005576690072830348e-01 3.009936765987619722e-02
-1.929424423027802149e+01 3.053026867444875725e-01 3.738656215056357368e-02
-1.929810531287574449e+01 2.969015403218108196e-01 -5.488605860278372717e-02
-1.931279268423887530e+01 2.719427976720841245e-01 -3.091729165425451953e-01
-1.930179854097737291e+01 2.826517145945879328e-01 -2.800178671672788333e-01
-1.930165056585510186e+01 2.852719930749611499e-01 -1.982341323480019124e-01
-1.930004840421642953e+01 2.891495242756859652e-01 -1.598409320667240063e-01
-1.929813308997987065e+01 3.029847922183549480e-01 2.275947832705726981e-02
-1.930292735913008784e+01 2.832061001642337539e-01 -1.819485481698179807e-01
-1.929240602622699186e+01 2.974511986744401981e-01 -1.031230048668778654e-01
-1.929746036767953044e+01 2.977538147589647854e-01 -3.548448978196039327e-02
-1.930498281229959545e+01 2.868453949631661892e-01 -1.295234721648743648e-01
-1.929394270947996404e+01 3.096427436447187209e-01 7.353549386656688114e-02
-1.929425059073647120e+01 3.067158240375457701e-01 3.367252484807714552e-02
-1.930192777490266209e+01 2.907348121295663668e-01 -1.333705721222666618e-01
-1.930138833460098624e+01 2.896567132220607688e-01 -1.354383322912158238e-01
-1.930263063359920039e+01 2.927067700650610726e-01 -7.424742386086125023e-02
-1.930796563748047490e+01 2.924537196464191413e-01 -3.102605288799775707e-02
-1.930798003382324524e+01 2.818473647871581611e-01 -1.714721065955917556e-01
-1.930912280584577800e+01 2.685987944551997408e-01 -3.901118919787092132e-01
-1.931033976767976768e+01 2.725721359962742230e-01 -3.139779844260723873e-01
-1.928977797578041020e+01 3.098018844694643281e-01 6.389307154716705739e-02
-1.929568963499343326e+01 2.992917515793774297e-01 -6.244170740882148962e-02
-1.930044388871041150e+01 2.912657670787374142e-01 -1.429281852294479460e-01
-1.930194070176780841e+01 2.861805097912819562e-01 -1.787025586060153604e-01
-1.929344108081346576e+01 3.120544062370272931e-01 8.817790745436004940e-02
-1.929465158474087261e+01 3.034040580916601559e-01 -1.315753711013067928e-02
-1.929619110739328036e+01 2.940657850931362449e-01 -1.206241944401762467e-01
-1.930172373961757515e+01 2.834777084107963918e-01 -2.315965351380515624e-01
-1.929058551307106839e+01 3.039930213085096367e-01 -2.679461894814316736e-02
-1.931033976767976768e+01 2.725721359962742230e-01 -3.139779844260723873e-01
-1.930204602598858088e+01 2.901301726865329611e-01 -1.315697241968516451e-01
-1.930714278760813229e+01 2.892602784579307862e-01 -1.175159490839263743e-01
-1.929342571090241876e+01 3.018801768738177960e-01 -8.127609908830302210e-02
-1.929292710059492322e+01 3.053357279713546646e-01 -1.301939964086540336e-02
-1.929813308997987065e+01 3.029847922183549480e-01 2.275947832705726981e-02
-1.929424423027802149e+01 3.053026867444875725e-01 3.738656215056357368e-02
-1.930179854097737291e+01 2.826517145945879328e-01 -2.800178671672788333e-01
-1.929291301123506841e+01 3.031423423982463339e-01 -1.635564924168564360e-02
-1.928815188638177958e+01 3.124214231607734260e-01 6.410592632743838948e-02
-1.929568925911247845e+01 3.039885386120493305e-01 4.104461503515377530e-02
-1.930437491815097317e+01 2.889811284730335328e-01 -1.489812613336607416e-01
-1.930645798587498874e+01 2.861152449272850729e-01 -1.232579760004324232e-01
-1.929487520059690908e+01 3.034378005546716217e-01 -1.315460242628319065e-02
-1.930645798587498874e+01 2.861152449272850729e-01 -1.232579760004324232e-01
-1.929841981074065060e+01 2.859159856226434204e-01 -2.273199737117792552e-01
-1.929908055642303211e+01 3.007080546475284777e-01 9.136662943074025378e-03
-1.929319521013637484e+01 3.063462712219409689e-01 3.312263425846140308e-02
-1.930037258612678386e+01 2.936381478148937796e-01 -9.850239546290606718e-02
-1.929973178269994705e+01 2.973446596859565805e-01 -3.064893582448702247e-02
-1.930869740549372082e+01 2.844427232708234277e-01 -1.482202765450035820e-01
-1.928976434865915834e+01 3.052638736786667528e-01 -2.609987581418704572e-02
-1.929767478145111426e+01 2.951081377633229530e-01 -8.678149091109044200e-02
-1.930364676126967893e+01 2.927157759588577268e-01 -3.369916445186516007e-02
-1.930645798587498874e+01 2.861152449272850729e-01 -1.232579760004324232e-01
-1.930389127328937349e+01 2.977432053456736671e-01 5.255480926993350010e-03
-1.930364676126967893e+01 2.927157759588577268e-01 -3.369916445186516007e-02
-1.929275320415628769e+01 3.033530521505676814e-01 -2.873338605152353509e-02
-1.930503839042929570e+01 2.827970026934574777e-01 -2.142091798874168340e-01
-1.931190630485147253e+01 2.807498977676512464e-01 -1.742504887065918773e-01
-1.929310736822007044e+01 3.049502598033180245e-01 -1.592001313238489146e-02
-1.930310265530238567e+01 2.795684249341913175e-01 -2.825483478182859720e-01
-1.929573208585128796e+01 3.001452517811477039e-01 -3.750948005681409292e-02
-1.930254153722289701e+01 2.846160462816552106e-01 -2.264477321755575812e-01
-1.930310265530238567e+01 2.795684249341913175e-01 -2.825483478182859720e-01
-1.930263063359920039e+01 2.927067700650610726e-01 -7.424742386086125023e-02
-1.930024789034454713e+01 2.799366819439281229e-01 -2.776009133757353364e-01
-1.929454346424291344e+01 3.069376901442734673e-01 5.895743007728615481e-02
-1.930663732515973052e+01 2.822912454128249093e-01 -1.932808830940666578e-01
-1.930128594465238479e+01 2.829367790532399951e-01 -2.376613007582726311e-01
-1.929516692950067025e+01 3.008525285257002690e-01 -2.258312971056053442e-03
-1.930471588891645496e+01 2.993942822660454750e-01 1.116537069191680942e-02
-1.929425070385950391e+01 3.040666235460440237e-01 5.179965985989465338e-03
-1.930737022924212809e+01 2.767099321001560974e-01 -2.666647569211817448e-01
-1.929599187342363820e+01 2.980487897302993572e-01 -6.369236606651207389e-02
-1.929465158474087261e+01 3.034040580916601559e-01 -1.315753711013067928e-02
-1.930249599437935615e+01 2.932393101272046665e-01 -9.833881104003361351e-02
-1.930862803690369844e+01 2.796259954420104998e-01 -2.470956154274794869e-01
-1.930056743817387144e+01 3.005576690072830348e-01 3.009936765987619722e-02
-1.929724987822890370e+01 2.905170666923011513e-01 -1.765666643044450090e-01
-1.930310265530238567e+01 2.795684249341913175e-01 -2.825483478182859720e-01
-1.930389127328937349e+01 2.977432053456736671e-01 5.255480926993350010e-03
-1.929556034597492342e+01 2.972744487919908307e-01 -7.651048544311200850e-02
-1.929767141908675043e+01 3.008348080847934036e-01 -1.007921042405168777e-02
-1.930238443674348758e+01 2.970344894250755430e-01 -3.222884966538575036e-02
-1.931083915302134457e+01 2.752664255589003517e-01 -2.446898638422705385e-01
-1.930004840421642953e+01 2.891495242756859652e-01 -1.598409320667240063e-01
-1.929541320725799380e+01 3.011006928902326685e-01 -1.145252680548791702e-02
-1.929449818686057583e+01 2.914823647297736242e-01 -1.650454871424886782e-01
-1.930175339361956333e+01 2.867288312685677409e-01 -1.810576122484119921e-01
-1.930172466784770435e+01 2.777893766965360278e-01 -3.023864043453576844e-01
-1.929145938510163205e+01 2.965940398984910908e-01 -1.036218469894527594e-01
-1.930202344473794795e+01 2.822011568443533180e-01 -2.385901920813120469e-01
-1.930577205264577856e+01 2.940379190780054719e-01 -5.046050122991951881e-02
-1.929310736822007044e+01 3.049502598033180245e-01 -1.592001313238489146e-02
-1.930737022924212809e+01 2.767099321001560974e-01 -2.666647569211817448e-01
-1.929676541819535984e+01 2.899452121780526914e-01 -1.587305455038960922e-01
-1.930255606790358769e+01 2.940670942611899874e-01 -5.858074753680231339e-02
-1.930280760514609639e+01 2.887093573774697775e-01 -1.289059137737915695e-01
-1.930202344473794795e+01 2.822011568443533180e-01 -2.385901920813120469e-01
-1.929450856077459164e+01 3.050629728213511971e-01 4.176998896211658874e-02
-1.929877633911841528e+01 2.998477339446051770e-01 -1.275808785184318062e-02
-1.931109356142553679e+01 2.669694673885401603e-01 -4.047462978102911446e-01
-1.930138833460098624e+01 2.896567132220607688e-01 -1.354383322912158238e-01
-1.929661345214196544e+01 2.993975678500646609e-01 -2.742415147078336446e-02
-1.930577205264577856e+01 2.940379190780054719e-01 -5.046050122991951881e-02
-1.929644244093898209e+01 3.012557020402891750e-01 -1.533532939893800240e-02
-1.929521315677051874e+01 2.884811913884534618e-01 -2.228267795002625284e-01
-1.929556034597492342e+01 2.972744487919908307e-01 -7.651048544311200850e-02
-1.930737022924212809e+01 2.767099321001560974e-01 -2.666647569211817448e-01
-1.930044388871041150e+01 2.912657670787374142e-01 -1.429281852294479460e-01
-1.930389127328937349e+01 2.977432053456736671e-01 5.255480926993350010e-03
-1.929709006115308867e+01 3.034642058155285205e-01 2.765906983296240185e-02
-1.930710818146287977e+01 2.822924389979291071e-01 -2.272847135312938693e-01
-1.930024789034454713e+01 2.799366819439281229e-01 -2.776009133757353364e-01
-1.930310265530238567e+01 2.795684249341913175e-01 -2.825483478182859720e-01
-1.930075174999240417e+01 2.900101737740222174e-01 -1.357501071205575727e-01
-1.929908055642303211e+01 3.007080546475284777e-01 9.136662943074025378e-03
-1.929676541819535984e+01 2.899452121780526914e-01 -1.587305455038960922e-01
-1.930737022924212809e+01 2.767099321001560974e-01 -2.666647569211817448e-01
-1.930869740549372082e+01 2.844427232708234277e-01 -1.482202765450035820e-01
-1.929948411623353266e+01 2.884142544836322264e-01 -1.657012657936276501e-01
-1.930292735913008784e+01 2.832061001642337539e-01 -1.819485481698179807e-01
-1.929804320992370847e+01 3.041167372814657099e-01 1.005723456852702924e-02
-1.929002369585432319e+01 3.070645709280075408e-01 8.197814655567459141e-03
-1.929549792501799743e+01 2.999123549595649751e-01 -4.515910660633970508e-02
-1.930737022924212809e+01 2.767099321001560974e-01 -2.666647569211817448e-01
-1.930498281229959545e+01 2.868453949631661892e-01 -1.295234721648743648e-01
-1.929594371208377623e+01 2.963864700570592037e-01 -9.598397103970879307e-02
-1.930426625442912325e+01 2.825111619960698484e-01 -2.163346166894328793e-01
-1.930280760514609639e+01 2.887093573774697775e-01 -1.289059137737915695e-01
-1.928815188638177958e+01 3.124214231607734260e-01 6.410592632743838948e-02
-1.931156386638946287e+01 2.808405553703760549e-01 -1.658597198380333815e-01
-1.929568963499343326e+01 2.992917515793774297e-01 -6.244170740882148962e-02
-1.929058784187663278e+01 3.056647267902932730e-01 1.131170707702189304e-04
-1.929677134663498350e+01 2.969628673130697005e-01 -3.669225211168858358e-02
-1.929438220916872382e+01 3.018892377015478523e-01 -3.126925743770048172e-03
-1.930254153722289701e+01 2.846160462816552106e-01 -2.264477321755575812e-01
-1.929908055642303211e+01 3.007080546475284777e-01 9.136662943074025378e-03
-1.929677134663498350e+01 2.969628673130697005e-01 -3.669225211168858358e-02
-1.930255606790358769e+01 2.940670942611899874e-01 -5.858074753680231339e-02
-1.930406108230893736e+01 2.870956601433119482e-01 -1.614586236180866052e-01
-1.929438316082003624e+01 3.053283755459945681e-01 2.335347342292548589e-02
-1.929650355919715565e+01 2.990031310859727620e-01 -5.461225611333442309e-02
-1.928815188638177958e+01 3.124214231607734260e-01 6.410592632743838948e-02
-1.929619110739328036e+01 2.940657850931362449e-01 -1.206241944401762467e-01
-1.929676541819535984e+01 2.899452121780526914e-01 -1.587305455038960922e-01
-1.929647677509204584e+01 3.050815770010470995e-01 6.129254972854081274e-02
-1.928294048813115680e+01 3.163308304741579424e-01 8.605378320550371996e-02
-1.930161897855171915e+01 2.956731144212590978e-01 -1.865441149285684830e-02
-1.930594019181031484e+01 2.819374034507589610e-01 -2.101747347252969078e-01
-1.929295377135998280e+01 3.043508798391426629e-01 1.086957264518995103e-02
-1.929377123374743164e+01 2.992339645744876986e-01 -6.130137318824768755e-02
-1.930043203054562895e+01 2.906890110081518652e-01 -1.282594686370355230e-01
-1.930056743817387144e+01 3.005576690072830348e-01 3.009936765987619722e-02
-1.929487520059690908e+01 3.034378005546716217e-01 -1.315460242628319065e-02
-1.930037453084067067e+01 2.914452659798070222e-01 -1.193191002835565229e-01
-1.929178705263518268e+01 3.122013200709453651e-01 9.501015034936122206e-02
-1.930128594465238479e+01 2.829367790532399951e-01 -2.376613007582726311e-01
-1.930192777490266209e+01 2.907348121295663668e-01 -1.333705721222666618e-01
-1.930128594465238479e+01 2.829367790532399951e-01 -2.376613007582726311e-01
-1.930175339361956333e+01 2.867288312685677409e-01 -1.810576122484119921e-01
-1.929249233408771147e+01 3.026697599704359920e-01 -3.269200028599250629e-02
-1.929530317383243343e+01 3.063821056032312029e-01 4.926833859769574886e-02
-1.929676541819535984e+01 2.899452121780526914e-01 -1.587305455038960922e-01
-1.929472587806807127e+01 2.994602048007888317e-01 -4.570117241926774376e-02
-1.929953588103934337e+01 2.970791290070887714e-01 -6.249378295052787635e-02
-1.929973178269994705e+01 2.973446596859565805e-01 -3.064893582448702247e-02
-1.930172466784770435e+01 2.777893766965360278e-01 -3.023864043453576844e-01
-1.930594019181031484e+01 2.819374034507589610e-01 -2.101747347252969078e-01
-1.929948411623353266e+01 2.884142544836322264e-01 -1.657012657936276501e-01
-1.929655791310564084e+01 3.015224213319694924e-01 -1.342280814043594894e-02
-1.929530317383243343e+01 3.063821056032312029e-01 4.926833859769574886e-02
-1.929998335262944664e+01 3.000636579456247288e-01 2.271184269199189032e-02
-1.930141210842041133e+01 2.844991602032956313e-01 -1.968367978650618078e-01
-1.930137970709350981e+01 2.871225631788630328e-01 -1.767067800067183558e-01
-1.929658508794888050e+01 3.059022153980712200e-01 6.537613042361334337e-02
-1.929424423027802149e+01 3.053026867444875725e-01 3.738656215056357368e-02
-1.929095081177104376e+01 3.081529815252063154e-01 4.601986161372284556e-02
-1.929449818686057583e+01 2.914823647297736242e-01 -1.650454871424886782e-01
-1.929682182464772922e+01 2.954732328334320202e-01 -9.599771058814576818e-02
-1.930373128514930769e+01 2.811136271696250688e-01 -2.327148048383524959e-01
-1.930663732515973052e+01 2.822912454128249093e-01 -1.932808830940666578e-01
-1.930310265530238567e+01 2.795684249341913175e-01 -2.825483478182859720e-01
-1.929530708495336100e+01 2.955659776452568277e-01 -1.020022218542226966e-01
-1.929605721797691942e+01 3.010726000358590615e-01 -1.363822899243349873e-02
-1.929507389893957026e+01 3.024741914025732004e-01 -5.665105444593754314e-03
-1.930487973250444256e+01 2.726388651609629732e-01 -3.670770168328982841e-01
-1.929456154884448438e+01 2.990224493235938419e-01 -6.045084085902185933e-02
