# level_assignment log_likelihood tiebreaker ID
0 -1.963935951733691070e+02 4.030932871328706257e-01 4
1 -1.770977012208768429e+02 6.085014307430890168e-02 0
1 -2.144308640311858767e+02 2.628689549352571930e-01 1
3 -1.591281001809382190e+02 7.390098949238669279e-01 0
2 -1.666703647158168167e+02 6.917904462677790800e-01 2
4 -1.547068776595426414e+02 9.983848808687803000e-01 1
0 -1.568519217229169556e+02 3.386085948560569880e-01 0
3 -1.589465902367160766e+02 6.825530380868347624e-01 1
5 -1.526912234324882718e+02 9.490236641743931001e-01 4
5 -1.529504953098823421e+02 7.130477560742338738e-01 1
5 -1.528458659202652257e+02 6.673083735651945680e-01 0
0 -3.109638715621225629e+02 1.212659645653257623e-01 3
0 -2.287507616209047399e+02 7.923286828355635691e-01 1
1 -2.053072864877860866e+02 5.796067992864841756e-01 2
5 -1.532903234905202225e+02 9.155212286603753302e-02 4
9 -1.525106383727306820e+02 9.270760799128741070e-02 4
10 -1.524641510834827898e+02 7.303412374361523129e-01 3
9 -1.525116718779621863e+02 6.445213850094236863e-01 2
3 -1.543093587205465269e+02 7.099289759243855302e-01 3
11 -1.524361244112683949e+02 6.563644989596247870e-01 1
9 -1.524980496483473189e+02 8.250490659409059901e-01 2
9 -1.525019572077326870e+02 7.965827649291346013e-01 1
7 -1.526995302450706049e+02 8.325792783050602885e-01 2
0 -2.572237307328779252e+02 8.938761586486390076e-01 1
10 -1.524534262789480863e+02 7.915189094762311584e-01 4
7 -1.527316849079099370e+02 2.197694565553852744e-02 2
2 -1.699198415910730375e+02 5.893596616219520801e-01 2
6 -1.528295176357849243e+02 7.453014581662057436e-01 3
3 -1.525275237129047810e+02 9.211009622823329579e-02 1
0 -2.839120415488837352e+02 8.465080634672941251e-01 3
8 -1.524596577996305200e+02 3.746454899532141170e-01 1
6 -1.529522658275022309e+02 3.976554189077561308e-01 3
3 -1.557371633326957578e+02 7.160201907995065174e-01 1
1 -1.920292215189299156e+02 6.225968539569780580e-01 1
10 -1.524624343774131034e+02 5.411924805838597141e-01 4
11 -1.524380565785884585e+02 1.648439662331467048e-01 1
8 -1.524926985562137816e+02 7.391023376854986005e-01 4
4 -1.544404215784554708e+02 9.005161925451136140e-01 1
14 -1.524283055205608548e+02 8.537220933401588052e-01 3
2 -1.695741727808386656e+02 3.327593981835714754e-01 0
12 -1.524332420804294372e+02 3.612050636274654614e-01 2
6 -1.524772235216596243e+02 6.413156918125296757e-01 0
14 -1.524288860365347773e+02 1.001743832054237254e-01 3
2 -1.547937126748393837e+02 8.488845324697482653e-01 4
15 -1.524280160523527456e+02 3.838515801306963127e-02 0
7 -1.525635016276857527e+02 6.737621991135833710e-01 2
14 -1.524282174789839530e+02 1.909543948232693134e-01 0
15 -1.524279783926522782e+02 9.139408387609512241e-01 0
11 -1.524357805669813217e+02 4.421661535192207282e-01 4
17 -1.524272913714142135e+02 8.002666925590595781e-03 0
17 -1.524273882217675578e+02 2.774337281374756325e-01 0
11 -1.524351822192504926e+02 1.860184505681699019e-01 2
10 -1.524304095681544311e+02 6.873559790859011809e-01 3
13 -1.524293774599150879e+02 7.468662921384252584e-01 3
13 -1.524292337898377809e+02 7.715954911970354102e-01 0
16 -1.524274109739688186e+02 7.334107049825524527e-01 4
11 -1.524419864636633406e+02 8.557597160511037915e-01 2
18 -1.524273543567556715e+02 1.402989728776669609e-01 3
11 -1.524427228056393062e+02 9.894178604591423731e-01 4
12 -1.524287754840193543e+02 9.778930877825916523e-01 3
12 -1.524335814495137811e+02 2.194074320055590110e-01 0
16 -1.524273083269275730e+02 1.620024069137641909e-01 3
14 -1.524286261981448547e+02 8.307188072731860329e-01 2
16 -1.524277305567683243e+02 5.377013800932317622e-02 2
4 -1.525977432648302283e+02 4.097809481546335064e-01 1
15 -1.524281273308803861e+02 2.286692220551305998e-01 4
14 -1.524289725131475279e+02 5.688860586103380301e-01 0
7 -1.526525032659448016e+02 4.967135238259287044e-01 1
17 -1.524274247115462515e+02 2.765832596739336013e-01 4
8 -1.525282101632162721e+02 5.160100967319736220e-02 1
14 -1.524286637153477102e+02 4.061771685613561611e-01 4
16 -1.524277915989241023e+02 3.995343806680405341e-01 4
20 -1.524272756973077207e+02 9.400829100665055726e-01 3
20 -1.524272840710285664e+02 3.593355276376686280e-01 3
19 -1.524272815303475284e+02 4.851186411679080379e-01 3
2 -1.767716922139604492e+02 3.535155851163338525e-01 1
18 -1.524272740861270279e+02 3.848699270275020012e-01 2
13 -1.524300085019434903e+02 3.243169465858632416e-01 0
13 -1.524313797267550399e+02 8.093084152854472801e-01 0
15 -1.524278060251402565e+02 6.637914937468449850e-01 4
17 -1.524274984242324535e+02 7.230575405530714761e-01 2
17 -1.524273671549607059e+02 5.419979037103296315e-01 0
20 -1.524272755162219539e+02 7.178621977729990888e-01 0
16 -1.524275936188462310e+02 3.065201561688093990e-01 2
2 -1.646922511526030632e+02 4.025909532232562760e-01 1
17 -1.524273555209422852e+02 6.909342522843865408e-01 3
23 -1.524272628543727421e+02 5.857706978482481175e-02 2
24 -1.524272611433752331e+02 8.175819242859819758e-01 0
13 -1.524309213241643022e+02 4.558191063280072064e-01 3
23 -1.524272625149859266e+02 9.017282262620618383e-01 2
10 -1.524698260463630106e+02 4.499164842622693783e-01 3
11 -1.524391460778922749e+02 2.687323039039397621e-01 1
7 -1.525329642916468629e+02 1.662437748673561977e-02 1
8 -1.525413956645440692e+02 4.426326956787165479e-01 3
15 -1.524281524755438397e+02 2.503503712101770029e-01 4
20 -1.524272781353390656e+02 3.470817331777560355e-01 0
21 -1.524272662517954871e+02 5.367598335997343373e-01 2
15 -1.524280092970731459e+02 5.409092829073411934e-01 4
14 -1.524285059369766486e+02 4.092181642151588861e-01 4
13 -1.524294952013915747e+02 9.939669957558940894e-01 4
21 -1.524272629333163138e+02 8.259170365019690152e-01 0
26 -1.524272602885446872e+02 5.224424017137838661e-01 0
14 -1.524285784687930061e+02 8.077330478360306154e-01 4
19 -1.524272993585321387e+02 9.107171860509200023e-01 3
25 -1.524272604677631762e+02 8.535894946959540208e-01 0
26 -1.524272611359787675e+02 9.386951477160454527e-02 0
26 -1.524272612918193204e+02 1.376021688424980127e-01 0
25 -1.524272612893321366e+02 5.338471566260829526e-01 0
19 -1.524272772451886908e+02 3.936827596230472182e-01 3
5 -1.531625887779989057e+02 2.138546825285514430e-01 4
27 -1.524272603710137446e+02 4.097120520354741169e-01 0
29 -1.524272602726572927e+02 8.771522570449336031e-01 1
28 -1.524272603175441247e+02 2.634261858382282995e-01 1
29 -1.524272602535503438e+02 5.173553883425691113e-01 2
28 -1.524272603874453011e+02 6.411337932252894056e-01 0
29 -1.524272602824936200e+02 7.329670834894506104e-01 2
25 -1.524272613370056888e+02 2.202771659392196713e-01 0
29 -1.524272601960318525e+02 9.702066189222495751e-01 1
22 -1.524272627855323776e+02 3.721686788322707273e-01 0
28 -1.524272602685250320e+02 1.467236626994468385e-01 1
24 -1.524272623939206142e+02 1.675155227727749552e-01 0
24 -1.524272614813034465e+02 2.403423174270201135e-01 0
3 -1.531487102111799459e+02 7.256892265354948357e-01 3
23 -1.524272629057829818e+02 2.340669108858386693e-01 2
21 -1.524272671551474616e+02 3.655171725698469487e-02 0
8 -1.525560649173195316e+02 5.751538967541227620e-01 4
27 -1.524272603217736162e+02 1.802094429197775849e-01 1
14 -1.524287114056183725e+02 6.119598892021933523e-01 3
28 -1.524272603631600020e+02 8.716494268705226034e-01 1
2 -1.661620061600822282e+02 2.505815503239552378e-01 4
4 -1.553312325720243905e+02 2.297407130744311132e-01 4
22 -1.524272621983925262e+02 2.805606467673855686e-01 2
28 -1.524272603831082051e+02 8.111699184389440376e-01 2
5 -1.526234418983038381e+02 2.549747272597437941e-01 4
28 -1.524272603733645894e+02 1.831435088439099523e-01 1
29 -1.524272602025047547e+02 4.391670744827465001e-01 1
22 -1.524272644523079521e+02 6.715557212103180351e-01 2
29 -1.524272602152192917e+02 7.187804571718652280e-01 1
28 -1.524272603549816552e+02 3.883761711625147717e-01 0
17 -1.524273001065026847e+02 4.656354830861717670e-02 2
29 -1.524272602101491998e+02 5.461648980732023428e-01 1
28 -1.524272603399371633e+02 4.595905096451448069e-01 0
22 -1.524272654690824425e+02 3.120059680473095676e-01 2
24 -1.524272610034029753e+02 2.450914062253099490e-01 3
21 -1.524272606809277590e+02 3.511997936263894782e-01 0
18 -1.524273226371537930e+02 4.303530241806342582e-01 2
21 -1.524272691695446724e+02 6.051733105666166068e-01 3
22 -1.524272655033176420e+02 9.130882162354305720e-01 3
21 -1.524272676807394475e+02 9.445443680278842180e-01 4
2 -1.698706212309714374e+02 6.775460980177876458e-01 1
16 -1.524275916442035737e+02 7.440309896432069081e-01 4
14 -1.524281455506829275e+02 5.413503085323476682e-01 4
14 -1.524287037395850746e+02 6.927235515384673192e-01 4
7 -1.526118023597346109e+02 5.898399673863889969e-01 3
4 -1.537173455361102015e+02 8.925598578967925967e-01 1
12 -1.524320414852244880e+02 4.882506965789106257e-01 2
2 -1.594182075784063102e+02 5.116489424682901799e-01 3
2 -1.704419434006589995e+02 4.136266733939403945e-02 1
4 -1.548142928120223587e+02 2.141129729101494128e-01 2
3 -1.610604711026276732e+02 4.727909377158322490e-01 2
8 -1.524616569996056796e+02 1.559512355469938605e-01 3
0 -1.901946524500386602e+02 1.771241023707895157e-01 2
12 -1.524326572187885915e+02 5.792957242645755400e-01 1
2 -1.672781967638694596e+02 8.137079355177356810e-01 2
15 -1.524282618315499462e+02 9.220116926467150087e-01 3
7 -1.525937784741137762e+02 2.172339805264318358e-01 0
18 -1.524273531133774497e+02 9.824955290933488072e-01 3
5 -1.529862883664707738e+02 7.637573144621485621e-01 1
6 -1.528786497103489523e+02 2.221385742711924904e-01 1
29 -1.524272602810879391e+02 1.165955121422349167e-01 4
29 -1.524272602713730009e+02 9.055398377140083666e-02 4
14 -1.524284523350948461e+02 7.056605043503410002e-01 0
4 -1.550179493438280360e+02 2.998903343251079212e-01 2
1 -1.723187330805995998e+02 6.710550179937051218e-02 2
0 -2.904801491821696686e+02 5.391384347476768646e-01 2
22 -1.524272633456363906e+02 2.389886784107407222e-02 3
7 -1.525714757599545521e+02 7.861302493220670984e-01 2
27 -1.524272603708965619e+02 9.219314454390121760e-01 3
21 -1.524272690926820246e+02 9.394155599757265662e-01 0
17 -1.524273812371107510e+02 4.566912995425132515e-01 1
29 -1.524272602132244856e+02 2.655493038971687980e-01 3
26 -1.524272605921260606e+02 2.762877607625117693e-01 3
27 -1.524272601639079312e+02 2.502992953744104798e-01 3
29 -1.524272602165338526e+02 4.108583866453923150e-01 3
19 -1.524272683926510297e+02 9.726746388065609095e-01 4
26 -1.524272613087445620e+02 4.946746583740440073e-01 3
7 -1.525487112047690914e+02 3.455442278388995425e-01 2
25 -1.524272606863089266e+02 5.231558394562265679e-01 3
23 -1.524272627718804642e+02 6.280596218843452760e-01 3
16 -1.524277575497908970e+02 6.104868984901022921e-01 0
14 -1.524276308474812822e+02 5.895369722409168345e-01 0
28 -1.524272602256789924e+02 8.171850911511584492e-01 4
13 -1.524290617360070996e+02 4.492022164675457119e-01 2
28 -1.524272603541953686e+02 1.558061093629046212e-01 4
19 -1.524272822689994769e+02 6.670082142464811570e-02 0
23 -1.524272629417880580e+02 4.138306961236139919e-02 4
16 -1.524274131823056564e+02 1.307593094777909359e-01 4
18 -1.524273385279286117e+02 6.733681785726740587e-01 4
20 -1.524272781451132914e+02 5.741216635177928129e-01 0
9 -1.524935510982193705e+02 6.657243145636506654e-01 4
21 -1.524272705671378390e+02 5.702052704480113920e-01 0
21 -1.524272690089405842e+02 9.431770605622967762e-01 0
24 -1.524272623414244663e+02 9.522427744174557507e-01 0
6 -1.528068138633862532e+02 8.250948537377782444e-01 2
0 -1.793235416966914499e+02 6.661156559179381986e-02 2
1 -1.979350759875615609e+02 9.501442437955490150e-02 2
2 -1.633766073732295467e+02 7.194323613951203455e-01 1
23 -1.524272636020641869e+02 7.998469264266550027e-01 3
8 -1.525635614249927130e+02 3.711143024877318619e-01 2
15 -1.524279985841891971e+02 1.337238199423351759e-01 4
18 -1.524273901263064772e+02 7.638125568744351668e-01 1
12 -1.524311519701282691e+02 8.482402546798495369e-01 2
6 -1.526002881932945456e+02 9.676738003124081555e-03 1
12 -1.524353021405709683e+02 4.439637223821124579e-01 2
6 -1.525477454485032922e+02 6.319790604936516010e-01 1
8 -1.524423458231044037e+02 8.544024985398825933e-01 4
1 -2.089101044722172844e+02 8.646056366235512769e-01 2
4 -1.534980482935846453e+02 3.829675559850193034e-01 0
10 -1.524524178991924259e+02 7.785864443975746285e-01 2
17 -1.524274287137322403e+02 9.152329323799062166e-01 3
19 -1.524273002516134454e+02 8.201692531600217606e-01 3
1 -1.570499200349404418e+02 4.857637506011358575e-01 1
18 -1.524273076291861457e+02 6.701757692708446568e-01 3
2 -1.528359885403091596e+02 4.114326830144902081e-01 0
8 -1.525090271512239610e+02 8.126091223195918145e-01 1
15 -1.524274177647169779e+02 6.114781252760945196e-02 2
7 -1.527380195675937955e+02 3.810776164879233763e-01 1
12 -1.524321833617417212e+02 5.809368429782186816e-01 0
3 -1.545346722689622823e+02 5.301458357470458793e-01 1
22 -1.524272632211008442e+02 7.800163626845435516e-04 2
23 -1.524272634160691382e+02 8.364394859797948945e-01 2
6 -1.530442678262566005e+02 5.144523518390418104e-01 3
27 -1.524272604963869071e+02 6.038915822684681745e-01 2
2 -1.706794158128666936e+02 9.242378367091904634e-01 0
8 -1.525412971999976435e+02 3.349066581096375450e-01 1
4 -1.539640316722047544e+02 8.038226179552854234e-01 3
22 -1.524272654330268892e+02 5.239366916842649324e-01 4
28 -1.524272604125272323e+02 7.414040437085063218e-01 2
11 -1.524375341663665608e+02 9.546319128022560108e-01 0
7 -1.525559334816023238e+02 1.071412792767864192e-01 0
15 -1.524282234328246943e+02 9.800018954527804915e-01 1
16 -1.524276854983092448e+02 4.475694328669170829e-01 1
2 -1.696658234570226682e+02 6.157455668468635457e-01 0
19 -1.524272895636296425e+02 5.656117266248157638e-02 1
2 -1.559546994496722050e+02 5.554157586921146805e-01 0
20 -1.524272623637271238e+02 1.966732399637532991e-01 4
25 -1.524272615274808800e+02 1.395252689573310834e-01 1
20 -1.524272763272127804e+02 8.342154957158838258e-01 2
3 -1.602411590708710492e+02 8.272526397099744244e-01 3
3 -1.533341623627093213e+02 8.606434352559957368e-01 3
0 -1.726863056252609283e+02 9.369608667271585034e-01 0
7 -1.526049578203154340e+02 3.096268171059998187e-01 3
17 -1.524273337407184385e+02 2.681012110891396460e-01 2
22 -1.524272659870838140e+02 6.621570402680413414e-01 1
3 -1.542989391364457674e+02 6.420435208104322555e-01 3
17 -1.524274986487314436e+02 1.312979147510695555e-02 2
18 -1.524273761910504561e+02 3.041325163190058620e-02 2
21 -1.524272652494390741e+02 7.857239262575635083e-03 1
19 -1.524272946096722308e+02 1.551486182596946151e-01 2
16 -1.524277334511099582e+02 7.668427120414872400e-01 2
28 -1.524272602026179584e+02 2.083268283573798951e-01 4
3 -1.551675088956380080e+02 4.684478856898046106e-01 0
3 -1.578868622818998801e+02 5.217155125540616500e-02 0
28 -1.524272602975369182e+02 8.143897666587052164e-01 1
6 -1.525693172789218295e+02 3.345163729480917225e-01 0
27 -1.524272605369376663e+02 5.984450843701836220e-01 1
7 -1.527262841605135577e+02 3.274481531055519201e-01 3
25 -1.524272608134111806e+02 7.213367439800730807e-01 1
22 -1.524272628519660486e+02 7.221259333594165497e-02 4
16 -1.524276107883618465e+02 2.020176950863783183e-01 3
17 -1.524275038585454354e+02 7.544774883131846188e-01 0
23 -1.524272625316776839e+02 5.853970425314981574e-01 4
25 -1.524272611414751282e+02 1.279785583470987309e-01 4
22 -1.524272617805877985e+02 7.175532024074341431e-01 1
29 -1.524272602233832572e+02 8.594269208255851389e-01 4
19 -1.524273054328339754e+02 3.861628992715786524e-01 3
18 -1.524273751376640575e+02 2.229436366488869031e-02 0
27 -1.524272605050561538e+02 1.930012081335696905e-02 4
27 -1.524272602354906212e+02 8.644031688895988941e-01 4
21 -1.524272649365900634e+02 1.832920298847575680e-01 1
27 -1.524272605070389659e+02 4.819702956607585520e-01 3
21 -1.524272701992612156e+02 1.813191124834911960e-01 1
24 -1.524272603550807332e+02 6.145819957323254146e-01 2
23 -1.524272620443354640e+02 5.971519762782431240e-01 0
24 -1.524272615345940949e+02 6.808503533065926039e-01 1
26 -1.524272611221239231e+02 8.904089524762781593e-02 3
26 -1.524272603621781457e+02 3.226829796858128319e-01 0
19 -1.524272612018522750e+02 2.683977800415853210e-01 3
8 -1.524855034994624248e+02 3.610143946043709029e-01 4
11 -1.524396565651615845e+02 6.925785803919743966e-01 4
17 -1.524273938167812332e+02 6.907690607582228637e-03 3
0 -2.308799990877254515e+02 4.749245561945050209e-01 4
4 -1.560332131437756686e+02 7.172697912687882038e-01 2
13 -1.524277040995829964e+02 6.450075815408466973e-01 3
2 -1.733713381442632908e+02 3.123111324206976902e-01 0
12 -1.524338063814934117e+02 3.591517533624415948e-01 3
9 -1.524955746609810774e+02 8.872765567763032379e-01 1
3 -1.578696547901712961e+02 1.322975110379420727e-01 4
9 -1.525048131835309562e+02 7.645966005132691645e-01 0
10 -1.524516436273333397e+02 8.147294940984880496e-01 2
11 -1.524298691516768542e+02 1.120589500049542497e-01 3
10 -1.524680121700151290e+02 9.599173113616550346e-01 2
2 -1.755421413790616896e+02 7.189729212673852399e-02 2
3 -1.557952593819407809e+02 4.002553745565426979e-01 3
20 -1.524272806127219440e+02 2.021336461333256285e-01 0
24 -1.524272617710850000e+02 2.893747654994327512e-01 4
0 -2.606457229070607582e+02 3.191551085712589497e-01 3
1 -1.635421415688636557e+02 3.076912492192592219e-01 3
2 -1.646474661930051013e+02 1.220999926377686062e-01 3
14 -1.524288220675728667e+02 4.634000743491548668e-01 0
8 -1.524921223533200418e+02 6.013843069491570104e-01 2
2 -1.570450752596545385e+02 7.239853555899659066e-01 3
6 -1.530052527815104213e+02 1.764113971833451977e-01 3
11 -1.524382871066831342e+02 7.853360431586686730e-03 1
13 -1.524302663595727552e+02 5.439050655998443062e-01 0
4 -1.532652853008806062e+02 3.556036083919673213e-02 2
28 -1.524272603808294093e+02 2.600504439416965741e-01 4
17 -1.524274810724639053e+02 8.047100521361725267e-01 1
9 -1.524639209022320188e+02 5.224005582882411680e-01 0
13 -1.524314442930740086e+02 8.417362983537581833e-01 2
4 -1.549070221657105151e+02 6.254064046688458944e-01 0
9 -1.524875975742781407e+02 7.935174075609517930e-01 0
13 -1.524309749175525326e+02 4.126919961400261627e-01 1
4 -1.551685448873139990e+02 8.899162619563226739e-01 0
0 -3.025909120849613032e+02 5.482421370405189398e-01 0
16 -1.524274044580551504e+02 9.895441947755890810e-01 1
20 -1.524272792725095087e+02 4.131005453750427048e-01 1
1 -1.588112534691312305e+02 4.469587579334206584e-01 2
29 -1.524272602692050214e+02 8.846512742923363648e-01 4
7 -1.525778225023132961e+02 4.452809651202784824e-01 0
23 -1.524272619806301350e+02 3.092298972429802228e-01 1
3 -1.553907510898941382e+02 5.551975990549404827e-01 0
19 -1.524272741085417522e+02 3.068599690314879336e-01 1
20 -1.524272791213712708e+02 9.994220999293218499e-01 1
7 -1.527290466588749780e+02 9.930665246907999233e-02 3
24 -1.524272622387080105e+02 7.263499249541680580e-01 1
22 -1.524272617739742373e+02 1.152322741256107813e-01 1
16 -1.524277105640579748e+02 5.246268482851306203e-01 2
15 -1.524281158584133209e+02 8.661255433354746458e-01 2
16 -1.524275361238310040e+02 1.465705133975478136e-01 3
28 -1.524272602678372266e+02 6.071913549907076435e-01 1
26 -1.524272612087761445e+02 6.277877467613990348e-03 4
19 -1.524272997069710414e+02 3.366044731036033077e-01 2
0 -1.703167357040995284e+02 1.305175618048128872e-01 0
5 -1.529639009217957266e+02 1.755339318520077185e-02 0
27 -1.524272603669459158e+02 4.163257987850682018e-01 4
25 -1.524272608338131931e+02 5.053301353421371100e-01 1
28 -1.524272603525516843e+02 3.740208227362750160e-01 4
20 -1.524272814381982926e+02 4.167224046359413459e-01 1
4 -1.553415155469760407e+02 5.563344491598221087e-01 0
17 -1.524274622979540368e+02 7.457480824601600000e-01 1
3 -1.558954005558286156e+02 1.810978073909743635e-01 2
7 -1.526429517944869190e+02 5.821388622752206032e-01 3
22 -1.524272650072410613e+02 1.123743317603602687e-01 4
16 -1.524274838640208429e+02 2.317779322182521029e-01 1
6 -1.530962870675038516e+02 3.662074652990358059e-01 3
18 -1.524273156189748306e+02 5.462812200095911175e-01 1
28 -1.524272601597216408e+02 6.585555179782138779e-01 4
6 -1.528700003136639793e+02 4.714864700237230699e-01 2
27 -1.524272605315217675e+02 6.365670762733633969e-01 4
25 -1.524272611666913804e+02 3.187672815097790657e-01 4
23 -1.524272619977631109e+02 6.592794561852897139e-01 1
8 -1.525467817447889729e+02 9.053347522387942270e-01 2
18 -1.524273228372905749e+02 9.450576097555203336e-01 3
13 -1.524301539073003369e+02 4.964877474528384127e-01 2
13 -1.524273514575908450e+02 5.920873883383768188e-01 0
16 -1.524274618438448101e+02 6.459994205404405720e-01 0
7 -1.527141372263259314e+02 1.822538389044372764e-01 2
12 -1.524327952321725093e+02 6.602628888822894559e-01 3
10 -1.524515565191883866e+02 7.332699790900290004e-01 0
24 -1.524272622676758431e+02 5.227978944824029917e-02 4
18 -1.524273963305747088e+02 1.001249370845071068e-01 3
13 -1.524278387432082695e+02 7.559035851250628379e-01 3
0 -3.077934246128886002e+02 5.784278651856071818e-01 0
1 -2.154681972284561766e+02 2.626120526763425778e-01 0
2 -1.743822315785749026e+02 9.608543991978857335e-01 0
24 -1.524272623305946297e+02 2.124889214020200257e-01 1
21 -1.524272692392987381e+02 2.616983329727919916e-01 4
20 -1.524272713465833817e+02 7.089778934765527119e-01 4
10 -1.524684986919494918e+02 8.385270475893733533e-01 0
4 -1.561284998563806994e+02 7.030686618076948946e-01 3
28 -1.524272603352477518e+02 6.936093432170976625e-01 1
24 -1.524272623500788484e+02 3.109053846288338807e-01 4
15 -1.524274571940296710e+02 5.125036755773915154e-01 0
18 -1.524273548162675240e+02 6.213326110827157578e-01 0
29 -1.524272602282405842e+02 5.719534114359516863e-01 1
24 -1.524272623706923753e+02 5.555315412270047659e-01 4
10 -1.524654332794390825e+02 8.114498322298153710e-01 3
10 -1.524538261149492939e+02 9.557186776078675505e-01 3
3 -1.596329217564882015e+02 8.267215159398986213e-01 2
5 -1.534047602109219213e+02 6.077987080669515763e-01 3
25 -1.524272609912749203e+02 1.709139866443404876e-01 1
26 -1.524272612236752309e+02 7.665320149760395108e-01 0
26 -1.524272609414828423e+02 3.972237870570213825e-02 4
29 -1.524272602819810345e+02 3.895369148695141392e-01 1
9 -1.524714908091256120e+02 6.469461786598041941e-01 3
19 -1.524272787339718889e+02 6.690827701530133176e-01 2
25 -1.524272608362575454e+02 9.795910801045464300e-01 1
15 -1.524279408592623781e+02 4.492016325064517035e-02 3
18 -1.524273267725932328e+02 1.090560899189294553e-01 3
23 -1.524272627193415701e+02 4.123819845835194342e-01 1
20 -1.524272617985950262e+02 4.402769506607533412e-01 1
13 -1.524310439406702358e+02 7.083960772420079266e-01 3
11 -1.524283409215219649e+02 4.247349106526874252e-01 3
28 -1.524272603735336133e+02 9.837130907002133995e-02 4
19 -1.524273040289440928e+02 8.095973490875676415e-01 1
12 -1.524305419336834575e+02 3.562330329309482124e-01 3
15 -1.524277671988531324e+02 8.891402459335004949e-01 1
16 -1.524273339415577766e+02 8.315404491536318998e-01 1
26 -1.524272612777514269e+02 7.809378110180549282e-01 4
10 -1.524551857382905951e+02 9.320427643499584747e-01 2
27 -1.524272605032750505e+02 8.029367270960818814e-02 4
14 -1.524284343153039174e+02 5.963197051429454110e-01 3
16 -1.524276869912155519e+02 8.991610428493075347e-01 3
4 -1.557594402524175905e+02 5.492703612728124796e-01 3
0 -2.992943006639806640e+02 9.769348595214100150e-01 1
4 -1.550894890117183422e+02 3.028533712069641504e-01 1
21 -1.524272674844882545e+02 5.130701825550968431e-01 0
8 -1.525276679210347481e+02 9.773448629204741778e-01 3
10 -1.524570867768286746e+02 9.680167916743922518e-01 0
13 -1.524307779810336854e+02 5.599937366653119364e-01 0
15 -1.524278485228879276e+02 5.231498906891323131e-01 0
3 -1.574992149821191560e+02 9.031980077736636581e-01 3
6 -1.526442153397634627e+02 1.219068300003039590e-01 1
11 -1.524278797655871074e+02 5.174190739026459651e-01 1
29 -1.524272602481790670e+02 1.117389932012487069e-01 4
23 -1.524272605474174043e+02 2.081631893993165505e-01 4
7 -1.525529958156036798e+02 9.897588978289353356e-01 3
29 -1.524272602792284488e+02 2.708754821345258357e-01 4
27 -1.524272602182668948e+02 2.908684306383675366e-01 4
17 -1.524274971586435754e+02 3.885410384351816737e-01 0
27 -1.524272603542762567e+02 7.093185317106731613e-01 4
8 -1.524664889898479885e+02 7.260620757969965533e-01 1
2 -1.614993089203549346e+02 7.572562392813017018e-01 2
4 -1.548533239617864581e+02 7.732212498298106640e-01 2
13 -1.524306338493246074e+02 6.389985121862724604e-01 0
13 -1.524298002627915025e+02 3.094510771361748680e-01 3
5 -1.535310656329845074e+02 7.873232057405075146e-01 1
25 -1.524272613776424237e+02 4.393052906597245122e-01 4
21 -1.524272690213858823e+02 7.852194424714725729e-01 4
11 -1.524374349913360902e+02 3.826109134904775999e-01 1
27 -1.524272605396600113e+02 6.145143550626828155e-01 4
17 -1.524274216543502973e+02 8.551426338087010637e-03 3
19 -1.524273068400154898e+02 4.469236809216212691e-01 3
8 -1.525754431848076820e+02 9.876249070331690749e-01 0
15 -1.524273399946672498e+02 6.483935410818258971e-02 1
20 -1.524272691841849792e+02 3.696645920120425477e-01 4
25 -1.524272618144174487e+02 5.562187383629295656e-01 3
24 -1.524272606283122400e+02 1.840540946240309950e-02 3
13 -1.524311724652953330e+02 7.138543982300744606e-01 2
27 -1.524272602123819524e+02 9.006848007670810174e-01 3
27 -1.524272602142014534e+02 8.003722939184251262e-01 3
4 -1.542090994491325660e+02 9.637514852650636010e-01 1
5 -1.535052204097004562e+02 3.721727772028537995e-01 0
25 -1.524272615409030891e+02 3.210402475435610858e-01 3
16 -1.524275039251174348e+02 8.318408714154443828e-01 4
7 -1.527132733109129958e+02 2.081347997798539406e-01 1
2 -1.571032924163020539e+02 4.186070612310844458e-02 0
24 -1.524272612712594537e+02 5.219377150424264755e-01 3
10 -1.524407001922461689e+02 5.878825684856971989e-01 1
12 -1.524358511602106319e+02 4.317590269072990594e-01 1
23 -1.524272615277324121e+02 2.808507910560706922e-01 3
8 -1.524686017580718271e+02 2.663440940253285205e-02 0
17 -1.524274272839365665e+02 5.098412017774895943e-01 1
8 -1.525197298713976579e+02 6.378328529254658763e-01 2
5 -1.534622737358861286e+02 7.715770033178407372e-01 0
23 -1.524272618096922258e+02 1.925047420776445639e-01 3
28 -1.524272603757386264e+02 6.259970954183302627e-01 4
0 -2.294056952888979026e+02 6.923183113148816403e-01 0
29 -1.524272602777387249e+02 5.120611684283240539e-01 1
3 -1.575794837736160332e+02 2.889932840279008097e-02 0
4 -1.541437429289354100e+02 6.701968891790968108e-01 0
27 -1.524272602981548630e+02 4.498237416252318099e-01 1
11 -1.524414027453710787e+02 5.269530835650856337e-01 2
28 -1.524272602229614222e+02 7.564077096398316158e-01 4
3 -1.592913271334393244e+02 1.864846052074038696e-01 0
13 -1.524276099836262404e+02 6.434240105289367184e-01 3
5 -1.526870924293301641e+02 3.095236100386692946e-01 0
29 -1.524272602431016139e+02 6.821407454209683641e-01 4
7 -1.526089655880422811e+02 4.631925671774245745e-01 0
10 -1.524446876199049825e+02 4.240054292234352040e-01 0
24 -1.524272619022655135e+02 8.547606172326354113e-01 1
15 -1.524280332961184286e+02 9.619744572525090742e-01 2
14 -1.524287136684687596e+02 8.320413743220583802e-02 3
16 -1.524274098836678206e+02 4.661171420003444865e-01 3
16 -1.524275466144309235e+02 1.121059267721067343e-01 0
26 -1.524272610590665238e+02 8.784825759015753022e-01 4
6 -1.526782053853497700e+02 2.327015891862185271e-01 3
19 -1.524272992521905223e+02 5.092781465772699967e-01 0
25 -1.524272616816919594e+02 3.072799395656193866e-01 1
4 -1.532333832502525865e+02 1.135695431094147084e-01 2
26 -1.524272613064827624e+02 1.419884500921786419e-02 0
7 -1.527205635091742124e+02 6.536106761386677455e-01 3
9 -1.524943005203790278e+02 1.328386403056835974e-01 3
15 -1.524274052730058884e+02 5.116175738417825247e-01 0
24 -1.524272604988322541e+02 7.049495180659648419e-01 4
12 -1.524355818581383346e+02 8.471092462969975756e-01 1
19 -1.524273064659079466e+02 5.746745040490710554e-01 0
20 -1.524272730617107072e+02 4.531151848498424783e-01 4
15 -1.524279010934936593e+02 7.620656450483919153e-01 1
13 -1.524301240477180954e+02 7.773274109715333502e-02 3
12 -1.524343414979275337e+02 7.842720009233635770e-01 0
13 -1.524310940783652768e+02 7.477570682464153018e-01 2
14 -1.524284304217790691e+02 6.298570075735357987e-01 2
3 -1.618645596685254020e+02 2.915692755577450335e-01 1
5 -1.527495736110515168e+02 9.663333494021530967e-02 0
2 -1.729121280384585475e+02 4.219663994840668342e-01 3
17 -1.524273444657972902e+02 5.773458023260340938e-02 2
0 -1.566309063753283795e+02 5.612721959148692097e-01 3
19 -1.524272925586057568e+02 2.266189328872033060e-01 2
28 -1.524272603700624700e+02 4.316291201099344832e-01 4
21 -1.524272698276196820e+02 2.792678326820800527e-01 2
20 -1.524272718168279539e+02 8.086057234903543112e-01 2
22 -1.524272659218138131e+02 4.309280233122508297e-01 4
4 -1.532976240612800041e+02 9.276253836481949122e-01 3
6 -1.529917718550296399e+02 3.158837397843221595e-01 0
7 -1.525006375016762945e+02 2.221628776637567526e-01 0
26 -1.524272604490941774e+02 8.711694605819354509e-01 4
14 -1.524287857930779353e+02 5.557459614998823128e-01 1
11 -1.524301649989615157e+02 7.940052041509626513e-02 0
10 -1.524582318466277400e+02 4.679506390985358477e-01 1
12 -1.524292283275829902e+02 4.479508643889857922e-01 1
20 -1.524272778956460570e+02 6.551960104849213762e-01 0
12 -1.524348378234560641e+02 7.860892062845437067e-02 1
10 -1.524405705456542250e+02 8.685983904756173768e-01 2
6 -1.526236260483326532e+02 4.699368938560795073e-01 1
26 -1.524272602673401309e+02 7.193986820327357146e-01 4
22 -1.524272655823876050e+02 3.059632628989562564e-01 0
1 -1.788078212222138461e+02 7.639460630247588702e-01 1
26 -1.524272603087514710e+02 6.820907325008860322e-01 3
23 -1.524272631207547590e+02 7.612492792592276958e-01 0
5 -1.529062063622642711e+02 7.329150601398985998e-01 2
17 -1.524274830577878106e+02 1.431674637425301988e-01 4
4 -1.531327416313951630e+02 9.006623397400803643e-01 2
17 -1.524274219586924630e+02 8.099241038211077992e-01 0
19 -1.524272820073457240e+02 3.158031764749859027e-01 3
17 -1.524274228182356126e+02 2.297137081170239625e-01 3
7 -1.525800181939149525e+02 4.551448163900588817e-01 2
21 -1.524272678809207662e+02 6.068150607884174041e-01 3
19 -1.524272826834653927e+02 1.092318534061140767e-01 3
4 -1.540912996141790927e+02 7.097391692974051036e-01 2
13 -1.524278507187501930e+02 1.788791063429572559e-01 0
10 -1.524672159552072515e+02 2.164120211829015372e-01 2
14 -1.524285932213039416e+02 7.160375594426956480e-01 4
7 -1.524915803702182018e+02 8.701216792583581494e-01 2
11 -1.524409839308173673e+02 5.021322890429023023e-01 4
1 -1.569906956102941251e+02 9.060273820146151902e-01 2
19 -1.524272907236639867e+02 8.522302271499815340e-01 4
0 -2.542557644144517894e+02 9.610414502074977605e-01 2
4 -1.541883119391093544e+02 6.402043888842445796e-02 2
16 -1.524274573161063415e+02 9.669775449325905825e-01 0
17 -1.524274262331010732e+02 5.157689896145335046e-03 0
3 -1.609410441658198465e+02 9.505763864277110287e-01 2
18 -1.524272998199864446e+02 7.976325649415194619e-01 4
24 -1.524272606815311804e+02 6.421583186797682474e-01 0
11 -1.524372528118919945e+02 1.826827194652931030e-01 1
13 -1.524301071508116650e+02 8.596735979896408253e-03 3
4 -1.534789366152947991e+02 4.147748406828588585e-02 2
15 -1.524277715259384820e+02 2.290499334975226731e-01 3
25 -1.524272612415727792e+02 1.465398770924834504e-01 4
11 -1.524345344512882150e+02 5.758098834809718403e-01 3
0 -2.136359369506233179e+02 9.793668479561485896e-01 1
14 -1.524281280538057217e+02 4.623630883415241755e-02 3
9 -1.524542852230071617e+02 9.011506256503952483e-02 2
26 -1.524272612893963128e+02 1.338660918077945183e-01 3
21 -1.524272640332490880e+02 9.291595764793074697e-01 0
7 -1.526395803097236410e+02 9.271743079548181443e-01 2
22 -1.524272637366481149e+02 7.130233596833086551e-01 0
21 -1.524272662744953095e+02 5.031744579748820279e-01 0
0 -1.831063996006259913e+02 5.637837468983243339e-01 1
24 -1.524272622970483440e+02 1.991707292264255358e-01 0
11 -1.524386486931654474e+02 7.355313823385047911e-01 2
16 -1.524277258081578452e+02 5.227764905717759980e-01 3
8 -1.525286499897420072e+02 8.269479874086282933e-01 1
26 -1.524272606552734715e+02 8.411007699329307030e-01 4
12 -1.524326646606787108e+02 7.545999451189541185e-01 1
22 -1.524272641098957308e+02 2.493001563905425100e-01 4
10 -1.524473620486737673e+02 9.327646894700992730e-01 1
20 -1.524272805415697860e+02 5.406188285601152277e-01 4
17 -1.524275009805812431e+02 6.217190690291787281e-01 3
23 -1.524272615001844429e+02 1.233925618574269328e-01 0
18 -1.524274014990413093e+02 5.221482457126702670e-01 4
27 -1.524272604030805383e+02 2.612141258095494467e-01 0
16 -1.524275878810309450e+02 4.661145871678656211e-02 2
27 -1.524272603464332576e+02 3.407542559363356816e-01 0
1 -2.108938343711380696e+02 1.231167274264591133e-01 1
14 -1.524280244617870608e+02 5.194773127679237490e-01 2
29 -1.524272602198713287e+02 8.210342910241256176e-01 0
0 -2.769688726035290074e+02 9.724177296140461557e-01 1
15 -1.524276879531547308e+02 8.559452404859013708e-02 2
5 -1.528733755072712484e+02 4.256838822194494720e-01 2
26 -1.524272608445115509e+02 2.035822911083331188e-01 0
22 -1.524272616321665623e+02 1.292673580747924211e-01 0
7 -1.526460390711866353e+02 2.286651570530011668e-01 4
26 -1.524272605310333688e+02 7.982509705360375518e-01 0
1 -2.107903529873175330e+02 1.662676208887092777e-02 2
26 -1.524272610283636027e+02 6.854198569374863048e-01 3
23 -1.524272633540127799e+02 8.641825336638429000e-01 3
23 -1.524272622494895586e+02 8.729635860924815915e-01 3
8 -1.525093020240287274e+02 6.513873169917304695e-01 1
4 -1.526025685196552502e+02 4.499659333955419172e-01 1
29 -1.524272602597256423e+02 6.983450895599219166e-01 0
10 -1.524317753097527941e+02 7.032895798979554858e-01 4
8 -1.525500045980484174e+02 7.476292657086025528e-01 4
1 -1.769510027332027846e+02 8.512242628421837765e-01 2
4 -1.544286087160663499e+02 7.662297749087905174e-01 2
19 -1.524272919761877461e+02 3.376456085926626827e-01 3
1 -1.577831171046419456e+02 6.991677113685056399e-01 4
0 -2.950214725571560166e+02 8.949357705186630207e-01 2
16 -1.524277035250979395e+02 5.582315279757796844e-01 1
10 -1.524450337914509248e+02 1.746666806111423220e-01 0
8 -1.524661367208998399e+02 7.257074356104276092e-01 0
7 -1.526928167250488002e+02 3.010931547628676111e-02 4
0 -2.336816392063828971e+02 2.716954202166332322e-01 2
3 -1.611210195181822087e+02 9.286753004476967499e-01 2
8 -1.525423146622614183e+02 5.355789413285976241e-01 1
5 -1.534727097184575939e+02 2.789289472647174528e-01 1
9 -1.524938239574870238e+02 5.723240338979795894e-02 0
15 -1.524278024225141621e+02 7.695978048463308907e-02 4
1 -2.004527478309869082e+02 6.131414918635171366e-03 0
16 -1.524275243423321626e+02 6.222401076267882747e-01 4
7 -1.525850023257721659e+02 9.434104801262068740e-01 2
10 -1.524517417456810335e+02 1.542705962187085333e-03 1
13 -1.524293481899585458e+02 2.703845341212421372e-01 3
18 -1.524273806490259915e+02 4.319014426813403418e-01 0
2 -1.745079555597866943e+02 5.866356569797821496e-01 1
12 -1.524328618251306011e+02 9.821840065797613484e-01 2
3 -1.575950676673334385e+02 1.466581197378139523e-01 1
7 -1.526446261476782524e+02 9.013083210711840820e-01 1
17 -1.524274931007655596e+02 2.421454541936098048e-01 2
11 -1.524307415187330150e+02 7.913002106792765833e-02 4
16 -1.524275285811766878e+02 7.176900216751791461e-01 1
21 -1.524272632665740161e+02 5.477814125431779146e-02 0
23 -1.524272630479032387e+02 3.530536697328102713e-01 0
15 -1.524278732594127632e+02 3.243971084528181059e-01 1
25 -1.524272612468903674e+02 6.778027526132520686e-01 0
14 -1.524292392589608767e+02 8.674004996130253442e-01 1
15 -1.524278929588755886e+02 2.624655144050080935e-02 1
22 -1.524272656378784063e+02 2.709978851654701870e-01 2
15 -1.524278566973026727e+02 7.330963354950660316e-01 4
26 -1.524272610151981553e+02 7.387871516114589143e-01 0
27 -1.524272604945224998e+02 8.503048215851245484e-01 0
21 -1.524272701424673642e+02 5.630659588575370744e-02 3
28 -1.524272603541596141e+02 2.106763988857775494e-01 2
2 -1.568359738239543617e+02 9.878370858167079271e-01 1
28 -1.524272603948006122e+02 9.126898172695116496e-02 2
27 -1.524272604950692198e+02 3.849770124349160549e-01 0
26 -1.524272611223546221e+02 4.318811803979762942e-01 0
0 -2.512512510658553140e+02 9.980018213720476261e-01 4
26 -1.524272610701081589e+02 7.371603267584123653e-01 0
19 -1.524272936887386720e+02 5.483967896990112889e-01 3
12 -1.524340636007553371e+02 5.768497802921968010e-01 1
0 -2.537932901512434682e+02 7.506559547954144707e-01 4
14 -1.524287265292865072e+02 8.887080090291942236e-01 3
5 -1.531396995811282409e+02 7.153855229922141401e-01 4
26 -1.524272608167689214e+02 3.333870791229962549e-01 2
9 -1.524720244497221984e+02 5.742572254114981511e-01 1
1 -2.030296603859086417e+02 3.593852912996108873e-01 3
21 -1.524272678274388966e+02 8.596765633983484145e-01 0
24 -1.524272605229847670e+02 4.393196896682575181e-01 2
9 -1.525049783783757391e+02 1.511845594154562211e-01 1
6 -1.526746789583845043e+02 3.301696787611638761e-01 1
1 -2.146603686762668985e+02 6.723158088560436951e-01 3
12 -1.524300260531254878e+02 3.558973972069482961e-01 0
14 -1.524283835704541730e+02 1.336998092271498573e-01 4
12 -1.524357873945706956e+02 8.227123185288063301e-01 4
12 -1.524301215369478086e+02 1.852097717143673106e-01 0
7 -1.524758836717082886e+02 5.236078314209038354e-01 1
10 -1.524314757005528804e+02 8.915094639177905123e-01 0
14 -1.524289911953212027e+02 8.739917399336358805e-01 0
7 -1.524678817429319793e+02 1.470344096213740404e-01 0
1 -1.825724935185059223e+02 9.775801186845911595e-01 3
8 -1.524888356167753045e+02 6.103101101708403864e-02 0
1 -2.107820894104789318e+02 2.181785698351768055e-02 1
28 -1.524272603486191429e+02 6.843534224172456160e-01 2
3 -1.550574383264571168e+02 9.854722044262231861e-01 3
17 -1.524274530166372301e+02 2.506235927322242318e-03 4
4 -1.541841726129486005e+02 9.458416506574338634e-01 3
7 -1.525978741024794374e+02 1.229376330109798188e-01 1
8 -1.525630344398242642e+02 4.967480253762773801e-02 0
3 -1.619194351459896666e+02 2.745630292398928418e-01 3
12 -1.524317195726777072e+02 4.548610276501001692e-01 0
27 -1.524272602471336882e+02 1.514939495431843475e-01 4
1 -1.617086725525701638e+02 6.320414747882979745e-01 3
2 -1.532894154825317230e+02 9.592501677472320409e-02 3
10 -1.524389866548071950e+02 5.386782791711912377e-02 1
16 -1.524277579888549781e+02 9.270544572587203769e-01 1
16 -1.524277089219623917e+02 4.307659253128372501e-01 1
14 -1.524290482038553023e+02 7.052866767002647919e-01 3
17 -1.524273857231993645e+02 8.558484022522399037e-01 1
20 -1.524272826127379119e+02 7.547895908384002484e-01 1
19 -1.524273058939369321e+02 1.172142091279084752e-01 2
29 -1.524272602884108210e+02 9.130663560032973303e-01 4
16 -1.524273614116132762e+02 3.429190644266226773e-01 1
17 -1.524274911577225566e+02 8.672775905858387535e-01 1
21 -1.524272688032083636e+02 9.999802155880688215e-01 3
18 -1.524272723315822304e+02 2.352459651193337109e-01 3
10 -1.524638166073113439e+02 1.618447877487106668e-01 0
25 -1.524272607968123054e+02 1.730589277662510084e-01 3
24 -1.524272617245655113e+02 3.469900356056895840e-01 3
3 -1.572990250421542555e+02 3.508686311245550193e-01 1
26 -1.524272604634932122e+02 5.584106777156645496e-01 4
28 -1.524272603725289628e+02 7.969892086405713227e-01 4
24 -1.524272620436557872e+02 2.296451248126928635e-01 3
2 -1.594667250882000360e+02 8.564792932007885690e-04 0
5 -1.530758710285600728e+02 1.694688692050115852e-01 0
6 -1.529729844007761415e+02 1.124986905385110258e-01 0
18 -1.524273213004225340e+02 4.250219329733166962e-01 2
9 -1.524936367238015293e+02 3.965668191260265929e-01 0
7 -1.525798718647123735e+02 2.182599408699847920e-02 1
10 -1.524675943571519383e+02 9.139520217048296979e-01 1
11 -1.524367094998683285e+02 4.060648082215523313e-02 0
4 -1.542138635090570915e+02 6.154009230291208610e-01 1
13 -1.524316010153510774e+02 2.815530070590712697e-01 0
14 -1.524289558427511224e+02 8.651637732197814401e-01 2
14 -1.524280522855290769e+02 5.712172603120500014e-01 2
11 -1.524297386988897927e+02 4.763055478351710947e-01 2
14 -1.524286646524905677e+02 5.318762162585126685e-01 1
18 -1.524273128637337607e+02 1.490758586293823851e-01 3
9 -1.524779501461033249e+02 6.976878437547364697e-01 1
24 -1.524272622038288318e+02 2.122990725672667112e-01 3
9 -1.524799578829052962e+02 6.815725133702721372e-02 4
16 -1.524277353844766196e+02 8.697499671542483490e-01 0
0 -3.124748263668116692e+02 3.900810622208862877e-01 2
27 -1.524272604923290544e+02 6.431986430031877422e-02 3
6 -1.526382084025083259e+02 5.003516749557420651e-01 4
11 -1.524304238601582142e+02 9.216020722629492123e-01 1
8 -1.525525227263201771e+02 8.538394702204468167e-01 4
8 -1.525739711272751151e+02 9.492228094020943585e-01 1
8 -1.524850155670682170e+02 4.464294782611002432e-01 4
22 -1.524272635917804166e+02 5.810216083670551868e-01 0
19 -1.524272753601292720e+02 1.765220641134690460e-01 0
13 -1.524284505482769987e+02 3.089495579434928807e-01 2
1 -1.598772606972875678e+02 2.004374885144014073e-02 4
6 -1.527479958643943689e+02 5.659430423447439074e-01 4
3 -1.533478523013058066e+02 4.777582800291528820e-01 4
23 -1.524272623328279224e+02 3.944670683100368058e-01 2
12 -1.524310704929817177e+02 4.003746986570188571e-01 1
28 -1.524272603211298929e+02 1.511539147311790621e-01 3
28 -1.524272603489793880e+02 8.042016242598366560e-01 3
20 -1.524272721515965543e+02 4.923259896586698048e-01 0
13 -1.524298859867886335e+02 1.782033207211952686e-02 1
29 -1.524272602716405913e+02 4.142036947846010619e-01 3
29 -1.524272602857886341e+02 5.357885403096975807e-01 3
22 -1.524272626552972270e+02 2.177704923053728481e-01 2
18 -1.524273409572055016e+02 1.209189737088252059e-01 0
15 -1.524273861857516863e+02 4.316734119554155313e-02 2
17 -1.524273260568853345e+02 7.761602090532710996e-01 2
1 -1.543227767649513567e+02 6.084186832377413978e-01 4
8 -1.524869453381757012e+02 5.011010637547159696e-01 1
12 -1.524305647770038377e+02 8.663281277360718180e-02 2
24 -1.524272606852266563e+02 7.440212743401503070e-01 3
11 -1.524311228446197788e+02 9.146540211729831116e-01 4
10 -1.524584043831806355e+02 2.937861508717661829e-01 4
10 -1.524521736786968802e+02 4.433575339256328740e-01 1
26 -1.524272610139146309e+02 1.535452336918309846e-01 3
23 -1.524272623031006617e+02 9.318179357666410700e-01 3
2 -1.649142960179795239e+02 6.320904167710850174e-01 0
23 -1.524272614177150160e+02 8.914965380867567735e-01 3
10 -1.524507628735354388e+02 3.403774100280147763e-02 0
12 -1.524299668751439754e+02 8.140136355130316304e-01 0
6 -1.528843588072171826e+02 6.018014225821285423e-01 1
1 -1.979430849837733319e+02 5.581603584545662411e-01 4
26 -1.524272604554701047e+02 4.272474970776897474e-02 3
17 -1.524274749033282319e+02 1.550733374052123414e-01 0
27 -1.524272605414709005e+02 2.011889811834436936e-01 3
15 -1.524280339209176987e+02 3.660056320879860881e-01 0
19 -1.524272875481388212e+02 3.025758282902351048e-01 3
26 -1.524272609359467765e+02 4.850169216865971578e-01 2
24 -1.524272616770031448e+02 5.466168760118070465e-03 3
24 -1.524272607166625448e+02 2.274244786163953647e-01 3
1 -1.566071126706269752e+02 7.260716742322514961e-02 1
25 -1.524272611122567582e+02 5.787588253515217884e-01 2
20 -1.524272824613230739e+02 4.329340342295466826e-01 0
19 -1.524273010092157961e+02 8.074417149539989680e-01 3
14 -1.524278748492371847e+02 1.309014409432679438e-01 1
14 -1.524285987992432752e+02 1.904706432317277154e-01 1
15 -1.524278403936225459e+02 4.597558681316327167e-01 1
20 -1.524272652228028733e+02 7.539314151452600754e-01 3
5 -1.525344680809769784e+02 6.942641334625445637e-01 4
2 -1.552434325219458060e+02 4.348312068959737653e-01 4
8 -1.525321294424940106e+02 9.852141573577810618e-02 4
18 -1.524273004372161040e+02 8.580307510199749466e-01 2
12 -1.524315197489297304e+02 2.947170130956100476e-01 1
7 -1.525036961631562065e+02 3.347282667649351673e-01 1
5 -1.534486164340233074e+02 3.057301926782565182e-01 2
7 -1.525218538295848418e+02 7.848278021251091641e-01 0
11 -1.524325033992624867e+02 3.445896006083799534e-01 1
20 -1.524272788115665094e+02 2.887272959813008688e-01 3
12 -1.524331151916379383e+02 4.578804136447223172e-01 0
3 -1.529558961052631503e+02 3.010639758659272580e-02 4
10 -1.524626527198309134e+02 1.286024563693288769e-01 1
2 -1.593508887080619729e+02 3.899906058343015625e-01 4
0 -2.377455478036226282e+02 8.948809398757877620e-01 4
2 -1.786107102524284187e+02 4.900601729986950317e-01 1
5 -1.534639833937768003e+02 2.568186242591434798e-01 4
7 -1.527002049174633669e+02 6.917130521475403082e-01 2
9 -1.524905810139928803e+02 1.720404419908114491e-01 2
3 -1.546439157363494985e+02 2.225420985682795560e-01 2
5 -1.532684990672238143e+02 9.554239612035437812e-01 4
9 -1.524987896260269338e+02 5.925225608510229502e-01 3
0 -2.460377824975121825e+02 7.464578164208520716e-01 2
0 -2.559941946839718696e+02 7.031154190091697398e-01 2
19 -1.524272976914800779e+02 2.599666412862676745e-01 0
1 -1.927906743356175525e+02 9.425814122388130878e-01 3
4 -1.541260923409106169e+02 2.787509277821840215e-01 3
2 -1.551111717795249376e+02 2.393289083607683665e-01 2
9 -1.524971583348867910e+02 4.723093610473038662e-01 4
11 -1.524366168116449671e+02 4.114148868136706105e-01 4
14 -1.524288363049969917e+02 3.613718707498847493e-01 3
6 -1.529394826665204619e+02 4.909403689443601893e-02 4
19 -1.524272751375943926e+02 5.893934262174016503e-02 3
14 -1.524283106818295153e+02 5.872261850550115625e-01 4
13 -1.524295536834318625e+02 1.888192580022280687e-01 4
29 -1.524272601993960166e+02 9.184720725091075622e-01 3
12 -1.524335742536627833e+02 5.693971861792230804e-01 4
21 -1.524272650143010992e+02 3.720512253534410396e-01 1
27 -1.524272602685450693e+02 9.753586723595930597e-01 3
0 -2.936642842029617100e+02 5.867197947742989195e-01 2
3 -1.536272867814901133e+02 6.745533616242858077e-01 2
26 -1.524272608019005304e+02 5.377029154309731496e-02 1
13 -1.524315061226095054e+02 1.987028537905865810e-01 2
7 -1.525869321372050820e+02 4.542563239953065768e-01 4
22 -1.524272627701211889e+02 1.365227485726459022e-01 1
18 -1.524273514643829230e+02 3.240961692927426530e-01 0
5 -1.527585663881121718e+02 2.312435820640245110e-01 4
7 -1.524595432761590814e+02 8.510988195568626180e-01 4
14 -1.524282982239794819e+02 1.332637445472325544e-01 4
24 -1.524272604438248209e+02 9.296776722936159199e-02 1
22 -1.524272645262935839e+02 7.647823473120803905e-01 1
15 -1.524277724245575598e+02 4.967298907431511035e-01 0
6 -1.529410315054159355e+02 5.652024494185976522e-01 2
25 -1.524272611522340242e+02 9.291165858188741300e-01 1
21 -1.524272608616736591e+02 6.237595859729837544e-01 1
25 -1.524272611412102378e+02 5.562273333193142877e-01 3
25 -1.524272605148676121e+02 8.569182721693211491e-01 1
21 -1.524272635741729687e+02 4.380783799809291890e-01 3
19 -1.524272812205823016e+02 6.874418323556450439e-01 0
22 -1.524272654670643874e+02 8.241204386788603120e-01 4
20 -1.524272708796790425e+02 9.973735112161534744e-01 3
21 -1.524272694526997327e+02 4.915868455771360002e-01 4
19 -1.524272730479839026e+02 6.525872889136303812e-01 1
19 -1.524272847474289279e+02 5.153403474710007703e-01 1
29 -1.524272601945091310e+02 8.225456745465136166e-01 0
24 -1.524272616670446610e+02 7.987646647189531324e-01 1
27 -1.524272605162565242e+02 7.753695964290798770e-01 1
22 -1.524272623494978234e+02 2.048106955646483707e-02 1
28 -1.524272603432313247e+02 7.245714724928316031e-01 0
22 -1.524272618502763805e+02 6.085826278117840715e-01 1
13 -1.524303737138066595e+02 2.451247915203729200e-01 2
25 -1.524272609443151509e+02 1.388386062145343658e-01 1
27 -1.524272605084639451e+02 3.041485215508665796e-02 0
20 -1.524272829463528183e+02 4.774327036043583550e-01 1
20 -1.524272828559291213e+02 2.499507675679223384e-01 1
21 -1.524272691150770811e+02 2.722097193940813398e-01 1
20 -1.524272750365260549e+02 4.657021932024291155e-01 1
23 -1.524272627304016510e+02 3.895804855601694983e-01 1
16 -1.524277900126244845e+02 1.859967763672111807e-01 4
28 -1.524272604170568002e+02 8.523340025837968792e-01 0
7 -1.526361797628281352e+02 6.025684364895359524e-01 2
23 -1.524272625549688485e+02 7.410933802443223639e-01 0
29 -1.524272602428626158e+02 8.735157464527231186e-01 1
4 -1.547164140992433659e+02 4.043113682093560923e-01 3
19 -1.524272620458101812e+02 1.126048704347523133e-01 1
12 -1.524334681462309220e+02 9.713832436064415710e-01 2
19 -1.524272919859055548e+02 2.433931225785510577e-01 1
0 -2.348203648084349879e+02 5.888049717375559711e-01 4
24 -1.524272617769361773e+02 6.475047812970661232e-01 1
21 -1.524272673750674585e+02 5.815975180585959414e-01 1
21 -1.524272689180232874e+02 1.626096009302845646e-01 3
23 -1.524272620342594848e+02 9.229574872454091583e-01 1
23 -1.524272615027476263e+02 8.031837156006018663e-01 1
6 -1.529103167679925548e+02 5.439447632247222941e-01 4
15 -1.524277147357476565e+02 6.638518047450542303e-01 2
15 -1.524282382415620134e+02 8.234736742248844887e-01 2
2 -1.688326421637240742e+02 1.918264052704378719e-01 4
10 -1.524529003372126681e+02 9.278540568218189843e-01 2
3 -1.547279913332324668e+02 1.326557140530848500e-01 2
0 -3.016767098013532404e+02 1.233256222584766526e-01 2
1 -2.146263931179277336e+02 8.030266915409498552e-01 2
20 -1.524272792778155292e+02 4.032894630039940975e-01 3
23 -1.524272613950860773e+02 9.392665188145171706e-01 1
3 -1.537712968128585089e+02 3.719334127949209812e-01 4
4 -1.532438952957518268e+02 4.531706575372060342e-01 4
9 -1.524515878750098068e+02 4.038139778531416035e-03 0
8 -1.525580334071884465e+02 2.160205415237570759e-01 0
10 -1.524644996846616607e+02 3.759562650618380464e-01 0
16 -1.524277790633953487e+02 8.856771816781150441e-01 1
6 -1.524649452362735929e+02 2.138418761344516306e-01 2
21 -1.524272703140223086e+02 1.754518444554982182e-01 1
18 -1.524273836390266297e+02 4.084852013965313278e-01 1
12 -1.524355087347109361e+02 8.532439303426997412e-02 4
13 -1.524307975549009484e+02 6.981379362728100668e-01 4
11 -1.524276388816833787e+02 5.247121731301239711e-01 1
14 -1.524285641902934572e+02 4.084829356435112357e-01 1
3 -1.616243016274146953e+02 6.001347117990941671e-01 2
2 -1.630756587550034737e+02 1.552504447041966884e-01 2
6 -1.530767648671918550e+02 6.729497921749429956e-01 0
2 -1.609360356023050258e+02 6.919639583420579276e-01 0
16 -1.524274410018071251e+02 8.701564617551404979e-02 1
1 -1.747913679723425275e+02 9.018194940133437143e-01 0
24 -1.524272609015420414e+02 7.658760528798059797e-01 3
5 -1.526455780199833043e+02 5.763453624525053387e-01 0
15 -1.524273681712384700e+02 1.091235542784287638e-01 2
8 -1.525231211045060036e+02 1.909155711543666367e-01 0
29 -1.524272602657907782e+02 7.164792995051505464e-01 3
22 -1.524272649440354144e+02 3.739004794191509995e-01 2
8 -1.525335213563777472e+02 5.482155960590758825e-01 0
21 -1.524272631261200956e+02 9.436259751978615107e-02 4
4 -1.525711362071408530e+02 3.175078571998575239e-01 0
24 -1.524272604384198928e+02 3.764142133788497269e-01 2
6 -1.530766693126021494e+02 4.465446021310924829e-01 0
25 -1.524272611054030335e+02 5.746360461435904288e-01 4
6 -1.529494930665309766e+02 4.689661425167139693e-03 0
2 -1.564551392767653226e+02 1.588922731006281452e-01 0
22 -1.524272650315462272e+02 2.789973373448839666e-02 4
22 -1.524272645256119176e+02 4.333426488962093259e-01 2
23 -1.524272626913706290e+02 2.310165087162632247e-01 4
24 -1.524272620173310600e+02 9.877830885580077269e-02 4
19 -1.524273071934867687e+02 8.290426321223632877e-01 2
3 -1.531576866943582900e+02 5.024533602200716986e-01 1
15 -1.524281700428059025e+02 3.929712643132452499e-01 3
17 -1.524273946267143174e+02 9.809726904413523796e-01 3
7 -1.527239302822792411e+02 6.041920137037024574e-01 1
14 -1.524288545844987652e+02 3.210329704389172645e-01 3
9 -1.524988380035992463e+02 9.978999606495151387e-01 0
12 -1.524279364148979994e+02 6.496710114525696689e-01 1
16 -1.524273490118105201e+02 4.513972034352501383e-01 4
14 -1.524284032448315429e+02 4.931377104016076984e-01 3
15 -1.524279038934222115e+02 5.587528160719203996e-01 3
6 -1.528829370139599462e+02 4.934846649649238248e-01 0
3 -1.549536462527367462e+02 5.527632654727152595e-01 0
29 -1.524272602384905326e+02 2.874966431375702847e-01 1
0 -1.867590831812694887e+02 2.396203002663561399e-01 0
27 -1.524272602858435448e+02 3.517379647240498897e-01 1
12 -1.524347832031483563e+02 7.417866157836784380e-01 3
8 -1.525687227053052197e+02 6.005579811186635419e-01 4
2 -1.670077520633301162e+02 6.278685954792548318e-02 0
1 -2.092192659485519073e+02 8.430157811322217531e-01 0
3 -1.530029276717110065e+02 6.504657282178931688e-01 4
5 -1.535032085360726342e+02 8.436463557101488986e-01 4
19 -1.524272979091289244e+02 1.632682402276178224e-01 3
19 -1.524273040673321873e+02 2.839889145053434705e-01 3
29 -1.524272602425950254e+02 5.658085384092086390e-01 1
26 -1.524272602490560189e+02 7.909820089937029675e-01 1
9 -1.524820557183636538e+02 1.011037058623939777e-01 0
6 -1.530130015897688054e+02 1.212324325571234596e-02 4
0 -2.037088143325244118e+02 6.228128110329133049e-01 4
1 -1.884878158616477322e+02 7.587929525220880045e-01 0
0 -3.015398525439967443e+02 2.455452691762860518e-01 0
24 -1.524272614517657303e+02 6.489025478175300954e-01 3
2 -1.600281746641963707e+02 2.497582729647659650e-01 0
7 -1.525448438806673721e+02 5.973080753640445106e-01 4
25 -1.524272604652895211e+02 1.900783942799702808e-01 3
7 -1.524954324571824031e+02 4.189668949233022466e-01 4
3 -1.542698382109236945e+02 1.074299598966721447e-01 0
3 -1.557494283022622312e+02 2.726450467853477888e-02 0
21 -1.524272675504154506e+02 8.187568935372883105e-01 3
8 -1.525358511015317617e+02 3.718790335369019928e-01 0
25 -1.524272614477515049e+02 5.713938062290653264e-01 3
3 -1.618537375228041810e+02 5.271283869687769241e-02 0
18 -1.524273097702391055e+02 6.491359007056979324e-02 4
16 -1.524275751955711087e+02 6.876215184005904923e-01 3
13 -1.524311383748322442e+02 1.575450421130730749e-02 2
10 -1.524628199352293336e+02 3.764543028053068952e-03 0
28 -1.524272603790543883e+02 3.291282785651402643e-01 1
10 -1.524459238065791737e+02 2.906791692315284781e-01 3
12 -1.524351685909727507e+02 9.030137941528725287e-01 3
11 -1.524382886711322271e+02 8.466231206466012793e-01 3
11 -1.524388615091486656e+02 2.116210010996336655e-01 2
13 -1.524300855741091709e+02 5.676973655970975891e-02 2
12 -1.524305445664814442e+02 1.786588050041774678e-01 2
18 -1.524273345338833678e+02 7.274765999857557564e-01 2
28 -1.524272604053344935e+02 1.459373129710201944e-01 1
16 -1.524276962313097670e+02 3.686203635348774821e-01 2
15 -1.524279831468285238e+02 3.231832403893647454e-01 3
19 -1.524272918115372022e+02 6.904621509225441489e-01 1
9 -1.524661195292322873e+02 1.668571366219613328e-01 3
6 -1.529510822821443412e+02 6.905158187249733626e-01 2
17 -1.524273691586844564e+02 4.403683117499195276e-01 1
13 -1.524313563379848233e+02 9.598869039285535809e-01 4
19 -1.524273068856080613e+02 1.397855211401255460e-01 0
11 -1.524314336394489260e+02 6.267031432907739230e-01 1
18 -1.524272911384305189e+02 2.822568244024648010e-01 0
0 -2.155055495020508545e+02 9.338066270601075303e-01 2
20 -1.524272805659310848e+02 7.111182926092995960e-01 0
0 -2.205913564073914586e+02 6.326681400324174476e-01 1
20 -1.524272833521700932e+02 6.573415841402887594e-01 0
1 -1.955499160962670544e+02 4.399022892816573105e-03 1
4 -1.529093784380401075e+02 8.813190025294768137e-01 4
7 -1.526775740666323600e+02 5.587492706388139663e-01 4
14 -1.524276943748373014e+02 5.440154559313903349e-01 0
8 -1.525821872865723208e+02 2.134092834699288233e-01 3
11 -1.524380327162940603e+02 6.554436828773078094e-01 4
23 -1.524272621978667246e+02 8.338749779609477830e-01 0
10 -1.524410011288483702e+02 9.017361085738536675e-01 3
22 -1.524272650655100563e+02 8.173931274831327531e-01 0
26 -1.524272613316160232e+02 2.439814818932342089e-01 0
17 -1.524274344349204284e+02 4.541050554126823124e-01 2
3 -1.591018185478950215e+02 7.597632102678840704e-01 1
