0.000000000000000000e+00
0.000000000000000000e+00
0.000000000000000000e+00
0.000000000000000000e+00
0.000000000000000000e+00
0.000000000000000000e+00
0.000000000000000000e+00
0.000000000000000000e+00
0.000000000000000000e+00
0.000000000000000000e+00
0.000000000000000000e+00
0.000000000000000000e+00
0.000000000000000000e+00
0.000000000000000000e+00
0.000000000000000000e+00
0.000000000000000000e+00
0.000000000000000000e+00
0.000000000000000000e+00
0.000000000000000000e+00
0.000000000000000000e+00
0.000000000000000000e+00
0.000000000000000000e+00
0.000000000000000000e+00
0.000000000000000000e+00
0.000000000000000000e+00
0.000000000000000000e+00
0.000000000000000000e+00
0.000000000000000000e+00
0.000000000000000000e+00
0.000000000000000000e+00
0.000000000000000000e+00
0.000000000000000000e+00
0.000000000000000000e+00
0.000000000000000000e+00
0.000000000000000000e+00
0.000000000000000000e+00
0.000000000000000000e+00
0.000000000000000000e+00
0.000000000000000000e+00
0.000000000000000000e+00
0.000000000000000000e+00
0.000000000000000000e+00
0.000000000000000000e+00
0.000000000000000000e+00
0.000000000000000000e+00
0.000000000000000000e+00
0.000000000000000000e+00
0.000000000000000000e+00
9.500285865716382644e-236
0.000000000000000000e+00
0.000000000000000000e+00
0.000000000000000000e+00
0.000000000000000000e+00
0.000000000000000000e+00
0.000000000000000000e+00
1.428362557349632705e-270
0.000000000000000000e+00
1.445403433660707074e-216
1.326248104654981114e-240
0.000000000000000000e+00
0.000000000000000000e+00
0.000000000000000000e+00
0.000000000000000000e+00
0.000000000000000000e+00
9.782819102013864115e-289
0.000000000000000000e+00
0.000000000000000000e+00
0.000000000000000000e+00
0.000000000000000000e+00
0.000000000000000000e+00
2.117056933117050174e-253
0.000000000000000000e+00
1.315620702355171862e-117
4.556733110931679345e-294
7.238605391635857871e-47
0.000000000000000000e+00
3.746975802665300508e-47
0.000000000000000000e+00
2.243794012779988015e-56
7.778374278158256799e-59
5.385972646978556189e-317
3.421038075819257713e-21
0.000000000000000000e+00
1.806829110716809906e-264
1.522235354924070568e-59
1.032709220332210894e-32
0.000000000000000000e+00
6.734860490959618006e-13
3.752485809467401548e-17
1.511251761512121062e-06
0.000000000000000000e+00
1.846037400959453492e-21
1.820592400118909837e-66
8.528419104793147976e-22
1.770589141638920375e-07
3.856632906377142151e-67
3.549381689786611047e-37
5.076528444202405184e-03
7.730895862722891452e-55
2.930704816567625352e-36
8.113898193191566082e-08
0.000000000000000000e+00
2.925632339739714372e-01
0.000000000000000000e+00
4.485776281177481996e-178
1.275408364818917412e-19
1.495512213375738847e-04
5.998495744594916879e-08
9.430460077610438793e-03
4.056237699455899325e-196
8.533151629291763768e-03
7.106239587235694622e-04
4.563661197302066756e-28
7.647752925752136039e-05
1.672151139505316346e-03
0.000000000000000000e+00
9.738929423809557229e-02
0.000000000000000000e+00
6.033637669033507095e-03
0.000000000000000000e+00
3.556038343113689349e-35
0.000000000000000000e+00
1.848202029694224499e-60
1.201437261883936403e-01
1.191438880282943459e-02
1.269142008788475127e-18
0.000000000000000000e+00
0.000000000000000000e+00
0.000000000000000000e+00
0.000000000000000000e+00
0.000000000000000000e+00
0.000000000000000000e+00
0.000000000000000000e+00
0.000000000000000000e+00
0.000000000000000000e+00
0.000000000000000000e+00
9.172842398639042194e-04
9.918895174462153286e-14
3.874417846727559140e-23
7.529932220286845654e-03
0.000000000000000000e+00
0.000000000000000000e+00
5.230208908700899328e-03
0.000000000000000000e+00
2.413878290165721788e-07
0.000000000000000000e+00
1.983374375581308805e-06
0.000000000000000000e+00
0.000000000000000000e+00
0.000000000000000000e+00
0.000000000000000000e+00
0.000000000000000000e+00
0.000000000000000000e+00
1.749140421029858606e-212
0.000000000000000000e+00
0.000000000000000000e+00
0.000000000000000000e+00
0.000000000000000000e+00
3.977812330592921108e-02
1.231459472052963194e-03
0.000000000000000000e+00
0.000000000000000000e+00
5.759960853632624389e-03
1.454819916002994713e-19
6.545439354846492586e-02
0.000000000000000000e+00
3.014145918963339610e-01
0.000000000000000000e+00
2.290322882651295329e-132
0.000000000000000000e+00
3.901505111174110286e-173
0.000000000000000000e+00
0.000000000000000000e+00
0.000000000000000000e+00
7.546131689346807583e-13
0.000000000000000000e+00
0.000000000000000000e+00
0.000000000000000000e+00
0.000000000000000000e+00
8.372156276385019748e-21
1.799842427872115462e-95
8.772463408149733996e-114
0.000000000000000000e+00
0.000000000000000000e+00
4.380181762411626822e-01
1.268489143802007410e-21
1.150415164014567948e-01
0.000000000000000000e+00
0.000000000000000000e+00
0.000000000000000000e+00
0.000000000000000000e+00
0.000000000000000000e+00
0.000000000000000000e+00
9.593941183878595071e-31
0.000000000000000000e+00
1.849500361221311775e-03
8.879374648145222903e-298
5.729075740694764101e-154
0.000000000000000000e+00
0.000000000000000000e+00
0.000000000000000000e+00
9.770902419175641180e-82
0.000000000000000000e+00
0.000000000000000000e+00
0.000000000000000000e+00
0.000000000000000000e+00
0.000000000000000000e+00
0.000000000000000000e+00
2.351693574708916631e-38
0.000000000000000000e+00
2.738890685671111788e-113
0.000000000000000000e+00
2.337579334375948216e-57
0.000000000000000000e+00
0.000000000000000000e+00
0.000000000000000000e+00
2.686681902169663997e-79
5.886476520498720636e-23
0.000000000000000000e+00
6.516326590634195038e-08
3.338134939053428688e-12
9.756464439788778142e-69
2.625906693269524685e-11
0.000000000000000000e+00
3.251484051782802887e-04
8.058405802537442139e-03
1.303089481162614943e-02
5.304850126804769219e-04
2.667839924589241919e-59
0.000000000000000000e+00
3.109937858517438769e-161
3.190190864193524767e-02
0.000000000000000000e+00
0.000000000000000000e+00
5.044401032668791200e-25
0.000000000000000000e+00
0.000000000000000000e+00
0.000000000000000000e+00
2.815071832712575727e-07
5.207434545952805715e-17
0.000000000000000000e+00
4.662861842676494471e-03
0.000000000000000000e+00
0.000000000000000000e+00
0.000000000000000000e+00
0.000000000000000000e+00
0.000000000000000000e+00
1.021515372504452727e-02
1.775333878907098262e-02
0.000000000000000000e+00
0.000000000000000000e+00
0.000000000000000000e+00
0.000000000000000000e+00
0.000000000000000000e+00
0.000000000000000000e+00
7.225144028806929025e-06
0.000000000000000000e+00
3.710612351963234884e-03
0.000000000000000000e+00
0.000000000000000000e+00
0.000000000000000000e+00
0.000000000000000000e+00
0.000000000000000000e+00
0.000000000000000000e+00
1.795520548044393372e-01
9.538546917900819766e-02
0.000000000000000000e+00
0.000000000000000000e+00
0.000000000000000000e+00
0.000000000000000000e+00
0.000000000000000000e+00
3.585043403342562761e-15
0.000000000000000000e+00
0.000000000000000000e+00
0.000000000000000000e+00
0.000000000000000000e+00
0.000000000000000000e+00
4.144645054708641952e-17
0.000000000000000000e+00
7.427137285991218909e-131
1.290544192234893667e-247
0.000000000000000000e+00
0.000000000000000000e+00
0.000000000000000000e+00
1.263884585473353528e-01
6.155063377365690568e-05
7.517128579411088280e-81
0.000000000000000000e+00
1.473169489313702040e-267
0.000000000000000000e+00
0.000000000000000000e+00
0.000000000000000000e+00
0.000000000000000000e+00
0.000000000000000000e+00
0.000000000000000000e+00
0.000000000000000000e+00
0.000000000000000000e+00
0.000000000000000000e+00
0.000000000000000000e+00
4.025763097625887690e-167
0.000000000000000000e+00
0.000000000000000000e+00
0.000000000000000000e+00
9.696336261014671411e-07
0.000000000000000000e+00
0.000000000000000000e+00
3.706504747262824833e-20
5.402455331350713906e-63
1.557513592805424285e-01
4.360269793525823492e-59
0.000000000000000000e+00
7.879836066732986413e-06
2.197345715898541573e-81
8.628463093399859673e-09
3.175101437795725747e-07
0.000000000000000000e+00
2.941695837917698634e-214
1.005511634338673425e-07
7.649805249936158099e-16
1.239655299416001761e-41
0.000000000000000000e+00
0.000000000000000000e+00
1.694187794755489529e-01
2.159428656156310404e-03
2.950671731888997087e-03
0.000000000000000000e+00
0.000000000000000000e+00
0.000000000000000000e+00
1.003922298796312932e-21
0.000000000000000000e+00
0.000000000000000000e+00
0.000000000000000000e+00
0.000000000000000000e+00
0.000000000000000000e+00
3.508605242930518235e-22
0.000000000000000000e+00
4.471555392860000061e-03
1.052874106237394192e-01
0.000000000000000000e+00
0.000000000000000000e+00
0.000000000000000000e+00
0.000000000000000000e+00
4.648425246638461517e-02
1.081755702678202631e-41
0.000000000000000000e+00
2.762376639393959822e-109
7.732259979227634750e-02
0.000000000000000000e+00
2.489589279273998064e-264
3.238654610517042146e-08
1.667707833130613587e-03
0.000000000000000000e+00
4.994494698171213317e-15
9.537272309678267016e-311
0.000000000000000000e+00
6.191111697391307256e-04
1.578240777588795288e-02
9.157607008763985189e-19
0.000000000000000000e+00
1.472972707561613329e-05
0.000000000000000000e+00
0.000000000000000000e+00
8.395649536336427868e-49
0.000000000000000000e+00
8.027122790465086909e-201
0.000000000000000000e+00
0.000000000000000000e+00
0.000000000000000000e+00
0.000000000000000000e+00
4.534125672933685298e-03
0.000000000000000000e+00
0.000000000000000000e+00
0.000000000000000000e+00
0.000000000000000000e+00
0.000000000000000000e+00
0.000000000000000000e+00
0.000000000000000000e+00
0.000000000000000000e+00
1.161858679513423128e-50
0.000000000000000000e+00
0.000000000000000000e+00
0.000000000000000000e+00
0.000000000000000000e+00
5.288778303567364010e-03
0.000000000000000000e+00
2.396232821883435020e-130
3.068799223579510674e-39
4.844839483260070752e-36
0.000000000000000000e+00
9.217399778471211733e-66
4.515244759966727783e-81
6.083851417097603347e-03
3.341861354957071989e-04
6.971009395084450848e-04
7.900283239210089856e-07
1.593933314685583660e-37
0.000000000000000000e+00
0.000000000000000000e+00
0.000000000000000000e+00
0.000000000000000000e+00
0.000000000000000000e+00
0.000000000000000000e+00
0.000000000000000000e+00
0.000000000000000000e+00
0.000000000000000000e+00
0.000000000000000000e+00
0.000000000000000000e+00
0.000000000000000000e+00
0.000000000000000000e+00
0.000000000000000000e+00
0.000000000000000000e+00
5.413217179448048984e-03
0.000000000000000000e+00
0.000000000000000000e+00
8.087774120460904531e-08
0.000000000000000000e+00
0.000000000000000000e+00
0.000000000000000000e+00
0.000000000000000000e+00
1.079582223061716303e-07
5.632348051844229993e-105
0.000000000000000000e+00
6.833923713501829601e-06
0.000000000000000000e+00
1.021464574454637435e-151
1.148917226145667971e-285
0.000000000000000000e+00
0.000000000000000000e+00
0.000000000000000000e+00
0.000000000000000000e+00
4.872814884096986566e-10
2.915155110254633173e-108
0.000000000000000000e+00
0.000000000000000000e+00
0.000000000000000000e+00
0.000000000000000000e+00
3.162587605055908734e-253
1.254457705164235242e-171
0.000000000000000000e+00
1.129891164529350248e-40
0.000000000000000000e+00
1.723193247257152952e-19
3.147691990059451689e-36
0.000000000000000000e+00
0.000000000000000000e+00
0.000000000000000000e+00
0.000000000000000000e+00
0.000000000000000000e+00
1.304644868322471655e-86
0.000000000000000000e+00
0.000000000000000000e+00
0.000000000000000000e+00
0.000000000000000000e+00
0.000000000000000000e+00
0.000000000000000000e+00
0.000000000000000000e+00
0.000000000000000000e+00
0.000000000000000000e+00
0.000000000000000000e+00
0.000000000000000000e+00
0.000000000000000000e+00
0.000000000000000000e+00
0.000000000000000000e+00
0.000000000000000000e+00
7.059941815354763987e-07
0.000000000000000000e+00
2.166120934125565632e-26
0.000000000000000000e+00
6.986628945787047554e-23
0.000000000000000000e+00
4.496305504231034450e-03
0.000000000000000000e+00
0.000000000000000000e+00
0.000000000000000000e+00
8.737213065988384057e-12
3.142239984728418228e-227
1.463308956508586021e-02
0.000000000000000000e+00
7.428997516346274666e-04
1.711963436713743016e-03
0.000000000000000000e+00
0.000000000000000000e+00
0.000000000000000000e+00
2.631470289062605786e-03
0.000000000000000000e+00
0.000000000000000000e+00
6.200009669978947252e-22
3.981866810285402436e-286
0.000000000000000000e+00
0.000000000000000000e+00
6.090175666265838650e-28
1.961977419199306475e-29
6.920952475020013088e-04
0.000000000000000000e+00
0.000000000000000000e+00
0.000000000000000000e+00
0.000000000000000000e+00
0.000000000000000000e+00
0.000000000000000000e+00
0.000000000000000000e+00
0.000000000000000000e+00
4.468587056472448672e-03
4.888691000021751221e-02
4.633083936691477798e-06
7.046974793242846436e-49
0.000000000000000000e+00
0.000000000000000000e+00
0.000000000000000000e+00
0.000000000000000000e+00
0.000000000000000000e+00
0.000000000000000000e+00
0.000000000000000000e+00
0.000000000000000000e+00
2.771650808866305392e-59
0.000000000000000000e+00
7.404923684194977818e-02
0.000000000000000000e+00
5.745651717465634486e-04
0.000000000000000000e+00
0.000000000000000000e+00
0.000000000000000000e+00
2.101433109438154916e-16
4.359493045635448161e-11
4.502514528324352449e-45
0.000000000000000000e+00
0.000000000000000000e+00
0.000000000000000000e+00
1.977175729335181943e-16
0.000000000000000000e+00
0.000000000000000000e+00
0.000000000000000000e+00
0.000000000000000000e+00
8.938731374150925681e-05
0.000000000000000000e+00
0.000000000000000000e+00
5.213604088823130886e-33
9.896762779780477607e-112
1.164126200162734874e-02
0.000000000000000000e+00
8.322022587731364221e-36
0.000000000000000000e+00
3.267548325269414378e-04
4.703138966801735066e-104
9.250345009731029878e-161
0.000000000000000000e+00
0.000000000000000000e+00
0.000000000000000000e+00
1.099010251985053666e-83
4.872190513815377599e-02
0.000000000000000000e+00
3.390403807313696621e-227
0.000000000000000000e+00
4.417647470719424617e-03
0.000000000000000000e+00
0.000000000000000000e+00
0.000000000000000000e+00
8.439091220733969438e-06
0.000000000000000000e+00
8.327124919310844135e-94
8.095998038172254937e-05
1.178048685737830273e-25
5.066640570849893512e-34
8.324252723349979607e-03
0.000000000000000000e+00
5.606946743241570350e-08
0.000000000000000000e+00
2.327269235355353230e-14
0.000000000000000000e+00
8.128404003752878865e-07
0.000000000000000000e+00
1.374402277519860112e-12
7.628797222605454781e-04
0.000000000000000000e+00
1.635313770244533082e-18
0.000000000000000000e+00
7.775264465273085448e-58
0.000000000000000000e+00
0.000000000000000000e+00
0.000000000000000000e+00
0.000000000000000000e+00
0.000000000000000000e+00
4.443447614539808214e-218
0.000000000000000000e+00
0.000000000000000000e+00
0.000000000000000000e+00
0.000000000000000000e+00
0.000000000000000000e+00
0.000000000000000000e+00
3.917927099097091961e-12
0.000000000000000000e+00
0.000000000000000000e+00
0.000000000000000000e+00
5.209753163643503307e-14
0.000000000000000000e+00
0.000000000000000000e+00
0.000000000000000000e+00
0.000000000000000000e+00
1.459941372031785083e-02
2.174053782237511806e-55
0.000000000000000000e+00
0.000000000000000000e+00
0.000000000000000000e+00
2.021339753227843462e-20
1.481067517328798359e-58
0.000000000000000000e+00
4.944219418435048956e-55
0.000000000000000000e+00
0.000000000000000000e+00
0.000000000000000000e+00
4.284761766521626436e-01
0.000000000000000000e+00
0.000000000000000000e+00
0.000000000000000000e+00
0.000000000000000000e+00
7.579591073575733503e-04
1.548034023584926354e-93
0.000000000000000000e+00
0.000000000000000000e+00
0.000000000000000000e+00
5.188307731977815892e-04
0.000000000000000000e+00
5.296315611739882715e-04
0.000000000000000000e+00
5.159193226326163580e-13
0.000000000000000000e+00
5.875329317829229396e-04
2.653972662257660044e-54
5.665025363360591815e-01
0.000000000000000000e+00
4.675402949332344710e-02
0.000000000000000000e+00
0.000000000000000000e+00
4.694160821924739705e-04
5.408309933914290379e-01
0.000000000000000000e+00
2.352673711756137209e-01
1.070403647507400957e-67
4.617012954655431735e-275
8.394541766175960076e-80
8.492785564218148422e-04
0.000000000000000000e+00
6.524132497037763573e-03
0.000000000000000000e+00
0.000000000000000000e+00
1.444446050025390872e-02
0.000000000000000000e+00
0.000000000000000000e+00
0.000000000000000000e+00
0.000000000000000000e+00
8.389917462013075087e-05
1.822670452058745256e-37
0.000000000000000000e+00
2.599319068743819831e-06
0.000000000000000000e+00
2.091748903089614977e-13
0.000000000000000000e+00
0.000000000000000000e+00
7.507512530002277782e-04
4.210831587315714414e-02
0.000000000000000000e+00
3.192434345537735256e-14
4.073966294855062079e-302
0.000000000000000000e+00
0.000000000000000000e+00
5.986755841361669744e-06
2.719718615402329996e-100
0.000000000000000000e+00
3.712785915508710704e-133
0.000000000000000000e+00
0.000000000000000000e+00
0.000000000000000000e+00
0.000000000000000000e+00
0.000000000000000000e+00
0.000000000000000000e+00
0.000000000000000000e+00
1.426283363564718673e-05
5.476245985858874815e-04
1.464405064690386298e-03
6.821291029996986825e-04
0.000000000000000000e+00
1.945150884104082648e-23
0.000000000000000000e+00
0.000000000000000000e+00
0.000000000000000000e+00
1.522627865433188217e-15
0.000000000000000000e+00
3.625762256792253516e-03
4.668425151645652903e-05
1.205529212397426750e-148
0.000000000000000000e+00
0.000000000000000000e+00
0.000000000000000000e+00
1.562354713545576639e-04
8.142575107699328095e-73
0.000000000000000000e+00
0.000000000000000000e+00
4.716264005762679302e-05
0.000000000000000000e+00
0.000000000000000000e+00
1.806397897203551942e-02
0.000000000000000000e+00
0.000000000000000000e+00
4.062564519026784790e-67
0.000000000000000000e+00
0.000000000000000000e+00
0.000000000000000000e+00
1.671312205587886802e-172
7.983533953382029343e-06
6.733381017976930796e-03
1.257506520928351461e-10
0.000000000000000000e+00
0.000000000000000000e+00
0.000000000000000000e+00
4.599332000218081510e-08
1.033428735418294615e-02
0.000000000000000000e+00
0.000000000000000000e+00
1.473568930421946532e-02
8.613724403498617709e-06
1.662713793127204548e-12
1.814518059761718541e-102
0.000000000000000000e+00
0.000000000000000000e+00
0.000000000000000000e+00
1.796999446262738847e-41
0.000000000000000000e+00
0.000000000000000000e+00
5.594392218799781363e-227
0.000000000000000000e+00
0.000000000000000000e+00
6.270653325500419786e-47
0.000000000000000000e+00
0.000000000000000000e+00
0.000000000000000000e+00
0.000000000000000000e+00
0.000000000000000000e+00
0.000000000000000000e+00
0.000000000000000000e+00
0.000000000000000000e+00
0.000000000000000000e+00
4.333610054569084339e-316
0.000000000000000000e+00
0.000000000000000000e+00
0.000000000000000000e+00
9.177086262244246225e-145
5.940895920486003452e-48
0.000000000000000000e+00
0.000000000000000000e+00
1.409199702099321632e-178
7.501756286216792358e-23
0.000000000000000000e+00
0.000000000000000000e+00
0.000000000000000000e+00
0.000000000000000000e+00
0.000000000000000000e+00
0.000000000000000000e+00
7.971984909446467660e-102
0.000000000000000000e+00
0.000000000000000000e+00
0.000000000000000000e+00
0.000000000000000000e+00
0.000000000000000000e+00
0.000000000000000000e+00
0.000000000000000000e+00
1.712848564233460995e-111
3.442487612734314519e-43
0.000000000000000000e+00
2.894228913534432053e-05
0.000000000000000000e+00
5.295646240028722450e-28
0.000000000000000000e+00
1.968414422298512753e-02
8.513552384268287812e-66
2.625360989328339237e-02
0.000000000000000000e+00
0.000000000000000000e+00
1.045817768994290625e-139
0.000000000000000000e+00
4.377927630821436579e-16
0.000000000000000000e+00
0.000000000000000000e+00
3.716829473330891272e-05
4.662064083389276395e-212
4.841213850562978366e-04
2.709791091093869508e-235
0.000000000000000000e+00
5.305454802066635496e-16
0.000000000000000000e+00
0.000000000000000000e+00
0.000000000000000000e+00
0.000000000000000000e+00
0.000000000000000000e+00
6.808702210562209839e-03
0.000000000000000000e+00
0.000000000000000000e+00
6.872908828756405300e-05
0.000000000000000000e+00
0.000000000000000000e+00
3.047708763021927224e-68
0.000000000000000000e+00
0.000000000000000000e+00
1.579082808744924869e-59
1.349874627501565420e-94
4.368166683560960461e-279
0.000000000000000000e+00
0.000000000000000000e+00
0.000000000000000000e+00
6.262321758019506145e-173
0.000000000000000000e+00
0.000000000000000000e+00
1.283686144864355871e-62
5.947594809603450527e-04
8.977455486497130432e-159
4.235546712481785998e-04
1.616171428921133379e-04
3.105188804193806536e-05
0.000000000000000000e+00
0.000000000000000000e+00
6.806950744155386597e-05
0.000000000000000000e+00
0.000000000000000000e+00
0.000000000000000000e+00
0.000000000000000000e+00
0.000000000000000000e+00
1.093379148347296591e-13
1.013297911352056386e-30
1.234627444382408900e-65
0.000000000000000000e+00
0.000000000000000000e+00
3.128801315275357760e-177
2.610470225817921137e-18
0.000000000000000000e+00
0.000000000000000000e+00
1.949215305861542763e-04
0.000000000000000000e+00
0.000000000000000000e+00
9.823751329413545036e-200
0.000000000000000000e+00
0.000000000000000000e+00
0.000000000000000000e+00
0.000000000000000000e+00
0.000000000000000000e+00
3.183754695144908208e-09
0.000000000000000000e+00
0.000000000000000000e+00
0.000000000000000000e+00
0.000000000000000000e+00
2.736539491013439615e-02
7.117877556181467086e-03
0.000000000000000000e+00
0.000000000000000000e+00
0.000000000000000000e+00
4.395444949338650231e-111
0.000000000000000000e+00
0.000000000000000000e+00
0.000000000000000000e+00
0.000000000000000000e+00
3.375861125253563025e-08
0.000000000000000000e+00
0.000000000000000000e+00
7.244140612341682016e-53
3.177023897305336631e-39
1.096285836314586882e-54
0.000000000000000000e+00
0.000000000000000000e+00
0.000000000000000000e+00
2.158179585893907695e-03
0.000000000000000000e+00
7.582800681740239999e-04
0.000000000000000000e+00
0.000000000000000000e+00
1.800497458169784612e-23
0.000000000000000000e+00
0.000000000000000000e+00
0.000000000000000000e+00
0.000000000000000000e+00
0.000000000000000000e+00
0.000000000000000000e+00
2.157321846985625624e-02
0.000000000000000000e+00
0.000000000000000000e+00
2.530990453383138213e-03
1.298126910401404543e-01
0.000000000000000000e+00
0.000000000000000000e+00
0.000000000000000000e+00
9.117718157947988372e-03
5.605128032129471846e-03
8.286584229913845438e-87
1.212355257672212416e-02
2.550978572433832726e-03
0.000000000000000000e+00
5.905804237569512415e-03
0.000000000000000000e+00
1.437078555157780772e-08
4.005607744049034192e-20
1.598229756146277077e-170
6.322609570781349830e-02
0.000000000000000000e+00
0.000000000000000000e+00
9.431365428111148990e-25
2.113357753471401036e-11
7.592624375943418658e-01
0.000000000000000000e+00
1.555324533389772553e-41
0.000000000000000000e+00
5.424949437965791893e-19
0.000000000000000000e+00
5.921101936968024175e-174
5.708651910183097346e-05
0.000000000000000000e+00
0.000000000000000000e+00
0.000000000000000000e+00
0.000000000000000000e+00
0.000000000000000000e+00
0.000000000000000000e+00
0.000000000000000000e+00
0.000000000000000000e+00
0.000000000000000000e+00
0.000000000000000000e+00
0.000000000000000000e+00
0.000000000000000000e+00
5.621817780517421551e-115
0.000000000000000000e+00
1.113237429008523908e-20
0.000000000000000000e+00
4.055742452193876876e-66
0.000000000000000000e+00
0.000000000000000000e+00
0.000000000000000000e+00
0.000000000000000000e+00
0.000000000000000000e+00
0.000000000000000000e+00
1.524291330549413838e-319
3.439955763354157806e-14
3.203353803296596687e-25
8.022225509875435236e-221
5.084206541372018536e-12
0.000000000000000000e+00
0.000000000000000000e+00
0.000000000000000000e+00
0.000000000000000000e+00
1.853124335104684256e-05
0.000000000000000000e+00
0.000000000000000000e+00
0.000000000000000000e+00
0.000000000000000000e+00
5.586187254993133866e-04
0.000000000000000000e+00
4.603427027607458416e-04
2.325144382529819090e-04
1.000000000000000000e+00
7.895120131568524784e-04
0.000000000000000000e+00
0.000000000000000000e+00
0.000000000000000000e+00
0.000000000000000000e+00
1.315543389306594005e-208
0.000000000000000000e+00
5.884710690309697753e-96
3.217371358149037701e-05
0.000000000000000000e+00
1.193624507198566970e-01
9.921710047643151628e-07
3.340044719061242984e-270
4.327806436323064092e-68
1.728289248474863065e-158
9.959375116091896265e-297
5.581228997092185917e-83
1.787638838799418808e-68
3.107910512266718328e-01
6.534997109245761885e-13
0.000000000000000000e+00
0.000000000000000000e+00
0.000000000000000000e+00
9.145261681090051786e-14
0.000000000000000000e+00
5.664186046349724984e-06
0.000000000000000000e+00
3.582740412465868808e-03
3.210546193150838350e-08
1.455093302312172022e-137
0.000000000000000000e+00
0.000000000000000000e+00
0.000000000000000000e+00
4.788780990719175855e-05
3.421545849574100052e-57
5.515777985472100442e-08
4.265673039915556311e-03
0.000000000000000000e+00
0.000000000000000000e+00
1.313774025433926098e-86
0.000000000000000000e+00
0.000000000000000000e+00
0.000000000000000000e+00
0.000000000000000000e+00
9.426869073277894235e-69
0.000000000000000000e+00
0.000000000000000000e+00
0.000000000000000000e+00
