0.000000000000000000e+00
0.000000000000000000e+00
0.000000000000000000e+00
0.000000000000000000e+00
0.000000000000000000e+00
7.791869370790556693e-256
1.126046734463947814e-65
0.000000000000000000e+00
2.474660941958990574e-201
2.259744949420337473e-43
0.000000000000000000e+00
1.167357226176918132e-08
2.099309825045758720e-23
6.071284734461896026e-127
6.769162818193522032e-35
0.000000000000000000e+00
1.109125932771915863e-04
3.304757138653955405e-77
2.239590829365986357e-01
7.148642620289392898e-07
2.080222519645569080e-07
2.432987760155402323e-05
7.857474949376649557e-30
1.243224613309379945e-01
2.966196335735047230e-04
7.089737033481606499e-02
1.765199278016764059e-02
6.644388180535748534e-02
6.793511029524212930e-02
1.775804140787607191e-02
4.942542894985441082e-03
4.591734257409120642e-05
2.779605750589071215e-07
4.003615867647510561e-04
6.844644198531556373e-08
4.946071857026084449e-03
1.410262241503866801e-13
5.329226740807864182e-01
4.937596037947800977e-03
4.939704058268021974e-03
0.000000000000000000e+00
3.915189805547629271e-15
1.336281205213932363e-03
3.102439428541784935e-02
4.010331633321930892e-76
1.778657755965214193e-02
6.386949153115037414e-02
1.684805899195907560e-04
9.247613788783251619e-04
4.003508483064665766e-04
1.158076323184837036e-03
1.967565764039262070e-33
9.385941354392109484e-03
7.082793429520466979e-05
6.467820325338679763e-05
1.099047740846857923e-04
5.205662876041517758e-57
0.000000000000000000e+00
6.467694299734895122e-05
6.467766443218897357e-05
8.332672270752094168e-95
9.351486248129271470e-03
2.135072346411602824e-05
1.986176148132716321e-153
9.364966392403866954e-03
9.370467992172375887e-03
1.336367696470599272e-03
7.514772448566872178e-06
1.336195411163302931e-03
6.888931134586727401e-02
7.514800333262370012e-06
7.012711998795322088e-02
6.340177406611791078e-02
1.043049626830193227e-01
4.002789533707711684e-04
7.514760900156876929e-06
6.791343678509109694e-02
6.467648270061030608e-05
1.684824169967451485e-04
7.083026100072276825e-05
4.002822700007751156e-04
7.514795330216452737e-06
9.246973467494329184e-04
2.135068782568922793e-05
9.249851015900061773e-04
4.002306173529339732e-04
1.362920871831268937e-06
1.362920721059982637e-06
7.070176466560905426e-02
4.943339723770792150e-03
9.249101753884129192e-04
2.135054056249691224e-05
1.362920805407709237e-06
9.250420770863230537e-04
7.514816398556675993e-06
1.336284846350390895e-03
1.362920745288601787e-06
7.514793003942371331e-06
7.514781684311333395e-06
1.335846813379728279e-03
1.335749090909712274e-03
7.083045741139276359e-05
2.135063764623981934e-05
2.135077265758350068e-05
7.514825607153071412e-06
7.514831383825053766e-06
1.684743613074527065e-04
4.003270787189913043e-04
1.336323323985245254e-03
7.514837326475445217e-06
6.467830706938866754e-05
7.514753836920093211e-06
7.514820768081868680e-06
6.467954478634462565e-05
2.135072863584993932e-05
7.514779129094307403e-06
7.514832128028161413e-06
3.949227807930737371e-07
4.945940366601729241e-03
6.467692709034411191e-05
8.542908034141843965e-03
7.083000235191636181e-05
2.203925077594852809e-65
6.467786479913766008e-05
6.467862350015407395e-05
7.514811986836698822e-06
1.021351688330321694e-01
0.000000000000000000e+00
4.938285869742245829e-03
1.336568921546172489e-03
7.082945680333766478e-05
4.003213365846255999e-04
1.155380201546714510e-02
2.426051093772929948e-02
4.945873438604579675e-03
7.514808389293499744e-06
7.514778118509089735e-06
7.514817525186351030e-06
7.514816689796308705e-06
7.514818136945515101e-06
7.514826633054390501e-06
6.871928424292271520e-02
7.514836716983840861e-06
7.514770399786409438e-06
7.514836947805474030e-06
1.335948980249173712e-03
0.000000000000000000e+00
9.590272141184790883e-08
6.156412913403513088e-222
0.000000000000000000e+00
0.000000000000000000e+00
9.590272328609612095e-08
9.590272340768501385e-08
1.097461118349846194e-07
0.000000000000000000e+00
2.928497653851047110e-46
1.033020720274952231e-01
0.000000000000000000e+00
0.000000000000000000e+00
7.016595243984179164e-02
1.902651829403134431e-01
1.839218465143451220e-01
2.032488708909468304e-19
9.590272058479926136e-08
6.467902108311146168e-05
0.000000000000000000e+00
2.452731719021610866e-13
9.590272662516778813e-08
1.016718696930595245e-01
3.512671368726556498e-01
9.590272736952905282e-08
9.376138706693987190e-03
4.935164506931583213e-03
4.935087182554796260e-03
9.353313723394530294e-03
9.590272616149020022e-08
1.684638024374625223e-04
6.846078269779908021e-02
1.907588449748748305e-01
1.781511186376711839e-02
9.865231786667413181e-26
9.590272286132001669e-08
0.000000000000000000e+00
1.335635578797049732e-03
2.023750204530719045e-23
2.135051071052514694e-05
9.379186766865835884e-03
0.000000000000000000e+00
7.514752348789173789e-06
8.111407044658648646e-02
0.000000000000000000e+00
9.246601389718678678e-04
9.246514612862711917e-04
0.000000000000000000e+00
7.082896435736271647e-05
7.082800656563941009e-05
6.724175794972797604e-02
1.777677669157076007e-02
1.762702992297400170e-02
4.003597553490677243e-04
1.804038293023740025e-01
4.946873010494021519e-03
9.388237179315509287e-03
0.000000000000000000e+00
5.233997319035225723e-08
1.276586132772359742e-21
2.417811039646749814e-242
0.000000000000000000e+00
2.133799113316932042e-300
2.490040917481536377e-16
7.038225061406551408e-02
6.486539838628567478e-02
0.000000000000000000e+00
0.000000000000000000e+00
2.999349680988111176e-42
0.000000000000000000e+00
0.000000000000000000e+00
1.234835259096265653e-01
1.307584441454876512e-01
6.539694012718326455e-02
4.002768653619785547e-04
1.034521069320151754e-01
4.946693910086471732e-03
4.932312514522943676e-03
4.714288606633401475e-190
0.000000000000000000e+00
9.353649643122576365e-03
7.514767185713805150e-06
4.931891591405213743e-03
2.974098214429030356e-06
9.249005062854447588e-04
9.248401678377059882e-04
9.251519024768227982e-04
0.000000000000000000e+00
1.684728271652807374e-04
0.000000000000000000e+00
1.684777474307171921e-04
4.003426007639747917e-04
1.293714112421945425e-05
9.248850870126611471e-04
1.769878975457766027e-02
7.082906752892770350e-05
1.367163029164499555e-01
4.003219359597202411e-04
7.514753568073140184e-06
7.514819308957782272e-06
9.993602616073711531e-02
7.048304445275192787e-02
4.003022982195317010e-04
2.135076245107303547e-05
2.155614752098843900e-01
2.162015252915858166e-01
1.362920947945784891e-06
1.336363928722144028e-03
7.514759565216042737e-06
1.775815752659397687e-02
0.000000000000000000e+00
4.936621803992934272e-03
1.362920368563741814e-06
2.135064172947977751e-05
6.467780898090174887e-05
7.082952893167136603e-05
3.674435272423351164e-07
6.467791583512997331e-05
0.000000000000000000e+00
0.000000000000000000e+00
0.000000000000000000e+00
5.133890865899785847e-203
6.630200088411132564e-02
6.033738035097082306e-08
8.653306157746280507e-151
2.199057836295962853e-01
1.332101272822918125e-01
6.450918695327458041e-02
0.000000000000000000e+00
0.000000000000000000e+00
4.002835979700528979e-04
9.247295338933370946e-04
4.938497806498363778e-03
1.684685492498888028e-04
1.684692832382877255e-04
1.278843864470937675e-01
1.347874541646588986e-01
1.483197035067708447e-01
2.528531146205628861e-03
1.320189790124928486e-01
7.082805251943544926e-05
3.991751625224327802e-04
0.000000000000000000e+00
0.000000000000000000e+00
3.240853975660133480e-136
0.000000000000000000e+00
5.590267520194381536e-203
2.074549483864582822e-01
1.720714319152108207e-01
1.325204021680226885e-01
7.514814930110928473e-06
1.758669384703148014e-02
1.894138380385580744e-01
7.514800141071420985e-06
1.776340514381595861e-02
1.684809165153491146e-04
2.135053164977637505e-05
9.251268512918196622e-04
7.514805479320373802e-06
4.931982006760449525e-03
4.002508612724797656e-04
0.000000000000000000e+00
9.249814851867032726e-04
6.264116897926179650e-01
2.315382305766231020e-74
2.135073310308631425e-05
4.940223149293273587e-03
1.002478099894552586e-11
7.514786543574287941e-06
1.362920501983502497e-06
0.000000000000000000e+00
4.003533414442786063e-04
1.362920916245038127e-06
6.467757694297022303e-05
9.590271904007966178e-08
9.590272341361616354e-08
0.000000000000000000e+00
7.514784205615664008e-06
2.142116012119534552e-18
9.590272129688797519e-08
1.035982256674127105e-01
0.000000000000000000e+00
1.219893497559544626e-01
0.000000000000000000e+00
8.729964878805434513e-33
1.116755882517522133e-131
9.382350682156811311e-03
0.000000000000000000e+00
0.000000000000000000e+00
1.799055209558115419e-156
1.335520107000222464e-03
9.590272380245639209e-08
9.590272081506802681e-08
9.407100078211248079e-03
9.965184297946541592e-02
6.887399767655293104e-02
1.086411371463352021e-238
8.987434840463013330e-01
9.590272424049040163e-08
1.450356470864294641e-11
1.412672864776537859e-07
9.396306862201645252e-03
1.773380433028028114e-02
1.463192412922855972e-42
1.765046391914773874e-02
9.590271858390329177e-08
8.885762825560293843e-01
1.412672862928968948e-07
1.412672861559352406e-07
4.825866346262314158e-266
3.126552683134963744e-21
0.000000000000000000e+00
1.412672862283989887e-07
4.771095942377992308e-07
9.590272258674195192e-08
2.135260294976101513e-52
0.000000000000000000e+00
9.139956239724995610e-225
8.211611137794340655e-83
0.000000000000000000e+00
6.301563270545160189e-02
4.100441836444744803e-01
9.590272229524263055e-08
7.083002353150897386e-05
9.590272483779363089e-08
1.765747513828670734e-02
6.902420237814743675e-02
1.362920855349955324e-06
1.362921071406900862e-06
6.501831543102767896e-02
1.362920456615279006e-06
9.247617537648775187e-04
2.251577653034886675e-02
1.362920589640865072e-06
1.362920592472040723e-06
5.334139723933347677e-01
7.514836981568912886e-06
9.353175716405374290e-03
7.514778612763720007e-06
7.514825933359357516e-06
7.514835409915127242e-06
7.514793431956407796e-06
7.514832595959076986e-06
4.499060458308071049e-156
7.083029375404888833e-05
7.514805705233750045e-06
0.000000000000000000e+00
6.467676566499568178e-05
2.135067389517266370e-05
9.250011207297595796e-04
0.000000000000000000e+00
1.684793514928895606e-04
7.514817470262808577e-06
1.042049681492903390e-01
7.514808714323473925e-06
0.000000000000000000e+00
1.948523394441371293e-01
1.684836679410678861e-04
7.514773909540885319e-06
3.038374086675136386e-08
2.150302757377264840e-01
4.003464275560901877e-04
2.883281045356535711e-128
7.082782098725912405e-05
6.536647843752186584e-61
9.381335125400157132e-209
1.336264908358074724e-03
3.986397469640777260e-200
6.467839837566831613e-05
3.362443377467126695e-73
0.000000000000000000e+00
9.356482385466447990e-03
2.414449042632092236e-03
0.000000000000000000e+00
0.000000000000000000e+00
0.000000000000000000e+00
3.371658906295357805e-01
1.446883127760555283e-02
2.779661001045249935e-03
9.606911798026022571e-22
0.000000000000000000e+00
0.000000000000000000e+00
6.395226450207164293e-02
6.379974386459143221e-02
4.933408926506329360e-03
9.309358029757317519e-191
9.364497090193999243e-03
1.684785441490838196e-04
1.110843777565085577e-133
4.002449126077601530e-04
3.367727188730205834e-06
1.832073258694927687e-08
1.877870432588853167e-01
6.775318599359475558e-02
1.601767121674598628e-260
6.927833705496423689e-02
0.000000000000000000e+00
6.353992942095525176e-02
1.137516190985507244e-08
9.379455364372795909e-03
1.890642264818377383e-01
1.235662387051721467e-114
1.437125845777687434e-74
2.135056421007593117e-05
1.495010573962540581e-10
4.936271364673357372e-03
4.482086790439490248e-69
1.578894736458195391e-01
0.000000000000000000e+00
9.542352267679399301e-04
9.368714594217383840e-03
5.800166512534856711e-01
4.937197601342447131e-03
1.304511236803499175e-01
2.014976684459574563e-01
1.362920752897077565e-06
1.362920752897077565e-06
0.000000000000000000e+00
6.437935011823250897e-02
6.242445549534984091e-58
7.514789713530599105e-06
1.293696452797919172e-01
7.190845608538104505e-01
1.034509956322790323e-07
1.362920619911141747e-06
1.996121216275719626e-68
1.310105379118517710e-01
7.514792213540810262e-06
0.000000000000000000e+00
1.959812367571115291e-24
1.362921154958845725e-06
6.467918092874532898e-05
2.135076152726184042e-05
4.003577726783716460e-04
7.514788478835444218e-06
1.773671270931926128e-02
7.514777959521443451e-06
9.590272841219306044e-08
9.383181812266945532e-03
9.590271837753364034e-08
9.590272136317746186e-08
6.467665312388796897e-05
7.082802517810463040e-05
4.002492191354630130e-04
2.135074029744146547e-05
2.135079880480547846e-05
6.735988913426870228e-01
7.083030409329498986e-05
7.514816980817242591e-06
4.939327230688524140e-03
9.590272156413928437e-08
9.250873261707990300e-04
4.933415100470441884e-03
1.346309337627097924e-01
2.475369665346734138e-01
9.590272801480497244e-08
1.219466495562810948e-01
9.590272795671443383e-08
8.217680796470744342e-01
6.735751951519211578e-02
7.082978125908546963e-05
1.208614464280674646e-49
9.590272329534176350e-08
0.000000000000000000e+00
9.590272240636475055e-08
9.362767617881259316e-03
0.000000000000000000e+00
0.000000000000000000e+00
9.590272408174450268e-08
9.590272405993875118e-08
2.010119975105286023e-66
1.725254983663086725e-44
9.590272316729837367e-08
9.590272773167903497e-08
4.933229168428553135e-03
0.000000000000000000e+00
9.590272682333847827e-08
9.590272721723766404e-08
9.590272576619546150e-08
6.275488164854534980e-94
6.467779318003791700e-05
6.467811415741533878e-05
4.003283570612874175e-04
2.135066686205076592e-05
9.590272011501610115e-08
1.362920561105985687e-06
1.362920561098548314e-06
9.590272077354987310e-08
6.910454940410318270e-02
6.455396032492793923e-02
6.467632334834435854e-05
1.362921163539146332e-06
2.135064456136651407e-05
1.684749257257093862e-04
1.684660236021701411e-04
4.210253538539394103e-01
1.761802704019844665e-02
4.933856551341316663e-15
7.083008799100953660e-05
8.238083499965446024e-132
1.336607109515119485e-03
4.002910780347659794e-04
7.710866848089609082e-205
6.139620199673875151e-02
5.127056418832603046e-131
4.870739380953210684e-01
6.835319948799611911e-02
0.000000000000000000e+00
1.905974756414055715e-09
7.100675053199703712e-02
0.000000000000000000e+00
4.262670544076619451e-121
0.000000000000000000e+00
1.794406500179498987e-01
5.874467022956188930e-120
0.000000000000000000e+00
7.082948711004310647e-05
7.082919389101222291e-05
1.079840721799575909e-20
2.207281778910469161e-232
7.514809096956136289e-06
6.356692862410655287e-02
5.715842455633992950e-42
7.514812447589945291e-06
7.514767330990933998e-06
0.000000000000000000e+00
0.000000000000000000e+00
1.382750396389809245e-07
7.514798504249932428e-06
1.000000000000000000e+00
6.467677419047439887e-05
1.913311712549545240e-01
2.180054760770513689e-01
1.684800212151620459e-04
6.538970547626848928e-02
1.335888655162571249e-03
1.700001725427797156e-32
9.881021840765272790e-01
2.462314675987394841e-01
1.335815848534334990e-03
1.379365813380489525e-01
1.261530407913969976e-01
1.684768515543750330e-04
0.000000000000000000e+00
1.684781438775791033e-04
6.467947151932562763e-05
1.087835341361151098e-06
9.578763088781328250e-12
0.000000000000000000e+00
4.943479528031133330e-03
2.048841659437700764e-05
1.497179414547187282e-01
5.397744310466645601e-01
4.698564931413946599e-01
2.630201168134077561e-01
5.188769868994877623e-07
1.362920952695814792e-06
1.362920900195094253e-06
1.362920863850921555e-06
6.597773322052116751e-02
1.362920712278874659e-06
0.000000000000000000e+00
1.774047322656099532e-02
1.335506938220640477e-03
9.590272811109918513e-08
1.336173482303082850e-03
2.135054383166823302e-05
1.865746188704149537e-70
9.590272204037696799e-08
9.590272219423837204e-08
1.362920908143212667e-06
3.635643012745052132e-21
1.729280566897121193e-188
0.000000000000000000e+00
4.002816116391462301e-04
9.646276836798109715e-06
9.250738970854319784e-04
4.003479586649160674e-04
9.590271957719898992e-08
4.003203163267249755e-04
6.922423392238703788e-02
1.362920975179124672e-06
9.381787851399715425e-03
1.684670656726400132e-04
1.229504287098093229e-01
2.098881035065532918e-01
0.000000000000000000e+00
1.774670234093462043e-02
0.000000000000000000e+00
0.000000000000000000e+00
1.684678066880124757e-04
1.684673906833195967e-04
4.946443669727430652e-03
0.000000000000000000e+00
2.117272510434589916e-01
9.249811349325004614e-04
9.397989460002280437e-11
1.829814610277112302e-11
6.430011694760678909e-02
7.199363365587045963e-07
6.467623675786814130e-05
1.684761779839646749e-04
1.684764203948151010e-04
0.000000000000000000e+00
1.684660108053234425e-04
0.000000000000000000e+00
1.766348317117690317e-02
7.514793220642244098e-06
7.514815465813507504e-06
6.683325657915428222e-16
1.982039684925028869e-02
4.741621862370745144e-140
5.430280467100314645e-01
4.002968205775617552e-04
4.002449414520276765e-04
1.764358337716203512e-02
9.377523043901773298e-03
4.002909694552902737e-04
7.082964862899629379e-05
2.705764409894366628e-10
9.246804721466826346e-04
1.810908360386964677e-01
1.684688591999143007e-04
0.000000000000000000e+00
1.110906647240255940e-253
2.135050785224744551e-05
6.328099621185971065e-65
7.514807312134589174e-06
7.514834052338194733e-06
7.514838077418161091e-06
7.514827063886237920e-06
1.270076250282269547e-04
6.467904866214851110e-05
0.000000000000000000e+00
7.514778456714962954e-06
8.725725768911430781e-06
7.149085872342283987e-02
5.549170200059560361e-216
6.467722701316109483e-05
0.000000000000000000e+00
0.000000000000000000e+00
6.700230285699553067e-290
0.000000000000000000e+00
9.248018590661622254e-04
9.389782566650866150e-03
5.109626835710034953e-01
2.263029135731275954e-02
1.757942462144826065e-02
1.773338644274213144e-02
7.864982143735957942e-01
2.017022559424971051e-01
8.512513402851286382e-03
1.825266737100386116e-01
1.021962661962669688e-01
1.208790209746008487e-70
9.483547843033544820e-08
5.552357392721360580e-07
6.691956588376345438e-01
1.335759211010679364e-03
1.342081955646996227e-01
6.746136770462349275e-02
6.877665216441414264e-02
1.777462775334789566e-02
1.684785266397598592e-04
1.684742031657870097e-04
3.637809234832079779e-12
4.637583273835361579e-39
4.002622975934075691e-04
4.002636422545346431e-04
1.757140513599015838e-02
9.527907215713228349e-09
0.000000000000000000e+00
2.406606384205940462e-72
4.003058085820868084e-04
0.000000000000000000e+00
9.590272760590344351e-08
4.942549380553315497e-03
8.572792518236166193e-228
9.590272026591191051e-08
9.590272515005204897e-08
7.083023678031922631e-05
6.329890278978581031e-02
2.135052877759244922e-05
2.135080141755652452e-05
6.348486026439605079e-02
6.598096199145470075e-02
0.000000000000000000e+00
6.141114806880052807e-09
7.056619850232669078e-02
6.467781593309009916e-05
6.146624022743789606e-01
2.135075395556123275e-05
6.467781900688630804e-05
6.467854497500657573e-05
1.336583816691679907e-03
2.017752213089335284e-152
9.590272646415409082e-08
1.160459613514698215e-269
0.000000000000000000e+00
9.590272089775544930e-08
0.000000000000000000e+00
9.590272111023071273e-08
0.000000000000000000e+00
9.590272046443149881e-08
9.590272409779352709e-08
1.335877160523829760e-03
1.255703441908245397e-03
1.336063245056555524e-03
9.590272409203681325e-08
3.696622147094222723e-67
9.590272369586985559e-08
1.335546242805601318e-03
1.335920238540289073e-03
4.002836429921095645e-04
1.766387425726396732e-01
9.352367100792766813e-03
1.362920796510081289e-06
1.362920796480331586e-06
2.138787864946757322e-01
3.648897007776759545e-76
7.551783595172898853e-280
7.514753266980418736e-06
9.849303393170734294e-200
7.514760512879116375e-06
1.414953574746491763e-03
7.514764255266387695e-06
9.590272513993417424e-08
0.000000000000000000e+00
0.000000000000000000e+00
3.314544273984301799e-69
1.412672880967820403e-07
4.934843238174961913e-03
1.362921106471843323e-06
1.362921139479100715e-06
7.082919414636826196e-05
3.960716227596896384e-04
9.590272120896717287e-08
1.315968914285357838e-01
7.514765737986630904e-06
2.057217034082322593e-01
2.135072661645558977e-05
1.080754723018699376e-01
7.514792881615547672e-06
1.684817340032243593e-04
4.002242679745979920e-04
9.590272420368226727e-08
9.590272420368226727e-08
9.590272356677978449e-08
7.082799363700885897e-05
7.134527356193392677e-11
3.426229413415060593e-217
1.684816395643763958e-04
6.319574619900887591e-02
7.514753840542445704e-06
4.930972494458516278e-03
9.393935097183021138e-03
7.514749640937605220e-06
7.514824565012660274e-06
6.467842964721841705e-05
7.514814627279739664e-06
7.514751082811238005e-06
2.135071471210317411e-05
4.002756660472193430e-04
7.082899076356928352e-05
2.919715611513098594e-161
1.033429988709413105e-01
1.214828333275792122e-01
0.000000000000000000e+00
2.135056155676982512e-05
0.000000000000000000e+00
2.011407602434022585e-02
6.467741314281385526e-05
5.615166737547411246e-01
1.254999733012868712e-01
1.739124276320146220e-190
1.335782080965172052e-03
9.899140917519693746e-146
4.003492483796736385e-04
4.003492419574041839e-04
1.684655088203601341e-04
0.000000000000000000e+00
7.521621582777961558e-04
4.942463158820692946e-03
1.042231575226306994e-01
9.377600105320620105e-03
6.333930394692945109e-02
7.121473034074202735e-01
1.308034010206540476e-01
2.995599796355012293e-73
9.346555124629046113e-03
1.316219265204916500e-01
6.479223840318851453e-135
6.814619099638638544e-02
6.414669942979289718e-02
0.000000000000000000e+00
9.368736848109723847e-03
1.256823387863222341e-01
8.448886837320640844e-03
2.113255817209524490e-01
6.467945917570816646e-05
3.860553201133939266e-02
2.115236399673853414e-03
1.684779539184809286e-04
0.000000000000000000e+00
1.684802442225770977e-04
1.684741225638191741e-04
5.933014778134517899e-316
6.953885249799708623e-02
1.037157607081581195e-01
3.004700329832171724e-02
5.577527808599677657e-219
6.467708810856644054e-05
6.467644427666793350e-05
6.576267858273573963e-02
1.684815191237697975e-04
2.859163376611962589e-316
6.467660079690307434e-05
1.845970226050846349e-05
9.246115077608934316e-04
1.701788309435253689e-22
9.400665250380258950e-03
1.684634901773467814e-04
5.651232354478143982e-01
1.667369466745060271e-20
4.931931823402732791e-03
1.677365774792951902e-11
4.775331500183132606e-03
5.762982891737108834e-06
6.692399010228142209e-02
0.000000000000000000e+00
2.123993419520513182e-01
6.931637122013398211e-02
6.564792423498379270e-02
9.396151894217963721e-03
6.467622888692148970e-05
0.000000000000000000e+00
6.467949415931707172e-05
6.467627287677742349e-05
9.392078514815299650e-03
1.487658456661996811e-05
4.931694237349949078e-03
0.000000000000000000e+00
4.932153331683688212e-03
7.514785915236815455e-06
0.000000000000000000e+00
5.092201522036095748e-11
7.514801346885168108e-06
3.938970713497031813e-29
4.114182283417182248e-05
1.313183405567187045e-01
6.467722836292731376e-05
1.684707468529132452e-04
7.514830852386192105e-06
2.530200683009830631e-144
0.000000000000000000e+00
2.135064341770645727e-05
1.801437741920582395e-04
2.135066209547551903e-05
2.135066210359237487e-05
1.126989253844520233e-05
1.000339577418510734e-01
0.000000000000000000e+00
0.000000000000000000e+00
0.000000000000000000e+00
3.623944397657390404e-01
9.590272779674740453e-08
2.035004151948593409e-01
9.364245834032027677e-03
9.248957378488461634e-04
1.412672877424291155e-07
7.042341008379372769e-02
1.346424545690310115e-01
1.335561681306018413e-03
1.306582843173823560e-01
1.376373960577195465e-01
1.775653520413108047e-02
4.165645671393056193e-01
5.038196887135669661e-05
4.003448370840059127e-04
9.590272433608683122e-08
0.000000000000000000e+00
1.312343128939458163e-73
2.135063936914725007e-05
4.489044616043186630e-156
2.569240755427391085e-35
2.490720605750764705e-01
1.292178251763184609e-08
1.362920626475899504e-06
8.847418149194010956e-08
4.003334636735236796e-04
1.595076880526418616e-30
5.723581624660292189e-01
7.082825459340247863e-05
4.313793311753802380e-249
8.381504493674962995e-14
0.000000000000000000e+00
9.590271845551101701e-08
0.000000000000000000e+00
9.590271923022583971e-08
2.606076514796485271e-36
1.412672884778592251e-07
9.590272580160800320e-08
8.057245927707959233e-17
9.590271903816074834e-08
9.590272649834550217e-08
9.590272649834550217e-08
9.590272649834550217e-08
0.000000000000000000e+00
9.590272682072178174e-08
7.514834057874302973e-06
9.590272078436553093e-08
0.000000000000000000e+00
1.336490678411002362e-03
0.000000000000000000e+00
1.362920748697417274e-06
6.803693707050986195e-01
9.809064661459989804e-28
1.777924208516927160e-02
6.933183111850982350e-02
1.028953268711702840e-01
2.484226001020189978e-03
7.514828738632846572e-06
2.135059892433689051e-05
1.297527536218282818e-01
1.137397591464946779e-65
1.767463918700987874e-02
2.885089316258527582e-03
1.227533800805955810e-01
1.335953008990058014e-03
1.314645184007691233e-05
9.382053384915874789e-03
1.776614457852002463e-02
1.774294353034721120e-02
4.003014828945742503e-04
1.335796630236256617e-03
6.902387513521907048e-02
1.776233153115524405e-02
6.467688150769697157e-05
6.441316200621788335e-02
6.857878480156345824e-02
8.683030147515642394e-01
5.962046385548424384e-05
4.942104692982553400e-03
6.562578701089950839e-02
4.929246506144737208e-03
2.135065371010544331e-05
9.391903756642689532e-03
2.238264330157310467e-01
1.986136310385654423e-08
2.448397724005959686e-17
2.943251043109144753e-03
7.082879280254997527e-05
7.082914017260131851e-05
4.604259730553951638e-19
