-1.930982444126955500e+01 3.045894585159999446e-01 3.502042642534540118e+00
-1.930125541529458744e+01 3.034342227528422087e-01 1.017254821177013469e+01
-1.928867383086394582e+01 3.219340163739011218e-01 6.979828205498563420e+00
-1.930916775552407927e+01 2.962025861667906823e-01 7.146489342289628510e+00
-1.935740469946668085e+01 2.719331710301330363e-01 7.833656843105079481e+00
-1.930926373587421452e+01 3.000606933610274196e-01 8.347673883637368064e+00
-1.925679192068322010e+01 3.586178249224318826e-01 9.493646692779783569e-01
-1.928799324045073504e+01 3.119414620100932622e-01 2.970225410504221397e+00
-1.935723666479677618e+01 2.680974279742928124e-01 2.379870156397670744e+00
-1.931400993825174339e+01 2.875717832454309231e-01 6.841749397349737194e+00
-1.930174276975001035e+01 2.946205045614826434e-01 4.089636210706454555e+00
-1.931138267784142215e+01 2.938222073835513592e-01 3.376188587859561885e+00
-1.928085853244273551e+01 3.703517438329683720e-01 1.796861369572380907e-01
-1.932868712787846377e+01 2.904948195298558411e-01 1.656942837758345055e+00
-1.931773289721386888e+01 2.856027830404632706e-01 6.307213596395797595e+00
-1.930009800539516363e+01 3.037807004950428547e-01 1.998273406528229934e+00
-1.930385725797141205e+01 2.936350400024777541e-01 5.953026376856685786e+00
-1.932977319764425062e+01 3.076486839097068993e-01 9.729449634650019219e-01
-1.929856815685221605e+01 3.162369169304323768e-01 1.056054678361619370e+00
-1.929159250110227219e+01 3.422025470280300463e-01 5.137372256913916857e-01
-1.932863608381387621e+01 2.744951108302646769e-01 9.141297319922763620e+00
-1.930385725797141205e+01 2.936350400024777541e-01 5.953026376856685786e+00
-1.928009920962304236e+01 3.178275554242411260e-01 6.384560194915270159e+00
-1.926863412761896299e+01 3.698828484824113749e-01 3.071875730187878517e-01
-1.929753012500942688e+01 3.173313583609673749e-01 1.367726869091364872e+00
-1.930167784211658599e+01 3.064265974220649613e-01 3.121886909857269465e+00
-1.928764176489679372e+01 3.186430824988062405e-01 5.721314766503858174e+00
-1.926576078658022340e+01 3.243492201180455115e-01 6.998642082439379131e+00
-1.927837537113846622e+01 3.291095887421242594e-01 9.558527019265532942e+00
-1.928613660805372376e+01 3.091760208139663346e-01 6.819897882614456286e+00
-1.930926373587421452e+01 3.000606933610274196e-01 8.347673883637368064e+00
-1.928783820458069087e+01 3.853276279415330241e-01 -7.659113074078222061e-02
-1.930923056003804206e+01 2.994431414934862201e-01 2.585235873216659375e+00
-1.929197421885959329e+01 3.136078006183066202e-01 6.500011261812494112e+00
-1.927049981131139944e+01 3.214454603797181065e-01 7.294347698775045075e+00
-1.929628430352423152e+01 3.082176420937213224e-01 9.144836493416304890e+00
-1.931773289721386888e+01 2.856027830404632706e-01 6.307213596395797595e+00
-1.929568790754285956e+01 3.210992505667838448e-01 2.136157558140125534e+00
-1.930926373587421452e+01 3.000606933610274196e-01 8.347673883637368064e+00
-1.934971356001680221e+01 2.787203003483056940e-01 1.738133687859767962e+00
-1.932009729547873533e+01 2.924567318011090378e-01 6.836177261050504939e+00
-1.933775492798895712e+01 2.713807187550286160e-01 4.186447315846097972e+00
-1.931808892070990069e+01 3.005473417837167815e-01 5.323180413825140178e+00
-1.929628430352423152e+01 3.082176420937213224e-01 9.144836493416304890e+00
-1.929568790754285956e+01 3.210992505667838448e-01 2.136157558140125534e+00
-1.927558442017476636e+01 3.154972676109392693e-01 4.664600024223106267e+00
-1.931188086231134804e+01 3.039169338503791562e-01 1.289602940056368885e+00
-1.932719774068108975e+01 2.855830244681394903e-01 5.419383318823451035e+00
-1.928799324045073504e+01 3.119414620100932622e-01 2.970225410504221397e+00
-1.931808892070990069e+01 3.005473417837167815e-01 5.323180413825140178e+00
-1.930223185428455324e+01 3.114468237027634423e-01 3.501111342226584267e+00
-1.928412584354711612e+01 3.219768722996346755e-01 1.880261282737863970e+00
-1.932871845172556746e+01 2.707993136252140332e-01 8.163617068366136209e+00
-1.926244746351776627e+01 3.286782117767477751e-01 1.711688320284412201e+00
-1.931808892070990069e+01 3.005473417837167815e-01 5.323180413825140178e+00
-1.930191951246304072e+01 2.978049253410395836e-01 1.149947140851896954e+01
-1.931107887205878271e+01 2.915231534365060884e-01 2.669677954516816776e+00
-1.931511984768102508e+01 3.009894635646789274e-01 1.782149207209223096e+00
-1.928960586473280259e+01 3.156124658819378093e-01 3.513406609062177832e+00
-1.931400993825174339e+01 2.875717832454309231e-01 6.841749397349737194e+00
-1.930071037112214327e+01 3.012217512309925405e-01 5.277121186205368630e+00
-1.929018567586886590e+01 3.280697380571204191e-01 9.318888840172966370e-01
-1.932763732696127335e+01 2.855118725989864159e-01 6.311407229744944836e+00
-1.930681154363368179e+01 3.222617363657934719e-01 1.461016972835807337e+00
-1.926863412761896299e+01 3.698828484824113749e-01 3.071875730187878517e-01
-1.926876914132032681e+01 3.733548651937727003e-01 2.308402204131342617e-01
-1.932168118768440124e+01 2.949660740176318630e-01 7.013673925105496920e+00
-1.929620789080147603e+01 3.069108205914911625e-01 2.108973751128694563e+00
-1.930376646942304575e+01 3.333255010803353180e-01 5.169972868973905511e-01
-1.930636976327504684e+01 3.049977246194437996e-01 9.764938282576417494e-01
-1.929628430352423152e+01 3.082176420937213224e-01 9.144836493416304890e+00
-1.929628430352423152e+01 3.082176420937213224e-01 9.144836493416304890e+00
-1.934758472837222243e+01 2.673228572370119349e-01 5.425351399385342610e+00
-1.931750438657962832e+01 2.949088618951358209e-01 9.453850734656434440e+00
-1.933557967664239996e+01 2.876986627411036168e-01 2.819012463370283328e+00
-1.932863608381387621e+01 2.744951108302646769e-01 9.141297319922763620e+00
-1.932155954717965685e+01 2.927749921397274635e-01 7.065627564693102158e+00
-1.933603943516100188e+01 2.840078094631773853e-01 1.149949641937877942e+01
-1.931058818716645931e+01 2.853369204293273453e-01 4.097016155840831786e+00
-1.928888598666123499e+01 3.214204427003296005e-01 1.083506989086769146e+01
-1.929481936072439296e+01 3.153709871268277620e-01 7.618068941012378303e+00
-1.932863608381387621e+01 2.744951108302646769e-01 9.141297319922763620e+00
-1.931738354320690831e+01 2.924098082964965428e-01 4.601804108475372246e+00
-1.932763732696127335e+01 2.855118725989864159e-01 6.311407229744944836e+00
-1.926568697654746742e+01 3.792487606579448278e-01 3.122728241983627750e-01
-1.925679192068322010e+01 3.586178249224318826e-01 9.493646692779783569e-01
-1.928960586473280259e+01 3.156124658819378093e-01 3.513406609062177832e+00
-1.935403519720131627e+01 2.799319014553396379e-01 1.660838995476671354e+00
-1.927049981131139944e+01 3.214454603797181065e-01 7.294347698775045075e+00
-1.933775492798895712e+01 2.713807187550286160e-01 4.186447315846097972e+00
-1.931973293747811127e+01 2.994103658657084055e-01 3.047076078672176891e+00
-1.930982444126955500e+01 3.045894585159999446e-01 3.502042642534540118e+00
-1.935403519720131627e+01 2.799319014553396379e-01 1.660838995476671354e+00
-1.929375789869896352e+01 3.565798678099208474e-01 1.582619522945165336e-01
-1.928497864512047499e+01 3.187963418269179061e-01 6.722829762363009110e+00
-1.932168118768440124e+01 2.949660740176318630e-01 7.013673925105496920e+00
-1.931502495136645692e+01 2.920977257087816747e-01 4.141937516857131740e+00
-1.935723666479677618e+01 2.680974279742928124e-01 2.379870156397670744e+00
-1.931058818716645931e+01 2.853369204293273453e-01 4.097016155840831786e+00
-1.928064981556120827e+01 3.750243741346929727e-01 -4.380134370460128657e-02
-1.930170436070749673e+01 3.052033049768138606e-01 7.405898866069967390e+00
-1.934758472837222243e+01 2.673228572370119349e-01 5.425351399385342610e+00
-1.930681154363368179e+01 3.222617363657934719e-01 1.461016972835807337e+00
-1.927439635196744305e+01 3.118776014988799417e-01 8.044128884567312454e+00
-1.928749513834100782e+01 3.042147744697622502e-01 5.985429440614121077e+00
-1.927558442017476636e+01 3.154972676109392693e-01 4.664600024223106267e+00
-1.929568790754285956e+01 3.210992505667838448e-01 2.136157558140125534e+00
-1.929112822860136234e+01 3.088700020270848112e-01 5.236066385054348515e+00
-1.931079205353185912e+01 2.940921516295059157e-01 4.001612507154933773e+00
-1.926032212682835620e+01 3.207015069156218257e-01 3.047498070296216888e+00
-1.929775810098691835e+01 3.290487672261894758e-01 6.572062709159901539e-01
-1.930970503183728582e+01 2.920596695983354030e-01 2.677219817235354959e+00
-1.930385725797141205e+01 2.936350400024777541e-01 5.953026376856685786e+00
-1.931400993825174339e+01 2.875717832454309231e-01 6.841749397349737194e+00
-1.927049981131139944e+01 3.214454603797181065e-01 7.294347698775045075e+00
-1.927385787133686534e+01 3.267866991087589046e-01 7.775330984603586515e+00
-1.930923056003804206e+01 2.994431414934862201e-01 2.585235873216659375e+00
-1.926576078658022340e+01 3.243492201180455115e-01 6.998642082439379131e+00
-1.934971356001680221e+01 2.787203003483056940e-01 1.738133687859767962e+00
-1.930136049249228947e+01 3.029342179846978844e-01 1.757624748741923648e+00
-1.929753012500942688e+01 3.173313583609673749e-01 1.367726869091364872e+00
-1.928840874331657673e+01 3.370607953579251026e-01 1.324354484692151113e+00
-1.932744138984395121e+01 2.843216980843393249e-01 6.390861613280080178e+00
-1.927705783649996363e+01 3.236026881785314946e-01 7.649899399910102815e+00
-1.927385787133686534e+01 3.267866991087589046e-01 7.775330984603586515e+00
-1.928889031172545643e+01 3.096110931841355440e-01 2.104991761636915371e+00
-1.926568697654746742e+01 3.792487606579448278e-01 3.122728241983627750e-01
-1.929037945968128653e+01 3.052104026591380137e-01 5.351280424504718525e+00
-1.928064981556120827e+01 3.750243741346929727e-01 -4.380134370460128657e-02
-1.931738720640891671e+01 2.854281325149280457e-01 3.407985710263937040e+00
-1.926568697654746742e+01 3.792487606579448278e-01 3.122728241983627750e-01
-1.926568697654746742e+01 3.792487606579448278e-01 3.122728241983627750e-01
-1.928799324045073504e+01 3.119414620100932622e-01 2.970225410504221397e+00
-1.927340251787031988e+01 3.205806762244052810e-01 6.961173893086050946e+00
-1.931750438657962832e+01 2.949088618951358209e-01 9.453850734656434440e+00
-1.928965376343829163e+01 3.270697089103739019e-01 6.841203925264291996e+00
-1.932868712787846377e+01 2.904948195298558411e-01 1.656942837758345055e+00
-1.927705783649996363e+01 3.236026881785314946e-01 7.649899399910102815e+00
-1.930622939169384011e+01 3.120069792922386398e-01 9.499237939815038390e-01
-1.926793015007050869e+01 3.416224627107979916e-01 9.599818660308702123e-01
-1.930419767725419433e+01 3.373883315472659961e-01 3.960652486771807368e-01
-1.930526662540632543e+01 3.095433253757420844e-01 5.845247520700067589e+00
-1.928064981556120827e+01 3.750243741346929727e-01 -4.380134370460128657e-02
-1.935247709119582282e+01 2.783548556004312724e-01 9.952586311423914367e+00
-1.931332342429465498e+01 2.973554855660667795e-01 1.621957643926782433e+00
-1.929032594789663335e+01 3.856911109200086285e-01 5.409454362876706113e-02
-1.930280180765092624e+01 3.195975779845093290e-01 7.830955229826948027e-01
-1.933603943516100188e+01 2.840078094631773853e-01 1.149949641937877942e+01
-1.927705783649996363e+01 3.236026881785314946e-01 7.649899399910102815e+00
-1.932731165645093085e+01 2.998062267402526460e-01 5.931771239134061346e+00
-1.933775492798895712e+01 2.713807187550286160e-01 4.186447315846097972e+00
-1.930223185428455324e+01 3.114468237027634423e-01 3.501111342226584267e+00
-1.930992596293798869e+01 2.942518196424307453e-01 2.981753973974445859e+00
-1.930184013778312035e+01 2.943555663924137811e-01 1.016590558161321312e+01
-1.931977145910646954e+01 3.057588273753658048e-01 8.389272855859304379e-01
-1.927558442017476636e+01 3.154972676109392693e-01 4.664600024223106267e+00
-1.929344478097369375e+01 3.012657083823183091e-01 9.751134254168519533e+00
-1.927516212441065235e+01 3.338741695380723074e-01 3.865139548291984806e+00
-1.930385725797141205e+01 2.936350400024777541e-01 5.953026376856685786e+00
-1.929037945968128653e+01 3.052104026591380137e-01 5.351280424504718525e+00
-1.932863608381387621e+01 2.744951108302646769e-01 9.141297319922763620e+00
-1.930136049249228947e+01 3.029342179846978844e-01 1.757624748741923648e+00
-1.930174276975001035e+01 2.946205045614826434e-01 4.089636210706454555e+00
-1.929897034064722305e+01 3.512204602769999906e-01 2.040050692468286797e-01
-1.934971356001680221e+01 2.787203003483056940e-01 1.738133687859767962e+00
-1.930899401483138433e+01 2.987950258180706031e-01 3.626140732397607813e+00
-1.931318358228388377e+01 2.918432045877876746e-01 2.511762250317182588e+00
-1.928183772398311646e+01 3.759610499435434572e-01 6.554665758575381473e-02
-1.930376036849996169e+01 2.896925538305955006e-01 3.024785915368204847e+00
-1.934935275340463434e+01 2.812989860014747934e-01 3.969529275029697768e+00
-1.930071037112214327e+01 3.012217512309925405e-01 5.277121186205368630e+00
-1.929684506403243560e+01 3.346057634480942844e-01 4.174863333712909297e-01
-1.931738720640891671e+01 2.854281325149280457e-01 3.407985710263937040e+00
-1.933711247198195693e+01 2.860378665088205152e-01 6.815610890651056408e+00
-1.931502495136645692e+01 2.920977257087816747e-01 4.141937516857131740e+00
-1.931738354320690831e+01 2.924098082964965428e-01 4.601804108475372246e+00
-1.929927229621479157e+01 3.132904926032395454e-01 1.407675334465037009e+00
-1.928009920962304236e+01 3.178275554242411260e-01 6.384560194915270159e+00
-1.934971356001680221e+01 2.787203003483056940e-01 1.738133687859767962e+00
-1.928960586473280259e+01 3.156124658819378093e-01 3.513406609062177832e+00
-1.928432671179468016e+01 3.349330879620182611e-01 5.520126809364191978e-01
-1.930805184155554954e+01 3.098651279247722767e-01 7.826477912131628578e+00
-1.935403519720131627e+01 2.799319014553396379e-01 1.660838995476671354e+00
-1.927558442017476636e+01 3.154972676109392693e-01 4.664600024223106267e+00
-1.930805184155554954e+01 3.098651279247722767e-01 7.826477912131628578e+00
-1.928840899059150260e+01 3.832076456586441249e-01 -1.431622992368805636e-02
-1.928669733012776533e+01 3.163177891902686500e-01 1.041014945692771754e+01
-1.932590202424717774e+01 2.849570956840277169e-01 2.315785124949977902e+00
-1.929509333453273712e+01 3.220203337771261887e-01 1.791541983725599252e+00
-1.930223185428455324e+01 3.114468237027634423e-01 3.501111342226584267e+00
-1.933070887263374260e+01 2.960694490007330093e-01 3.505384210937010803e+00
-1.931188086231134804e+01 3.039169338503791562e-01 1.289602940056368885e+00
-1.935403519720131627e+01 2.799319014553396379e-01 1.660838995476671354e+00
-1.931767684958238007e+01 2.958190573166491477e-01 6.593151646395863708e+00
-1.925679192068322010e+01 3.586178249224318826e-01 9.493646692779783569e-01
-1.930193820800820959e+01 3.581331232169824852e-01 1.708363150038582912e-01
-1.925423930061486999e+01 4.100257010835624549e-01 2.309212744004454643e-02
-1.929628430352423152e+01 3.082176420937213224e-01 9.144836493416304890e+00
-1.929950815617783277e+01 3.028783227481418039e-01 3.636032575914378562e+00
-1.933373519399868812e+01 2.904370857003679141e-01 1.938587426800760571e+00
-1.930167784211658599e+01 3.064265974220649613e-01 3.121886909857269465e+00
-1.929628430352423152e+01 3.082176420937213224e-01 9.144836493416304890e+00
-1.928669733012776533e+01 3.163177891902686500e-01 1.041014945692771754e+01
-1.926793015007050869e+01 3.416224627107979916e-01 9.599818660308702123e-01
-1.929775810098691835e+01 3.290487672261894758e-01 6.572062709159901539e-01
-1.931511984768102508e+01 3.009894635646789274e-01 1.782149207209223096e+00
-1.929978086983270202e+01 3.412409982782230178e-01 3.077858733464593488e-01
-1.930170436070749673e+01 3.052033049768138606e-01 7.405898866069967390e+00
-1.927408697571907581e+01 3.344379299238640635e-01 6.473355727179535002e-01
-1.929018567586886590e+01 3.280697380571204191e-01 9.318888840172966370e-01
-1.928867383086394582e+01 3.219340163739011218e-01 6.979828205498563420e+00
-1.929344478097369375e+01 3.012657083823183091e-01 9.751134254168519533e+00
-1.935723666479677618e+01 2.680974279742928124e-01 2.379870156397670744e+00
-1.931973293747811127e+01 2.994103658657084055e-01 3.047076078672176891e+00
-1.929568790754285956e+01 3.210992505667838448e-01 2.136157558140125534e+00
-1.931973293747811127e+01 2.994103658657084055e-01 3.047076078672176891e+00
-1.929628430352423152e+01 3.082176420937213224e-01 9.144836493416304890e+00
-1.928888598666123499e+01 3.214204427003296005e-01 1.083506989086769146e+01
-1.933711247198195693e+01 2.860378665088205152e-01 6.815610890651056408e+00
-1.926598813386883435e+01 3.706144783827725053e-01 2.903047660022580745e-01
-1.928940899681693821e+01 3.541353885507944610e-01 3.010840121070791353e-01
-1.932383534275928838e+01 2.903883485639662809e-01 4.323135420523024131e+00
-1.929628430352423152e+01 3.082176420937213224e-01 9.144836493416304890e+00
-1.927558442017476636e+01 3.154972676109392693e-01 4.664600024223106267e+00
-1.929344478097369375e+01 3.012657083823183091e-01 9.751134254168519533e+00
-1.926568697654746742e+01 3.792487606579448278e-01 3.122728241983627750e-01
-1.931511984768102508e+01 3.009894635646789274e-01 1.782149207209223096e+00
-1.932590202424717774e+01 2.849570956840277169e-01 2.315785124949977902e+00
-1.932193043932886312e+01 3.221440686516129359e-01 3.724988978711117893e-01
-1.932155954717965685e+01 2.927749921397274635e-01 7.065627564693102158e+00
-1.932155954717965685e+01 2.927749921397274635e-01 7.065627564693102158e+00
-1.932763732696127335e+01 2.855118725989864159e-01 6.311407229744944836e+00
-1.932744138984395121e+01 2.843216980843393249e-01 6.390861613280080178e+00
-1.927782066396938987e+01 3.966849186747412048e-01 2.720539664604601504e-02
-1.928669733012776533e+01 3.163177891902686500e-01 1.041014945692771754e+01
-1.935754164372981379e+01 2.685470359271829310e-01 2.818738185297723575e+00
-1.927049981131139944e+01 3.214454603797181065e-01 7.294347698775045075e+00
-1.930376036849996169e+01 2.896925538305955006e-01 3.024785915368204847e+00
-1.927782066396938987e+01 3.966849186747412048e-01 2.720539664604601504e-02
-1.928497864512047499e+01 3.187963418269179061e-01 6.722829762363009110e+00
-1.924815854993074637e+01 3.292778814277350641e-01 6.481013970038606686e+00
