-1.930694874212017709e+01 5.817496761934838612e-02 1.069762440990419117e-01 3.363919364730845185e-01 6.971374165025672198e-01
-1.929838890074754687e+01 1.877944802108749700e-01 5.016053865117230809e-02 4.438071098300123696e-01 5.209236767104508115e-01
-1.930289878892947186e+01 9.924561635539129456e-02 9.585949845081044585e-02 6.631801267137642508e-01 6.283349649131302339e-01
-1.930815530575175032e+01 6.683665439004068953e-02 1.193808044577259198e-01 5.544038775174222611e-01 2.780100574321452966e-01
-1.931025020433221684e+01 1.459021935615926746e-01 6.557344711195221831e-02 6.048589003254020158e-01 7.498739863144344708e-01
-1.929838890074754687e+01 1.877944802108749700e-01 5.016053865117230809e-02 4.438071098300123696e-01 5.209236767104508115e-01
-1.931282708347467647e+01 4.960271854379629669e-02 1.095109164779247274e-01 5.134303982436250191e-02 7.577278462448087115e-01
-1.930877294671486055e+01 6.790287341608006177e-02 1.085182999337773457e-01 8.859300282653537195e-01 5.959397751421033895e-01
-1.930925452600965286e+01 4.693159442289064620e-02 1.118793983306481804e-01 1.504650765592883445e-02 8.533936806547545162e-01
-1.930922201643430114e+01 7.157959979477430956e-02 1.003478541443322825e-01 4.259370832164728338e-01 5.096225145385919753e-01
-1.929739836899178940e+01 1.197271825435651527e-01 8.998946752072511934e-02 7.336309493191780495e-01 2.441498819594334346e-01
-1.930427878098824479e+01 1.805686912333719779e-02 1.474674575255172926e-01 4.467292532363049962e-02 7.021335928058371201e-02
-1.930638780698792800e+01 1.141229769849514131e-01 7.492040251293459463e-02 2.297884999919714843e-01 9.787200069808108527e-01
-1.930343496782364809e+01 1.249506524694931203e-01 7.572374589222691244e-02 3.265627810951305388e-01 7.256210541263933278e-01
-1.930371405343026225e+01 1.426197551342479608e-01 6.501103465074457854e-02 7.521663277038646012e-01 8.767908603276818313e-01
-1.929838890074754687e+01 1.877944802108749700e-01 5.016053865117230809e-02 4.438071098300123696e-01 5.209236767104508115e-01
-1.929616144229661856e+01 1.255935427033099128e-01 8.357327599582164979e-02 9.374793999316758386e-01 7.041412990529860583e-01
-1.931493926272144535e+01 7.319849489026511447e-02 9.857703709778031786e-02 3.967743759378972168e-01 4.730776847255675488e-01
-1.931115197681012674e+01 4.790103939663220567e-02 1.109342996005041326e-01 5.020188652894990167e-01 7.815483834707001032e-01
-1.930365883725118437e+01 1.223346494707760884e-01 8.585787279251411164e-02 8.426337959913936526e-01 5.280829483891400500e-01
-1.930157708804739158e+01 2.091651037601646446e-01 4.175753560764773609e-02 9.520805862487788929e-01 3.751911390579340533e-01
-1.932171010093905394e+01 3.274625194059244127e-02 1.176910904369734140e-01 8.682312141470469591e-01 4.057692695083237044e-01
-1.930889244354347056e+01 9.503554754291437812e-02 8.950941998213012007e-02 3.761496850265620973e-01 5.037211426247352186e-01
-1.931337688074744818e+01 8.834657482656728053e-03 1.335628874802005095e-01 5.213192922257551265e-01 5.365486840561832782e-01
-1.931005713574731431e+01 4.415496520142522807e-02 1.183808165354636732e-01 8.701493146769982978e-01 3.297679283609602496e-01
-1.929748096716064865e+01 1.113219840490374951e-01 9.482873119473241019e-02 1.324217846528179532e-01 1.418856738681882612e-01
-1.930906494125706274e+01 7.462373833062987960e-02 1.041853936034395772e-01 4.494260752874024850e-02 4.864578823786736006e-01
-1.929470455227070858e+01 2.192830187514899498e-01 3.162639897573008702e-02 5.793880616216108281e-01 9.579314837238782632e-01
-1.931111457841203105e+01 4.652115080582658324e-02 1.100700013847377839e-01 3.608410645750776968e-01 7.504915365676838590e-01
-1.930538328900903977e+01 1.338145476482554275e-01 7.062395786110539642e-02 4.640794322205006317e-01 6.169523025729939381e-01
-1.930511229465792411e+01 1.282774751742560004e-01 6.985730514293730931e-02 3.262598577391495613e-01 9.145445891448062969e-01
-1.929274322517526841e+01 1.453453379401792589e-01 7.881869849975312037e-02 5.178895529846158086e-01 4.476635329096705362e-01
-1.929321403793574419e+01 1.563418722224868274e-01 6.806865951516731517e-02 9.505798027207047474e-01 2.965543258775881208e-01
-1.930573358864764799e+01 1.579950801394601201e-01 6.006681524688001900e-02 4.108643474509477977e-01 5.502077355253996993e-01
-1.930573358864764799e+01 1.579950801394601201e-01 6.006681524688001900e-02 4.108643474509477977e-01 5.502077355253996993e-01
-1.932012888512742776e+01 2.497427584653159546e-02 1.260166069285055812e-01 3.646256643634883665e-01 4.199609680430588243e-01
-1.930207960190350036e+01 6.417368953862241654e-02 1.131776268199195801e-01 3.087987828414230362e-01 5.425836461854388615e-01
-1.930931147370949930e+01 6.582572902373313994e-02 1.104590490028519167e-01 8.756626746710859110e-02 2.989145931550299951e-01
-1.931319876652130674e+01 1.109155464015436077e-01 7.714206643698635901e-02 2.389826289168734963e-01 8.985259215152910928e-01
-1.930037842113654989e+01 7.148922013573766332e-02 1.159909971750900937e-01 3.178648130408119332e-01 4.459683038039433667e-01
-1.930815530575175032e+01 6.683665439004068953e-02 1.193808044577259198e-01 5.544038775174222611e-01 2.780100574321452966e-01
-1.930513755603367088e+01 1.804327109879159119e-01 4.610104170880276880e-02 2.590851008484278406e-01 8.400616951928727705e-01
-1.929199049036162350e+01 1.700395282810689135e-01 6.067572153085566689e-02 3.995131412700876350e-01 8.877841756949567120e-01
-1.930794590972213953e+01 1.098959574597839495e-01 7.887823613310272763e-02 2.087843200010068845e-01 7.073353696720473538e-01
-1.930371114551932976e+01 1.173710655055034691e-01 8.192692903697178231e-02 5.595127014350068789e-02 5.580822194161256800e-01
-1.930326720004703134e+01 3.195402963963454163e-02 1.410571720421848196e-01 1.518081948229030864e-01 3.116908935492335858e-02
-1.930898914404262356e+01 1.151893643340794471e-01 7.712883999242618749e-02 9.285212969221969814e-01 6.847118025568648125e-01
-1.930996509952507267e+01 9.275786264545313187e-02 8.532660101412897768e-02 7.228501305031310720e-01 9.404639927027346191e-01
-1.931204297395883529e+01 4.127104534020754195e-02 1.262289059011069137e-01 1.161867283506987786e-01 3.227951865541572873e-01
-1.931319876652130674e+01 1.109155464015436077e-01 7.714206643698635901e-02 2.389826289168734963e-01 8.985259215152910928e-01
-1.931638759513738179e+01 5.653795697687153538e-02 1.023189340138503794e-01 5.184469929868252419e-02 8.122972072149450273e-01
-1.929274322517526841e+01 1.453453379401792589e-01 7.881869849975312037e-02 5.178895529846158086e-01 4.476635329096705362e-01
-1.930779563357060979e+01 6.195511169391525880e-02 1.152460098425578533e-01 -6.455904599615483290e-03 1.013658984084835485e-01
-1.931493926272144535e+01 7.319849489026511447e-02 9.857703709778031786e-02 3.967743759378972168e-01 4.730776847255675488e-01
-1.930794590972213953e+01 1.098959574597839495e-01 7.887823613310272763e-02 2.087843200010068845e-01 7.073353696720473538e-01
-1.931351650621541793e+01 6.987827089416000226e-02 1.062519203737830598e-01 6.869910605710836116e-01 4.813347532886045888e-01
-1.930694874212017709e+01 5.817496761934838612e-02 1.069762440990419117e-01 3.363919364730845185e-01 6.971374165025672198e-01
-1.930037842113654989e+01 7.148922013573766332e-02 1.159909971750900937e-01 3.178648130408119332e-01 4.459683038039433667e-01
-1.930569865402452123e+01 6.407151741451110050e-02 1.050633725288245418e-01 9.984817582404581504e-01 8.336605039701217024e-01
-1.929838890074754687e+01 1.877944802108749700e-01 5.016053865117230809e-02 4.438071098300123696e-01 5.209236767104508115e-01
-1.930670450890195156e+01 2.131043264446046831e-02 1.406093926139019290e-01 6.206260045939131498e-01 4.039046015040990145e-01
-1.929656973575445278e+01 9.183873761601901720e-02 1.011690514233302279e-01 2.908113916238264096e-01 5.050788629964103604e-01
-1.930330361196281075e+01 1.202880135199913270e-01 8.950856050020616905e-02 7.139347067629171484e-01 6.854196002903922835e-02
-1.930530691230944029e+01 1.196058682086399289e-01 6.840495771919423429e-02 1.168151589528749340e-01 8.839532501089838457e-01
-1.931370633771623702e+01 1.191257699007317039e-01 6.838596195990340187e-02 -3.081197115682374199e-03 9.057550947143101494e-01
-1.929489978407544015e+01 1.307134229121470204e-01 8.486515064810636055e-02 1.361925318606506119e-01 5.226944467313565656e-01
-1.930437806578059678e+01 1.371157770181840874e-01 6.648183566803986255e-02 9.063509141127666646e-02 8.940606827287114200e-01
-1.931115197681012674e+01 4.790103939663220567e-02 1.109342996005041326e-01 5.020188652894990167e-01 7.815483834707001032e-01
-1.929995773231945932e+01 2.625545264164542980e-02 1.448361551337111197e-01 4.442620253713199241e-01 2.196396967475654771e-01
-1.930569865402452123e+01 6.407151741451110050e-02 1.050633725288245418e-01 9.984817582404581504e-01 8.336605039701217024e-01
-1.930385967891262311e+01 1.484526975479344424e-01 6.226601924837848329e-02 2.500935067783008892e-01 9.685358122323507457e-01
-1.931370633771623702e+01 1.191257699007317039e-01 6.838596195990340187e-02 -3.081197115682374199e-03 9.057550947143101494e-01
-1.931103832055748981e+01 3.742967230782833638e-02 1.208320430880130275e-01 5.433100966878888771e-01 5.897148473666971036e-01
-1.930906494125706274e+01 7.462373833062987960e-02 1.041853936034395772e-01 4.494260752874024850e-02 4.864578823786736006e-01
-1.930829884548247577e+01 1.666527562525267347e-01 4.897084252568307400e-02 9.952214726422314861e-02 7.844236903191030841e-01
-1.931204297395883529e+01 4.127104534020754195e-02 1.262289059011069137e-01 1.161867283506987786e-01 3.227951865541572873e-01
-1.930427878098824479e+01 1.805686912333719779e-02 1.474674575255172926e-01 4.467292532363049962e-02 7.021335928058371201e-02
-1.929274322517526841e+01 1.453453379401792589e-01 7.881869849975312037e-02 5.178895529846158086e-01 4.476635329096705362e-01
-1.930236512496772150e+01 1.288794475448281907e-01 7.254041873490808812e-02 4.314346075905328703e-01 9.437986899379535721e-01
-1.930794590972213953e+01 1.098959574597839495e-01 7.887823613310272763e-02 2.087843200010068845e-01 7.073353696720473538e-01
-1.931220797582248849e+01 7.459182539098838452e-03 1.447687846177770077e-01 2.465299238362007594e-01 3.083712207723520171e-01
-1.931136772515539946e+01 4.647567926744265547e-03 1.438151233636438819e-01 4.075433971374562980e-01 4.245705752674318045e-01
-1.930702031413776965e+01 8.397615626873161654e-02 9.345857134332019589e-02 9.744451004882901390e-01 6.445262319870526113e-01
-1.930162694471410489e+01 6.408770377718142619e-02 1.211029829362404442e-01 6.879021399968353601e-01 9.851408527767141488e-02
-1.929748096716064865e+01 1.113219840490374951e-01 9.482873119473241019e-02 1.324217846528179532e-01 1.418856738681882612e-01
-1.930922201643430114e+01 7.157959979477430956e-02 1.003478541443322825e-01 4.259370832164728338e-01 5.096225145385919753e-01
-1.931881866506770606e+01 8.420965373960505318e-02 8.136398918821378945e-02 5.009229069421502478e-01 8.205993182078944459e-01
-1.930289659564463278e+01 1.308090748985937246e-01 8.311997500619346113e-02 2.538188558801769412e-01 1.735217980011196648e-01
-1.930022967286927837e+01 1.893058653462492691e-01 5.092959548220711563e-02 8.861238235998010193e-01 4.311512924681926151e-01
-1.930702031413776965e+01 8.397615626873161654e-02 9.345857134332019589e-02 9.744451004882901390e-01 6.445262319870526113e-01
-1.930579643719850225e+01 3.604628048153010050e-02 1.316608688114231096e-01 6.743853277684905625e-03 1.993246915413939557e-01
-1.931220577726397281e+01 2.164098093829851591e-02 1.319499457447850521e-01 4.273212108152444344e-01 3.023817622854247378e-01
-1.931103832055748981e+01 3.742967230782833638e-02 1.208320430880130275e-01 5.433100966878888771e-01 5.897148473666971036e-01
-1.929656973575445278e+01 9.183873761601901720e-02 1.011690514233302279e-01 2.908113916238264096e-01 5.050788629964103604e-01
-1.929995773231945932e+01 2.625545264164542980e-02 1.448361551337111197e-01 4.442620253713199241e-01 2.196396967475654771e-01
-1.930383913106159710e+01 1.213941860201338818e-01 8.217814894400511661e-02 8.352323743796210564e-01 6.302041172144067227e-01
-1.931269354625416668e+01 2.700243412279482169e-02 1.368053754102245279e-01 6.858679066853210493e-01 1.082691151314084527e-01
-1.930014294623344995e+01 2.366739480620884684e-01 2.063046222114751915e-02 3.732776425707158285e-01 8.016524698910135749e-01
-1.931957638888469120e+01 2.935084371707098738e-02 1.311623714912984739e-01 2.935395909561850925e-01 1.618401175327583708e-01
-1.930543134134581251e+01 2.496147298391666880e-02 1.368327794187577939e-01 4.244641279192886696e-01 1.394821228982365824e-01
-1.930925452600965286e+01 4.693159442289064620e-02 1.118793983306481804e-01 1.504650765592883445e-02 8.533936806547545162e-01
-1.931036356386197639e+01 9.325817286018311947e-02 8.706258568898618544e-02 9.411243687563484173e-01 6.300006997601073078e-01
-1.931493926272144535e+01 7.319849489026511447e-02 9.857703709778031786e-02 3.967743759378972168e-01 4.730776847255675488e-01
-1.930207960190350036e+01 6.417368953862241654e-02 1.131776268199195801e-01 3.087987828414230362e-01 5.425836461854388615e-01
-1.930670450890195156e+01 2.131043264446046831e-02 1.406093926139019290e-01 6.206260045939131498e-01 4.039046015040990145e-01
-1.931651640241719292e+01 8.689715476679274811e-03 1.388227363683472160e-01 2.080382582021028937e-01 3.063267689755514445e-01
-1.931558608417449818e+01 4.549471854480757749e-02 1.076753491352432368e-01 4.745511852394054819e-01 6.466473794571492295e-01
-1.930270080266919663e+01 6.139675364428488075e-02 1.163367306378200183e-01 3.567247003143435569e-01 3.033609851908122268e-01
-1.930889244354347056e+01 9.503554754291437812e-02 8.950941998213012007e-02 3.761496850265620973e-01 5.037211426247352186e-01
-1.930207960190350036e+01 6.417368953862241654e-02 1.131776268199195801e-01 3.087987828414230362e-01 5.425836461854388615e-01
-1.931220577726397281e+01 2.164098093829851591e-02 1.319499457447850521e-01 4.273212108152444344e-01 3.023817622854247378e-01
-1.930207960190350036e+01 6.417368953862241654e-02 1.131776268199195801e-01 3.087987828414230362e-01 5.425836461854388615e-01
-1.929992101871510712e+01 1.300949812292525598e-01 8.475226300125275614e-02 1.913844389208228802e-01 2.240425600462881972e-01
-1.930207960190350036e+01 6.417368953862241654e-02 1.131776268199195801e-01 3.087987828414230362e-01 5.425836461854388615e-01
-1.931111457841203105e+01 4.652115080582658324e-02 1.100700013847377839e-01 3.608410645750776968e-01 7.504915365676838590e-01
-1.930285243649987947e+01 5.512090316880835505e-02 1.275521287543678606e-01 2.710713008504775368e-01 2.160738522561966857e-02
-1.930478555791963657e+01 1.273229415387105157e-01 7.642600712784962391e-02 2.880714867895361464e-01 6.368218751378263986e-01
-1.929210788821407974e+01 1.335876897803425778e-01 8.745657822597328879e-02 1.160167976951760466e-01 2.313052234904561799e-01
-1.930877294671486055e+01 6.790287341608006177e-02 1.085182999337773457e-01 8.859300282653537195e-01 5.959397751421033895e-01
-1.930701345618738785e+01 6.725168515889251575e-02 1.110729598874612423e-01 2.783505864615507530e-01 3.122016220026393452e-01
-1.931025020433221684e+01 1.459021935615926746e-01 6.557344711195221831e-02 6.048589003254020158e-01 7.498739863144344708e-01
-1.930230241281062220e+01 1.105572607035953392e-01 8.506417709490483869e-02 7.714477732145692546e-01 7.463656465180126265e-01
-1.930751025079730709e+01 6.968159576310092862e-02 9.974095634591134685e-02 5.603337933216145927e-01 7.953824890913618884e-01
-1.931269354625416668e+01 2.700243412279482169e-02 1.368053754102245279e-01 6.858679066853210493e-01 1.082691151314084527e-01
-1.930907160542145462e+01 1.251327133819771231e-01 6.474419251149178545e-02 2.279860587253841053e-01 9.885228010708914104e-01
-1.930340010960891917e+01 5.267116073284520972e-02 1.203011480024085977e-01 8.984219516285216756e-01 4.030139242892782359e-01
-1.930538328900903977e+01 1.338145476482554275e-01 7.062395786110539642e-02 4.640794322205006317e-01 6.169523025729939381e-01
-1.930815530575175032e+01 6.683665439004068953e-02 1.193808044577259198e-01 5.544038775174222611e-01 2.780100574321452966e-01
-1.931275215526601130e+01 1.847369978203362156e-02 1.368959275234752082e-01 3.975356317059546285e-01 1.929977987093576541e-01
-1.929321403793574419e+01 1.563418722224868274e-01 6.806865951516731517e-02 9.505798027207047474e-01 2.965543258775881208e-01
-1.930463859491453960e+01 1.430625269096448826e-01 7.185719576928080443e-02 3.864795336721018604e-01 6.009063239976060178e-01
-1.930429159079091761e+01 1.113868039864618492e-01 8.589514619375648863e-02 1.225918583207947915e-01 2.910013810927434275e-01
-1.931370633771623702e+01 1.191257699007317039e-01 6.838596195990340187e-02 -3.081197115682374199e-03 9.057550947143101494e-01
-1.931651640241719292e+01 8.689715476679274811e-03 1.388227363683472160e-01 2.080382582021028937e-01 3.063267689755514445e-01
-1.931136772515539946e+01 4.647567926744265547e-03 1.438151233636438819e-01 4.075433971374562980e-01 4.245705752674318045e-01
-1.931651640241719292e+01 8.689715476679274811e-03 1.388227363683472160e-01 2.080382582021028937e-01 3.063267689755514445e-01
-1.930898914404262356e+01 1.151893643340794471e-01 7.712883999242618749e-02 9.285212969221969814e-01 6.847118025568648125e-01
-1.929656973575445278e+01 9.183873761601901720e-02 1.011690514233302279e-01 2.908113916238264096e-01 5.050788629964103604e-01
-1.930996509952507267e+01 9.275786264545313187e-02 8.532660101412897768e-02 7.228501305031310720e-01 9.404639927027346191e-01
-1.931638759513738179e+01 5.653795697687153538e-02 1.023189340138503794e-01 5.184469929868252419e-02 8.122972072149450273e-01
-1.930513755603367088e+01 1.804327109879159119e-01 4.610104170880276880e-02 2.590851008484278406e-01 8.400616951928727705e-01
-1.931036811383711083e+01 6.771270034938528526e-02 1.034439362657500333e-01 5.124641294158924776e-01 3.553267636855285128e-01
-1.930446805304723057e+01 1.031717501910934948e-01 9.400053416260259476e-02 1.338632213812704086e-01 4.227613762880361170e-01
-1.931493926272144535e+01 7.319849489026511447e-02 9.857703709778031786e-02 3.967743759378972168e-01 4.730776847255675488e-01
-1.931111457841203105e+01 4.652115080582658324e-02 1.100700013847377839e-01 3.608410645750776968e-01 7.504915365676838590e-01
-1.931329172740450062e+01 8.761840389511466043e-02 8.659809019665423713e-02 7.411618707732177125e-01 7.457038684408443530e-01
-1.930418451060810270e+01 1.212458698508264293e-01 7.281991979376198354e-02 3.649662371452890852e-01 8.950961505015297970e-01
-1.930037842113654989e+01 7.148922013573766332e-02 1.159909971750900937e-01 3.178648130408119332e-01 4.459683038039433667e-01
-1.931213023120606920e+01 6.711755233515696861e-02 1.128967567430813057e-01 7.409318773848116990e-01 3.057000563121912706e-01
-1.931036811383711083e+01 6.771270034938528526e-02 1.034439362657500333e-01 5.124641294158924776e-01 3.553267636855285128e-01
-1.929992101871510712e+01 1.300949812292525598e-01 8.475226300125275614e-02 1.913844389208228802e-01 2.240425600462881972e-01
-1.931236345786445341e+01 1.746536770745639455e-02 1.293854126951624051e-01 9.505363339307260073e-01 4.576074380942327102e-01
-1.929616144229661856e+01 1.255935427033099128e-01 8.357327599582164979e-02 9.374793999316758386e-01 7.041412990529860583e-01
-1.930340010960891917e+01 5.267116073284520972e-02 1.203011480024085977e-01 8.984219516285216756e-01 4.030139242892782359e-01
-1.931094824397725418e+01 3.560930267988266645e-02 1.259331257997992337e-01 5.982092245177051959e-01 5.379258752301867563e-01
-1.928789302122527971e+01 1.573457822714585952e-01 7.035078652181400716e-02 3.281265901689013886e-01 6.851183150229553931e-01
-1.931370633771623702e+01 1.191257699007317039e-01 6.838596195990340187e-02 -3.081197115682374199e-03 9.057550947143101494e-01
-1.928789302122527971e+01 1.573457822714585952e-01 7.035078652181400716e-02 3.281265901689013886e-01 6.851183150229553931e-01
-1.931024492946131588e+01 5.205174246468686344e-02 1.147216056593420852e-01 7.963237562168996586e-01 5.255809799522450643e-01
-1.930927127056343195e+01 1.555973917794111205e-01 5.386419386049812186e-02 4.436700233707308039e-01 7.007700123585548502e-01
-1.931220797582248849e+01 7.459182539098838452e-03 1.447687846177770077e-01 2.465299238362007594e-01 3.083712207723520171e-01
-1.930437806578059678e+01 1.371157770181840874e-01 6.648183566803986255e-02 9.063509141127666646e-02 8.940606827287114200e-01
-1.929880534829628758e+01 1.524967203030280771e-01 7.454062782834570966e-02 9.381994715237740312e-02 2.099374956284252858e-02
-1.930513755603367088e+01 1.804327109879159119e-01 4.610104170880276880e-02 2.590851008484278406e-01 8.400616951928727705e-01
-1.931319876652130674e+01 1.109155464015436077e-01 7.714206643698635901e-02 2.389826289168734963e-01 8.985259215152910928e-01
-1.930801645860173110e+01 5.089462171727325568e-02 1.252805491450559305e-01 2.085209811416114389e-01 1.003019606859371221e-01
-1.929880534829628758e+01 1.524967203030280771e-01 7.454062782834570966e-02 9.381994715237740312e-02 2.099374956284252858e-02
-1.930829884548247577e+01 1.666527562525267347e-01 4.897084252568307400e-02 9.952214726422314861e-02 7.844236903191030841e-01
-1.929616144229661856e+01 1.255935427033099128e-01 8.357327599582164979e-02 9.374793999316758386e-01 7.041412990529860583e-01
-1.930230241281062220e+01 1.105572607035953392e-01 8.506417709490483869e-02 7.714477732145692546e-01 7.463656465180126265e-01
-1.930331025954851754e+01 1.211226742654503419e-01 7.634902697469769794e-02 8.480876922945397300e-01 9.064867157562825906e-01
-1.929917827791247475e+01 1.202408216757209266e-03 1.518990060563086830e-01 1.320197595530661072e-01 1.943410624696725597e-01
-1.930365883725118437e+01 1.223346494707760884e-01 8.585787279251411164e-02 8.426337959913936526e-01 5.280829483891400500e-01
-1.930330361196281075e+01 1.202880135199913270e-01 8.950856050020616905e-02 7.139347067629171484e-01 6.854196002903922835e-02
