-1.934881179050706379e+01 3.167438704382554149e-01 6.839919103512919207e-01
-1.925920794338550479e+01 4.177244764759452389e-01 9.510842278091740098e-01
-1.929094716593145620e+01 3.714536402082173061e-01 9.564331001417016864e-01
-1.930331861003437055e+01 2.960018749319972553e-01 2.737486947261835724e-02
-1.929616573757084552e+01 3.172216452391194985e-01 1.748009794131313299e-01
-1.927826306945624069e+01 3.697511923600392825e-01 8.571703468129108217e-01
-1.931264947510719310e+01 3.452294477552469432e-01 8.819213624529798068e-01
-1.932592555561162229e+01 2.468772494989542043e-01 -5.076626761121403320e-01
-1.928414576694074611e+01 3.541322521189782524e-01 4.852985708309276447e-01
-1.931079152857191161e+01 2.908810922775274532e-01 3.373527058608338791e-02
-1.921364658689118698e+01 4.245291243258495495e-01 8.458529641447753988e-01
-1.927122758655844947e+01 3.895168623092797322e-01 9.716532280706235980e-01
-1.927203947873261569e+01 3.539101859744386847e-01 4.389838454125793987e-01
-1.928475030350491437e+01 3.080541385687160516e-01 -3.432087689315466150e-03
-1.925379695695632165e+01 4.217797174747043853e-01 1.217687544729340487e+00
-1.930331861003437055e+01 2.960018749319972553e-01 2.737486947261835724e-02
-1.926564918160239515e+01 4.080974808677151899e-01 1.056922480103642314e+00
-1.928373406881186369e+01 3.490121400974602883e-01 5.190942649071583759e-01
-1.929450450353669666e+01 2.864202830781455433e-01 -2.063645430688740845e-01
-1.935547578883175035e+01 2.479891801164883225e-01 -2.364217986816399275e-01
-1.924426315320996039e+01 4.481036168971944122e-01 1.237376799212505318e+00
-1.924068769846837057e+01 4.383467709538236834e-01 1.316765093042670642e+00
-1.932402489450546668e+01 3.152947358784942700e-01 4.112285572732741201e-01
-1.932592555561162229e+01 2.468772494989542043e-01 -5.076626761121403320e-01
-1.922851647435666678e+01 4.924361933021993987e-01 1.707379597708184704e+00
-1.934881179050706379e+01 3.167438704382554149e-01 6.839919103512919207e-01
-1.930450690227748467e+01 3.066523044214840565e-01 3.172683970189851266e-01
-1.925576651331280686e+01 3.949717382779504571e-01 8.741960822763008565e-01
-1.932592555561162229e+01 2.468772494989542043e-01 -5.076626761121403320e-01
-1.928090919243791390e+01 3.603311686533609004e-01 6.272489663830747020e-01
-1.927037976163036248e+01 3.736994224100912976e-01 6.029112572496870825e-01
-1.931264947510719310e+01 3.452294477552469432e-01 8.819213624529798068e-01
-1.928627611650270879e+01 3.696335231179495584e-01 8.138853004491544141e-01
-1.931398984998759616e+01 2.770457542928447259e-01 -3.484849074233551391e-01
-1.927257874936884718e+01 4.016418270694369630e-01 1.123562064711830288e+00
-1.926263052246257601e+01 4.456390818128593834e-01 1.410956371265081444e+00
-1.929251003349252258e+01 3.557802437237478355e-01 8.447949173717042015e-01
-1.929251003349252258e+01 3.557802437237478355e-01 8.447949173717042015e-01
-1.928179965986066335e+01 3.763659348723824016e-01 7.234885975172264949e-01
-1.932279468711778136e+01 3.371967993306135281e-01 7.138074241602172521e-01
-1.930732488703708327e+01 3.372971478253827260e-01 5.635580826731221293e-01
-1.934881179050706379e+01 3.167438704382554149e-01 6.839919103512919207e-01
-1.930806705827946956e+01 3.094009583048589751e-01 2.173601430584710670e-01
-1.926890217094289781e+01 3.405721574121234885e-01 4.484542350218099216e-01
-1.926357731346091740e+01 3.735327993777568523e-01 6.272863854749051171e-01
-1.931566241924764782e+01 3.204362782401688481e-01 4.236676228391118570e-01
-1.930373413512882053e+01 3.639448637624060900e-01 9.786131459889553241e-01
-1.926046964689887986e+01 4.359541011871636007e-01 1.212961047612157728e+00
-1.935685133631309185e+01 2.525219957653269121e-01 -1.646263925814306361e-01
-1.926073853113952694e+01 4.256916231886402335e-01 1.308387244042252817e+00
-1.924068769846837057e+01 4.383467709538236834e-01 1.316765093042670642e+00
-1.931419939597055091e+01 3.021644876267033930e-01 1.154811630103562692e-01
-1.928179965986066335e+01 3.763659348723824016e-01 7.234885975172264949e-01
-1.925522386924816942e+01 4.019610052188057336e-01 8.626618056815704705e-01
-1.925770698210740406e+01 3.961607478724692433e-01 7.968320561611896835e-01
-1.928179965986066335e+01 3.763659348723824016e-01 7.234885975172264949e-01
-1.920737013322232301e+01 4.795013746896348295e-01 1.413952884473651750e+00
-1.931264947510719310e+01 3.452294477552469432e-01 8.819213624529798068e-01
-1.927257874936884718e+01 4.016418270694369630e-01 1.123562064711830288e+00
-1.923873359702317032e+01 4.504880483740456576e-01 1.462847145124987591e+00
-1.926776763970154960e+01 4.067625320157802205e-01 9.488839347458011275e-01
-1.928721984072488382e+01 3.305795378859189837e-01 3.232699864921002586e-01
-1.927037976163036248e+01 3.736994224100912976e-01 6.029112572496870825e-01
-1.930602961513821469e+01 2.875651726600312874e-01 -7.693923931436330577e-02
-1.927257874936884718e+01 4.016418270694369630e-01 1.123562064711830288e+00
-1.929450450353669666e+01 2.864202830781455433e-01 -2.063645430688740845e-01
-1.933273200332966724e+01 2.918433338139218014e-01 2.803618442706081737e-01
-1.930331861003437055e+01 2.960018749319972553e-01 2.737486947261835724e-02
-1.921568525317190534e+01 5.320622010829220150e-01 1.941860886644935391e+00
-1.930327166313714571e+01 3.194676766913158716e-01 2.914065011372883873e-01
-1.931939286174319292e+01 2.918276640343393513e-01 -1.281752600647863005e-01
-1.928414576694074611e+01 3.541322521189782524e-01 4.852985708309276447e-01
-1.931960178027517117e+01 3.033577023938638373e-01 2.776863116811174592e-01
-1.923226655085078818e+01 4.236511422624276713e-01 1.116760570956355281e+00
-1.920737013322232301e+01 4.795013746896348295e-01 1.413952884473651750e+00
-1.923217204118897783e+01 4.349039166134044954e-01 1.105352846776940012e+00
-1.932279468711778136e+01 3.371967993306135281e-01 7.138074241602172521e-01
-1.931398984998759616e+01 2.770457542928447259e-01 -3.484849074233551391e-01
-1.926263052246257601e+01 4.456390818128593834e-01 1.410956371265081444e+00
-1.935261533025974146e+01 2.157085533703586577e-01 -7.611513945608034959e-01
-1.931264947510719310e+01 3.452294477552469432e-01 8.819213624529798068e-01
-1.935488007356298823e+01 2.923821191833110289e-01 3.105612469351743954e-01
-1.933412477962109222e+01 3.326928029353583005e-01 6.537695099792752984e-01
-1.928279982250791136e+01 4.112191927469029396e-01 1.234295961345907244e+00
-1.923873359702317032e+01 4.504880483740456576e-01 1.462847145124987591e+00
-1.923910204793070022e+01 4.846964730838201341e-01 1.806688068305847494e+00
-1.931469918349667836e+01 3.261578523295167731e-01 4.817213497566363856e-01
-1.935488007356298823e+01 2.923821191833110289e-01 3.105612469351743954e-01
-1.930328606021557292e+01 2.647043669121358911e-01 -5.210773475909409314e-01
-1.928414576694074611e+01 3.541322521189782524e-01 4.852985708309276447e-01
-1.927037976163036248e+01 3.736994224100912976e-01 6.029112572496870825e-01
-1.927987614927122806e+01 4.114100398928845492e-01 1.236829973785090075e+00
-1.932265337704703967e+01 3.175814529680501264e-01 4.361423465681166789e-01
-1.928723477526473218e+01 4.158114552223780014e-01 1.417082885274631110e+00
-1.924068769846837057e+01 4.383467709538236834e-01 1.316765093042670642e+00
-1.929450450353669666e+01 2.864202830781455433e-01 -2.063645430688740845e-01
-1.930467679853767393e+01 2.991360556290363903e-01 -5.305747079246003750e-02
-1.927537513473682651e+01 3.741645105738325983e-01 7.815460062685328779e-01
-1.930591039984002677e+01 3.310445085675613464e-01 5.764424042334503895e-01
-1.926890217094289781e+01 3.405721574121234885e-01 4.484542350218099216e-01
-1.929023460083291042e+01 2.751758479889053755e-01 -4.039181405228919886e-01
-1.926046964689887986e+01 4.359541011871636007e-01 1.212961047612157728e+00
-1.926357731346091740e+01 3.735327993777568523e-01 6.272863854749051171e-01
-1.925379695695632165e+01 4.217797174747043853e-01 1.217687544729340487e+00
-1.928550350657741674e+01 3.974207427876003673e-01 1.162202564522889503e+00
-1.928700788891203288e+01 3.551589930059458888e-01 5.152952458119681722e-01
-1.926073853113952694e+01 4.256916231886402335e-01 1.308387244042252817e+00
-1.932921180472724743e+01 3.086188117414928045e-01 4.316633247761476611e-01
-1.927677890907450831e+01 3.919087456443624551e-01 9.747600174708477283e-01
-1.930719304967373517e+01 3.664272862347098814e-01 1.007555814619349732e+00
-1.924907187426277488e+01 3.377564975297898120e-01 1.578271706124212415e-02
-1.926046964689887986e+01 4.359541011871636007e-01 1.212961047612157728e+00
-1.931566241924764782e+01 3.204362782401688481e-01 4.236676228391118570e-01
-1.926073853113952694e+01 4.256916231886402335e-01 1.308387244042252817e+00
-1.932921180472724743e+01 3.086188117414928045e-01 4.316633247761476611e-01
-1.926890217094289781e+01 3.405721574121234885e-01 4.484542350218099216e-01
-1.926149871089484478e+01 3.843331781791852197e-01 8.126715155728696516e-01
-1.930328606021557292e+01 2.647043669121358911e-01 -5.210773475909409314e-01
-1.929561317734828663e+01 3.764065623832580365e-01 9.666884243308242475e-01
-1.931057899789251309e+01 3.140739725273711813e-01 3.915413888115519825e-01
-1.927987614927122806e+01 4.114100398928845492e-01 1.236829973785090075e+00
-1.927037976163036248e+01 3.736994224100912976e-01 6.029112572496870825e-01
-1.923226655085078818e+01 4.236511422624276713e-01 1.116760570956355281e+00
-1.934169425658097197e+01 2.221079733896711428e-01 -8.919320281567522102e-01
-1.929675027689049216e+01 3.109561221842968570e-01 1.814280206371279291e-01
-1.923226655085078818e+01 4.236511422624276713e-01 1.116760570956355281e+00
-1.926194877123775484e+01 3.881066009541295769e-01 9.034780984047507957e-01
-1.931264947510719310e+01 3.452294477552469432e-01 8.819213624529798068e-01
-1.921571096275306090e+01 5.123972985896323440e-01 1.782161626489944695e+00
-1.929156248733370305e+01 3.331556796497334161e-01 4.060556721735260055e-01
-1.930450690227748467e+01 3.066523044214840565e-01 3.172683970189851266e-01
-1.931647564217927737e+01 2.735281933629170048e-01 -2.314536367984505461e-01
-1.930450690227748467e+01 3.066523044214840565e-01 3.172683970189851266e-01
-1.930450690227748467e+01 3.066523044214840565e-01 3.172683970189851266e-01
-1.932592555561162229e+01 2.468772494989542043e-01 -5.076626761121403320e-01
-1.935547578883175035e+01 2.479891801164883225e-01 -2.364217986816399275e-01
-1.919886556954334367e+01 5.561345682944853763e-01 2.019124751237418636e+00
-1.930467679853767393e+01 2.991360556290363903e-01 -5.305747079246003750e-02
-1.923873359702317032e+01 4.504880483740456576e-01 1.462847145124987591e+00
-1.933823959012640259e+01 2.946473896019837779e-01 2.401799133423381249e-01
-1.932921180472724743e+01 3.086188117414928045e-01 4.316633247761476611e-01
-1.934169425658097197e+01 2.221079733896711428e-01 -8.919320281567522102e-01
-1.935547578883175035e+01 2.479891801164883225e-01 -2.364217986816399275e-01
-1.932402489450546668e+01 3.152947358784942700e-01 4.112285572732741201e-01
-1.930467679853767393e+01 2.991360556290363903e-01 -5.305747079246003750e-02
-1.928331019986353922e+01 3.560985061883908953e-01 6.236392641692738437e-01
-1.927021123713903705e+01 3.965533686273154945e-01 9.161030309146838135e-01
-1.932402489450546668e+01 3.152947358784942700e-01 4.112285572732741201e-01
-1.931398984998759616e+01 2.770457542928447259e-01 -3.484849074233551391e-01
-1.927257874936884718e+01 4.016418270694369630e-01 1.123562064711830288e+00
-1.925920794338550479e+01 4.177244764759452389e-01 9.510842278091740098e-01
-1.933823959012640259e+01 2.946473896019837779e-01 2.401799133423381249e-01
-1.925620589548801576e+01 4.005540627903901307e-01 8.956710230411619733e-01
-1.931751770241294608e+01 3.016637107701131693e-01 3.394531384318657530e-01
-1.928721984072488382e+01 3.305795378859189837e-01 3.232699864921002586e-01
-1.932331615676117664e+01 3.041829680113818379e-01 2.632570472479898172e-01
-1.922650917552552841e+01 4.614953620993784700e-01 1.382171679996361036e+00
-1.927257874936884718e+01 4.016418270694369630e-01 1.123562064711830288e+00
-1.929544192884899090e+01 3.741181941487285445e-01 9.469132807025246734e-01
-1.932265337704703967e+01 3.175814529680501264e-01 4.361423465681166789e-01
-1.922650917552552841e+01 4.614953620993784700e-01 1.382171679996361036e+00
-1.927021123713903705e+01 3.965533686273154945e-01 9.161030309146838135e-01
-1.925079712294388656e+01 3.824280110315654291e-01 7.388988353847789625e-01
-1.923226655085078818e+01 4.236511422624276713e-01 1.116760570956355281e+00
-1.930467679853767393e+01 2.991360556290363903e-01 -5.305747079246003750e-02
-1.927434275789921259e+01 3.639865861615594334e-01 6.212089707456538434e-01
-1.932279468711778136e+01 3.371967993306135281e-01 7.138074241602172521e-01
-1.929094716593145620e+01 3.714536402082173061e-01 9.564331001417016864e-01
-1.928475030350491437e+01 3.080541385687160516e-01 -3.432087689315466150e-03
-1.929231236751634526e+01 3.638485008127835818e-01 7.563547823529752634e-01
-1.919886556954334367e+01 5.561345682944853763e-01 2.019124751237418636e+00
-1.927021123713903705e+01 3.965533686273154945e-01 9.161030309146838135e-01
-1.925576651331280686e+01 3.949717382779504571e-01 8.741960822763008565e-01
-1.927785043621663874e+01 3.640966858112200111e-01 7.138770173407262831e-01
-1.926053837261698476e+01 4.247978153368885956e-01 1.226303794842079853e+00
-1.927826306945624069e+01 3.697511923600392825e-01 8.571703468129108217e-01
-1.923226655085078818e+01 4.236511422624276713e-01 1.116760570956355281e+00
-1.925919339137042030e+01 4.198091834682365353e-01 1.201636692774943782e+00
-1.925799111676854380e+01 4.080349211093460826e-01 1.058627096912132970e+00
-1.926141214735451967e+01 4.255720946588523734e-01 1.270490474671982284e+00
-1.929352025741307486e+01 3.819343435918938212e-01 8.643528554107451356e-01
-1.926890004547268731e+01 3.075043876779613439e-01 -8.392275401859095041e-02
-1.927037976163036248e+01 3.736994224100912976e-01 6.029112572496870825e-01
-1.928544272528448289e+01 3.685794121365408293e-01 1.090772202583485395e+00
-1.929561317734828663e+01 3.764065623832580365e-01 9.666884243308242475e-01
-1.928097095393883720e+01 3.708385057390414241e-01 6.847849636906548909e-01
-1.929833624768529177e+01 3.533364357817052603e-01 6.931417804011665851e-01
-1.922650917552552841e+01 4.614953620993784700e-01 1.382171679996361036e+00
-1.930373413512882053e+01 3.639448637624060900e-01 9.786131459889553241e-01
-1.928217463712741164e+01 3.916301183889539517e-01 1.082438829395396596e+00
-1.928317800617165290e+01 3.992824661480209314e-01 1.120077942311800356e+00
-1.930719304967373517e+01 3.664272862347098814e-01 1.007555814619349732e+00
-1.926141214735451967e+01 4.255720946588523734e-01 1.270490474671982284e+00
