# level_assignment log_likelihood tiebreaker ID
0 -7.672150305207041674e+04 1.440075494667957812e-01 0
0 -5.197295434034852224e+04 5.458724692201448736e-01 4
1 -6.528612945135329937e+03 3.034867252115955871e-01 2
2 5.231443993776759953e+02 3.734262690981289268e-01 3
1 -4.489883536632931282e+03 3.877540188337479932e-01 1
1 -1.612860961954344475e+03 1.908384530314952698e-01 1
4 2.024253056995758016e+02 6.839892874808952694e-01 2
3 -1.604446201985355174e+03 6.652913744818531594e-01 1
2 -3.127057570250882236e+03 5.896769327051032406e-02 4
2 -3.472760208428613623e+03 1.967128652256810994e-01 2
1 -5.004138197517022491e+03 9.223559835840868804e-01 3
5 -8.265660989695047078e+01 9.541122100341477008e-01 0
3 -2.572445596913631562e+03 8.834981938170397564e-01 3
4 -1.159404644612795607e+02 5.558217647528920224e-01 0
4 3.526432814329502889e+02 7.705799954809045005e-02 0
1 -6.784083631469437933e+03 6.539975850680898040e-01 2
3 -1.102812883932811928e+03 6.161755589799984278e-01 2
5 3.031677740093534794e+02 1.750324772937814077e-01 0
7 7.225581941123989509e+02 8.800122159071399608e-01 4
3 -2.344871057203887631e+03 3.129142185880553484e-01 1
2 -1.360089938051113904e+03 1.259504268574178076e-01 1
4 -3.510383022863508131e+02 7.725258485642504391e-01 4
6 6.151061758133782860e+02 7.651457639717993420e-01 2
9 8.130969009476082192e+02 8.948084734317957034e-01 0
6 7.102895659976361458e+02 5.338062052426510995e-01 2
7 8.014524781045196278e+02 6.537503659248615762e-01 3
10 8.265330872927982000e+02 9.657059501523752587e-01 4
2 -1.278750810341488659e+03 3.546002546527947663e-01 1
7 7.920181514627183788e+02 5.318704363548187874e-01 3
9 8.385675366674825000e+02 6.923400141604904023e-01 4
0 -7.735972040547390861e+03 4.748185269934994679e-01 1
10 8.247172080842253763e+02 4.350515552628344551e-01 3
0 -1.849614344136716682e+04 7.062413851266740039e-01 1
13 8.375672098325594561e+02 1.848410308980740213e-01 4
8 7.941371676599782177e+02 4.777056722202986938e-01 3
5 7.979894236014893067e+02 9.444627840760934090e-01 2
12 8.351702055327651806e+02 4.415518352413037029e-01 0
8 8.031993578679342818e+02 3.392768749024379082e-01 1
7 7.703924298445181194e+02 1.534401520432027155e-01 2
11 8.318164346211221982e+02 6.953497194511260027e-01 1
6 6.781370970974714965e+02 9.409567577520533410e-01 2
10 8.268050110796926901e+02 1.783349098744201056e-01 1
10 8.272686046480407640e+02 3.778577246862528938e-01 1
7 7.240850196506883094e+02 7.300896747017359134e-01 1
8 7.769378397424503646e+02 6.783193281349196857e-01 1
5 -6.186501342320224239e+01 1.457614004226837068e-03 2
9 8.172853429227475317e+02 3.741762610954122437e-01 3
2 -4.017881248211348975e+03 7.363753711047960060e-01 0
1 -2.704080851654516209e+03 4.448454016765318597e-01 0
11 8.330957926314627002e+02 3.887550995899577977e-01 0
13 8.392425486833233208e+02 3.820213048673799516e-01 1
13 8.393462971924441263e+02 1.453822213244521933e-01 1
11 8.372456929334164215e+02 2.077311983502772297e-01 4
10 8.360427465115020595e+02 1.235161329265255792e-01 1
9 8.192558433101155515e+02 6.433005159828008024e-01 2
15 8.399604354341950057e+02 4.144041209887383559e-01 3
14 8.394580137490952438e+02 4.504499519975375676e-01 1
5 5.189630902523825284e+01 6.933831063330579969e-01 0
14 8.401063193462979370e+02 7.510298806560724572e-01 3
2 -4.115482182085652312e+03 7.404393632719790119e-01 0
16 8.405002900496199345e+02 4.680062028745822222e-01 3
15 8.402212916866765227e+02 6.885373360017710276e-01 1
5 6.958261260343513186e+02 3.339550078871240668e-01 3
13 8.375311205086708242e+02 8.775069940581758932e-01 3
16 8.404739335855856552e+02 8.333390324795917348e-01 4
6 7.152782138189056695e+02 1.882633388941812314e-02 0
16 8.403746964066879173e+02 3.234562883892329044e-01 1
5 2.253107073258105402e+02 2.599845189874862017e-01 3
14 8.410513342006206585e+02 6.596722262714065366e-01 1
6 7.533687959839503492e+02 5.006037908610553311e-01 3
16 8.403982057120995250e+02 1.690509168934903883e-01 1
8 7.912811582939465325e+02 7.417343613222230347e-01 3
16 8.414639359543685941e+02 6.722377428317294346e-01 4
8 8.044522211633106963e+02 2.521234018779799912e-01 0
13 8.388478240918088886e+02 1.886580993133772643e-01 2
13 8.389965433890456552e+02 5.003441224095848128e-01 2
9 8.239190275832565931e+02 2.646992579606034443e-02 0
14 8.390541372798975317e+02 4.266615329485629604e-01 2
5 4.077231800178851699e+02 4.537038464804936666e-01 0
12 8.391730397969735122e+02 8.735345245093020239e-01 2
17 8.415899042887660926e+02 7.938503372939305081e-01 4
15 8.411137219426823322e+02 5.828178551387068751e-01 4
16 8.407317105893357621e+02 9.415741447109339246e-01 1
18 8.418224340785044433e+02 7.948753525454648194e-01 3
8 7.950396627562290632e+02 8.800691041633545986e-01 0
9 8.124411803786531436e+02 1.294146829621720396e-01 0
13 8.386515717884891501e+02 8.069452830937580146e-01 1
12 8.373231069080577527e+02 8.292021518709553618e-01 1
18 8.417968237895642005e+02 3.875876904721798355e-01 3
19 8.418807070262569141e+02 8.788227157133792211e-01 3
12 8.369739542716915821e+02 3.869163265698146725e-01 1
20 8.419251977841161079e+02 3.936727509109154144e-01 3
16 8.414076880990091922e+02 4.060818701628787775e-01 1
0 -7.967848060494408128e+04 5.455189831904285747e-01 0
17 8.416337768006997067e+02 8.975969996549366670e-01 2
15 8.407801553193330619e+02 7.332338301386835955e-01 4
16 8.405494021307592902e+02 4.596758190496539331e-01 4
1 -3.235456711585772609e+03 4.701254309231194251e-01 0
16 8.408105991587475501e+02 3.735910301392437738e-01 1
5 5.462179066543438921e+01 9.223715414970190540e-01 0
7 7.298853106353228668e+02 2.051256943084528439e-01 0
18 8.419240794441207072e+02 6.095355132573923029e-01 4
20 8.419109251377778946e+02 8.395684255876663116e-01 2
21 8.419639523452457297e+02 3.219971592906852864e-01 2
20 8.419835519723616244e+02 3.773107805817605964e-01 3
14 8.396126522564269408e+02 8.310340482606601853e-01 1
24 8.420755854734748027e+02 5.745023637509818482e-01 3
25 8.420738276829290498e+02 8.709954974415778928e-01 3
23 8.420374252765878964e+02 3.007474953552705110e-01 2
24 8.420580383820652060e+02 4.309702695450434717e-02 3
25 8.420738030295033241e+02 6.018584460946396764e-01 3
19 8.419549061435078556e+02 3.241170388839078598e-01 2
23 8.420371473492069754e+02 2.177222246568177866e-02 2
14 8.395886168286506290e+02 8.288953574210379260e-01 1
16 8.403967911556410399e+02 2.888035946449414859e-01 1
22 8.420294836341571454e+02 2.806449438733138457e-02 2
27 8.420855921111096904e+02 1.862746265895935949e-01 4
13 8.385596990745987114e+02 5.348135472750265018e-01 1
24 8.420606226313557272e+02 1.491699427723283122e-01 2
18 8.418256582446518905e+02 8.677338764481064004e-01 0
14 8.394802855150500136e+02 7.460341751019461398e-02 1
24 8.420613006109128946e+02 7.691383374353284452e-01 3
27 8.420872163173537501e+02 6.062998094932833260e-01 4
11 8.385859338061229664e+02 4.843287101341603451e-01 0
28 8.420888572954315805e+02 7.513730643363669692e-01 2
10 8.341073441863563858e+02 1.662240925385978230e-01 1
15 8.410775759002763152e+02 4.336483804422873178e-01 1
10 8.344287125717514755e+02 4.043699752687577864e-01 1
28 8.420915789802199924e+02 6.365508331031882738e-01 3
16 8.409104107531511545e+02 8.094296874892753513e-01 0
29 8.420928396184750682e+02 6.123436739927354822e-01 2
13 8.411200878445877152e+02 4.337981444124534569e-01 0
5 1.069854547629852846e+02 1.711567960317613435e-01 1
8 7.946665916777570828e+02 8.124547973920871469e-01 0
3 -2.110136575649354199e+03 9.900403114449136677e-01 0
7 7.856389605943481911e+02 2.664259056685391869e-01 0
17 8.416217167836122144e+02 4.267762112996439372e-01 1
29 8.420908932735030703e+02 7.403048722976826035e-01 2
24 8.420665925691031362e+02 2.757013698030210680e-01 3
21 8.420727808985964202e+02 8.572428034558122745e-01 3
18 8.419968064412209969e+02 2.255143574154452324e-01 4
0 -1.051648076830329665e+05 2.829629633378534237e-01 0
0 -3.092718419189684937e+03 8.568423445746662370e-01 0
29 8.420919633704975240e+02 1.596357679465555124e-01 2
18 8.419597970534113074e+02 8.543304101456290489e-01 3
7 7.467817253593786972e+02 1.986022497700612455e-01 0
21 8.420721958977377426e+02 1.526446878724758149e-01 2
25 8.420750577523619995e+02 2.634169055033859230e-01 2
3 -2.069039527821013507e+03 9.499481738142390164e-01 1
0 -3.754993014283805678e+04 6.635254271881922961e-01 1
21 8.420251221271535087e+02 9.466495637591445522e-01 4
21 8.420373808040317272e+02 6.096313785877049973e-01 4
24 8.420588297920943432e+02 8.247277588200017107e-01 4
8 7.776949523556907025e+02 4.587631710780308292e-01 0
7 7.374709732749319073e+02 6.846971985852956522e-01 1
9 8.173712253366406912e+02 1.455070490799927896e-01 1
25 8.420804315340911899e+02 7.652704866249457893e-01 3
11 8.323208682880583638e+02 3.872604118613907076e-01 0
14 8.393284082505799688e+02 2.482877755865179614e-01 4
14 8.404415290050669682e+02 5.352719326769985742e-01 4
15 8.406619542143156423e+02 5.511180133876649734e-01 4
24 8.420705107969351957e+02 8.451017161524969623e-01 4
29 8.420922345677552130e+02 6.799276301142774814e-01 2
21 8.420257450022786543e+02 7.665144069764869839e-01 4
14 8.391461819434337031e+02 1.636858428634058171e-02 0
12 8.382706177529955767e+02 2.673093430424038908e-01 0
28 8.420910693392141866e+02 1.476680164825694419e-02 2
15 8.417675835943579159e+02 1.008749433272050217e-01 1
21 8.420430092016190429e+02 5.298308285269682782e-01 3
26 8.420813686516702319e+02 2.311085027212627097e-01 2
22 8.419972794226302995e+02 2.232259497718859786e-01 4
15 8.412224712712250039e+02 4.578664939075611229e-01 1
21 8.419878218419049745e+02 7.532569394170186838e-02 4
28 8.420891872449378752e+02 9.994992319299554895e-01 3
10 8.308193481734647321e+02 1.939513012938016701e-01 0
26 8.420856550443666038e+02 8.107678557300695976e-01 3
15 8.402819286445779881e+02 8.083129824342675240e-01 1
9 8.230630801229660847e+02 5.402631139404023841e-01 0
28 8.420889150670067238e+02 4.870384854508763017e-01 2
21 8.420063938884975414e+02 1.347208402983035569e-02 4
2 -1.394047587414367626e+03 2.876590324081220729e-01 0
21 8.419549444009154513e+02 8.624492538902455152e-01 4
19 8.418634966135387003e+02 7.997609131544460848e-01 4
1 -7.103061027060799461e+03 1.585161853652380937e-01 1
11 8.387118015240224622e+02 6.918284950459185900e-01 4
19 8.418767444191962568e+02 8.851304813291278606e-01 4
27 8.420913244537211995e+02 4.582139705778948691e-01 2
7 7.266329820650456668e+02 6.004318163232569283e-02 1
2 -6.606288682832573613e+02 8.789967546475729865e-01 1
23 8.420399075049851945e+02 2.625002336442885942e-01 3
22 8.419898199041311955e+02 2.231577644856297948e-01 3
5 -4.648055762701214633e+01 7.407806014001154793e-01 0
6 5.723406033546037861e+02 2.183712362183940492e-01 1
12 8.365753034435390418e+02 2.876882389350021718e-01 3
22 8.419992506029782362e+02 6.459492963171120650e-01 2
9 8.296639712346930082e+02 2.301932744638570949e-01 4
17 8.419914145684464302e+02 4.322400672060622284e-01 2
23 8.420628220284017971e+02 6.004717037587490314e-01 2
19 8.419792450614556856e+02 1.359764443242629239e-01 2
24 8.420581239427206128e+02 9.066265781950264557e-01 2
16 8.405439330725515674e+02 2.429506964186156637e-02 1
19 8.419781002749117533e+02 7.846221525213570303e-01 2
0 -3.371476211907174002e+04 8.825026930553389048e-01 4
5 3.046351481776350738e+02 5.462565872952640511e-01 1
5 -2.792318191951369499e+01 8.533390076210188857e-01 1
2 -3.077081168578733468e+03 5.500619672195055099e-01 4
2 -3.552413016290974156e+03 2.096925465282256928e-01 1
20 8.419514696383423598e+02 2.347383627955608176e-01 2
13 8.394392418523069637e+02 8.806302892681532324e-01 4
18 8.418008577325981605e+02 7.921606640648786168e-01 2
7 7.380886343763220339e+02 2.185065123433131695e-01 1
15 8.397806048689858471e+02 4.182970773866330205e-01 4
14 8.398826253824468040e+02 2.982848549959302709e-01 0
1 -5.745479794398287595e+03 9.447661398725575310e-01 1
17 8.419407052802903308e+02 1.462016002546871751e-01 2
2 3.153170146803007583e+02 9.787381640731239452e-02 1
22 8.420014401532075681e+02 8.832112114782612045e-01 2
16 8.403107323485913867e+02 4.285655564176096277e-01 4
0 -7.108250441177921857e+03 2.925224629358753603e-01 1
10 8.372078540967930849e+02 7.894342814128864072e-01 4
3 -1.697521321420723098e+03 2.090719489367104666e-01 3
4 -6.486134647533074258e+02 9.351595532741046046e-01 1
3 -2.545945979040388920e+03 7.214518443559403416e-01 3
5 7.380997407775541319e+01 3.461620412658474866e-01 1
6 6.114938067699613384e+02 8.784117080584161741e-01 3
3 -1.075312491747265824e+02 6.280603264543802577e-01 3
1 -3.772110573843232032e+03 9.931006362135094134e-01 0
6 7.006662945662687889e+02 3.563298806466193014e-01 1
7 7.338842966804932075e+02 9.105283433229427459e-01 1
15 8.404533119225477549e+02 2.997350969972266133e-01 4
9 8.189068373980010165e+02 9.869005197500836379e-01 0
9 8.123058347089631752e+02 8.148395541256372443e-01 0
3 8.155617803590428139e+02 3.096736029926764333e-01 1
2 -3.816366831729082605e+03 6.928205259061526178e-01 3
2 -2.715467547384131194e+03 8.564082487841897517e-01 1
5 -6.947105057567603126e+01 3.790014029045309929e-01 1
14 8.388283853983286917e+02 8.523367586665719919e-01 4
12 8.385351076953863867e+02 2.560514821337350755e-01 4
10 8.291726596545108805e+02 1.180933702446251843e-02 4
7 8.144115759410979081e+02 8.905878217806968422e-01 0
7 7.674878771728199354e+02 8.639585482054384924e-01 1
5 7.214863045970886333e+02 5.721132819335745801e-01 1
29 8.420935471354296169e+02 1.634105179882887893e-01 2
6 6.435360253608752146e+02 3.594900536202558783e-01 1
3 -5.906287551018539261e+01 2.932312169558285442e-01 3
13 8.386588614446537804e+02 6.190273299640963733e-01 4
16 8.404190642118662709e+02 9.017760776256457111e-01 4
16 8.403000757873045359e+02 7.318354745279255225e-01 1
12 8.390436003084817003e+02 9.807909436089974342e-01 1
12 8.405743709187414652e+02 7.072807143706759669e-01 0
14 8.409808342564424493e+02 1.034476418876806303e-01 0
10 8.378832612339183470e+02 6.901899692954502896e-01 4
15 8.411369316605014319e+02 5.386699253827532952e-02 3
12 8.359643377029808562e+02 2.756432607016602310e-01 3
17 8.415099208000497129e+02 6.340610739310563737e-01 4
11 8.348560023702079889e+02 7.131124420055420243e-01 3
29 8.420912034400646462e+02 4.741279584244670331e-02 2
14 8.410252408814487808e+02 4.743984858678889083e-01 4
22 8.419964734087336637e+02 4.199133487165255252e-01 0
22 8.419877059996866819e+02 9.076101404107267401e-01 0
20 8.419570265337481487e+02 1.264369526714350656e-01 0
23 8.420711573566109109e+02 1.209516314989088626e-01 2
9 8.091846377136064348e+02 5.737344024268035136e-01 3
18 8.418576214387849177e+02 7.069774641138966143e-01 0
29 8.420910591100771398e+02 5.349187074324632807e-01 1
29 8.420900305043653589e+02 1.088663563733045514e-01 1
29 8.420928370330536836e+02 6.406316560065838939e-01 1
22 8.419803499465550658e+02 9.603065320925197046e-01 0
21 8.420120755444219185e+02 1.503576643358517373e-02 0
22 8.420184420616849366e+02 2.777532447748143896e-01 0
7 7.965086457134232205e+02 9.119677092530225071e-01 3
3 -1.826499312597606149e+03 4.918121656324832003e-01 4
25 8.420916709914249623e+02 8.317072595234284993e-01 2
23 8.420769132710927352e+02 6.756151902479896609e-01 1
27 8.420910366174032333e+02 9.852398928942944778e-01 1
25 8.420839369203699789e+02 3.586846234719764936e-01 2
4 -6.834178190537027149e+02 6.398842580654376389e-02 3
23 8.420678213962046357e+02 8.749174820467495728e-01 2
1 -2.859592925648691562e+03 7.014719398941493544e-01 4
1 -4.391973595688414207e+03 2.976017666015839946e-01 3
22 8.420263282785265346e+02 1.043352239647177271e-02 0
7 7.446811693327160810e+02 9.770936695032661490e-01 4
22 8.420231583932670674e+02 6.915380198260021594e-01 0
8 8.082645891940160254e+02 8.358907896520655356e-01 4
3 -1.513371285656444570e+03 1.302293468890569073e-01 3
0 -5.239641926498048269e+04 9.890468292009018114e-01 3
24 8.420586206967579983e+02 6.457563660692093865e-01 0
27 8.420891208033323210e+02 5.114054591675437633e-02 1
24 8.420768926282214579e+02 6.089365078848967272e-01 2
21 8.419908257568469026e+02 5.059065891645035951e-01 0
7 7.640200338907689002e+02 1.909455700396169853e-01 4
27 8.420899441950676874e+02 3.391968885397164679e-01 1
4 -5.894339084048483528e+02 6.620241723749115126e-02 3
18 8.418347039641400897e+02 8.092887956421749296e-01 0
21 8.420898747929220463e+02 6.314968889712694322e-01 1
5 1.159320296599159974e+02 7.194240459837840662e-01 3
28 8.420922345058817200e+02 2.719652115689414340e-01 2
29 8.420941048708239123e+02 3.963509758170790098e-01 2
7 7.498685751205742918e+02 1.634407153531909351e-01 3
25 8.420734515442936754e+02 7.698136309831404844e-01 1
18 8.419281667993379870e+02 5.661810915190409466e-01 2
10 8.294546825462350625e+02 2.238725381500341061e-01 3
23 8.420560220187383038e+02 9.927469057512735562e-01 1
22 8.420332122533052370e+02 4.832228980063102419e-01 2
21 8.419610228272201766e+02 3.798801203766434265e-01 2
13 8.402415533049237411e+02 5.793414927293785155e-01 0
14 8.411987369208509335e+02 1.263510919013337008e-01 3
27 8.420861726929894076e+02 7.682387137639917762e-01 1
0 -1.092793975937669893e+04 8.681267289868747072e-01 4
23 8.420638517273996513e+02 9.937903171221078580e-01 1
22 8.420144502025324300e+02 4.740594013726793232e-01 2
19 8.419344231480470171e+02 6.447117028522864057e-02 3
3 -2.222625241869237470e+03 3.870745496448395051e-01 4
18 8.419634033223031793e+02 4.637945328263541889e-01 3
16 8.405761182008644710e+02 5.392962058072838794e-01 0
15 8.419363730186503290e+02 5.359422471308821212e-01 3
13 8.392562769152050350e+02 7.703393022918487709e-01 0
17 8.415987469334152138e+02 3.229289697956092553e-01 3
17 8.414805497293893950e+02 9.951945930373744531e-01 1
8 7.974932184613317077e+02 8.615049277757387269e-01 4
10 8.350668725784901198e+02 7.296853334507844568e-01 0
17 8.416748678105188901e+02 8.041075928588217181e-01 2
4 -4.740130235795934937e+02 8.057696326826317978e-01 4
7 7.336243850679197749e+02 4.465486504973096293e-01 3
8 7.815040178595868383e+02 7.272559964974081304e-01 3
21 8.419799230400769829e+02 3.186939459879515879e-01 1
19 8.420008468579558212e+02 3.457710244016745094e-01 2
16 8.409863417992476116e+02 1.286018185706512273e-01 2
12 8.378423150837152207e+02 6.419085297262677736e-01 0
22 8.419954687033072105e+02 4.241261845702890554e-01 1
0 -2.864001730909481557e+04 1.244906040182727214e-01 4
16 8.409911556419477847e+02 3.965751260630685504e-01 2
7 7.855120302974719380e+02 2.084394190952726100e-01 0
19 8.419254314460229125e+02 7.272526188651181611e-01 1
15 8.409449981753111842e+02 8.173517021943459415e-01 2
4 -6.536626221952413971e+02 7.912774576947473326e-01 4
18 8.419277310630320699e+02 9.623138559380671753e-01 1
14 8.408144714519835361e+02 6.831332810093384555e-01 0
12 8.360084952273341514e+02 8.013265113843295318e-01 2
16 8.412248801401431137e+02 8.690928981696099953e-01 2
8 8.078137110695982983e+02 3.675719303488583223e-01 0
23 8.420417154688600476e+02 6.890508740531023912e-01 1
2 -5.625721703243738148e+02 3.631551089056631598e-01 4
21 8.420406898634099662e+02 1.738243873785847438e-01 1
5 1.036097851305823951e+02 3.675301147945049252e-01 0
21 8.420193322750435527e+02 1.196684630526334558e-02 1
14 8.403344029490760931e+02 2.265556224685862097e-01 3
24 8.420650701491799737e+02 8.842348717683168324e-01 1
20 8.419602033909332022e+02 9.456744046599965259e-01 2
12 8.407516462114729165e+02 9.820738229199588165e-01 3
6 8.104717551192813971e+02 3.990870191066662187e-01 0
6 6.634980352336540363e+02 3.732962843926954655e-01 0
26 8.420797615689266422e+02 8.129979094930370742e-01 1
11 8.319555453109962855e+02 8.700006520355587636e-01 4
8 7.953878302059216594e+02 7.808011671295952416e-01 3
6 7.104072280224752376e+02 1.401480323564920916e-01 4
28 8.420890361496509513e+02 7.494468207449731523e-01 1
5 -1.118164274261728366e+02 5.169352988699473794e-01 3
20 8.419277796251002428e+02 7.011187619662320181e-01 2
3 -9.431129876776406036e+02 5.906137704896805563e-01 0
6 7.232932984456585928e+02 6.363716447326837056e-01 4
12 8.419872871437726189e+02 6.969234706589291228e-01 2
7 8.050684233294444994e+02 3.319571730934310350e-01 4
0 -3.365361580701594903e+03 1.366383965303086256e-01 0
26 8.420859430250873174e+02 1.097970123805761394e-01 1
26 8.420836329501109958e+02 8.054120524007983839e-01 1
2 -7.784934681390756168e+02 8.463192959853191866e-01 0
10 8.310214428292434832e+02 1.385195234996361713e-01 3
11 8.320210142598394896e+02 2.325393265007539845e-01 4
8 8.113567439013323792e+02 1.345957018488079804e-01 4
29 8.420909694021797804e+02 1.886323692300617694e-02 1
12 8.400996018912254613e+02 3.571861322851201948e-01 2
28 8.420893431860944247e+02 4.929853216740269772e-01 1
11 8.343259681829676992e+02 3.839559861000905183e-01 3
11 8.322616762013656171e+02 3.663794463113211330e-01 0
18 8.418324975672850314e+02 6.507964859938408786e-01 3
5 6.337318836410292988e+02 2.822991348618220098e-01 4
5 -1.726464683048448023e+00 4.780477242755187817e-01 4
11 8.338345680206322186e+02 8.050953773147285775e-01 0
25 8.420890218547694985e+02 3.989107981292123739e-01 1
16 8.411828731430332482e+02 7.157736414846738171e-03 3
28 8.420925356914448230e+02 9.543547876648243999e-01 1
3 -8.384021959592997746e+02 7.447158920025975792e-01 4
4 -1.002041298300739527e+02 6.429138044111937234e-02 0
2 -4.293979945455239431e+03 9.157372349388062105e-01 0
2 -1.628448421700636572e+03 9.379470944350734030e-01 4
25 8.420764822440473836e+02 7.792164528493832343e-01 2
27 8.420876274232605283e+02 6.581856557978271738e-01 1
0 -4.968216322216654953e+04 9.023753728881063196e-01 4
27 8.420878141128541756e+02 4.677207871368145309e-01 2
7 7.232644286883519271e+02 5.756129090193716769e-01 0
28 8.420904903753113331e+02 1.659776015557739015e-01 1
10 8.309667848868053852e+02 1.655763881757565947e-02 0
29 8.420910242252034550e+02 1.459384717269777421e-01 1
10 8.294289899588960679e+02 7.063779128688274511e-02 0
13 8.377030238026816278e+02 7.694888534578687711e-01 3
12 8.360159445545801873e+02 2.055848688067896113e-01 3
14 8.387153688230964690e+02 5.025825905316725351e-01 4
16 8.409467909183732672e+02 5.446279278169662286e-01 3
14 8.394777956583131981e+02 2.006153830111842007e-01 4
1 -7.431696430296523431e+03 8.117440238846053147e-01 0
24 8.420898190059519948e+02 9.296337427696307332e-01 1
10 8.386364592360198458e+02 7.134402327372684205e-01 4
12 8.387026806714711711e+02 1.554137748442948330e-01 4
29 8.420904885339010661e+02 4.193788090287764447e-01 2
3 -1.792880213290425445e+03 8.678239082978961294e-01 0
23 8.420521907040789529e+02 1.211125930144211355e-01 1
23 8.420370151293084291e+02 7.282687904696123482e-01 1
7 7.285185147375900669e+02 4.642933970693039480e-01 4
7 7.647084019262545098e+02 7.737012221388899214e-01 4
18 8.418936703487562454e+02 8.293699729230343820e-01 1
15 8.416630442291930194e+02 6.226284360933819206e-01 3
19 8.418579210432499167e+02 2.453833722398481298e-01 3
19 8.419296511058328178e+02 4.067065096773533339e-01 1
23 8.420597544370459673e+02 4.480868880746514127e-01 1
25 8.420783033527281987e+02 8.920209413787970609e-01 2
23 8.420601995147109164e+02 4.132316108031687252e-01 2
3 -2.515391833645033330e+03 1.746901949955076694e-01 0
24 8.420583729445754670e+02 1.294227909177614322e-01 1
24 8.420757970874293505e+02 1.088717084815526981e-02 1
23 8.420402962583534645e+02 6.626673574054589011e-01 3
21 8.419932793825655608e+02 8.905327482270908313e-01 2
23 8.420528904074071761e+02 1.506303536721364730e-02 1
22 8.420561655114057658e+02 1.304300446205586550e-01 1
6 6.421313135007519577e+02 8.661105727428193291e-01 0
23 8.420526262021296589e+02 2.107980323161829928e-01 3
18 8.420668759994546235e+02 9.288847910057594914e-01 3
20 8.419513501353155789e+02 2.969153338796668984e-01 1
18 8.418818934424571125e+02 5.281093939288479255e-01 1
9 8.371303015231471818e+02 5.437025401881774300e-01 4
22 8.419823246371028063e+02 2.555789088149370003e-01 1
12 8.368173413388251447e+02 1.428258173275908857e-02 4
26 8.420847100211163934e+02 6.739090057807690659e-01 3
28 8.420893327631176817e+02 7.930012541161612916e-01 3
20 8.419606173777822278e+02 1.560387850197213766e-01 1
1 -2.281003149545225369e+03 5.001954223772100416e-01 4
20 8.419805969923909288e+02 6.480316752100104827e-01 1
2 -4.357748686555906716e+03 8.556189094215612689e-01 0
22 8.420500978999011750e+02 3.622300206525321253e-01 1
27 8.420863582999654682e+02 7.381940436781384562e-01 3
29 8.420903134385321209e+02 1.852386527261912219e-01 2
17 8.419145599328935532e+02 5.655926099068536717e-01 1
7 8.059452742788200794e+02 2.586767813818031669e-01 0
29 8.420898699820506863e+02 2.534022877436550303e-01 3
26 8.420795081494403576e+02 6.270713046120061918e-02 2
22 8.420452674825595523e+02 2.398769788321672980e-01 1
15 8.396556577600073297e+02 2.617734004788774271e-02 0
12 8.373637100133979629e+02 4.594748768986569587e-01 0
25 8.420774819513769671e+02 3.591528382276401032e-01 1
26 8.420842451439783645e+02 5.764938823397500745e-01 3
25 8.420742415944966979e+02 6.953567391885838722e-01 3
21 8.420390151195317685e+02 8.713895637166668706e-01 4
24 8.420682627244129890e+02 3.008165116942025930e-01 3
8 7.854874811659931311e+02 2.922347194841699025e-01 0
22 8.419830250048922835e+02 5.481419922287983360e-01 1
16 8.409257661778217425e+02 5.053050728684453929e-01 4
25 8.420789723145545622e+02 8.696565991567288822e-01 2
22 8.419898545570131319e+02 8.223510248026280056e-01 4
13 8.398427604814737606e+02 5.673332292440261271e-02 3
7 8.262184549034873271e+02 8.059866075507127192e-01 3
20 8.419116262269229765e+02 3.141626768536148750e-02 4
22 8.419977736428777462e+02 6.422870848371788899e-01 1
25 8.420749095719770594e+02 2.510866721763300724e-01 2
29 8.420906278718416615e+02 3.365351855025054961e-01 2
0 -1.135109081380814678e+04 5.973763008022743293e-01 0
19 8.419034658118272318e+02 7.480246873364420068e-01 4
25 8.420767290448075073e+02 8.033904845700531872e-03 1
19 8.419526232948462621e+02 6.732092429856527394e-02 1
3 6.930738950680632797e+02 3.342305401250816876e-01 3
10 8.366783796038450873e+02 3.419149815106827806e-01 4
25 8.420759307113729619e+02 7.192666200755148953e-01 2
0 -7.734102752218104433e+04 4.889579944279617285e-01 3
2 -4.175017619022040890e+03 3.133816634832764514e-02 3
26 8.420795193493283932e+02 9.384843678112573251e-01 2
2 -3.528496290234981188e+03 6.544060697789855219e-02 3
11 8.413592998472438467e+02 1.934763520319371377e-01 4
5 5.733749920536972695e+02 6.354215467051602673e-01 0
15 8.403934338717500623e+02 6.471647864308573972e-01 4
6 7.887785107115731762e+02 4.735747838208475002e-01 0
19 8.418913806062416825e+02 5.987849596855020495e-01 2
16 8.404243511959791704e+02 7.192337352346811485e-01 4
28 8.420886558265184476e+02 2.187681763119050382e-01 1
13 8.396055006786489230e+02 8.473805176202126033e-02 4
8 7.810960804709848162e+02 2.889279850886855572e-03 3
11 8.353560776878591696e+02 7.882693664310743697e-01 4
12 8.372904218172739093e+02 4.988947543788376238e-01 2
1 -3.826892928759840743e+03 2.085086134365690125e-01 0
17 8.417250527922490164e+02 2.448384976017357051e-01 2
5 -8.726292290799426610e+01 7.376143041994724925e-01 3
2 -2.798089233690016044e+03 8.811990918196440647e-01 0
19 8.419982400867208980e+02 9.282246639213478367e-01 4
24 8.420770743995543626e+02 4.943880357567836392e-01 1
8 8.228860877233803421e+02 2.093951025108299890e-01 3
9 8.124841955895853971e+02 9.966231386358046507e-01 3
5 5.203821975011784389e+02 4.657683092546828219e-01 3
4 -7.113594271291731275e+01 6.658564301748314262e-01 0
21 8.420205086479683132e+02 6.367969017904315798e-01 4
23 8.420473678035477860e+02 9.928637243421261083e-01 4
19 8.419725028620450757e+02 5.054847422878450819e-02 1
17 8.419896614947947455e+02 5.032620182736656789e-01 1
5 7.789991683518899208e+02 2.286030789193958246e-01 0
10 8.299082607998319645e+02 5.545693960223978536e-01 3
24 8.420682548831393888e+02 8.509456600725933129e-01 4
21 8.419905458840604524e+02 5.718536514297297702e-01 2
28 8.420923980239549564e+02 3.182957169288619936e-01 4
13 8.383389054611619713e+02 1.754303318333577666e-02 1
1 -1.929120720317872383e+03 8.708658956702961529e-01 3
0 -4.274794448961578746e+04 1.992291334630426625e-01 3
15 8.414636773654027593e+02 5.897477951794587447e-01 1
6 6.014199599852748861e+02 6.401431914867861117e-02 3
1 -2.702041772283320824e+03 6.872994724639236441e-01 3
1 -3.233938361453971993e+03 6.389098384533803410e-01 3
16 8.416996400390131612e+02 9.830761162307419809e-01 1
5 1.695352664036970793e+02 3.673065649952348410e-01 3
24 8.420652146459848382e+02 7.077108359897450462e-01 4
10 8.283074774583695898e+02 3.354659421502252936e-01 3
27 8.420887240659412782e+02 5.886318078817747157e-01 4
9 8.288622163099677209e+02 7.690713085233044088e-01 0
8 8.064514462033130258e+02 7.662021600115065390e-02 0
9 8.233960848954479843e+02 9.178007747062217891e-01 2
24 8.420775955262843127e+02 7.927928293417974004e-01 4
19 8.419964686812965056e+02 1.224637525353760026e-01 1
8 8.058062586281344011e+02 9.105370607157456941e-01 3
7 8.082069035743542145e+02 2.366363736807173268e-01 0
20 8.419682735787685033e+02 7.662472640854757211e-01 1
6 5.695501105861908400e+02 2.088496981627019078e-01 0
1 -2.687740065037620298e+03 4.910302694257009382e-01 3
20 8.419095386378382955e+02 9.951781256844630663e-01 4
2 -3.969040431677896777e+03 3.695389567067189351e-01 3
21 8.420089588644938203e+02 6.152123320754699920e-01 4
5 -1.480808540501578818e+01 8.050247319821728365e-01 3
26 8.420797766681961321e+02 6.771583898590993744e-02 4
0 -1.808383884572732313e+03 8.444490053127132745e-01 0
5 3.763157398529780266e+02 2.024414863813781551e-01 3
6 5.607700916702058294e+02 2.651376234729712067e-01 3
7 8.044696140404739708e+02 4.326585368977276524e-01 3
28 8.420887171414976820e+02 3.058529925680719685e-02 4
23 8.420374614827526329e+02 3.883308219627005231e-01 1
21 8.419702014965956778e+02 1.947094584120456773e-05 1
22 8.420038352375416935e+02 8.433655771106877141e-01 1
19 8.418583202456635490e+02 6.845860358407680479e-01 3
29 8.420911535397181069e+02 4.742966275127216136e-01 4
9 8.183962502873480389e+02 1.726384515057066693e-01 2
12 8.391441061002865354e+02 1.983481385756571402e-01 0
15 8.413540370455715447e+02 2.770355877338576689e-01 2
7 7.591263172869555547e+02 5.134233252930983094e-01 0
23 8.420673218342102473e+02 2.948017448097350890e-01 4
28 8.420902540798681457e+02 7.833676768460580142e-01 4
8 7.971240998684709211e+02 3.773316401159831357e-01 2
28 8.420904743813034656e+02 9.128678256665079260e-02 4
16 8.408959425089498154e+02 1.034356150394588475e-01 3
7 7.408700137328821711e+02 6.332005474651225541e-02 0
18 8.420076091158548479e+02 5.389794245503964909e-02 1
19 8.420128484939100417e+02 3.282950013757518493e-02 1
2 -3.112230656331003502e+03 6.812269159078816472e-01 2
0 -1.358754500389120949e+04 5.871253683034347581e-01 2
19 8.420383239671009505e+02 4.780133266893959315e-02 1
23 8.420862291068972354e+02 3.251923893885444450e-01 4
25 8.420777190873404834e+02 9.171928108962428272e-01 1
24 8.420832199018410620e+02 3.028339039006650024e-01 1
8 8.122054716217556916e+02 9.561732589739029287e-01 3
10 8.251033329046384779e+02 5.254705695434447321e-01 3
28 8.420889804623180908e+02 6.565014317706783231e-01 4
6 6.172274679182319232e+02 7.039133274759659109e-01 0
5 3.052026934966323779e+02 5.402521887897311359e-01 0
18 8.420513317583768185e+02 9.375882408790371381e-01 4
13 8.396333355906066345e+02 9.883060588181944439e-01 0
22 8.420047303050358778e+02 6.386432768963428153e-01 4
3 -2.007466518932390954e+03 3.714980946789768201e-01 2
28 8.420887029716674306e+02 2.608022218067302944e-01 4
27 8.420856012113958968e+02 5.344995013507425341e-02 4
26 8.420817694942511480e+02 2.495701154452132919e-01 4
23 8.420658499692559644e+02 8.813719056622222325e-01 4
3 -2.132069752244561869e+02 7.659104589039624766e-01 2
11 8.397704382984048834e+02 9.153469455347646999e-01 3
28 8.420925761740902544e+02 7.903024148447170827e-01 1
21 8.419691493649334006e+02 7.490601963942755681e-02 4
14 8.402107348188869764e+02 9.769377078874077469e-01 0
13 8.397305761905101917e+02 5.199090478637560242e-01 3
1 -2.259455506017464359e+03 4.223864052674281000e-01 2
4 8.203501067544173111e+02 5.306934909752397678e-01 2
24 8.420727972043673617e+02 6.273262548160760677e-01 4
13 8.396183525504727641e+02 7.824323160773013486e-01 0
21 8.420149444333260362e+02 6.963342225385630302e-01 1
9 8.134873931983834154e+02 9.006646204855115467e-01 2
19 8.419130004768293247e+02 9.296891645624154599e-01 4
22 8.419765668134123189e+02 4.861444146529966814e-01 4
8 7.926604496422231705e+02 5.140704038094443540e-01 2
18 8.419109754180453820e+02 9.734299833925925682e-01 1
22 8.419787415620371576e+02 8.619725965893992869e-01 3
14 8.412527417152527960e+02 1.039095542796335536e-01 3
12 8.382601480659710660e+02 7.365503356506005739e-01 1
9 8.148731904595933884e+02 4.851775428392828826e-01 3
15 8.405871383263474854e+02 2.206044032770897445e-01 1
12 8.401456726786036597e+02 4.672924634219368656e-01 1
7 7.718304303077370605e+02 8.597315995896290808e-01 3
8 7.882177014937286685e+02 7.254467319999120534e-01 3
15 8.396040367360474193e+02 7.325905361397453408e-01 1
7 8.034011410011270300e+02 3.379451141475258158e-01 3
9 8.256070223719639216e+02 7.216935528977086456e-01 4
15 8.411444476764452247e+02 6.579646381242503228e-01 4
18 8.418247440874480390e+02 5.432482755887835246e-02 4
10 8.360547296058938400e+02 4.580603229433062307e-01 1
7 7.419460293682982410e+02 1.873329062394586408e-01 3
24 8.420601649812679170e+02 7.083868217719715421e-01 4
9 8.359964935120040082e+02 1.091518292941771051e-01 1
3 -2.444624864157652155e+03 5.978575535609663705e-01 2
25 8.420736252032468201e+02 4.074905508029895151e-01 4
4 5.001829696398078227e+02 4.919276762875846032e-04 2
17 8.415127438958456878e+02 8.593191967395803488e-01 1
5 6.054463428860785825e+02 6.035028730973169830e-01 2
0 -2.947933080838246678e+04 1.278340948218961159e-01 2
25 8.420768852694111501e+02 1.281474965278442957e-01 4
23 8.420366192629960551e+02 8.797563026946628728e-01 4
2 -4.459126773624016096e+03 3.308424562231214727e-01 2
24 8.420740074624302451e+02 4.180270258214180967e-01 4
20 8.419255335757945886e+02 9.395251523440270036e-01 3
13 8.378432617394080353e+02 1.939039538845514499e-01 1
19 8.418824400531825631e+02 6.964561685020966841e-01 3
8 8.200744071223791707e+02 4.069012089654735487e-01 1
18 8.418055622744429911e+02 6.207960222357387092e-01 3
4 -9.103446416923128481e+01 7.328378989061442583e-01 1
7 7.735483076613450066e+02 4.907161261966042076e-02 0
18 8.418317185911505476e+02 9.853113280727551215e-01 3
27 8.420897139636188058e+02 9.526434807531848348e-01 4
29 8.420918965841103727e+02 9.677412965290876912e-01 4
15 8.402008140759924117e+02 8.469999473678314628e-01 1
6 7.302792323372175360e+02 7.931258642095376787e-01 0
8 7.802039261692181071e+02 5.045507804446375255e-01 2
27 8.420905766051964747e+02 5.533284533515459014e-01 4
2 -4.072772288270703484e+03 2.016603144355129107e-01 0
14 8.400478183068173621e+02 1.642374139691582247e-01 1
0 -3.952159026738701414e+03 1.139494117273464752e-01 2
29 8.420916656562067146e+02 1.041781392749335511e-01 4
3 -1.490477909828819293e+03 5.268463630846191847e-01 0
10 8.252077300611477995e+02 4.241358446158473572e-01 1
28 8.420896584815553751e+02 9.821656526703478329e-01 4
29 8.420902550456621611e+02 3.972275848070582621e-02 4
0 -4.112770084637607397e+03 7.363284555973493850e-01 0
23 8.420485256668989678e+02 6.537990736934418123e-01 1
22 8.419876086229279508e+02 2.479602969581205518e-01 3
0 -1.709282977313742231e+04 4.801509565956545433e-01 0
19 8.419709013723531825e+02 2.472703899098349645e-01 3
6 5.936107101589418562e+02 3.009898388168832373e-01 0
19 8.420185716107137068e+02 2.684208062611214141e-01 1
3 -1.810453446713355561e+03 7.408241906238043351e-01 2
26 8.420801584426109230e+02 2.501348478873202108e-01 4
21 8.419790266106795116e+02 3.004609782349376701e-01 3
6 6.155005409556562199e+02 3.247772209107831487e-01 0
21 8.419551889725444198e+02 4.969699890430016032e-01 3
5 3.273038861322373805e+02 3.605832814487095611e-02 0
2 -4.374686481395239753e+03 8.052635524247335752e-01 0
20 8.419225845466208966e+02 9.920616320034136848e-02 3
11 8.330962471002512757e+02 1.418571821205956429e-01 2
4 -5.374709087923561412e+01 9.944259500670072915e-01 0
25 8.420823666465580573e+02 7.203845731190136048e-01 1
28 8.420899031841203168e+02 2.558183691568274298e-01 4
25 8.420896989576986016e+02 4.857649627627105282e-01 1
10 8.345118387751931550e+02 3.835735180849134118e-01 2
20 8.420239831611883119e+02 2.101314326678661026e-01 4
4 -7.309117903782173471e+02 5.172802979619668395e-01 0
14 8.406261912442802213e+02 8.306695512820994054e-02 3
26 8.420826167291611455e+02 7.306820238394942102e-01 1
3 -5.739599894806377733e+01 3.822486676953664730e-01 0
9 8.256924292520723156e+02 2.957536681979604509e-01 2
27 8.420903149633059002e+02 6.275545811848735056e-01 1
26 8.420864847290266653e+02 7.942148361142917778e-01 1
17 8.415467462075788490e+02 9.930116982384907809e-01 4
28 8.420894456579342204e+02 4.404694740191577029e-01 1
12 8.363001990888415094e+02 3.530608026506113495e-01 3
9 8.198285300035620367e+02 9.611306222488810169e-01 2
7 7.992303584198601811e+02 1.896232538436325443e-01 0
29 8.420909524681985658e+02 9.918953598833091245e-01 1
15 8.400940792814005817e+02 6.823782124080223221e-01 3
15 8.409163905972757220e+02 7.840352571418642835e-01 3
10 8.262405522046781243e+02 6.760386438198295878e-02 0
12 8.363428196833881429e+02 1.711695465352520706e-01 0
27 8.420856098281666391e+02 2.290174297679137272e-01 4
21 8.419845795838699587e+02 8.353191368525632043e-01 3
18 8.419938413633154823e+02 7.581257146736826158e-01 3
28 8.420888389553681463e+02 9.737448264603048020e-01 4
1 -6.436888280958085488e+03 5.533037373437014322e-02 2
20 8.419192316298272090e+02 5.504413613995140508e-01 3
19 8.420149307190228001e+02 4.665534653379639907e-01 3
18 8.418703079340104978e+02 5.837390826240095310e-01 4
26 8.420859169130114878e+02 2.797741140647010405e-01 4
29 8.420921538365689685e+02 7.384528357949211586e-01 1
4 1.129572321778040873e+02 6.392190725915445348e-01 2
4 -2.133451434206069166e+02 7.088465707783409009e-01 2
9 8.120481624118749551e+02 8.179604642170428264e-01 0
8 7.805120373159359133e+02 8.039924942346771131e-01 0
19 8.420805720568746437e+02 6.916981886580986227e-01 4
15 8.416092376479820132e+02 8.046130460958172970e-01 3
21 8.420337626295312248e+02 8.632161263434987575e-01 3
23 8.420440065174161646e+02 2.522837917618813153e-01 3
27 8.420869289210711486e+02 8.923960861885618101e-01 4
4 -7.341062342888926651e+02 7.348065119162268122e-01 2
25 8.420763928038329595e+02 7.860891504728318990e-01 4
6 5.781188833905109732e+02 4.470022293595796725e-01 0
18 8.420328870247687973e+02 7.159266365059302473e-01 4
4 -3.235337717607543482e+02 5.807205004266750015e-01 2
6 5.843154695588524419e+02 6.734057874765164708e-01 2
2 -2.628657335612042061e+03 7.255192159644363592e-02 2
2 -4.193326675256190356e+03 4.919516795349943017e-01 2
0 -1.187832259316157615e+04 3.371385541354345317e-01 2
13 8.409321436808284034e+02 3.449393822961210332e-01 4
7 7.564162619771898335e+02 8.949871478422569693e-01 2
17 8.420318768017086768e+02 7.913245699524595889e-01 4
13 8.399737053906673054e+02 2.933906369283584281e-01 3
6 7.739731787386069755e+02 2.822112563872418156e-01 0
18 8.418522853682088680e+02 3.173656727077304729e-01 4
7 7.630377850470823660e+02 6.325340951880566998e-01 0
12 8.355790830612395439e+02 1.215528473122842457e-01 2
17 8.417354980559262003e+02 5.032438793733396976e-01 4
23 8.420860143283532580e+02 2.076107266445639254e-01 3
23 8.420411077781859603e+02 2.852651466272331793e-01 2
22 8.420559788072158653e+02 3.111000915568039593e-01 3
23 8.420507809503033059e+02 3.851077010306605541e-01 1
14 8.409547731808600020e+02 6.590742942151676109e-01 4
20 8.419487998285942467e+02 9.109626049472456799e-01 1
14 8.392053615350359905e+02 5.332148822320744719e-01 2
29 8.420940761749034209e+02 3.626456289479822459e-01 3
20 8.419986402014378655e+02 8.671808014557955691e-01 1
20 8.419880629742763176e+02 5.668242399613321325e-02 1
29 8.420918684539157084e+02 1.336705980171721264e-01 3
18 8.418010885653023934e+02 2.706540900917890902e-01 2
27 8.420906646014957460e+02 7.421842814678774047e-01 3
28 8.420927705414394495e+02 4.469950526845919980e-01 3
16 8.402156337667677235e+02 4.005457738857947092e-01 4
25 8.420738285321499461e+02 6.766188896276670306e-02 3
21 8.419888368932611229e+02 1.887360190224287582e-01 2
21 8.419981557341289999e+02 8.303438537078835502e-01 2
25 8.420845212770502712e+02 4.734018997457892231e-01 3
12 8.363670942028418267e+02 3.655031433445614653e-01 0
20 8.419143876490496723e+02 3.240859179584049676e-01 2
18 8.418390181336978912e+02 1.967163434644260411e-02 1
12 8.371470094344786048e+02 5.619303660832648539e-01 2
16 8.403230673637581276e+02 1.405568652450626399e-01 2
14 8.405613934669886476e+02 3.645749377722608542e-01 2
12 8.388006138745932958e+02 1.992304208718024411e-02 4
6 7.082627434909320527e+02 4.507363702207145550e-02 1
28 8.420899428310788153e+02 7.085703317007068236e-01 3
0 -2.753101634268383350e+03 3.345195835033428211e-01 1
28 8.420926142216485459e+02 9.448955791874125154e-01 3
21 8.420246079124074186e+02 4.860366206679689327e-02 2
8 7.881742869684652533e+02 3.323383097020920496e-01 1
10 8.258178467603190711e+02 1.090640465549168603e-01 1
11 8.336498687694424916e+02 4.672597253356020053e-01 4
29 8.420922832238118190e+02 8.814081506915006914e-01 3
13 8.382123249971136829e+02 9.082970862840764603e-01 4
9 8.184860671382789405e+02 5.077034129133850548e-01 4
6 6.001508100319879304e+02 7.600393568945048584e-01 0
14 8.393226312040039829e+02 6.632143128116008146e-01 4
10 8.330476559779992840e+02 6.663468802351883991e-01 1
20 8.419259156377700037e+02 7.919893841296686832e-01 2
4 -4.952836509285532429e+00 2.333977568905763467e-01 0
0 -1.743491557882967027e+04 6.263237607324279033e-01 4
26 8.420806614403072672e+02 5.791147833718233162e-01 3
12 8.351883301784475861e+02 3.991685694668719586e-01 1
22 8.419864460915325708e+02 9.737252156567931527e-01 2
6 8.138080888262890085e+02 3.477002406108914423e-02 4
2 -3.863215916903784546e+03 9.485401238812380953e-01 0
4 -4.544836258497223298e+02 7.368592049674994870e-02 0
20 8.419102814355001101e+02 3.548326388898326300e-02 2
17 8.418743280846445032e+02 3.023106897317757724e-01 2
27 8.420892745176145127e+02 3.332459434444722257e-01 3
10 8.347881585682287096e+02 6.099935167208783149e-01 1
17 8.417721752561880066e+02 7.920970843413965845e-01 1
22 8.420324079552153762e+02 9.558322133286392130e-01 2
24 8.420773901345712602e+02 1.862655697785253750e-01 2
7 7.543429172377377654e+02 2.551796290608178697e-01 0
26 8.420825230166240090e+02 2.908078653277448855e-01 3
26 8.420790304909749011e+02 5.115801968271460609e-01 1
25 8.420762977865807670e+02 7.222108278368850609e-01 2
29 8.420901579681760722e+02 2.737272067193724512e-01 3
23 8.420686635538548899e+02 2.451424888091027487e-01 2
5 -6.297550593442963418e+01 5.615321190449780175e-01 0
19 8.419734185051636359e+02 5.870515457121239233e-01 2
29 8.420919424740113755e+02 7.616322148924802304e-01 1
26 8.420799057163985708e+02 7.779501915264733225e-02 2
25 8.420777934863015162e+02 4.161773712747627862e-01 2
28 8.420887724466673490e+02 5.400506349767324465e-01 1
2 -1.328796021672726511e+02 3.867058239258391872e-02 0
23 8.420390657954570770e+02 3.308537648840448320e-02 4
29 8.420907631949582992e+02 6.545109650225543474e-01 1
29 8.420923539926349122e+02 1.957238238501225053e-02 1
28 8.420916342467718323e+02 3.290198100609211806e-01 1
27 8.420892002307546136e+02 4.513805151426175666e-01 1
25 8.420783772854551898e+02 9.786071245571026367e-01 1
9 8.163438939029720132e+02 8.946533088228016961e-01 0
8 7.803989210360497282e+02 1.855213692372705836e-01 0
12 8.402294447425697399e+02 6.171834480717682675e-02 3
18 8.419036146721111891e+02 4.977140797281065510e-01 2
23 8.420403143363839717e+02 7.715017593894266668e-01 1
14 8.408219458435671640e+02 3.242784341374674861e-01 4
10 8.349129151666579673e+02 8.296712362545095587e-01 4
4 -7.215770558369000582e+02 7.255813736084620880e-01 0
21 8.420470763234432070e+02 7.758330982233125894e-01 1
23 8.420408519848792821e+02 7.270830889671140440e-01 2
24 8.420589819129265834e+02 5.750269371282588082e-01 1
20 8.419400492534007299e+02 4.468182226043902472e-01 2
21 8.419465203999873211e+02 4.516916119056952894e-01 1
8 8.329010037975622254e+02 7.547148550026241409e-01 4
2 -3.195267102255681039e+03 9.761516619758570101e-02 3
4 -3.707715235651377270e+02 6.734793428536627324e-01 2
3 -5.404253586948981365e+02 4.400685207822953582e-01 2
1 -8.130656774710352011e+02 8.444207714734409675e-01 3
12 8.367217687510918722e+02 8.725007195377558755e-01 4
5 2.179492255014874331e+02 9.412731721009530705e-01 2
16 8.405903448441781620e+02 5.115987409059703506e-01 1
16 8.405961156608054807e+02 9.186041089225822631e-01 1
19 8.418555006458274192e+02 9.212296791534688722e-01 1
2 -4.318618927180539686e+03 9.538979805916752985e-01 0
19 8.419150579868417026e+02 1.465981135195082441e-01 1
9 8.187709862051219716e+02 2.316273581930082814e-01 4
0 -2.252275832186704065e+04 1.943331703999397475e-01 2
8 7.994481885264576704e+02 4.980147788571065992e-01 4
8 7.953249299159681414e+02 3.156220472496293894e-01 4
4 9.615331865200218431e+01 6.984112427989441763e-01 4
12 8.369710054159229458e+02 9.453035068467485758e-01 3
19 8.419510970519106650e+02 7.874378308249014857e-01 1
11 8.397298677630637940e+02 7.340134017138657541e-01 0
11 8.350736729932875733e+02 8.997654477655594452e-01 3
8 7.889697333742624323e+02 2.486424374249839309e-01 3
17 8.414975745535289207e+02 9.358099953869576382e-01 1
1 -4.438475152313965737e+03 8.968709490409008112e-01 4
14 8.387906738334334023e+02 6.469862026163597513e-01 0
5 7.000349349151711067e+02 2.630777713068988000e-01 2
8 7.942290839016576456e+02 5.512602746699013512e-01 3
7 8.134552080869938209e+02 4.350520827078801500e-01 2
14 8.404381031764052068e+02 5.313010577575592031e-01 3
8 7.779206089372712540e+02 4.771372366765458395e-02 4
15 8.406664091331620057e+02 2.777050627508650393e-01 3
15 8.405631138037974779e+02 8.264323784698799358e-01 3
11 8.326612318384213722e+02 1.889828991534510116e-01 4
15 8.410749111986860953e+02 7.275591552011926311e-01 1
16 8.414297334028314026e+02 2.175104113577000786e-01 1
13 8.375867508204971728e+02 4.376007552934538247e-01 3
11 8.342348332528702031e+02 2.890244903785317288e-01 2
15 8.404849352081901088e+02 4.513538784564598005e-01 1
11 8.324599602832640812e+02 6.402387515325369538e-02 2
9 8.184704010319849203e+02 3.608645785358004510e-01 2
16 8.408705137977185586e+02 6.130166885782054598e-01 1
4 2.983159704435835238e+02 8.741947857963587865e-01 0
17 8.415753382228240298e+02 6.594765912808198127e-01 1
10 8.331429847555513106e+02 9.560294442888555011e-01 3
9 8.233539936816732734e+02 3.234764389590338851e-01 4
3 -2.072873768297139577e+03 2.612240217159058631e-01 0
5 3.635192573789022958e+02 7.760709520196229505e-01 2
15 8.404579151975231071e+02 3.868316822310320924e-01 1
2 -3.469354441385548398e+03 8.539761011889037690e-01 0
3 -1.307596346897288640e+03 4.244636366247744874e-01 1
8 7.955941654530167852e+02 7.214150681076659799e-01 2
12 8.355125736693255476e+02 9.575052169505225974e-01 1
9 8.135513364438713779e+02 8.846830551933106968e-01 4
7 7.365026805783234067e+02 4.431193133068577761e-01 2
3 -2.590975672128322003e+03 9.349716183809076986e-01 0
20 8.419348279915194553e+02 2.287481549302803341e-01 3
21 8.419781232361190177e+02 6.969941656702929866e-02 3
20 8.419750026824356155e+02 8.856945707160619463e-01 3
13 8.378265168189341239e+02 6.651156085535715468e-01 4
3 -2.487076006530288396e+03 4.667146787261089447e-02 0
0 -5.486225466264338138e+03 1.337283671212641245e-01 1
3 6.353460148180812439e+02 7.048534837491668981e-01 1
10 8.243754120950798097e+02 4.828106602595916286e-01 4
1 -2.896680632422369854e+03 5.460017076333647523e-01 1
21 8.419850398746178826e+02 8.669545158942959517e-02 3
11 8.329548896674855314e+02 2.517514585234004731e-01 4
4 -3.040154708345576182e+02 3.407850996568044244e-01 1
2 -1.577773453660315113e+02 7.201512656331352513e-01 1
12 8.370635236641543315e+02 9.233370625448741875e-02 4
6 6.535081450685265736e+02 9.572761218891534529e-01 4
0 -3.498153702809463539e+03 3.636717959753852925e-01 0
7 7.908036037467055621e+02 3.510914267049614068e-02 4
25 8.420741179665893696e+02 1.972454559272223129e-01 3
5 2.443519527681235104e+01 9.644660231832196118e-01 4
13 8.384358495968440366e+02 3.863748198130672051e-01 1
13 8.379843953958873044e+02 3.366668094914856413e-01 1
23 8.420452485845892170e+02 7.912207312252930724e-02 3
5 6.622394681353597434e+02 1.557876918186739401e-01 4
5 2.154692756563396188e+02 8.389240045305658144e-01 4
29 8.420924024465216462e+02 4.505961318520736447e-01 3
1 -4.224140415234298416e+03 2.393492049884045070e-01 4
14 8.394330870162286828e+02 1.217348258711826864e-01 1
28 8.420907069304078050e+02 7.519440941771720066e-01 2
29 8.420921543692273872e+02 4.604165895885861670e-02 3
3 -1.945218072676846532e+03 9.076973207584355663e-01 4
29 8.420908518725052545e+02 8.685062067432426647e-02 2
26 8.420875626800111604e+02 5.940396248268738910e-01 2
25 8.420844429801076103e+02 5.567394054325109920e-01 2
26 8.420857321646684568e+02 4.337787248797225215e-01 2
7 7.644693564317229857e+02 5.186366271100992797e-01 4
15 8.400417767170050638e+02 5.279013669066823233e-01 1
15 8.401912934072108783e+02 6.137890282018991783e-01 0
17 8.415719808098508565e+02 9.170451900666627409e-01 0
16 8.403131434301144509e+02 6.521504724610489578e-01 1
8 7.962048377375260770e+02 6.678829651277565782e-01 4
7 7.279023277070922404e+02 3.681574003964559194e-02 4
26 8.420885570940056368e+02 8.258765101835305877e-01 3
15 8.399325996712960887e+02 1.533193956245913481e-01 1
8 7.968787002977019256e+02 8.015809645728694255e-01 4
17 8.414581507856232747e+02 9.805602327446369948e-01 1
24 8.420582490967632339e+02 4.722228858400047136e-01 2
17 8.414373138202842028e+02 4.860059359503145493e-01 1
29 8.420903580425347172e+02 8.296924947138489825e-03 2
29 8.420912567664636299e+02 6.050348074432443379e-02 3
24 8.420622538879131298e+02 5.834294112273032962e-01 0
26 8.420802988763781514e+02 8.337674184243558662e-01 3
28 8.420933317225965311e+02 1.610396563534077785e-01 2
29 8.420919306496525678e+02 5.352796011508170748e-01 3
4 2.350825573878215948e+02 5.094998491788871320e-02 4
23 8.420390697753567792e+02 5.254646003207126270e-01 2
20 8.420435834302033982e+02 7.118685737479547582e-01 0
17 8.416045642111173493e+02 2.667301981652118736e-01 1
20 8.419716688025692974e+02 9.407380426045552912e-01 2
20 8.419680100976897847e+02 1.618921994881730164e-01 2
26 8.420805083209186250e+02 5.859732821818647297e-01 3
27 8.420878473732482234e+02 6.010979209434053061e-01 0
26 8.420835549785010699e+02 7.438123084686140141e-01 3
26 8.420820550826758790e+02 5.899205346560456587e-01 3
21 8.420012059164588436e+02 8.966852137662767452e-01 2
10 8.314245385423365633e+02 4.661836337420315335e-01 4
11 8.343998806163376685e+02 1.905163126418433217e-01 1
21 8.419498937422633844e+02 7.381210257619223725e-02 2
27 8.420865446349096146e+02 3.786906786975470784e-01 0
25 8.420834482898656006e+02 6.978322176310718383e-01 0
27 8.420877650640343290e+02 6.900029719263292005e-01 3
24 8.420622844221998093e+02 7.169905434197940686e-01 3
23 8.420711456567019013e+02 7.752086337302426244e-01 3
23 8.420603756844228656e+02 6.989554890060727388e-01 3
29 8.420912281551876504e+02 7.664096822024757394e-01 0
29 8.420898247593661381e+02 5.323818131198404524e-01 0
26 8.420880426736907793e+02 4.174206582364773377e-01 0
23 8.420408847130418053e+02 2.536409188959887206e-01 2
3 4.519482574033734181e+02 9.476416684490445164e-01 1
21 8.419907778834271994e+02 5.317553578263256586e-01 4
27 8.420853951419927625e+02 5.266860891061739824e-01 2
8 7.810324719918944538e+02 9.664048614710307739e-01 1
23 8.420494682128196473e+02 6.436668376664786972e-01 3
19 8.419454036925849323e+02 9.936666187196318001e-01 4
27 8.420924882357219303e+02 7.980015124144251848e-01 0
18 8.418494242520769149e+02 1.887549144492647046e-01 4
25 8.420752624567107887e+02 6.464764673790929228e-01 0
20 8.419291326310479917e+02 6.084515171216847707e-01 3
17 8.415783523264697124e+02 4.825557625019561425e-01 3
18 8.420092521450269487e+02 4.881796612761739595e-01 3
28 8.420893702476651015e+02 2.837266600089954904e-02 2
17 8.416293766538201453e+02 1.065260550628365221e-01 4
23 8.420577648361796719e+02 9.590167968841525337e-01 2
2 -1.894184237995148578e+03 5.338443256063918341e-01 1
1 -7.396048360279758526e+03 3.901537506628354190e-01 1
4 2.354081514108261501e+02 7.720799090020658006e-01 1
14 8.418789397875312943e+02 4.185427116551172499e-01 4
25 8.420809919781676172e+02 7.249410806325043977e-01 0
20 8.419213320918482850e+02 3.974692329655531986e-01 4
23 8.420450717412363701e+02 7.687895367603005958e-01 2
17 8.416370973708003476e+02 1.727700476254447892e-01 3
27 8.420918841363954925e+02 1.700854579646760012e-01 0
7 7.457573637667539970e+02 1.098450596844374183e-01 1
9 8.144324337312999660e+02 2.162797216280559764e-01 1
14 8.402050435874457435e+02 5.412931646815661857e-01 3
7 7.381433198416327741e+02 6.189934461720892900e-01 1
28 8.420912617990366016e+02 8.301074519172795263e-01 0
12 8.402999342577604693e+02 1.095597220533561789e-02 4
2 -2.734701818939031000e+03 3.380212028755402165e-01 1
1 -3.405056397914543595e+03 4.736012391764337082e-01 1
25 8.420775167029682962e+02 2.547006008735454019e-01 0
1 -4.492952868501764897e+03 4.119278467970020063e-01 1
29 8.420905191396581131e+02 9.966486136193539735e-01 0
24 8.420642523427736705e+02 8.642938900071894803e-01 3
15 8.406213051995588330e+02 8.864475659858986889e-01 2
27 8.420880754735155733e+02 7.146183710043614579e-02 0
24 8.420726899047622283e+02 2.387811175423506516e-01 3
23 8.420645589348221165e+02 2.874018366810382474e-02 3
0 -7.654847586323317955e+03 9.960396152801298530e-01 4
2 -3.265454985875358034e+03 3.596407766204927636e-01 4
5 7.986353366525936508e+02 8.644574231562709987e-02 4
25 8.420813062247061680e+02 1.496743918676028684e-01 3
21 8.420690555534978330e+02 9.892168950112001369e-01 3
9 8.349480307229707705e+02 4.088443004948469905e-01 1
29 8.420907143304054898e+02 3.761535850212738286e-01 0
28 8.420921393688606713e+02 8.910956874649615944e-01 0
8 8.356475059633182809e+02 7.119199504554769575e-01 1
18 8.420293627232425706e+02 1.416478982379176799e-02 3
22 8.420050845839034537e+02 8.509451977354288710e-01 3
9 8.259168683183452231e+02 7.969048030442467123e-01 4
26 8.420840633095356225e+02 4.793121853075557048e-01 0
28 8.420897260280851242e+02 4.498868781893624047e-01 3
18 8.419181062338923311e+02 4.758823131801710460e-01 2
19 8.419624831609406783e+02 7.632058661203720007e-01 2
29 8.420931730206220891e+02 6.312966119643669272e-01 3
26 8.420890327143152945e+02 1.046968653420261575e-01 0
28 8.420895842909992552e+02 9.121377636512377762e-01 3
28 8.420900512959469779e+02 7.173005450302694097e-01 3
12 8.361077944238917325e+02 2.123564867292376812e-01 1
6 5.953162534768811156e+02 4.920986773985115414e-01 1
25 8.420783076434108807e+02 3.526680270270216577e-01 3
21 8.419717430507218978e+02 7.594080597349799344e-01 2
7 7.364818287253922335e+02 2.784855486365005461e-01 1
11 8.317930856889469169e+02 4.048733722282509273e-01 1
