2.700137869692680326e-01 -1.412300295166353470e+00
2.058785672681219536e-01 -5.356451003447159076e-01
1.807513623075366616e-01 -8.040101359752512833e-01
2.504741204179622427e-01 -1.245704737269605733e+00
1.788894080958185751e-01 -1.090918364635751425e+00
1.891321453504294092e-01 -9.556961365094711613e-01
2.004391441220954861e-01 -6.653728201407392850e-01
2.268430567499517270e-01 -1.264970694450913147e-01
2.509946083974711750e-01 -1.042119683538446973e+00
2.138616165927716695e-01 -2.700077594272272119e-01
2.449598682029058561e-01 -1.056009670673090373e+00
2.077714220253802091e-01 -1.087114199964677397e+00
2.510733560772493989e-01 -3.157709297640698409e-02
2.258289398185505670e-01 -7.084480507036456931e-01
1.881772062939595092e-01 -1.186899157524510251e-01
1.788263550832098758e-01 -5.501699866344257339e-01
2.124357341065576943e-01 -7.429275292692382182e-01
2.214315766563364485e-01 -5.563275830571343672e-01
2.077714220253802091e-01 -1.087114199964677397e+00
2.054481915169583117e-01 -4.619803792830654565e-01
2.206942055663496660e-01 -1.050028415276513805e+00
2.200867737485502351e-01 -1.782950506741380892e-01
2.492671447768310400e-01 -1.778555579485194826e-01
1.788263550832098758e-01 -5.501699866344257339e-01
2.189618568688063704e-01 -5.800170407168159237e-02
1.989827170752893337e-01 -1.042041230023991183e-01
2.568316733259901619e-01 -2.553293693240084039e-01
1.807513623075366616e-01 -8.040101359752512833e-01
1.744537263350146028e-01 -1.821254654919959304e-01
2.243821521812985609e-01 -9.241897444217994639e-01
2.462124003529195526e-01 -1.459509899533202315e-01
1.831557809256197933e-01 -1.079431843550199943e+00
2.173385816287202177e-01 -8.270867661900447310e-01
1.967200268752581638e-01 -2.068331963000358265e-02
2.009131733972455147e-01 -3.005490158618346896e-01
2.266725117103406129e-01 -1.128552060926809597e+00
2.504741204179622427e-01 -1.245704737269605733e+00
2.554339676585521413e-01 -9.968654017925546729e-01
2.489526397238341626e-01 -2.748665253289952481e-01
2.361787843371183915e-01 -6.837018188119547979e-02
1.891321453504294092e-01 -9.556961365094711613e-01
2.510733560772493989e-01 -3.157709297640698409e-02
1.891321453504294092e-01 -9.556961365094711613e-01
1.938793728715253462e-01 -5.611118216769324096e-01
2.026205456991213849e-01 -1.137460951628447958e+00
2.509946083974711750e-01 -1.042119683538446973e+00
1.788894080958185751e-01 -1.090918364635751425e+00
1.941121939524098061e-01 -7.868925137708562279e-01
1.788263550832098758e-01 -5.501699866344257339e-01
1.592277898026807081e-01 -9.621094051525487245e-01
1.593981881027937142e-01 -1.025690542893376911e+00
2.266725117103406129e-01 -1.128552060926809597e+00
2.091212776623468939e-01 -1.389132810835886245e+00
2.028471141045017634e-01 -1.000201674647405170e-02
2.297613908870685950e-01 -9.875945026512766844e-01
2.176820773036347856e-01 -8.125726233008896404e-01
2.471865861574777667e-01 -1.431087757625596035e+00
2.504741204179622427e-01 -1.245704737269605733e+00
2.374972396302181821e-01 -1.014676492322045043e+00
2.155026757122921743e-01 -4.176087091409637075e-01
2.509946083974711750e-01 -1.042119683538446973e+00
2.554339676585521413e-01 -9.968654017925546729e-01
2.297613908870685950e-01 -9.875945026512766844e-01
1.941121939524098061e-01 -7.868925137708562279e-01
2.206942055663496660e-01 -1.050028415276513805e+00
2.091212776623468939e-01 -1.389132810835886245e+00
2.193086669393426724e-01 -7.604860268698649950e-01
2.120658237491109266e-01 -4.328723206081568353e-01
2.554339676585521413e-01 -9.968654017925546729e-01
2.176820773036347856e-01 -8.125726233008896404e-01
1.831557809256197933e-01 -1.079431843550199943e+00
2.238043973689879118e-01 -8.485595201333064885e-01
2.548134623472410598e-01 -1.423805358631104134e+00
2.035564128988331944e-01 -3.793639302686924175e-02
2.054481915169583117e-01 -4.619803792830654565e-01
2.807878376170410695e-01 -9.457979403709625421e-01
2.297613908870685950e-01 -9.875945026512766844e-01
2.158820399337096074e-01 -2.233798666964823543e-01
2.243821521812985609e-01 -9.241897444217994639e-01
2.266725117103406129e-01 -1.128552060926809597e+00
1.955113914809649134e-01 -1.694651569941862945e-01
1.949913408837864459e-01 -2.813236727792773895e-01
2.282575229038106557e-01 -1.371614880603660547e+00
2.297613908870685950e-01 -9.875945026512766844e-01
2.510733560772493989e-01 -3.157709297640698409e-02
2.147001299181555412e-01 -1.249609493114616221e-01
2.189618568688063704e-01 -5.800170407168159237e-02
1.732351109058303251e-01 -5.012049120872524854e-01
1.968592230820957190e-01 -1.039199529685083778e+00
2.361787843371183915e-01 -6.837018188119547979e-02
2.266047385689044791e-01 -7.147518050913721499e-01
2.152089247665965044e-01 -3.723939498251593871e-01
1.788894080958185751e-01 -1.090918364635751425e+00
2.374972396302181821e-01 -1.014676492322045043e+00
1.758669543624336307e-01 -1.973977865263571996e-01
2.438568209172665147e-01 -5.010547852194842111e-01
2.179484543518644402e-01 -6.202955217949135402e-02
2.663879142575035219e-01 -1.392241200074452179e+00
2.663879142575035219e-01 -1.392241200074452179e+00
2.215527014259565941e-01 -1.087061880973935413e+00
2.510733560772493989e-01 -3.157709297640698409e-02
1.916758970492292158e-01 -2.008752598644536480e-01
1.794433922246763680e-01 -1.066929469868918678e+00
2.030668074203683948e-01 -5.822528136789638653e-01
1.758669543624336307e-01 -1.973977865263571996e-01
2.104715901386948473e-01 -1.305630190902473675e-01
2.509946083974711750e-01 -1.042119683538446973e+00
2.554339676585521413e-01 -9.968654017925546729e-01
2.053847186045693329e-01 -1.892072355713581011e-01
2.438568209172665147e-01 -5.010547852194842111e-01
2.663879142575035219e-01 -1.392241200074452179e+00
1.825229154708490620e-01 -4.580844983512477597e-02
1.788263550832098758e-01 -5.501699866344257339e-01
2.137934508111726806e-01 -2.771718234103695000e-01
1.984456300536379947e-01 -2.783509552287304345e-01
2.023943607566617287e-01 -1.215626308497031349e+00
1.659917219263411514e-01 -1.353879790013524875e+00
2.282575229038106557e-01 -1.371614880603660547e+00
2.178472826672162577e-01 -4.670842372980055224e-02
2.054481915169583117e-01 -4.619803792830654565e-01
1.938793728715253462e-01 -5.611118216769324096e-01
2.147001299181555412e-01 -1.249609493114616221e-01
2.359559713790341795e-01 -1.334288764140527883e+00
2.073542578154990434e-01 -2.097087797021557343e-02
2.176820773036347856e-01 -8.125726233008896404e-01
2.287978275766119340e-01 -3.544224071809998211e-01
1.348181060486037253e-01 -1.516535065021011874e-01
2.124357341065576943e-01 -7.429275292692382182e-01
2.209587222331195200e-01 -2.061458220912881778e-01
2.077714220253802091e-01 -1.087114199964677397e+00
2.031579792321902556e-01 -2.745361344240524470e-01
1.794433922246763680e-01 -1.066929469868918678e+00
1.758669543624336307e-01 -1.973977865263571996e-01
1.851966215162088036e-01 -1.804185178013928414e-01
2.193086669393426724e-01 -7.604860268698649950e-01
2.091212776623468939e-01 -1.389132810835886245e+00
2.287978275766119340e-01 -3.544224071809998211e-01
2.206942055663496660e-01 -1.050028415276513805e+00
2.287978275766119340e-01 -3.544224071809998211e-01
2.258289398185505670e-01 -7.084480507036456931e-01
1.757390421228701705e-01 -9.929977222349448684e-01
1.517023289574286615e-01 -5.931078066685704364e-01
