# level_assignment log_likelihood tiebreaker ID
0 -6.190589560118532245e+04 7.922023512834370784e-01 4
0 -9.922382174951361958e+04 5.236042590484150105e-01 1
0 -7.392589266863597732e+04 6.434041041238620640e-01 3
0 -3.866438216704785009e+04 5.597991687391278698e-02 3
0 -7.211990783913506311e+04 3.710804358542579839e-01 2
0 -1.328491587079080928e+05 7.431354502014615449e-01 1
4 -5.340912606346723805e+03 1.776695767738178944e-01 1
0 -1.032045561584197421e+05 6.782061749605028389e-01 1
0 -4.697609834110655356e+04 1.220616508729658045e-01 1
4 -2.582760233464687190e+03 2.158590902964165892e-01 4
5 -1.952284895722050805e+03 1.907077985802395625e-01 0
5 -3.669854882860314319e+03 2.847212268812602254e-01 2
7 -1.672347695164321522e+03 1.543030070337034765e-01 4
4 -4.852945698197750971e+03 5.983099430780249861e-01 2
1 -6.070994855530956556e+03 3.252749070557943156e-01 2
7 -8.993217598990498800e+02 6.711974443150940939e-01 3
4 -4.140612270214907767e+03 5.122208309467521925e-01 1
0 -1.702288879781760043e+05 2.944991286303663136e-01 1
0 -4.154218802291029715e+04 5.799819804961106051e-01 0
1 -1.440745664523773303e+04 8.745206281287376537e-01 0
8 -7.434503674204702293e+02 8.044946408156457007e-01 4
10 -6.131317569558559626e+02 3.829492977666338477e-02 4
11 -3.946765934271081733e+02 6.064823577004682109e-01 0
10 -4.464461454761631671e+02 1.537285833225361664e-01 0
10 -6.050767758066594979e+02 4.725772912146153359e-01 2
12 -4.087266873546700481e+02 8.301228744497475276e-01 4
9 -6.506305185807050293e+02 5.931855995670343162e-01 4
12 -4.281986048574901815e+02 4.596714406857219659e-01 1
12 -4.263878536873658618e+02 8.050544367850338556e-01 3
9 -7.681978400243078795e+02 5.927642911101839163e-01 4
12 -4.196618219838255186e+02 8.489268693716027769e-01 1
12 -4.221040879211286097e+02 5.135625078136367705e-01 4
12 -4.046765614322006286e+02 1.070017335478274517e-01 0
13 -3.985983283863947122e+02 6.223794021107966756e-01 4
11 -4.903684791018571332e+02 5.186633503132966894e-01 2
7 -9.049222609837502205e+02 1.058727554223359846e-01 1
11 -3.979733748444957087e+02 3.877231757750198016e-01 4
13 -3.820627313893157861e+02 4.701897758248974046e-01 2
4 -3.823714940967583971e+03 5.020457467646495253e-01 0
6 -2.619899587061333477e+03 9.450757485146783488e-01 4
16 -3.593220731476291121e+02 3.106334316623240444e-01 1
12 -3.976410025310881906e+02 5.623956429755019304e-01 4
16 -3.593942735948035079e+02 6.341537383445698950e-01 1
13 -3.932643914019972726e+02 8.907214099379884287e-01 0
6 -2.467179066027023964e+03 3.728626090434232210e-01 3
15 -3.652103697788197678e+02 5.392136217549730048e-01 1
15 -3.659042431797787458e+02 7.708390948497717554e-02 2
14 -3.765050238256671946e+02 1.957100695561431181e-01 3
9 -8.028714285912133164e+02 2.508267360764804277e-02 4
9 -4.693994168521803090e+02 8.785992486173093141e-01 4
13 -3.964146219997901426e+02 2.294727804465210852e-01 1
5 -2.755367762618239794e+03 2.544992269199449764e-01 0
8 -1.263422943186276370e+03 4.836756500338146858e-01 4
16 -3.607090805237793347e+02 3.309112097780153583e-02 2
11 -4.158168087135309179e+02 4.987496678641149539e-01 0
9 -5.576646389643860857e+02 7.497591371630859536e-01 0
18 -3.518862358318811516e+02 3.005492985010330687e-01 3
9 -6.251370809895161074e+02 2.383564996114681533e-01 2
13 -3.980648818890479106e+02 3.739411610184499302e-01 1
19 -3.503777186517377231e+02 1.502177793431657971e-01 2
15 -3.701589295671448099e+02 1.531345917159812331e-01 0
12 -3.985659025690732165e+02 1.932978577732660241e-01 2
19 -3.505335749664861282e+02 4.275028547909065502e-01 4
6 -1.988634764493348484e+03 1.573272279586723776e-02 1
11 -4.369036668874006182e+02 1.745523566039723917e-01 3
13 -3.726905981345364580e+02 5.255510334092257096e-01 1
11 -4.931064998254111060e+02 9.958835479923742184e-01 3
15 -3.681724861007493814e+02 3.538849139430869650e-01 0
21 -3.481353960276448447e+02 4.721648334791528345e-01 1
19 -3.493418785305262872e+02 7.811626076824689235e-01 3
12 -4.195705140230260213e+02 8.243691423214345448e-01 0
17 -3.550318484650845789e+02 6.740393591150674324e-02 3
19 -3.484772041088406240e+02 8.637164560539654090e-01 1
19 -3.488571695717712373e+02 9.859995508329259806e-02 4
15 -3.598079624132951722e+02 5.949278853019941415e-01 3
9 -7.650639631240824201e+02 7.731491657726984323e-01 2
8 -1.092639463968290329e+03 9.976148319227758909e-01 2
11 -4.065571623209290237e+02 9.624111177093905289e-02 3
23 -3.471672430588697580e+02 1.709162207945773559e-01 1
19 -3.499913900298960812e+02 1.261519782053846517e-02 0
17 -3.540186082504783371e+02 1.420013802259666447e-01 0
22 -3.469121526743236927e+02 1.389930862040911208e-01 1
17 -3.514636674019757834e+02 5.807269607823967172e-01 4
9 -5.424139967471531918e+02 3.259580973552385075e-01 2
11 -4.481194272008926873e+02 5.139012847732544742e-01 2
21 -3.480076991854598987e+02 7.509526841868063851e-01 4
10 -4.873360214336172476e+02 9.132209494076688472e-01 2
2 -1.060900791827927060e+04 1.247109136882075392e-01 2
13 -3.907935962696784600e+02 5.319343070843615129e-01 0
16 -3.611948868950020142e+02 2.725832860513024425e-01 2
16 -3.617070753275298785e+02 1.994854932811955806e-01 2
21 -3.470467100173491417e+02 2.073654423925306578e-01 4
12 -3.999821457873983377e+02 1.866720010445179767e-01 2
23 -3.471051618200183952e+02 9.378199389104761030e-01 3
25 -3.463419125125763003e+02 3.270280534528708927e-01 3
10 -3.716141823026120505e+02 7.061536602263633888e-01 2
13 -3.849045495703641109e+02 2.666915193996960975e-01 0
10 -5.187665218063660859e+02 1.026966751430299640e-01 0
8 -7.931001478546157841e+02 8.652396830305120190e-02 0
20 -3.487894792780125499e+02 3.012324784142948464e-01 1
20 -3.473696497505351317e+02 9.172650464553325778e-01 3
14 -3.629970536896854583e+02 1.514249395935882703e-01 0
15 -3.617591187919948084e+02 4.735565266923835170e-01 0
25 -3.463293467592989145e+02 9.040252892894802272e-01 1
25 -3.462264182253088620e+02 3.463986575898303499e-02 4
12 -4.191635774864143400e+02 6.481035389970370986e-01 0
27 -3.460557922139878428e+02 7.127038920620356599e-01 1
15 -3.700739709876288543e+02 4.540179631508909353e-01 0
7 -1.151750948142227116e+03 2.500081340052480172e-01 0
22 -3.469620400009142145e+02 3.732752414140894093e-02 3
25 -3.462417118282058937e+02 4.517581082840677609e-01 1
14 -3.769738334263565775e+02 7.367477768902593038e-02 0
22 -3.473755767917323283e+02 2.929572786326870570e-01 4
5 -2.997056607189073020e+03 9.993117675276861345e-01 0
28 -3.459490930982105965e+02 4.645315007193810963e-01 4
16 -3.507175524444531902e+02 7.375517103426811882e-01 2
15 -3.552825774175122433e+02 3.146170507158352336e-01 3
29 -3.459270671077791803e+02 5.475155543111943635e-01 1
27 -3.459253822613653711e+02 9.887237050751109813e-01 4
0 -2.256921848185354611e+04 2.190647509646330704e-01 3
26 -3.461471474826573740e+02 2.083322739479624985e-01 2
26 -3.461504232755450516e+02 2.814119532618668609e-02 2
29 -3.459739094918126625e+02 3.947849404603977486e-01 1
27 -3.459881101522233848e+02 4.780210495420169625e-01 1
28 -3.459907032197388617e+02 9.960064675767773545e-01 2
28 -3.460138487452976506e+02 3.567045203212988458e-01 2
27 -3.460607858814665292e+02 1.962914785068786694e-01 1
29 -3.459706150307730468e+02 1.921217361641087140e-01 4
16 -3.565546803768896780e+02 6.353947455680417633e-01 0
3 -4.425821916159578905e+03 3.696784041763603312e-01 0
6 -2.744408600593972551e+03 3.789480764917367850e-01 3
6 -2.689650036767962774e+03 8.350056609310838596e-01 0
5 -2.025212999875720925e+03 6.700619865122410257e-01 0
13 -3.875976481397914313e+02 2.538173388138846298e-01 0
27 -3.460103139555044436e+02 8.484860179282317505e-01 1
14 -3.776919427036939396e+02 5.560954232219408322e-01 0
12 -3.810100763579520162e+02 2.130850225485321769e-01 0
15 -3.651308978141020702e+02 4.824007625130167787e-01 0
23 -3.469865569261978635e+02 2.106839779545488511e-02 2
20 -3.489874013553509826e+02 2.433355539206540907e-01 2
21 -3.478026972222013455e+02 7.751704781524536569e-01 2
3 -7.008303757650460284e+03 5.818464604173781973e-01 0
18 -3.518826971490394726e+02 1.797655638650319521e-01 3
29 -3.459473667291550782e+02 2.932025700835936277e-01 1
25 -3.463204644797912124e+02 4.662368199608150077e-01 4
11 -4.348179103090219542e+02 5.436523017236497557e-01 2
4 -1.870291141289120333e+03 7.458499620645064887e-01 2
14 -3.758893013458008454e+02 2.031875863932283421e-01 3
15 -3.608188021065590192e+02 8.024762542895533812e-01 3
15 -3.697675103441819147e+02 7.077095643712203454e-01 3
29 -3.458988884124914307e+02 1.155805314515045978e-01 1
23 -3.461955117090724343e+02 1.887646003298641961e-01 1
14 -3.772658433589235756e+02 8.108839868970635356e-01 3
21 -3.466316032105771683e+02 6.485283052719310604e-01 4
17 -3.491112165541978811e+02 7.069459424938963066e-01 4
10 -4.455703705531251444e+02 9.639692692001755603e-01 2
13 -3.805083186128792363e+02 7.588043245901578970e-01 0
0 -2.006708820047659901e+04 4.382739735679045401e-01 2
17 -3.544890571040538134e+02 1.787271768838652186e-01 4
2 -1.068640706722553659e+04 9.467862085601814748e-01 1
10 -6.310327534531294305e+02 1.304186896589952516e-01 0
1 -1.368866795524931331e+04 1.617537466988521189e-01 1
4 -5.381741938984083390e+03 7.250246394955286444e-01 4
9 -5.052204157504698401e+02 7.162144105614531853e-01 2
10 -6.416791636577854661e+02 3.109777348987168288e-01 1
3 -6.307274780544154055e+03 9.289167688804132739e-02 2
3 -5.553455305635701734e+03 8.552294529519949284e-01 2
0 -6.217991496234398073e+04 7.310354747088398941e-01 2
13 -3.881111501307389062e+02 5.880089698711677970e-01 4
12 -3.764409428712152135e+02 9.472671360968138998e-01 4
16 -3.602183733874897484e+02 8.943314433373563688e-01 2
17 -3.560314417072879678e+02 3.804886812637446880e-01 2
21 -3.483411364431869970e+02 7.933169680490355091e-01 0
21 -3.484198987511170458e+02 5.645895402765274129e-01 1
2 -6.209060914606516235e+03 1.383150740445897586e-01 4
17 -3.555620244639673047e+02 1.009979645966098544e-01 3
6 -2.082634939230567852e+03 1.638693303917108657e-01 4
0 -2.096037643977459811e+04 8.243501287301205904e-01 3
13 -3.778244472468133495e+02 5.392439860733618806e-01 1
3 -4.828899953300333436e+03 3.125424607027255108e-01 1
16 -3.604429592207528685e+02 8.912599254902930923e-01 4
6 -2.367025888214150200e+03 8.752595241555619632e-01 1
7 -1.684088616130299897e+03 7.223149870018330532e-01 4
10 -5.945244394537241988e+02 8.636291372540347844e-01 2
5 -1.623140301857400345e+03 2.140807018383279470e-01 4
1 -8.677003850438231893e+03 4.947274478163375955e-01 1
10 -5.627944302028063248e+02 2.457012474319879292e-02 4
9 -8.679270798711251018e+02 3.084809598725519186e-01 3
14 -3.635162902078009211e+02 5.065608694179924987e-01 4
20 -3.490185288178009273e+02 8.405445865984151332e-01 2
22 -3.474275026414368313e+02 2.749971354427831471e-01 1
23 -3.471463523189707985e+02 1.098844899690507859e-01 3
25 -3.463107088951009587e+02 4.583034687592602019e-01 2
28 -3.460130897902900529e+02 8.484245520977621302e-01 2
7 -1.712007436567398372e+03 8.948960744886829133e-01 4
28 -3.460151530540670137e+02 5.966277999345684924e-01 0
18 -3.522285128807115484e+02 4.638500305819395209e-01 4
13 -3.946925709444897166e+02 4.876812414958248687e-01 1
27 -3.459002580586550266e+02 9.503271293439290446e-01 2
22 -3.471444412122328913e+02 9.191499603205680602e-01 3
8 -9.105368706457454664e+02 6.861491172841228670e-01 1
13 -3.684135604826108192e+02 7.067772384165227351e-02 4
1 -9.265254261615782525e+03 9.859921869839674002e-01 4
29 -3.459633456237900759e+02 6.726075501129071821e-01 2
26 -3.460994486029990185e+02 9.616065476744761753e-01 2
27 -3.460467653848545524e+02 2.934601184352449502e-02 3
13 -3.688287899871013451e+02 9.334507744368799598e-01 4
4 -5.259875624884427452e+03 8.020497497337076842e-01 1
27 -3.460570753933158130e+02 5.267548845376662792e-01 2
21 -3.476244503274598401e+02 6.484602181910266161e-01 0
18 -3.519051063582470533e+02 4.954503256514697362e-03 0
9 -6.917905195896482837e+02 6.080364145612495719e-01 4
7 -1.284329620547813420e+03 7.459135670666670048e-01 0
26 -3.461245657859562925e+02 8.781314757280659355e-01 3
4 -4.257144252111096648e+03 6.758601134463404492e-01 4
13 -3.960093430147596791e+02 6.987393650958823033e-01 1
8 -5.717150410940748770e+02 6.462919069286130469e-01 0
2 -1.036714070975815775e+04 2.281443756537088752e-01 0
22 -3.467415760726442500e+02 9.269990018702336521e-01 3
2 -7.971629263716589776e+03 6.186521853105226842e-01 0
11 -4.286490909759917827e+02 5.293574521249482245e-01 4
11 -3.809598113554673091e+02 2.311189372655285124e-01 4
23 -3.469321595660823050e+02 2.768240856720840526e-01 3
9 -4.687580773867991866e+02 9.437678799591033840e-01 4
5 -2.927584214570174481e+03 2.155472078362974386e-02 2
10 -5.084777372104455253e+02 3.660334549943700111e-02 3
12 -4.070243718741616021e+02 6.344881001167208545e-01 1
15 -3.661182314309531876e+02 5.300026563974531424e-01 3
5 -2.939052129768334453e+03 1.668879302480692495e-01 0
6 -2.479662039169387754e+03 5.468134379807860768e-01 4
19 -3.499080400563061630e+02 8.614001808719351505e-01 2
17 -3.559050243877228468e+02 6.111870045386603723e-01 0
7 -1.738098579889091980e+03 6.731656280915077062e-01 3
6 -2.442556715283754784e+03 6.739172152498767998e-01 2
11 -4.179832940600335860e+02 6.009133987580210778e-01 0
16 -3.574262842437317431e+02 4.024038117708299556e-01 0
5 -5.297153544862310355e+02 5.244955138157507690e-01 0
12 -4.080938634726762189e+02 4.270516828705721579e-01 3
2 -8.642623397976018168e+03 9.575627081348074832e-01 2
11 -4.782396355892616953e+02 8.449949187904586267e-01 0
1 -1.948717612233499312e+04 9.231675517742397030e-01 2
25 -3.462578156890247101e+02 4.344340078487107792e-02 1
16 -3.610849793852059975e+02 6.546665650178358220e-01 2
1 -1.149640874713309313e+04 2.436698877801124485e-02 0
27 -3.460249420824858362e+02 3.160227362489749225e-01 1
25 -3.463511525092291095e+02 1.176190065187408956e-01 4
27 -3.460476983588904432e+02 3.730834446444735164e-01 4
27 -3.460565807618751251e+02 7.347756148409707588e-01 4
26 -3.461297546358628097e+02 4.963131231733335369e-01 1
1 -1.644342817544740319e+04 2.573292455640345255e-01 0
11 -5.016700913395025623e+02 6.458594741318348653e-01 2
29 -3.459742116333687250e+02 2.858607427482270369e-01 4
28 -3.459871658315370269e+02 2.326218886081500847e-01 4
15 -3.700324773730003471e+02 9.754820701645942060e-01 3
28 -3.460273715581869283e+02 5.358667413950778391e-01 4
14 -3.752641730052358753e+02 4.449676586215014495e-01 3
26 -3.461546070834605189e+02 7.890938165273322369e-01 4
23 -3.463202880728399577e+02 6.562511521687248717e-01 1
16 -3.594042287185641840e+02 7.717056515702945818e-01 2
16 -3.595350113023426957e+02 9.032594024947924183e-01 0
20 -3.475030558431727172e+02 1.952960485247787759e-01 1
18 -3.527940124499156695e+02 7.873839226290346716e-01 2
3 -7.387362424937720789e+03 1.274693174607901547e-01 3
22 -3.471463951172083284e+02 6.918092768682611027e-01 2
16 -3.545473261571273724e+02 6.873457330355460526e-02 1
6 -2.190588024469406719e+03 9.854052989254742378e-01 3
12 -4.080561879545682586e+02 8.327827815924782051e-01 0
23 -3.466898139510898886e+02 5.200916877491007506e-01 4
3 -5.522772726014662112e+03 8.580611327483147477e-01 0
3 -6.980347400349792224e+03 6.899923912788565872e-01 3
2 -2.264225010991207000e+03 6.591011851519191778e-01 3
9 -7.234308753107586654e+02 2.117303071695720296e-01 0
4 -4.268087052621080147e+03 3.779303575566412277e-01 1
18 -3.527407097368158588e+02 4.228464127801011552e-01 0
4 -3.380923769223300951e+03 6.229381313098595330e-01 3
1 -1.473819095236466455e+04 2.278154610129585478e-01 1
20 -3.488659583350918183e+02 1.938063581727855755e-01 2
2 -1.059597119647094041e+04 7.322952155246106321e-01 1
9 -8.097513049849037543e+02 8.232726756303275772e-01 3
25 -3.462808754547289709e+02 6.655273473796419204e-01 4
4 -5.178214921173518633e+03 1.282089293493076099e-01 0
18 -3.515739604086109580e+02 8.896547195472792602e-01 2
21 -3.484992327118648063e+02 4.448191701286142719e-01 2
15 -3.669606466382699637e+02 8.938480797494303687e-01 1
17 -3.544153675542581823e+02 1.129316498389769663e-01 2
14 -3.526151618399420613e+02 5.261490214872887039e-01 3
24 -3.464855678641901022e+02 1.683049162630279594e-01 4
0 -4.655523327015973337e+03 6.891451138803913468e-01 1
9 -6.745943068253853880e+02 5.953725749970598669e-01 1
13 -3.887793754874998058e+02 5.782026797883919045e-01 0
26 -3.461539524806929649e+02 2.917802863611025366e-01 4
5 -2.709204199320530279e+03 5.360325017636656808e-01 1
0 -1.742406573302594770e+05 5.210243444297478765e-01 1
25 -3.462935853180691765e+02 5.558340367784901925e-01 3
29 -3.459671351467279123e+02 9.383076884745578106e-01 3
0 -3.846097051410134009e+04 8.512990257266749294e-01 2
11 -4.107338227268629680e+02 2.615048955220484195e-01 1
13 -3.944352873134752144e+02 4.554111390759556510e-01 0
20 -3.483978020898130126e+02 3.309668781538402937e-01 0
19 -3.470278922825458494e+02 5.461369887991804895e-01 0
2 -1.141813916367844286e+04 7.043929465805630619e-01 2
13 -3.929481455279699844e+02 9.338018753116283932e-01 1
27 -3.459000380229592224e+02 3.668525796792608817e-01 4
26 -3.460566015421467796e+02 7.336157685322746147e-01 4
15 -3.681871486159696474e+02 2.072221557607945019e-01 1
7 -8.006255584596335666e+02 3.799768122274514437e-01 1
14 -3.749414539817341847e+02 9.957383434450477466e-01 1
13 -4.000071350265050683e+02 1.367992470872599065e-01 2
20 -3.491737525349359430e+02 1.585262120613588621e-01 3
19 -3.503210771584473378e+02 2.056751779858343593e-02 3
24 -3.465001049236571475e+02 4.720832332106939533e-01 0
4 -4.859577492406687270e+03 7.724166967867099887e-01 3
18 -3.528841552328987063e+02 2.664194214036060826e-01 0
28 -3.460240666479896277e+02 1.227053783350591232e-01 4
13 -3.877771301284668652e+02 2.375133244391215703e-01 3
1 -2.000938481555561521e+04 8.876652922178926985e-01 2
17 -3.533373308302539044e+02 8.907753874651810344e-01 3
17 -3.495471554251921020e+02 3.117104978088987011e-01 0
9 -5.775627795182393811e+02 9.510782530566084247e-01 2
29 -3.459667960751410192e+02 8.086686804296248088e-01 4
21 -3.480961567868621955e+02 2.070022784688647088e-01 3
6 -1.505704904297007488e+03 6.876121339491518825e-01 1
28 -3.459749277198940263e+02 8.915088042164143189e-01 4
21 -3.481753600096172931e+02 9.028326019666006452e-01 3
7 -1.870162795278817157e+03 8.294013122546672889e-02 2
12 -4.164504204225775652e+02 4.183460698276039169e-01 2
5 -2.763692943372270292e+03 1.384003142750062920e-01 3
5 -3.495178769890311742e+03 4.541116806888361723e-01 2
13 -3.991091375084969854e+02 7.376594111688472566e-02 0
20 -3.469142612853839864e+02 6.268124013661323657e-01 3
18 -3.521614212567839672e+02 8.209621928441848127e-01 3
0 -6.777981674732439569e+04 4.447928070358626029e-01 1
22 -3.475591142140844454e+02 8.482533526078632757e-01 4
8 -3.885612574724567025e+02 3.315133092163048412e-01 2
20 -3.489433779754443208e+02 8.857568684687004978e-01 4
14 -3.689743854960460681e+02 2.435266851511947162e-01 4
19 -3.493112073716193891e+02 1.077793364686705502e-01 4
5 -2.411803205828472073e+03 1.761374242970692450e-01 0
29 -3.459654106179792734e+02 2.726007370078743497e-01 2
15 -3.621514472296691451e+02 7.162671058710472494e-01 3
9 -4.345033019469724991e+02 1.492736918564266380e-01 3
15 -3.671444829507473742e+02 5.693787068509646998e-01 3
5 -2.825992022653112144e+03 2.791528962380898093e-01 4
9 -7.336406061688988984e+02 1.082104759567474872e-01 3
1 -1.943618951414524054e+04 3.124532566442539405e-02 4
8 -1.132569375073378524e+03 1.042780521274888628e-01 4
13 -4.002883643150037187e+02 7.723333235169098643e-01 3
0 -5.240573183262065868e+03 5.093423439661926011e-01 3
25 -3.462703193004839477e+02 1.680250121567049559e-01 2
2 -6.631695612382040053e+03 7.315850022443305400e-01 3
7 -1.853713514021130095e+03 9.148745668821524069e-01 3
5 -3.325412916002103884e+03 7.132033470214018678e-01 4
7 -1.528019246454928179e+03 5.715709813212239698e-01 0
5 -2.087251608219031823e+03 4.168912994303677899e-02 4
8 -1.140490547634523637e+03 6.588630677998318363e-01 1
3 -5.921529982241376274e+03 2.036153486250764644e-01 1
12 -4.257839343126837548e+02 7.932900480526178244e-01 1
8 -1.180128260887325496e+03 6.018749097710780482e-01 1
18 -3.498927985518403148e+02 9.339670227071080744e-01 0
13 -3.887109313565161415e+02 3.996856888433886201e-01 3
21 -3.485298527674676734e+02 3.935090050677468865e-01 0
8 -8.861926292743754630e+02 2.120445555968935025e-01 4
12 -4.300225455615768055e+02 7.612935334039652169e-01 3
12 -3.760377788566025856e+02 5.374239858163953887e-01 4
17 -3.559046429594608867e+02 9.928458809025848542e-01 4
7 -1.820506437815867685e+03 4.338952824933821617e-01 3
21 -3.484483563269687920e+02 7.162509496525648611e-01 0
21 -3.483765580864342155e+02 9.327060723706912526e-01 1
14 -3.670411346416052538e+02 8.294643906253061916e-01 4
13 -3.713155778366439677e+02 6.838233776211732895e-01 1
14 -3.714118772566751545e+02 7.712571861928751993e-01 4
2 -3.037184729071490437e+03 9.621743729396364797e-01 3
28 -3.459920330309498127e+02 7.549569315611386333e-01 2
17 -3.493612163434946751e+02 3.825460106727405218e-01 1
22 -3.472001340599226751e+02 5.741074977411478875e-01 1
18 -3.525000084575850678e+02 9.361174761480934858e-01 0
24 -3.465011832048874680e+02 9.592318438380891266e-01 0
28 -3.460124379091057563e+02 4.829201902021511561e-01 2
29 -3.459508954967366208e+02 4.388994536071078589e-01 2
28 -3.459554415708928445e+02 5.153741744610136344e-01 2
11 -4.094778921200525019e+02 7.103730919783536324e-01 4
29 -3.459677665923361474e+02 1.539270200325546512e-01 2
13 -3.880585977845479420e+02 7.840270255699075541e-01 4
26 -3.460888294569895720e+02 8.164133625934653082e-01 2
10 -6.428538626301735803e+02 7.910316949844302670e-01 3
8 -8.691520904576362909e+02 4.641765477906730220e-01 3
0 -9.109504754823504481e+04 2.303533070003860317e-01 4
24 -3.463258876548018179e+02 8.397327386025261742e-01 0
29 -3.459731373196565301e+02 5.657936990141053668e-01 1
23 -3.471594459706518592e+02 5.749986214290083580e-02 0
23 -3.471118741475319780e+02 5.470733930460587313e-01 0
28 -3.459870465776979245e+02 9.564511828737330967e-01 1
16 -3.527959775638501014e+02 2.326066842948473212e-01 0
19 -3.495654369932261716e+02 8.513113526861237901e-01 2
8 -1.072782653607316661e+03 6.092584196721513301e-01 3
16 -3.612342271754340572e+02 7.127077967113708556e-01 0
18 -3.519985121021371697e+02 3.825774642596968533e-02 0
17 -3.556656620946149587e+02 7.743903418391919757e-01 2
22 -3.466776919617680619e+02 1.659115722308124319e-01 1
16 -3.614007647308454807e+02 7.529974426050629610e-01 0
25 -3.463098518206566609e+02 5.807581410223195961e-01 1
8 -5.020396092336793572e+02 4.968697609216143896e-02 3
22 -3.477459458333488556e+02 1.471281095718363074e-01 1
2 -8.173570770219890619e+03 5.241452947246914018e-01 0
12 -3.789808166598427874e+02 1.844606551232118308e-01 3
3 -2.485849600497139363e+03 2.602707162538337449e-01 3
13 -3.720197328436058228e+02 9.122574371951267524e-01 4
12 -3.745459387173244750e+02 5.789125496016128691e-01 3
11 -4.775793311749323493e+02 1.427590716064682796e-01 0
12 -3.983095628710540268e+02 8.491691772106153557e-01 3
1 -7.523247445226303171e+03 6.886783446928498309e-01 2
12 -3.922503492415478377e+02 3.773828939421012274e-01 2
25 -3.461654799351683778e+02 5.249003459622965106e-01 1
29 -3.459461822887381004e+02 8.012018631100681354e-01 1
0 -2.533449124164837849e+04 5.485549190782913476e-01 2
25 -3.460901086724674656e+02 2.799393728331368014e-01 1
18 -3.514473886035486316e+02 9.537003096805861668e-01 4
15 -3.699538052522037788e+02 7.284724322447304612e-01 0
27 -3.460715148706973991e+02 9.783717587613161015e-02 1
10 -6.166732581096314334e+02 2.048618066019844974e-01 3
11 -3.758890389198611501e+02 4.733300321438017183e-02 0
2 -8.175144018137002604e+03 5.090294891255945364e-01 0
9 -6.711718306702487098e+02 9.549762802209890156e-01 0
22 -3.474018009817046959e+02 1.095946829742294737e-01 3
18 -3.480354495028833526e+02 2.440981639634722256e-01 3
2 -1.059051919355547579e+04 5.543381553396926620e-01 0
3 -3.646172512450533304e+03 5.193609358417446975e-01 0
12 -4.095639367226184504e+02 3.766108515356210162e-01 0
24 -3.461293654370106765e+02 8.943553507573973604e-01 1
17 -3.558202362771222624e+02 4.332105532145932858e-01 0
17 -3.564375906730322185e+02 6.077537790218924263e-01 0
25 -3.462480579785195687e+02 3.070609547136339823e-01 3
19 -3.493258257024116347e+02 6.085690886872298089e-01 4
10 -6.009925866373371264e+02 4.999241446263567035e-01 2
8 -1.071188314243831883e+03 5.496533198327600012e-01 0
22 -3.474143309239789801e+02 5.376783641020537186e-01 3
24 -3.465361383500505212e+02 5.298528129125501529e-01 4
8 -1.160824855305153051e+03 1.640884604216864551e-01 2
26 -3.461482330906128482e+02 7.444462219281908766e-01 1
10 -5.533690381362296193e+02 6.451766846299324953e-01 2
9 -4.626850183528257503e+02 8.923866901096479953e-01 2
17 -3.531930593294758296e+02 5.888134721231153001e-01 4
19 -3.501228767537373869e+02 7.897774705146708429e-01 4
26 -3.460916203510746527e+02 4.429367116651666825e-01 3
12 -4.241739257803795908e+02 4.356752836647523885e-01 4
9 -7.986545505668279930e+02 7.321555074847473366e-01 2
29 -3.459608150595091161e+02 4.117221151792917477e-01 3
7 -1.915887149241506677e+03 2.238194004914537127e-01 2
29 -3.459197962218318025e+02 6.508797262764789426e-01 3
6 -1.268321248555622788e+03 6.379542270924574154e-01 0
13 -3.759519905862651399e+02 1.444199201678832978e-01 2
12 -4.032033308327922896e+02 5.264024935816777884e-01 2
15 -3.640509840552436458e+02 7.725691884875615090e-01 2
3 -7.299333605580643962e+03 5.418876569950277222e-01 4
7 -1.820605677615477362e+03 3.817659545425106105e-01 2
12 -4.202683858993241302e+02 3.381536736664779164e-01 0
7 -1.910629614236408997e+03 9.422311320950588209e-02 1
22 -3.473408808990216698e+02 4.355819486676610341e-01 3
7 -1.507137247145216634e+03 8.955105846027398009e-01 0
10 -3.811419738589606823e+02 4.077746951412652976e-01 0
12 -3.821099095461455590e+02 4.634894491976688791e-01 4
2 -1.135700107203499647e+04 1.803984472527454253e-01 1
4 -5.284409791044698068e+03 1.100119507287917742e-01 0
5 -9.045554853592971085e+02 8.169101398049943841e-01 2
9 -7.728255169446118771e+02 8.744137034640797612e-02 1
2 -4.697583979279066625e+03 9.843295611863598360e-01 0
5 -2.880495979339154474e+03 5.342710109280877084e-01 0
0 -5.527491180867853109e+04 4.774775139215359232e-01 2
17 -3.562724406225594294e+02 9.154401807996783713e-01 0
17 -3.502851327496282465e+02 3.493117405336436387e-02 0
18 -3.510569103182671142e+02 2.632694974775837693e-01 4
6 -2.093662284759664544e+03 2.694577895243521759e-01 2
5 -3.721683992311290240e+03 8.912976136787449377e-01 2
23 -3.470994715938838908e+02 4.824373631311920652e-01 3
5 -3.142771308294064511e+03 2.299915296043627821e-01 2
9 -4.036014794455385299e+02 3.170375377723129162e-01 1
12 -3.962871322397086260e+02 4.637832485543599836e-01 4
27 -3.460574835358883092e+02 3.687709104020369111e-01 3
6 -1.826990990258784905e+03 1.817914036178708004e-01 1
19 -3.500643629374059174e+02 3.157809592967905088e-01 0
13 -3.890839598581352448e+02 4.673055402370554501e-01 4
25 -3.463509431177715783e+02 2.997113345528433226e-01 0
27 -3.460615864493528306e+02 4.093430230011012583e-01 3
15 -3.689974587005938247e+02 2.349736353193045968e-01 0
6 -1.750075686308111472e+03 8.858176463339688667e-01 4
28 -3.460181096008212194e+02 9.480463301758684791e-01 3
18 -3.516418720662827582e+02 8.574609746380690289e-01 2
19 -3.502956321184120725e+02 7.039881026504996031e-01 2
28 -3.459470357843452462e+02 6.852724400314720299e-01 3
9 -5.734854860596788058e+02 8.436898959442821200e-01 1
14 -3.576990893697714000e+02 7.837910042325993976e-01 0
26 -3.460967608819875068e+02 1.610270289809735689e-01 3
23 -3.469128062108555923e+02 1.616446924553471831e-01 2
27 -3.460660744202419323e+02 1.285679862702680809e-01 3
23 -3.471516406616684094e+02 1.976564402134390053e-01 2
29 -3.459057784900359707e+02 8.142648274276950149e-01 3
5 -2.887458697303187364e+03 8.455356961810099881e-01 0
25 -3.462754896569128960e+02 5.079374481951199893e-01 1
10 -4.603954891396766698e+02 1.903470262436179894e-01 2
15 -3.644093823387605653e+02 1.045102679119332134e-01 2
21 -3.482784926719105556e+02 5.083703052786786580e-02 1
19 -3.497313802372684108e+02 7.239057978180198916e-01 1
19 -3.489782046162802658e+02 6.845932032006860068e-02 0
18 -3.519342280029942458e+02 4.210050118277949838e-03 2
4 -3.587270055825082181e+03 2.866568499173772766e-01 4
18 -3.487545380433728042e+02 5.941561312145587914e-01 1
25 -3.463014703625897823e+02 1.014242283542469425e-01 3
24 -3.464545896019833435e+02 3.786475925296047679e-02 2
23 -3.466634064697572626e+02 4.467772221275261302e-01 3
5 -1.614275776391241834e+03 7.049522942855400709e-01 4
20 -3.477005737916947510e+02 3.985733155861859167e-01 3
10 -3.818050158936437128e+02 2.029886324651730689e-02 1
1 -8.039642046481317266e+03 4.096995181235003614e-01 4
5 -3.699692870339290494e+03 6.315825436278130756e-01 0
4 -5.282016873117453542e+03 8.813110963525669916e-01 0
1 -1.877812360322019231e+04 2.346775499666775566e-01 0
26 -3.460876874439413768e+02 6.610689103210752871e-01 2
9 -7.678401974414878168e+02 2.297096998327177175e-01 1
29 -3.459746179485410948e+02 4.956917342689024508e-01 2
5 -1.334103856483258824e+03 4.553798622847425870e-01 1
8 -8.804761289852756363e+02 5.689970934907739863e-01 3
29 -3.459396420275698461e+02 3.484466730994085215e-01 2
3 -6.484514276220354077e+03 6.026676164105084776e-01 3
10 -4.826163963607677942e+02 2.103137499946046152e-01 0
6 -2.754593431335862078e+03 1.885030750949570622e-01 4
21 -3.478311142039682409e+02 7.052527398665078273e-01 0
16 -3.576661388782128483e+02 1.911938977749152446e-01 3
29 -3.459371072457084892e+02 5.656282683409963319e-01 2
22 -3.475187603820786535e+02 6.751602151227200643e-01 3
14 -3.722679699017049870e+02 5.896506932210993784e-02 1
28 -3.459832076485507741e+02 8.578433855777714001e-01 2
13 -3.830829246081838164e+02 7.917741198514107737e-01 0
29 -3.459675456539805509e+02 4.551825114033256625e-01 2
7 -1.878575528630204190e+03 8.464733125749626663e-02 1
6 -2.322197165893667716e+03 9.002232069570013095e-01 1
16 -3.607390516943566467e+02 8.542099243754432969e-01 0
2 -4.034768486173064957e+03 8.420715743345912330e-01 3
1 -7.939071080407435147e+03 3.170824680014153185e-01 1
8 -1.274900275346974922e+03 9.131557709968272096e-01 0
10 -4.106712028357409281e+02 7.782872257739548161e-01 0
28 -3.459336915386372766e+02 2.221533887200308754e-01 2
22 -3.477075560083892469e+02 1.919837712845806621e-01 3
12 -3.794041943077009478e+02 3.293016129073812470e-01 1
10 -5.532298803814966277e+02 2.680091886837609461e-01 4
15 -3.559037802662109584e+02 2.865364878359244472e-01 1
20 -3.490739561584740613e+02 5.924647167930066072e-01 1
23 -3.471162268603480925e+02 7.057121079208322767e-02 3
22 -3.476866937753199522e+02 9.123994073406295202e-01 3
21 -3.481022631910262817e+02 5.614720514837578946e-03 1
25 -3.463450145700484768e+02 8.364258581609878007e-01 1
27 -3.459656833773313451e+02 9.108993501904465440e-01 2
10 -5.042127112801360909e+02 7.585008353783164736e-01 0
0 -1.818541945995309216e+05 5.174120771646961714e-02 4
26 -3.461400660333678729e+02 9.499504600365114015e-01 3
7 -1.364116765411280994e+03 5.089962639250222853e-01 4
18 -3.503386411943053531e+02 4.566310915958240457e-01 0
2 -7.616013629476647111e+03 5.075166055645503604e-01 4
23 -3.463706511454525980e+02 3.331593362969610395e-01 0
27 -3.459353134106959260e+02 3.948395355894067649e-01 2
1 -7.292429515997790077e+03 5.560952359249512478e-01 4
25 -3.463029105962725680e+02 9.168370742456497524e-01 2
29 -3.459491566126048951e+02 2.576411129092244234e-01 2
27 -3.460451609336080310e+02 7.616047647489929684e-01 2
29 -3.459564080294163659e+02 5.812253235517363947e-01 2
2 -1.080944009384247329e+04 4.234805537704643824e-02 4
4 -4.957725425860331598e+03 7.910637572712262422e-01 3
0 -7.770714364499821386e+04 7.136261878447713869e-01 3
17 -3.528586954449484665e+02 9.057415881354655696e-01 0
3 -5.764364228396907492e+03 4.162272808473131414e-01 3
5 -2.812485532251016593e+03 1.116296262241690540e-01 0
15 -3.627854093583242729e+02 9.014055621922927308e-01 1
3 -5.538859159016308695e+03 2.719787396205815555e-01 0
20 -3.490295332473642702e+02 6.282521347277053581e-01 4
0 -5.545812222810707317e+04 1.969042689816182801e-01 3
17 -3.549193389870322335e+02 3.466241819324448192e-01 1
17 -3.545898154076778042e+02 2.211922574733717894e-01 4
19 -3.490639079646085747e+02 4.289081772038561002e-01 1
17 -3.516550555521624801e+02 2.414526332307554424e-01 0
22 -3.467738307481438369e+02 7.382162147013511255e-01 2
24 -3.464226762700225208e+02 6.398747899677232898e-01 1
25 -3.463270972064022999e+02 5.281649506577706932e-01 2
20 -3.490976267154599668e+02 8.354544603714462170e-01 2
10 -4.108246602613475602e+02 9.950188944288070880e-01 3
3 -6.992023955889675563e+03 9.551099867249170927e-01 0
26 -3.461278930336952726e+02 5.630201423954962481e-01 1
8 -1.248737985390373296e+03 7.653259763567010765e-01 0
27 -3.459884789381539463e+02 5.059447758512252147e-01 1
6 -1.614831738240036884e+03 3.828223513113124810e-01 0
14 -3.762816694967795002e+02 4.756554015013181314e-01 4
9 -4.032434187061318198e+02 5.270268013201899748e-01 4
22 -3.470728769678983667e+02 2.986116444979678430e-01 1
23 -3.469832910655358660e+02 3.951017915180976559e-01 1
18 -3.501121671706091547e+02 7.464850788333250442e-01 2
14 -3.764276813653160616e+02 6.218621929940155724e-01 0
9 -8.495797863300595054e+02 4.391388955700392671e-01 0
15 -3.689732715144576218e+02 9.864151840396448989e-01 0
7 -1.034704028720421775e+03 8.219760484045521981e-03 4
8 -8.609950325208080812e+02 5.215979348872976651e-01 3
29 -3.459472335268340544e+02 9.613447541744133407e-01 1
7 -1.181506915261182485e+03 1.352370112654131262e-01 4
25 -3.462318654490101153e+02 9.056794882089409526e-01 1
10 -3.782170716255955085e+02 8.140219924516856054e-01 0
21 -3.481032058499359891e+02 4.502055442566383903e-01 1
20 -3.490769928347973519e+02 3.081715633721020531e-01 2
4 -4.263258412036915615e+03 9.372022908763560922e-01 4
0 -7.074331448595039546e+04 4.609522933368362940e-01 4
14 -3.780228809987825116e+02 3.718535679757432044e-01 4
4 -3.086532176501973481e+03 8.190841431039148635e-01 0
10 -4.234703180933075828e+02 4.280581292777193569e-01 4
13 -3.947669828523058868e+02 3.038405013171905367e-01 2
10 -5.589371512787456595e+02 1.297551721924312673e-01 0
21 -3.474924444043676885e+02 6.687943390041382052e-01 4
24 -3.461595236013860699e+02 9.702520093906228382e-01 1
3 -4.597182113795264740e+03 5.029905003150862974e-01 4
26 -3.461326429368949675e+02 4.205842679978168963e-01 1
29 -3.459720932199443268e+02 7.184298478537691490e-02 1
7 -1.864368284060941960e+03 5.830807579649563976e-01 2
29 -3.459090672082666629e+02 5.195344811649921235e-01 3
3 -5.181926967636682093e+03 7.916282957170247547e-01 4
22 -3.468534382665775411e+02 6.823964932485235835e-01 1
13 -3.658630780287104471e+02 1.074112055851084574e-01 0
2 -9.828346857671342150e+03 3.750886268024555825e-01 4
7 -1.938414422846271918e+03 5.297173819959306584e-01 0
21 -3.478132954855477692e+02 5.869978655555934122e-01 1
26 -3.461484192534646240e+02 8.136810935365957898e-01 3
19 -3.490456965050564691e+02 5.210716428272590406e-01 1
19 -3.477480631411386867e+02 3.298308651794119584e-01 3
26 -3.460743547823599329e+02 6.075355121545453763e-01 3
3 -7.290575940276567053e+03 8.301574109491020037e-01 0
20 -3.485043671158205711e+02 2.623730628837890322e-01 2
21 -3.484022876167151708e+02 1.384646041785408954e-01 1
22 -3.477715393091829696e+02 9.837428990018052266e-01 2
5 -2.327852982694384536e+03 2.319304242482126410e-01 0
5 -3.653884181867207189e+03 4.015138002979118381e-01 4
9 -5.953318255124919460e+02 9.850531809123359572e-01 2
1 -1.136653357332899395e+04 3.158607604253484968e-01 4
4 -2.728897060389865146e+03 3.390364898564444118e-01 2
6 -1.653558501493158928e+03 5.335800950514610896e-01 0
4 -3.118316462651579968e+03 5.037634965947023202e-01 1
11 -3.725981355490777105e+02 1.184974752748718801e-01 4
7 -1.951173636625681866e+03 4.322683031739656401e-01 2
8 -1.001557151440671532e+03 4.545192154031436060e-01 2
7 -1.715181547063517428e+03 3.212780559970872946e-02 0
10 -5.045422680983768373e+02 1.586435240787391621e-01 2
10 -5.671037216926666815e+02 7.088126347461656263e-01 0
5 -3.651101636178888839e+03 3.701574303249621778e-02 2
11 -4.840546507048069884e+02 7.282236173339471375e-01 2
9 -5.999619535695344439e+02 7.709326277938819416e-01 0
24 -3.463565214455999808e+02 8.574197062176120987e-01 3
16 -3.570141951557417315e+02 4.787687691888479202e-01 0
3 -5.381333616898867149e+03 3.294591729262351665e-01 2
21 -3.478263249420620014e+02 7.805950367374752119e-01 3
16 -3.499840673926598811e+02 3.165445668295902709e-02 2
8 -7.298841004947066722e+02 5.004997696543320718e-01 4
11 -4.856556445044113275e+02 5.327147377737264655e-01 1
29 -3.459747604007097834e+02 8.618528023427742824e-01 3
23 -3.469828706062813239e+02 9.982964753599206098e-01 2
5 -2.066982346928564311e+03 1.669333442426451375e-01 4
13 -3.820417266125557489e+02 1.251561459825666078e-01 1
26 -3.459411934429820121e+02 4.454807078614564375e-01 3
24 -3.465062578660688359e+02 6.711968913007799742e-01 0
21 -3.465391323126239627e+02 7.327823570640177309e-01 2
21 -3.477978654706033694e+02 5.687876169919849900e-01 0
9 -8.589980690157681238e+02 1.451812801367970418e-01 1
2 -2.188985772722069214e+03 6.260635405076820925e-01 4
23 -3.460970906985792794e+02 2.515428835334958535e-01 2
4 -3.448342065695169367e+03 2.529354268201494671e-01 0
9 -5.401630610717922991e+02 3.510325474144636027e-01 4
2 -5.839171508914810147e+03 7.798727050074645284e-01 1
14 -3.789621342327745310e+02 1.311599971301668777e-01 2
0 -2.076256599948932489e+04 3.236378661916461397e-02 4
14 -3.787105180903918153e+02 9.255809484270968723e-02 1
20 -3.487861746538878833e+02 3.970257391029636262e-01 3
12 -4.022302574328406308e+02 9.182569848101591603e-01 2
14 -3.592825620608430199e+02 3.681294971855857412e-01 0
4 -3.518493226571170453e+03 9.108576539241197700e-02 4
17 -3.559412017777435153e+02 3.730086586230985102e-01 1
17 -3.569220546678224650e+02 2.801119385689014307e-01 1
9 -5.027483433661848835e+02 3.058079449351485124e-01 3
9 -5.639127837953593598e+02 8.103519122454420076e-01 0
11 -4.758764995045247588e+02 2.330462479998895164e-01 1
18 -3.523649677387826387e+02 6.909485420614576157e-01 4
10 -3.830424719185537583e+02 9.648545071719352162e-01 4
10 -5.673658988733873230e+02 1.412345126634874382e-01 3
5 -3.437270836049691752e+03 2.436745706162815328e-01 3
5 -3.079725163173904093e+03 9.011786867403743795e-01 1
17 -3.544549714796530679e+02 8.120659877531535287e-01 4
0 -2.236829770052505410e+04 2.376660545225284804e-01 3
0 -1.173706833360508972e+04 7.255075124753993521e-01 3
3 -5.857560749761782972e+03 9.106677510588737645e-01 4
7 -1.652462881223826798e+03 3.505054329404949653e-01 3
2 -1.012932946572061883e+04 1.307222637655156561e-01 3
16 -3.610650049372789567e+02 9.287410839448739797e-01 4
13 -3.971940926083705676e+02 5.523273838103875955e-01 4
19 -3.498342792563078092e+02 9.788356870024623735e-01 4
0 -6.149329036067904235e+04 6.594387223110954876e-02 3
9 -6.406948300426400920e+02 3.792987577071679217e-01 2
18 -3.515995559352668351e+02 3.439180463809758392e-01 2
16 -3.610851173135078511e+02 6.109506375732196570e-01 2
28 -3.459975515703945916e+02 2.911431594058397909e-01 4
21 -3.469752496463646594e+02 7.477068334752585699e-01 2
29 -3.459347835974366490e+02 8.657049729094337120e-01 1
16 -3.599927681952165699e+02 5.378860198609261012e-01 3
24 -3.463818362044733021e+02 6.685051632323003590e-01 0
23 -3.467980748494386489e+02 6.076863562146788134e-01 4
29 -3.459564768105932444e+02 4.788646747625922018e-01 1
14 -3.775966779075029081e+02 2.947095269737057821e-01 4
22 -3.475744430083734642e+02 3.096713296998672149e-01 0
17 -3.533954831496562292e+02 3.165807054457876468e-01 2
20 -3.489219075411818380e+02 1.121004424148627082e-01 1
14 -3.474845519072607658e+02 4.126666945136819864e-01 0
3 -5.971746303307239941e+03 6.999302288044335629e-01 2
28 -3.459735771024920723e+02 6.570663103625847823e-01 1
1 -1.006992955486344363e+04 3.580127466443103756e-01 4
2 -7.611038818922115752e+03 4.428656600082185868e-01 3
1 -1.001018933629952517e+04 9.122001859801072143e-01 3
4 -3.445700215628301066e+03 7.357746167100452650e-02 2
21 -3.483208423824762576e+02 6.235337881917057956e-01 0
19 -3.504339772270031972e+02 6.055908790675966769e-01 2
19 -3.500084736166226662e+02 4.622406392683764409e-02 2
19 -3.471137387011517035e+02 9.264571324715777934e-01 2
29 -3.459315926587862577e+02 8.656461760213814971e-01 1
13 -3.943070681982637780e+02 7.979213152514650353e-01 3
13 -3.773649445349237794e+02 5.436490775666757980e-01 4
10 -5.909344848457758417e+02 1.008817129038686380e-02 4
11 -4.769474277847631356e+02 6.106214804100666971e-01 3
20 -3.487887703517495765e+02 2.721323768938240795e-01 3
15 -3.677223652299661012e+02 8.958741996698549315e-03 3
13 -3.872042736056935155e+02 8.084002076386933577e-01 2
25 -3.461901385307999135e+02 4.572560150570410542e-01 1
15 -3.671709640879213339e+02 1.028686687307285297e-01 3
28 -3.459922207323591010e+02 7.992883935844428134e-01 1
28 -3.459442753336089709e+02 9.248175422757680397e-02 1
17 -3.507618349673003308e+02 4.946591743432629529e-01 4
25 -3.463276096728223479e+02 6.145441173429033732e-01 0
28 -3.459457413484914241e+02 7.911937723383666299e-01 0
24 -3.463600571642413684e+02 7.197643266061076739e-01 0
2 -9.146033198330360392e+03 3.200207554902609330e-01 2
2 -5.850139037354270840e+03 5.212827174375324057e-01 2
12 -4.111442875736686346e+02 6.774775591288513255e-01 3
8 -1.253997060815353734e+03 6.340950884471860949e-01 4
10 -4.705398198523577094e+02 6.498374790498360198e-01 2
6 -1.189887942856927566e+03 2.459029161050126644e-01 4
4 -2.693366117697497884e+03 2.440672977401844856e-02 4
10 -6.144997648807483301e+02 3.370092324638659931e-01 3
9 -7.237819794771045281e+02 5.809486579418893237e-01 3
9 -6.983405865899521814e+02 5.035104240922061436e-01 2
10 -4.460275649783276322e+02 4.228100152171658799e-01 4
18 -3.508475462312733839e+02 4.930686852520480556e-01 1
19 -3.496776789503702503e+02 2.389890418701050567e-01 1
17 -3.548827565433645645e+02 8.338600145453128887e-02 3
8 -1.059695469276841550e+03 1.563244101984644086e-02 2
9 -8.202075744183314328e+02 9.399835288061052507e-01 4
21 -3.474615531834505759e+02 2.067432022877966347e-01 1
24 -3.462642088722296307e+02 9.249476815911066296e-01 0
21 -3.470252404143249123e+02 1.855395422669187389e-01 1
5 -1.184206045546805171e+03 7.130713339261882666e-01 4
21 -3.474229301181690630e+02 5.860170243379108079e-01 0
9 -6.389368532961527762e+02 5.020314845243278867e-01 4
4 -1.936277359787157820e+03 7.916911362536495078e-01 4
1 -1.388455934048763083e+04 5.077898929424994323e-01 3
4 -1.659912122629802980e+03 1.679969473516531864e-01 4
6 -2.062324850512969533e+03 6.315514271952153980e-01 4
12 -4.169367810707107083e+02 1.488953801292904056e-01 3
10 -5.079159686861099772e+02 1.335670814732744793e-01 4
10 -4.031823512386800985e+02 3.956911677022354468e-01 3
23 -3.471327776665916645e+02 8.523614070719645053e-01 2
3 -7.416007995193037459e+03 5.091350918886656807e-01 3
8 -1.144237251696232306e+03 9.345787963067546666e-01 0
5 -3.718106253936178291e+03 7.314049316388349098e-01 1
10 -6.387353080704237982e+02 7.932395871881467997e-01 2
15 -3.659367902749311838e+02 3.349452746686218396e-01 3
4 -3.435846400654596891e+03 9.364513583766788107e-01 2
15 -3.654172349518687497e+02 6.636290097556867273e-01 4
3 -4.496565579612968122e+02 5.822143836318660615e-01 1
0 -6.690212285520684964e+04 4.221196212571154405e-01 1
2 -1.132548618899190478e+04 4.141517108689107829e-01 3
12 -4.172735037750614993e+02 8.484694076726855272e-01 1
24 -3.464376337235730148e+02 9.952740041543521876e-01 0
4 -2.175178348395556895e+03 4.182938544752201060e-01 2
28 -3.460254757792236546e+02 2.177429572401159696e-01 0
28 -3.459803098070889291e+02 4.602364061719081412e-01 0
7 -1.852391582944355378e+03 8.089782861734789998e-01 3
10 -5.221640395781128063e+02 8.180245467468103548e-01 4
12 -4.250052005077911872e+02 6.062345328626836949e-01 3
29 -3.459486912294865988e+02 8.749916541731280750e-01 0
12 -3.965486318880097087e+02 9.184991053936136796e-01 1
9 -7.568819447266928364e+02 2.793256483229344389e-01 3
9 -8.315953218584254500e+02 1.092602395487358574e-01 4
1 -8.501127762497228105e+03 2.410399965496354824e-01 1
6 -1.357412107121153213e+03 9.296149575221228645e-01 3
4 -3.666056940773492443e+03 2.324364017617039924e-01 4
5 -3.424070101116309161e+03 3.270916820495554100e-01 4
19 -3.478304823247945023e+02 9.484195712833259906e-01 2
21 -3.470107877094843616e+02 4.038487642049606308e-01 0
10 -5.423730802168390710e+02 1.993132006521499688e-01 3
23 -3.470635737263883129e+02 1.372531287294739832e-01 0
22 -3.476514510794837065e+02 1.769843040180024973e-01 1
7 -1.585140207535798254e+03 1.877799718148601971e-01 3
0 -2.932333827798253333e+04 3.275209610475826594e-02 3
5 -3.670152147657131536e+03 8.800936541110235822e-01 4
22 -3.472372063622223095e+02 5.264398497445661462e-01 0
20 -3.483458807995970119e+02 3.472419215517197344e-01 0
15 -3.691971360520539065e+02 3.306820309288156789e-02 4
5 -3.296363128660178518e+03 9.501685586290083974e-01 3
7 -1.586160356280924589e+03 9.990156307779872735e-01 1
4 -3.930371847119638005e+03 8.646168412925869795e-01 4
5 -2.770728071836737399e+03 3.677490716277542759e-01 2
6 -1.003065556666876091e+03 2.128444270702019026e-01 3
23 -3.468531701429884606e+02 9.939727542366894042e-01 0
24 -3.464869533963300228e+02 5.447323711814533453e-01 0
26 -3.461551551853680735e+02 3.652321435390458726e-01 0
4 -4.324687609820550279e+03 5.245057943186255400e-01 2
12 -3.687559442138905297e+02 2.366653889067943106e-01 4
14 -3.587952184809952314e+02 9.968467220949054353e-01 2
19 -3.501931899727204609e+02 8.693368564735973747e-01 3
17 -3.545437364691177891e+02 6.109587958300991550e-01 2
12 -4.112879571078594836e+02 1.427534236727720229e-01 1
28 -3.459829686569011642e+02 2.162950900101376916e-01 0
15 -3.659888510128699295e+02 5.346335594268538660e-01 3
7 -1.340946884394767949e+03 7.888322817217533478e-01 4
19 -3.502421356760087292e+02 9.375813026902655167e-01 2
1 -1.257642169318235392e+04 8.754936170333917911e-01 1
16 -3.606947929964625246e+02 8.299260426053309825e-01 4
0 -1.562282375614416960e+05 4.631499626970102534e-01 4
18 -3.506699522873495312e+02 5.006263308724956396e-01 3
4 -4.875947605911233040e+03 3.685598718132594015e-02 2
11 -3.619769733860003385e+02 5.423979909146148248e-01 4
23 -3.470564506303476833e+02 5.127675821302826176e-01 3
9 -8.765795222302772345e+02 3.606020773513537447e-01 2
13 -3.673095476889596398e+02 4.260939992677297283e-01 2
23 -3.464629013424026880e+02 2.883867369157561145e-01 3
6 -2.317291641807143606e+03 5.668070666262181589e-01 1
25 -3.462939661255035162e+02 6.217939045424056843e-01 3
24 -3.464204770814374683e+02 7.260159900972782410e-01 3
7 -1.835569285062880226e+03 7.134069460043969135e-01 4
12 -3.922379835903291223e+02 4.292587613345197894e-01 1
3 -7.193574654494012066e+03 1.237090517758714370e-01 4
8 -1.157946562875285508e+03 4.215232527568371079e-01 4
0 -6.553459380930395128e+04 4.225638706088197805e-01 4
5 -1.565742691021410337e+03 2.362958850440463610e-01 1
12 -4.174046035552361218e+02 7.632750001034493970e-02 4
28 -3.459636384321407832e+02 3.370043650514268907e-01 0
14 -3.727504489092173117e+02 1.427636265793835457e-01 2
29 -3.459623717500350040e+02 8.484649452414311233e-01 0
18 -3.514600235697888593e+02 8.397356749650268515e-02 4
6 -2.518171733291231249e+03 5.135752465497828156e-01 1
21 -3.482153402585234971e+02 7.831370853243349028e-01 2
27 -3.460402201740779446e+02 1.151210180565765545e-01 0
24 -3.463990475173492314e+02 5.130737321169022147e-01 2
12 -4.089801332882465772e+02 1.472638367810317206e-01 1
26 -3.459949648576696291e+02 3.645594506799802459e-01 4
27 -3.460094319545898429e+02 8.143468498032468972e-02 3
21 -3.477779659284908576e+02 2.748277891203882994e-01 2
24 -3.465443043022228835e+02 4.711366880724285333e-02 2
22 -3.475033216003067196e+02 7.872437400133224239e-01 3
17 -3.540029608816254267e+02 3.220240767952726735e-01 1
22 -3.473492034392380674e+02 8.748696354306773060e-01 0
21 -3.475903987958828338e+02 4.394236754992859040e-01 2
29 -3.459391815038615619e+02 3.148765238948936229e-01 4
29 -3.459656415544906167e+02 5.145730791299945039e-01 4
29 -3.459492624833022205e+02 4.814197727360567947e-01 4
29 -3.459493004697280867e+02 9.510302511831536521e-02 4
29 -3.459691884414676224e+02 8.594421618539307417e-01 3
8 -9.955733078649421941e+02 2.309867693116327003e-01 1
4 -4.260980147408139601e+03 1.365801613543010939e-01 2
27 -3.460262259964742952e+02 6.315491068513255923e-01 4
22 -3.473817389849979236e+02 1.926783885250449302e-02 0
20 -3.481259896066882789e+02 8.051932776069791187e-01 0
24 -3.465372284687616684e+02 1.236581257582239080e-01 3
19 -3.474021927608527562e+02 6.513155339397450616e-01 0
25 -3.462280184636490503e+02 5.437240391146338503e-01 4
1 -8.780874159440099902e+03 1.930639504475681889e-01 1
5 -3.370842677540049408e+03 3.642529166256123219e-01 2
5 -2.754463602748917310e+03 3.018641152901906932e-01 1
25 -3.460623841191100496e+02 2.575179748296874127e-01 0
1 -1.241317650191866414e+04 7.802904122035415613e-01 1
0 -3.927378258296918648e+04 6.627682621852354350e-01 4
27 -3.460679377396519385e+02 6.146348543037196688e-01 0
26 -3.460976521138248927e+02 4.756656880537524917e-02 0
2 -1.069235520994985200e+04 3.869733771622207996e-01 2
13 -3.954675586300469945e+02 4.112434287671399291e-01 4
17 -3.558712673750251270e+02 6.575816258206526044e-01 3
3 -6.806319306574820075e+03 9.669254002542526649e-01 2
26 -3.459016022680775677e+02 6.565688134414356947e-01 0
25 -3.459184330675985279e+02 3.010318721507063700e-01 0
12 -4.303263946185527402e+02 5.261909497616258369e-01 1
0 -1.042910665212376625e+05 8.504829705718613964e-02 3
0 -5.321148274212796241e+04 5.994611744318412150e-02 3
1 -4.526313192811833687e+03 9.767819921568730024e-01 3
24 -3.463824959041888292e+02 3.322470054017330199e-01 4
1 -1.124354875886304217e+04 7.955990547218332321e-01 1
14 -3.744269017248037130e+02 3.937003074056540375e-01 3
10 -5.526393690428228638e+02 2.960735039917021250e-01 2
1 -1.250101139374422564e+04 8.851858950743638488e-01 2
28 -3.460200482264664856e+02 5.233255598809645193e-01 0
14 -3.766917508376390060e+02 5.714404266409927047e-01 2
3 -5.842044589867705326e+03 7.608805376074910809e-01 3
20 -3.481634120573441464e+02 1.307868470682356232e-01 0
23 -3.466053599379302455e+02 5.653239678537236301e-02 4
3 -6.065140333630120949e+03 3.228713313879634228e-01 3
26 -3.461418228506714172e+02 7.325224461268112774e-01 0
22 -3.476861425161927741e+02 4.145798358600494282e-01 0
23 -3.468859609170676208e+02 9.538878283059957219e-01 1
3 -7.289173942786502266e+03 2.273364813049042477e-01 2
12 -4.131108008471697985e+02 2.730827696286253214e-02 2
26 -3.461590914335076832e+02 4.092067269973176380e-01 0
24 -3.462959669175420458e+02 3.628902646871751680e-01 0
14 -3.704039674542052580e+02 1.800607671579405045e-01 2
8 -1.063608132531844149e+03 7.121062872043568692e-01 1
0 -6.728263179724404472e+04 3.996852289460040009e-02 4
11 -4.279469425816494095e+02 9.506973674757422943e-01 1
10 -4.069969628338199641e+02 7.581313180533433282e-01 4
1 -2.053563253887959581e+04 8.160903521977892483e-01 1
6 -2.577716503055659814e+03 5.896694693574537904e-01 1
8 -1.269500947186892290e+03 2.803090338577929885e-01 3
6 -2.650859592443514885e+03 7.441760024063093226e-01 2
3 -4.837411064429188627e+03 7.728261751438816329e-01 1
12 -3.470837880047143926e+02 7.804384019374719372e-01 0
19 -3.504716128426074420e+02 5.400239643812766027e-02 1
17 -3.559370208408698772e+02 2.698906686011634526e-01 2
16 -3.571584544463580642e+02 6.926381786757485060e-01 2
15 -3.595143976423374852e+02 5.330638268823718606e-01 3
22 -3.473384759431787643e+02 4.613188819896905102e-01 1
20 -3.489347390639163677e+02 8.236577483959635071e-01 4
17 -3.555029393537865872e+02 7.215334559422247329e-01 0
15 -3.691869292918349856e+02 7.349727855325305370e-01 3
8 -1.227057747686013499e+03 9.036264825989659411e-02 3
10 -5.331476784559719135e+02 9.747120915661948715e-01 2
6 -2.679106738191160730e+03 2.194969209664931337e-02 0
13 -3.897542773000476473e+02 3.522141643326015537e-01 0
15 -3.650155821999161958e+02 1.478401486640037454e-01 3
9 -8.052090154099232677e+02 1.357501818505468805e-03 3
0 -1.332995218985241263e+04 4.178315120600884502e-01 2
1 -1.027721585603493259e+04 6.985084564882395597e-01 4
2 -1.127270555762444201e+04 8.965034571071592850e-01 2
17 -3.536002809069799468e+02 3.273293444666909302e-01 3
8 -1.211184679529575988e+03 8.224583617688306925e-01 4
6 -9.769535734122227950e+02 9.950628975484274719e-01 0
7 -9.229417974043830100e+02 4.218410979068223376e-01 4
22 -3.466006472690243640e+02 8.896435449752152502e-01 3
1 -1.502523891011984597e+04 7.209556014511074862e-01 0
25 -3.463278328064718607e+02 9.570983221927804596e-01 3
27 -3.460357831519106071e+02 9.197865762420160962e-01 3
28 -3.460214358266598538e+02 5.097014959420391733e-01 1
29 -3.459598597707444014e+02 2.866016423873736230e-01 3
29 -3.459516862402062998e+02 4.243883014923190422e-01 1
26 -3.461093644587833751e+02 2.473760889989665146e-01 3
10 -6.194631686826064652e+02 8.612180565557631118e-01 4
24 -3.464560152174203722e+02 4.116027732756130098e-01 1
5 -1.530699076244230127e+03 8.764899433647439508e-01 4
8 -9.021536194289909645e+02 3.485090533066986795e-01 4
3 -3.049485531026723947e+03 2.050990475333341612e-01 0
6 -2.430329418640026688e+03 3.891013048037141320e-01 2
0 -1.447762681572468318e+04 6.057248876541687643e-01 0
11 -4.222385684717181675e+02 8.297526778175081663e-01 2
29 -3.459388344737815828e+02 4.348762228878566560e-01 1
13 -3.906980296073443242e+02 3.075192319527327856e-01 4
5 -1.944913526560426362e+03 3.839000469481609334e-01 0
15 -3.685027224664162304e+02 4.089516708521495625e-01 2
12 -4.253243693214363930e+02 8.859581109260427079e-01 0
15 -3.643848453304916575e+02 1.474365124216341916e-01 4
17 -3.567396967431213852e+02 6.567083437837553106e-01 0
15 -3.513484296298809113e+02 7.699513810043945305e-01 0
14 -3.719285421387397150e+02 1.993634473268279805e-01 0
2 -9.774566254890860364e+03 7.532816968633497812e-01 2
12 -4.182483907375321337e+02 5.687627306941298588e-01 2
22 -3.475426039409029499e+02 8.109240780357920286e-01 4
0 -1.139588585338131525e+05 8.103037026041978730e-02 0
22 -3.472656998072898773e+02 9.603992707142792185e-01 4
6 -1.247745448619227318e+03 9.227980833605016198e-01 2
6 -5.092729526904952877e+02 7.434453125763229586e-01 0
19 -3.502696244128417220e+02 3.208801624508279549e-01 1
8 -1.128849296984201146e+03 2.310282475432434701e-01 2
10 -4.111914674262533822e+02 5.605730831071049636e-01 4
8 -4.275843953647181479e+02 7.503117096306930467e-01 4
22 -3.471961274917891842e+02 5.892027183920603983e-01 3
1 -1.710212517316102458e+04 2.380243318487432203e-01 4
13 -3.912329521245339947e+02 9.896273802673898334e-01 0
16 -3.572567170728341921e+02 8.796973769875524596e-01 2
2 -1.125296649131768572e+04 9.852795770552607024e-01 0
2 -4.118231443061422397e+03 8.132851403845950955e-01 4
25 -3.462045384925239659e+02 3.291713424250762299e-01 3
0 -8.897816317736174824e+03 7.555019677035517134e-01 4
24 -3.461371034322673950e+02 3.709294640264850784e-01 3
15 -3.670463644725117547e+02 1.884263763569749006e-01 1
12 -4.109976955829910139e+02 7.006260736455496296e-01 4
10 -5.938190310221501704e+02 6.873953367826457495e-01 4
24 -3.461677602028853471e+02 6.531968897148702213e-01 3
0 -1.166534383228605293e+04 1.885189905693493984e-01 2
18 -3.492110950299755814e+02 3.063712461640868412e-01 3
8 -8.591001842109103563e+02 7.527429673662549003e-01 4
16 -3.537773802130138847e+02 2.406904318107974117e-01 0
23 -3.470203914308123672e+02 7.232722692507301820e-01 3
4 -3.383664632687622543e+03 1.560799000060719699e-02 4
15 -3.659200391501212266e+02 9.389066081598707036e-01 0
14 -3.767446418575819393e+02 8.500083850597256463e-01 0
8 -7.838415414649822424e+02 5.802475279809731212e-01 2
20 -3.484146386674362361e+02 6.761065420868692666e-01 0
26 -3.461278010683108732e+02 3.332629781968059202e-02 3
