6.297872405352654412e-02 -1.433773647130144324e+00
1.064264625389826774e-01 -9.369361565106433254e-01
4.715471992499001286e-02 -1.246326867478894540e+00
3.977360941727178106e-02 -1.092245174310080058e+00
1.024396103119023238e-01 -8.131817812378613342e-01
1.409805928224325267e-01 -7.079462960133080518e-01
7.169281865387772124e-02 -9.659152934707877503e-01
9.004961767231627057e-02 -8.620292835157082889e-01
1.064264625389826774e-01 -9.369361565106433254e-01
3.636793247253456568e-02 -1.281751504325034485e+00
4.200041524690195649e-02 -1.194810413808323535e+00
1.429967634838960611e-01 -9.704538874852254304e-01
6.051748955014368131e-02 -1.256247615203147872e+00
9.668591811574933637e-02 -8.178617602781169671e-01
8.643707142055441495e-02 -9.641051909487453608e-01
4.635441294701377751e-02 -1.135698166735892300e+00
7.081624235009464918e-02 -1.256204837333008584e+00
5.375077306323349652e-02 -1.108485134399520344e+00
4.807874293164831475e-02 -1.431111249892060400e+00
7.081624235009464918e-02 -1.256204837333008584e+00
1.358935003443136891e-01 -1.011913886458639222e+00
5.675323479572885743e-02 -1.334431480651474766e+00
1.115095385121392668e-01 -7.740230661252668343e-01
6.322243562342057255e-02 -1.376472660614260324e+00
6.678798386168752210e-02 -1.100548848712437744e+00
6.051748955014368131e-02 -1.256247615203147872e+00
1.003916665835729305e-01 -1.275783493940428448e+00
1.403743332394717380e-01 -3.832771121934916980e-01
1.358935003443136891e-01 -1.011913886458639222e+00
1.694880930125387125e-02 -1.209188506791619711e+00
2.287357055382504001e-01 -1.057661106140135310e-01
1.864436449322756928e-01 -1.492124533523433438e-01
1.024396103119023238e-01 -8.131817812378613342e-01
2.998997248839289920e-02 -1.067969670088807943e+00
4.715471992499001286e-02 -1.246326867478894540e+00
8.965149154095415629e-03 -1.444090884860959045e+00
4.715471992499001286e-02 -1.246326867478894540e+00
3.894500882224238153e-02 -1.127574653309991293e+00
1.091121124175754020e-01 -1.133397446253036955e+00
1.554980173380562103e-01 -9.357941583411690800e-01
2.261293871135761774e-02 -1.199048844307644357e+00
1.409805928224325267e-01 -7.079462960133080518e-01
7.227991962650870406e-02 -1.048670922882373180e+00
1.143242875948028842e-01 -8.365671832016534637e-01
1.109594047787472171e-01 -1.068780749804034480e+00
1.429967634838960611e-01 -9.704538874852254304e-01
1.489568739867404013e-01 -9.488673838900465451e-01
3.920270045775508388e-02 -9.811650797197363216e-01
4.761782152129354073e-02 -1.339064091667170109e+00
9.677214966606810520e-02 -7.450907481670964172e-01
1.439614496404721666e-03 -1.367970171032155680e+00
2.333894753995502391e-02 -1.442508382320276672e+00
6.322243562342057255e-02 -1.376472660614260324e+00
8.643707142055441495e-02 -9.641051909487453608e-01
1.041263416026627919e-01 -7.740857484182078752e-01
6.449115399599730791e-02 -1.336797731618672547e+00
8.643707142055441495e-02 -9.641051909487453608e-01
3.230904429213110607e-02 -1.223761121427949128e+00
4.635441294701377751e-02 -1.135698166735892300e+00
3.385341475861153998e-02 -1.430262140307731800e+00
4.635441294701377751e-02 -1.135698166735892300e+00
9.004961767231627057e-02 -8.620292835157082889e-01
5.842725762692987934e-02 -1.243451801382096766e+00
4.200041524690195649e-02 -1.194810413808323535e+00
6.626208218989128318e-02 -1.009793470632286860e+00
1.358935003443136891e-01 -1.011913886458639222e+00
6.997658458262143166e-02 -1.248787603162817783e+00
1.399634332403429937e-01 -1.107435464654022095e+00
5.842725762692987934e-02 -1.243451801382096766e+00
7.227991962650870406e-02 -1.048670922882373180e+00
7.507281261289884544e-02 -1.266435818493914622e+00
6.060729717391195176e-02 -1.093258888195532741e+00
2.261293871135761774e-02 -1.199048844307644357e+00
3.894500882224238153e-02 -1.127574653309991293e+00
4.342210389653913122e-02 -1.360790623174625624e+00
4.635441294701377751e-02 -1.135698166735892300e+00
1.236365892776202652e-01 -1.184298371326548471e+00
4.962688989556265223e-02 -1.440070081897383281e+00
3.920270045775508388e-02 -9.811650797197363216e-01
8.643707142055441495e-02 -9.641051909487453608e-01
8.134163860511425814e-02 -1.018632432890764328e+00
9.482674434389680440e-02 -1.301222124544898273e+00
9.668591811574933637e-02 -8.178617602781169671e-01
3.447828643909301577e-02 -1.376854429546711112e+00
1.933448956620686943e-02 -1.392200162760076410e+00
6.297872405352654412e-02 -1.433773647130144324e+00
9.482674434389680440e-02 -1.301222124544898273e+00
5.103106728716175211e-02 -1.230569839838696389e+00
9.004961767231627057e-02 -8.620292835157082889e-01
9.004961767231627057e-02 -8.620292835157082889e-01
9.482674434389680440e-02 -1.301222124544898273e+00
1.143242875948028842e-01 -8.365671832016534637e-01
9.791199076272702473e-02 -7.546401900246932914e-01
4.635441294701377751e-02 -1.135698166735892300e+00
1.239934146129505754e-01 -1.412770874828340961e+00
1.358935003443136891e-01 -1.011913886458639222e+00
1.554980173380562103e-01 -9.357941583411690800e-01
8.354586126035412619e-02 -1.028156812775770534e+00
1.409805928224325267e-01 -7.079462960133080518e-01
1.522149224341066281e-02 -1.441076706006268582e+00
1.399634332403429937e-01 -1.107435464654022095e+00
9.668591811574933637e-02 -8.178617602781169671e-01
1.358935003443136891e-01 -1.011913886458639222e+00
3.636793247253456568e-02 -1.281751504325034485e+00
1.024396103119023238e-01 -8.131817812378613342e-01
3.787532036366737798e-02 -1.319694222304572895e+00
1.058423837968337222e-01 -9.529969437674494781e-01
1.607612253667533297e-01 -1.072194153174421238e+00
9.668591811574933637e-02 -8.178617602781169671e-01
1.109594047787472171e-01 -1.068780749804034480e+00
1.064264625389826774e-01 -9.369361565106433254e-01
1.922048156352388071e-01 -2.916407527750117801e-01
4.445493271032840976e-02 -7.414555366979811435e-01
4.028246902852273409e-02 -1.190634795832263615e+00
9.677214966606810520e-02 -7.450907481670964172e-01
1.064264625389826774e-01 -9.369361565106433254e-01
9.947721608627188572e-02 -7.803450480137185119e-01
1.497337249904298062e-01 -3.211361659042752947e-01
1.136261371009912313e-01 -8.127727392360122316e-01
6.724308682322986674e-02 -1.156795023070920303e+00
9.677214966606810520e-02 -7.450907481670964172e-01
1.041263416026627919e-01 -7.740857484182078752e-01
1.409805928224325267e-01 -7.079462960133080518e-01
1.607612253667533297e-01 -1.072194153174421238e+00
4.627314622627495128e-02 -1.208965028045717371e+00
6.297872405352654412e-02 -1.433773647130144324e+00
1.489568739867404013e-01 -9.488673838900465451e-01
4.220767272287345717e-02 -1.138370424680778648e+00
9.677214966606810520e-02 -7.450907481670964172e-01
6.449115399599730791e-02 -1.336797731618672547e+00
2.050783950410774437e-01 -6.911085667257267362e-01
1.929675190681962027e-01 -2.925934242556664788e-01
1.328320297635380565e-01 -1.129791540877519207e+00
3.730570980737875353e-02 -1.372015072816991754e+00
2.349084423038001052e-02 -1.419994774145410421e+00
3.447828643909301577e-02 -1.376854429546711112e+00
9.668591811574933637e-02 -8.178617602781169671e-01
1.115095385121392668e-01 -7.740230661252668343e-01
8.096501711623813047e-02 -7.842286913071279120e-01
6.533200638303980623e-02 -1.106171544386419736e+00
1.041263416026627919e-01 -7.740857484182078752e-01
1.496502149492020262e-01 -6.878062411710366142e-01
1.439614496404721666e-03 -1.367970171032155680e+00
6.322243562342057255e-02 -1.376472660614260324e+00
1.058423837968337222e-01 -9.529969437674494781e-01
1.496502149492020262e-01 -6.878062411710366142e-01
1.864436449322756928e-01 -1.492124533523433438e-01
1.981153533954469262e-02 -1.399426672782216219e+00
4.627314622627495128e-02 -1.208965028045717371e+00
6.533200638303980623e-02 -1.106171544386419736e+00
3.920270045775508388e-02 -9.811650797197363216e-01
8.095319890204390190e-02 -1.182671954558129013e+00
1.496502149492020262e-01 -6.878062411710366142e-01
9.947721608627188572e-02 -7.803450480137185119e-01
3.977360941727178106e-02 -1.092245174310080058e+00
2.287357055382504001e-01 -1.057661106140135310e-01
2.718965023286436244e-02 -1.442811482868169959e+00
4.761782152129354073e-02 -1.339064091667170109e+00
4.965686675831606361e-02 -1.282220729067802489e+00
2.998997248839289920e-02 -1.067969670088807943e+00
3.636793247253456568e-02 -1.281751504325034485e+00
6.724308682322986674e-02 -1.156795023070920303e+00
8.243695700873224230e-02 -1.388964700460808999e+00
8.794035394256777272e-02 -1.086494001619219496e+00
