0.000000000000000000e+00
0.000000000000000000e+00
0.000000000000000000e+00
0.000000000000000000e+00
0.000000000000000000e+00
0.000000000000000000e+00
0.000000000000000000e+00
0.000000000000000000e+00
2.776226483562628085e-65
0.000000000000000000e+00
0.000000000000000000e+00
2.560418370415732667e-260
0.000000000000000000e+00
0.000000000000000000e+00
0.000000000000000000e+00
0.000000000000000000e+00
2.136293756696824424e-46
8.745482668549238587e-77
0.000000000000000000e+00
4.885115861073905734e-184
3.925615095829296273e-48
3.181789578531334100e-26
3.058877707483081410e-01
5.711702803219143439e-87
1.601584885857721309e-139
0.000000000000000000e+00
1.534274532654163772e-05
2.592873577397599243e-12
0.000000000000000000e+00
0.000000000000000000e+00
5.796640669931869723e-10
0.000000000000000000e+00
6.258746300103561200e-02
1.773364912727259648e-275
0.000000000000000000e+00
0.000000000000000000e+00
5.921382358649324723e-106
3.310239827136351846e-322
0.000000000000000000e+00
0.000000000000000000e+00
0.000000000000000000e+00
1.012780605075010609e-06
2.635365781225770219e-76
2.782140536987393161e-121
2.335609942205103879e-74
3.349694699905629819e-14
0.000000000000000000e+00
3.660488487299038228e-11
0.000000000000000000e+00
7.108243008166758913e-53
3.663730799370641750e-08
2.975056434678035612e-14
1.586926915303959185e-01
0.000000000000000000e+00
1.772619255415072981e-01
0.000000000000000000e+00
4.439371612876010786e-01
5.561976491014018233e-03
5.097425759959384184e-02
2.481554126301901516e-06
2.956172839111318451e-01
2.277694029050744001e-02
8.414919148860587617e-02
2.872162173812103925e-01
9.113302550498166010e-02
8.113527864946057377e-02
2.879491005765976719e-01
1.180687839781754400e-01
3.399264434227440845e-01
4.154545266742586396e-01
2.826061364817767929e-01
2.653237232036002036e-01
2.825072465752828665e-01
1.007286980314785955e-231
0.000000000000000000e+00
2.343036574574853051e-02
8.720570755608976835e-03
2.461046641547822572e-02
7.743108703723790733e-57
2.476489356013868853e-02
5.030738331587486227e-80
9.056239971129180499e-02
5.127014064616325362e-02
2.395454416145545093e-02
2.326550060994208441e-02
1.451649424927546894e-01
2.321531906150551758e-02
6.416386846338616168e-02
0.000000000000000000e+00
2.439380666183582971e-02
1.492169572186846519e-03
4.839439540542157525e-01
0.000000000000000000e+00
6.037113435035178222e-03
6.171921989826675836e-03
1.614166742027086165e-74
1.282564399289820064e-68
3.831099625288508226e-01
3.182424917363451677e-01
6.510600582525203923e-04
9.634420868389610445e-184
0.000000000000000000e+00
3.972206818452193033e-01
4.147990191594845832e-01
2.327130267998477053e-02
4.477561079678602507e-01
3.239870911078722160e-01
1.125826602327567930e-214
8.470367307824808250e-193
1.445618889145292205e-173
0.000000000000000000e+00
6.107397433589734949e-03
2.334996480668342575e-02
5.065305571893111441e-208
6.567723432558924797e-04
1.389822890331075892e-15
4.549043555326934915e-79
1.191370577103927471e-04
1.481676041077208822e-03
1.188582676307976702e-04
1.192541491308578841e-04
6.578267988739546455e-04
4.257692519054829816e-01
0.000000000000000000e+00
2.168608921858735383e-01
1.482855820702868232e-03
3.158956125420048569e-03
1.190196479569403070e-04
8.745037144164374832e-02
6.520032508479914248e-04
1.504983380895173577e-03
1.185485919093185467e-04
3.196738698852232344e-03
1.185190152626663018e-04
9.369170782285679566e-02
5.637913165393781262e-02
1.493947580638593006e-03
1.325908002723986089e-02
2.952574194335211105e-14
6.502965105710125206e-04
2.374855051950110554e-02
4.818381093420252004e-01
3.868941933831592269e-06
1.476716060070154242e-03
5.891782154094229451e-01
4.724517857581130714e-02
2.224443332782441071e-68
1.030404358459954600e-03
0.000000000000000000e+00
0.000000000000000000e+00
0.000000000000000000e+00
4.838481313143556714e-48
3.808710517613861368e-02
2.491554198834199096e-01
5.818771610478804535e-01
0.000000000000000000e+00
1.620208306744563287e-01
1.087548900613134992e-172
2.596132133112714337e-10
1.321296600890073218e-02
0.000000000000000000e+00
3.837125380298802308e-61
6.039885954082534376e-03
1.947207728474374472e-36
1.716703410831674075e-173
0.000000000000000000e+00
6.123322708453048449e-03
0.000000000000000000e+00
7.392730274960924906e-13
1.329324746615551285e-02
1.626418877113153527e-01
0.000000000000000000e+00
0.000000000000000000e+00
6.015215735080748252e-72
1.402161127104175966e-21
4.820884989714057101e-01
1.766269410805538231e-01
4.346326159785134785e-02
4.748518326202404450e-129
8.505406119229092398e-45
3.209830242318070879e-03
9.180914390553170101e-02
2.377477661834323519e-01
2.163620664942260234e-15
4.507740250837434237e-01
2.500745830937766701e-01
6.388575497256998581e-01
8.334606714956649919e-10
2.276124122353624245e-96
2.322456639621746921e-01
0.000000000000000000e+00
1.534149759712681607e-23
1.873524510760517003e-78
2.990432547442685718e-01
8.591311050124088300e-02
1.307353126491953357e-02
0.000000000000000000e+00
5.782218494696591824e-44
6.691438193744232710e-02
3.101180069184987231e-01
7.014927848220907875e-256
2.367816973491416551e-256
1.185707213010656676e-04
4.770100768734918117e-02
1.188666266977702810e-04
0.000000000000000000e+00
0.000000000000000000e+00
6.503790242158751563e-04
1.188139742884838500e-04
1.622116083274530758e-35
1.685124668437949086e-02
1.058639360708701214e-127
1.473516868268961956e-03
1.699263870268408249e-75
3.222622154725319698e-25
9.236887858398039330e-02
0.000000000000000000e+00
1.000000000000000000e+00
1.738815112765771550e-114
9.259547091258510994e-26
1.472647079551628628e-03
1.508955947380586715e-03
5.968447814160966390e-239
0.000000000000000000e+00
5.156115188463654408e-02
9.314522463793450946e-02
1.093399126085980532e-10
1.194841023124454453e-04
0.000000000000000000e+00
1.032020118458136376e-01
2.861637754242449261e-01
3.424187919458962504e-02
8.908865622746914292e-02
6.279408581859539854e-21
3.208811614753169592e-03
3.536320950435935528e-01
0.000000000000000000e+00
3.179944550984953062e-03
0.000000000000000000e+00
5.051589643883384190e-02
6.226977516865932726e-03
0.000000000000000000e+00
6.530815315471457261e-04
3.695607959749469540e-01
1.191110024280152323e-04
4.894967736685869042e-01
1.071598529956844308e-06
8.463842552475613068e-02
1.597937630298641906e-06
1.563267037171032769e-01
5.024814094824407718e-02
2.444457985384720575e-02
6.171802216530075658e-03
2.424625351456684969e-285
3.881198588556314388e-01
1.191923215995209056e-04
3.595369389379129976e-01
5.257592781782015612e-01
0.000000000000000000e+00
3.159682511903771571e-03
1.098791251105073228e-118
2.852760491027322752e-313
0.000000000000000000e+00
2.504600626319860440e-02
7.463000531513727369e-188
0.000000000000000000e+00
0.000000000000000000e+00
0.000000000000000000e+00
5.762029676692969060e-01
1.903861955235225836e-95
0.000000000000000000e+00
5.125956715245161507e-93
2.732867468598647675e-190
2.459451913135532153e-169
0.000000000000000000e+00
0.000000000000000000e+00
0.000000000000000000e+00
0.000000000000000000e+00
3.662134184077025512e-01
6.092078309658200547e-02
6.778624426895283029e-09
5.824282770998127141e-13
0.000000000000000000e+00
0.000000000000000000e+00
6.528879482135179022e-04
2.614672661073088045e-01
4.796700317391388441e-02
1.311132294149322183e-02
2.483335114611857908e-02
6.094917593175422886e-03
1.487388406319970153e-03
6.498901080027366097e-04
1.198076574676131077e-04
1.477747873269507446e-03
1.187758860199709607e-04
2.958212086268874524e-140
6.492815622530014605e-04
4.671393703195418634e-02
1.325290150652586908e-02
3.841684800916352338e-01
4.040193680060963910e-01
0.000000000000000000e+00
3.253511078859741001e-01
6.037463114522227496e-03
1.340653225458429771e-34
9.522724258578881085e-24
1.194917895211299903e-04
1.192548799599145258e-04
0.000000000000000000e+00
0.000000000000000000e+00
6.530772096815603811e-224
0.000000000000000000e+00
5.193928588568531307e-23
8.704936669188680739e-244
0.000000000000000000e+00
2.279124484370186340e-130
0.000000000000000000e+00
6.451856087644731730e-144
4.762339364529356830e-127
6.197021584589315610e-80
0.000000000000000000e+00
2.697731033550297419e-01
1.737005477321900113e-113
5.271449216752078649e-24
1.723288508313113421e-18
4.272906249586008176e-01
3.367195685040707542e-01
5.651600072333956559e-01
4.894094813868549165e-02
2.036886911763319263e-02
0.000000000000000000e+00
9.741409140908915965e-02
6.197359166080376389e-03
1.429858895852382313e-06
2.366826580515710154e-02
5.129273311651783028e-50
2.397854389109920058e-15
3.195248058706945480e-03
1.490185435171922576e-03
5.198190743395079277e-02
4.543986883177307812e-01
9.320986053392728288e-02
2.314468955923312463e-02
8.026712503036369517e-01
1.630600969729567530e-10
1.357420343915067239e-03
3.221988649239270266e-03
2.853829754425068477e-01
1.493783894869200922e-03
2.433060032995683700e-02
1.416092633870008504e-19
1.195394257230498390e-04
3.351552133987214521e-01
3.167812630512395651e-03
3.770983723579329197e-57
2.707450719675642838e-216
1.302192575791218943e-01
0.000000000000000000e+00
1.192520393102905533e-04
5.065916215365724000e-18
4.590740791004082055e-01
0.000000000000000000e+00
3.385594578784734048e-21
0.000000000000000000e+00
5.193848168926694375e-02
8.028678922194918671e-06
0.000000000000000000e+00
7.585850384723648310e-02
0.000000000000000000e+00
2.334931817834047171e-02
0.000000000000000000e+00
9.071762495194694853e-02
5.578448478680836375e-01
6.554057166953165554e-04
1.740713051219178142e-72
0.000000000000000000e+00
1.554540583652251340e-01
3.126060793385544989e-01
6.529282347903273649e-04
6.563015156082254711e-04
1.478040041590594593e-03
1.101618114998440704e-12
4.609648487547045167e-46
5.108378490220686491e-02
4.816691339446542430e-02
3.165289560474920764e-03
3.030820765515219728e-01
6.071073386288105417e-03
5.008051695140523091e-02
1.507151566979228951e-03
4.665318869812522945e-02
1.187631860322057410e-04
1.321786248427071764e-02
1.188532288826857082e-04
2.106306586678934611e-01
1.506455603289036643e-03
3.992510581283066180e-06
6.220281730853409290e-03
3.045282364173483303e-01
2.690690881485847119e-01
2.090087645360792578e-10
1.193913949792195473e-04
0.000000000000000000e+00
5.132963384813689356e-02
0.000000000000000000e+00
9.731888563296135200e-143
0.000000000000000000e+00
0.000000000000000000e+00
0.000000000000000000e+00
0.000000000000000000e+00
1.700508914957656056e-46
2.703019569928315560e-03
0.000000000000000000e+00
4.023041607921309382e-01
0.000000000000000000e+00
2.582622090471583740e-02
0.000000000000000000e+00
1.243744825270408777e-01
9.077373364605710461e-38
1.463711528550457099e-116
2.151378980026266779e-311
1.373934196891515127e-123
0.000000000000000000e+00
0.000000000000000000e+00
0.000000000000000000e+00
4.111811900048288599e-13
1.926373442773897382e-01
4.776482371407395622e-01
0.000000000000000000e+00
1.602013020405593047e-102
2.529254653944801867e-01
4.921620077110655522e-02
1.476635460223224561e-03
6.951242139554120181e-01
0.000000000000000000e+00
6.503189787421865707e-04
1.190912690290059161e-04
3.074153081139399345e-23
1.196733886577343504e-04
6.598258755442503182e-08
7.451974870864880307e-02
1.507901706978040639e-03
4.261328426012044313e-01
3.234989742565970699e-03
3.149832300622529453e-03
5.007138663206486817e-02
0.000000000000000000e+00
0.000000000000000000e+00
6.415928762173275235e-01
1.190290933085048588e-04
0.000000000000000000e+00
5.478156524924725490e-01
0.000000000000000000e+00
5.082280806255066977e-17
5.219717206716311660e-13
0.000000000000000000e+00
1.476613297210720111e-03
8.352582621950355016e-77
8.990830091470110308e-02
2.398909530661399309e-02
5.069022676013792278e-02
8.736257094645495658e-02
0.000000000000000000e+00
2.934896036509790876e-116
1.063233707430899511e-02
9.623777752193673930e-07
1.497305200666865926e-03
1.330291951355134031e-62
3.465188509042640147e-107
1.167034160685454723e-05
0.000000000000000000e+00
1.325595374222123864e-57
1.482783493983463180e-03
2.099794057858463661e-145
1.879043716500336200e-80
0.000000000000000000e+00
0.000000000000000000e+00
0.000000000000000000e+00
1.191386176412912714e-04
6.591688424922673714e-04
0.000000000000000000e+00
1.303580240433171306e-02
3.198715249705805057e-03
1.471543692266780862e-03
6.067021103165702242e-03
8.566112576911741328e-02
1.976444287477585202e-06
1.302952756903665542e-02
3.633794702292627576e-01
6.552437618664686903e-04
1.188236549426995449e-04
1.493475161915022373e-03
1.509598768789426667e-03
2.417100420212537834e-02
6.063882364731004553e-03
8.421401382416802972e-02
6.499469629605942808e-04
6.156703664283336153e-03
4.055218039336013769e-01
2.099807921280454715e-48
3.228203977004034334e-03
1.699392045519482545e-217
8.110366012664955992e-02
3.826942687787408729e-17
4.933542914364703706e-03
3.565851700077351527e-01
2.368696747357394022e-02
0.000000000000000000e+00
6.143687939029102846e-03
3.224695305081670075e-03
4.138293484320097329e-217
0.000000000000000000e+00
6.520653620456927542e-04
1.727035267369302703e-24
9.983366988735990471e-83
0.000000000000000000e+00
0.000000000000000000e+00
0.000000000000000000e+00
0.000000000000000000e+00
0.000000000000000000e+00
0.000000000000000000e+00
0.000000000000000000e+00
2.342980024929771504e-02
0.000000000000000000e+00
1.479327605268435531e-03
2.306196712853765488e-68
2.994953846355872529e-130
3.197069358296437680e-01
2.979184284691739348e-01
1.504727355019628687e-03
4.983562091233254693e-02
9.297727926833812551e-02
1.951302695179942497e-112
1.438348694734824587e-02
6.028925800866571372e-01
0.000000000000000000e+00
0.000000000000000000e+00
2.828403712515488166e-01
3.171162871748040064e-39
2.369478867137713579e-02
3.601364669640147007e-74
2.329181988057993022e-02
3.408591478770495731e-01
9.360139650111037879e-02
3.043105160605266354e-02
1.533351755639766374e-11
1.190803853173056552e-04
4.253670496109903799e-121
1.492971055216463184e-03
1.479203244972146416e-03
1.502896419011523705e-03
6.766719984569347091e-01
3.168260785978099878e-03
9.528254317649575977e-01
6.522028304351477858e-04
6.083154223504865996e-03
6.531985733105963874e-04
6.582204964340862725e-04
2.278419230837892322e-20
3.612208563519344390e-23
5.175410578515258347e-02
1.194691395294804489e-04
2.579529260736761476e-01
1.191853280439802092e-04
3.203346701630192892e-03
3.157059837292425617e-33
9.804312644020120315e-02
8.562832956864671328e-97
5.207332794569469875e-02
2.778715504615420495e-01
3.203416473660727556e-03
9.697187267806888372e-233
3.204715239178351945e-03
0.000000000000000000e+00
0.000000000000000000e+00
0.000000000000000000e+00
0.000000000000000000e+00
0.000000000000000000e+00
5.548410030815293936e-01
0.000000000000000000e+00
3.230474483432587141e-01
1.637468683660715800e-130
1.852241817139768865e-171
7.962127744540043772e-08
4.921955315876633263e-02
1.939014261995429446e-34
0.000000000000000000e+00
1.523391105859342588e-44
0.000000000000000000e+00
0.000000000000000000e+00
0.000000000000000000e+00
0.000000000000000000e+00
4.012260640097172705e-26
1.318799728347648803e-01
1.176223102718305158e-151
4.699634343907622969e-02
6.625829395488679006e-18
4.801452894343452165e-11
0.000000000000000000e+00
1.323608082045882491e-02
3.734952432421686282e-03
2.380063797965390292e-07
2.985810546267494425e-01
5.171343050545798570e-02
1.363946030306703341e-278
1.295583504271688793e-02
4.941616071018458123e-01
0.000000000000000000e+00
6.077280837592981960e-03
8.452819541945891128e-66
1.478689035614349405e-03
2.867507873702141441e-01
4.052839928838067318e-01
3.213964402692757755e-03
2.998432704537661864e-01
8.457385469812855883e-02
4.717295277563791217e-02
1.474400794743197527e-03
0.000000000000000000e+00
1.473873831046818038e-23
0.000000000000000000e+00
6.096291959982795723e-03
1.198827304858904877e-04
0.000000000000000000e+00
1.188652018094488801e-04
9.816228049885802887e-02
8.779464921913273864e-03
7.012644394596860842e-01
4.749405425182792045e-02
1.513761964791200893e-03
9.242213249020933552e-02
0.000000000000000000e+00
4.237643497691529482e-01
2.671646189680506600e-01
3.134922801398884462e-01
9.686991233845483329e-01
3.042130715640570457e-07
3.642812703627613252e-03
7.464210319845716868e-02
5.343938322695283849e-02
3.766401526903528363e-01
1.185933638526312839e-267
3.328577387711098012e-01
7.055284126009475631e-02
2.459212417857083999e-01
3.871329936226545337e-02
2.088642331777366319e-05
0.000000000000000000e+00
1.472480749598301586e-03
1.119923948931838960e-263
2.166860820948327333e-286
1.197643039856113552e-04
4.338348196970813591e-205
0.000000000000000000e+00
1.366831850550599692e-01
0.000000000000000000e+00
0.000000000000000000e+00
3.553385406380977218e-01
6.159014643752576401e-03
0.000000000000000000e+00
6.112462002631587586e-03
4.508583593695012537e-11
3.323068157992297711e-01
6.025361014756210054e-03
6.693090153753082051e-07
2.798447917841754423e-02
4.654543870065743492e-06
1.489744284865391136e-03
3.237590241337023975e-03
1.195030875378607331e-04
1.157236442695321749e-01
5.686689119858656660e-01
1.495697679481001671e-03
3.107981141303078343e-01
3.627633526033528788e-02
1.187395629950339232e-04
3.182066239169977773e-01
1.304485362100816191e-02
6.517928550706269305e-04
2.332240980246812895e-02
0.000000000000000000e+00
6.171968925485151955e-03
1.097384487770022427e-01
0.000000000000000000e+00
0.000000000000000000e+00
2.377807518648536109e-02
5.199251689051342780e-40
6.516283693770796121e-04
0.000000000000000000e+00
0.000000000000000000e+00
0.000000000000000000e+00
0.000000000000000000e+00
8.340221006682813727e-13
2.931888633538420330e-01
2.533841837103558564e-02
1.296459641650583861e-01
0.000000000000000000e+00
0.000000000000000000e+00
3.229455019397027820e-03
2.325848928859423556e-02
3.186629908551793979e-03
4.534648468120409984e-72
8.011838470415343642e-10
2.650782446193319600e-23
0.000000000000000000e+00
5.642752495906317262e-26
4.983256054756905751e-02
6.032466845595890401e-03
3.181717619011202314e-01
2.502130674152141382e-02
0.000000000000000000e+00
4.991032510231017960e-02
0.000000000000000000e+00
3.148898189218581577e-03
3.212482363057592681e-03
2.570315857918248348e-01
1.489224514819362634e-03
2.417319100126652867e-03
2.591122302425664659e-01
1.321982612553144013e-12
2.912913094394760094e-01
2.274145948727657740e-01
8.006020183364841170e-02
3.553102034273249860e-02
1.187522484983970754e-04
6.039198737015564859e-03
4.086199710359272180e-02
0.000000000000000000e+00
4.817856844951012851e-02
2.475256061715651670e-02
4.194984363902157227e-36
7.242503100128282404e-253
0.000000000000000000e+00
5.658618886745752253e-23
1.554073690534009955e-01
1.430232231173560464e-01
6.236638391008081893e-03
1.190970683695139636e-04
0.000000000000000000e+00
3.457526343015702719e-01
1.185157446603776852e-04
1.488063097482747975e-03
2.849065748653132890e-01
4.763760151660620390e-02
8.440229191374577777e-02
1.964288749869653195e-125
4.333953744081663895e-01
1.534387277590080914e-111
2.842978355323138029e-01
2.369381661339857101e-02
2.163439369307744442e-01
0.000000000000000000e+00
6.541064459572983264e-04
1.187897090303426074e-04
1.943554473565872048e-02
2.940969305036358894e-01
6.048873457091961253e-03
2.403160989692584848e-02
0.000000000000000000e+00
1.189927404577203953e-04
1.195750540385118443e-04
4.276331864086486134e-01
1.191839440781673135e-04
3.207189152691705680e-03
9.221254963717030739e-02
5.177962038172565645e-02
7.802528946020987083e-13
4.734865778476950865e-02
8.168029529816139598e-42
1.485323307434250131e-03
2.540918404323233593e-59
1.805183565145134696e-05
5.779478807972470572e-02
2.148564928411699551e-10
3.457694384234352158e-01
1.024743686688235611e-09
1.478262215585967850e-03
2.821507475919083352e-01
1.311277687864888589e-02
7.797932973132372814e-157
0.000000000000000000e+00
0.000000000000000000e+00
7.156554283894878826e-03
0.000000000000000000e+00
7.762307312437265812e-05
4.905889728943983452e-01
0.000000000000000000e+00
6.498173030361214944e-04
4.527149058530101406e-211
3.656679297193715020e-112
3.509380414674071778e-102
0.000000000000000000e+00
1.187442537741570706e-04
4.521693980833402932e-02
2.534076449041950951e-01
3.425005339255777971e-20
0.000000000000000000e+00
1.748720453833982779e-305
1.242376675417425913e-01
0.000000000000000000e+00
2.348928106874547186e-02
0.000000000000000000e+00
2.973093221834552380e-01
1.307605124563054194e-02
2.138708663647146408e-105
2.716313428863209589e-01
0.000000000000000000e+00
2.823580284920992612e-100
5.590505192613066943e-03
0.000000000000000000e+00
3.062343103584830221e-10
3.208939518112421084e-03
1.619403383518205690e-23
4.639526379983697872e-03
0.000000000000000000e+00
0.000000000000000000e+00
4.403158722047953444e-01
0.000000000000000000e+00
8.095571124244436112e-35
2.797053141714143099e-01
1.493962169821228848e-03
1.004554952331982720e-01
2.159392207009918571e-08
2.572067616787325908e-159
2.246433941129726006e-65
7.870389585644444908e-20
0.000000000000000000e+00
1.187509839140911790e-04
1.186969700869821014e-04
6.568762726609888702e-04
6.502528401754250351e-04
6.576882334815176709e-04
3.287745170138548501e-01
3.840308552804682085e-01
2.401917197665108181e-02
6.035203298591472129e-03
4.672623614362728800e-02
8.991849608998933596e-02
3.161117108367349562e-03
8.406207762135145534e-02
2.524995852490719353e-02
6.567662967866816359e-04
3.294794365699036352e-04
1.046753029128637843e-35
0.000000000000000000e+00
1.085621716401910103e-01
3.798900058586616635e-102
6.445110332961087791e-115
0.000000000000000000e+00
0.000000000000000000e+00
1.185721237958225539e-04
6.511525034538245306e-04
0.000000000000000000e+00
4.514408973551043752e-34
1.198264844810677189e-04
1.470775986199348868e-03
0.000000000000000000e+00
0.000000000000000000e+00
2.506211898887837283e-02
0.000000000000000000e+00
6.814432117829326400e-157
0.000000000000000000e+00
2.647352711529773167e-65
3.178182648974348969e-03
6.131031908740481630e-03
2.332599824092443722e-02
5.549453647445901777e-02
0.000000000000000000e+00
1.341623549307704444e-01
1.013911673878198323e-101
3.450831177193831265e-05
1.158950762883760033e-01
3.258782082999718208e-03
1.099131730770891296e-01
8.495322562133837963e-01
3.207518511614064205e-01
1.316841891625919437e-04
0.000000000000000000e+00
6.612706288048419590e-130
1.175822561364329274e-10
4.022439792955081384e-46
9.729132799973351509e-02
5.222813386540960945e-01
3.662366400212362927e-01
6.458640402850901066e-13
9.563864055422599982e-28
6.125779078010936719e-03
0.000000000000000000e+00
3.412461912656365448e-01
3.178108900284686011e-03
0.000000000000000000e+00
0.000000000000000000e+00
1.320007645808462041e-02
5.085360073089739225e-17
1.116612091835430666e-05
2.166146488497627462e-02
1.016491420666053333e-46
4.686358410392466827e-158
0.000000000000000000e+00
0.000000000000000000e+00
1.193204620704376877e-04
0.000000000000000000e+00
0.000000000000000000e+00
0.000000000000000000e+00
2.687316490930118191e-307
0.000000000000000000e+00
0.000000000000000000e+00
0.000000000000000000e+00
4.249469317747371448e-53
5.243373197984669831e-01
4.662242930743035577e-25
3.410147348974261090e-17
4.835029384622610560e-02
1.003601904967775436e-05
1.210404587006369964e-01
2.922898066930239569e-01
1.142286589931288018e-14
0.000000000000000000e+00
6.537706168741431534e-04
0.000000000000000000e+00
8.975539591455270059e-10
6.092832550315162646e-03
0.000000000000000000e+00
9.234542321976936530e-02
3.164037544640217227e-03
4.399805713218763598e-02
3.405228919906298501e-01
1.805893010842431589e-172
6.504472287076529290e-04
6.107871749153318333e-03
2.376483231991190909e-02
9.993024923476325340e-07
7.443951491107636405e-07
3.150711649520479985e-03
5.721862185239794332e-37
1.497731046048040582e-01
1.175488244233497716e-03
1.472642361695189125e-03
2.490054424753377904e-01
1.188237967688530138e-04
9.943358105343601261e-02
2.349624967533550310e-02
5.716789274373660357e-01
3.176474089954832089e-03
1.504886959175995558e-03
1.194488456111155930e-04
5.630171734899761526e-01
5.460755089936057682e-02
6.536600343322293604e-04
2.350213095147528700e-02
1.491839532672027810e-03
8.817052644853440231e-21
6.576460068563543633e-04
8.704243722500173974e-02
6.225111988047711542e-03
9.508092003989415832e-13
1.493329184694606182e-01
2.548695407906673704e-01
2.351993748635578807e-01
3.291129479248986350e-20
1.147671249242189677e-106
8.595158195403516943e-02
3.173570749351909640e-03
0.000000000000000000e+00
0.000000000000000000e+00
8.768450996561935606e-02
2.431968236562077890e-02
2.429088222804155206e-01
0.000000000000000000e+00
0.000000000000000000e+00
2.128553973098833702e-82
0.000000000000000000e+00
3.179225857210141726e-01
7.570752462716734495e-122
0.000000000000000000e+00
4.959006020425935773e-02
0.000000000000000000e+00
0.000000000000000000e+00
1.255783079472152283e-03
0.000000000000000000e+00
7.812016842522523374e-01
2.315568751570476480e-02
3.447677492963335255e-01
2.155770052029321582e-66
2.210428229235352381e-18
8.310322494266273820e-127
4.979929795146805643e-02
3.494958903019151908e-02
1.596118028766173162e-41
2.365995871665918862e-02
0.000000000000000000e+00
0.000000000000000000e+00
2.251975187188447969e-50
1.197890107607228939e-04
1.187900062859880394e-04
2.664677835174099063e-01
9.533996317147514893e-195
1.186613915927034620e-04
0.000000000000000000e+00
1.493539391589710852e-03
