0.000000000000000000e+00
0.000000000000000000e+00
0.000000000000000000e+00
0.000000000000000000e+00
0.000000000000000000e+00
0.000000000000000000e+00
1.413517184656319649e-258
1.873674079943249639e-105
3.917834609891946340e-255
2.447972635277535666e-48
3.401745155393621356e-05
0.000000000000000000e+00
0.000000000000000000e+00
2.034155555683243251e-171
8.594545538938444209e-109
3.131916607555692546e-56
1.616964387323266679e-11
1.881933121393404018e-01
5.568883792314892611e-01
7.147641684730133838e-01
1.939909664698819675e-02
1.687976953956068227e-01
3.071658700644525619e-01
1.839399168493243142e-01
1.747610099167842546e-01
4.284432441152733473e-01
7.883781178435503648e-03
6.882964307368648338e-02
3.361096651140378366e-01
6.040501883385862535e-28
6.785528972239431023e-02
2.788776745179143840e-02
6.892537476843031419e-01
2.804011470984392740e-01
3.763192034427498833e-01
6.960349015130998240e-02
8.348530710531050859e-11
1.945151125488939203e-02
5.593927392793922593e-01
5.998010979600436610e-01
7.890402607092934437e-03
4.096702493639402357e-05
1.849088405071243890e-01
2.208904705392221012e-03
1.099911926953890456e-03
2.060587746606441110e-34
1.757143035871233938e-01
6.706503197497369617e-02
3.455989689209575393e-04
0.000000000000000000e+00
3.669408788683366507e-01
4.706333582531937445e-04
1.957357133455015635e-02
4.706914013454887137e-04
7.904466275945458073e-03
1.271586264509216727e-04
4.706504942014351207e-04
1.885087055770110764e-01
3.634792039653569895e-01
1.100299930429704531e-03
1.100160199483241974e-03
2.932995991542257652e-01
1.099808161490881510e-03
1.806240572305333192e-01
1.168581830478107397e-06
1.941952092477969641e-02
4.993579303382809585e-24
2.142975920240847531e-07
3.152679224146598229e-03
7.881959911820144576e-03
2.738540851834094682e-53
4.639274478409036173e-02
5.520086785691483496e-165
2.415633351538266796e-21
6.278523157711821678e-01
1.281290400319175515e-01
1.271512075193374509e-04
7.893144318986232769e-03
3.151604741503060032e-03
1.099960304247668812e-03
1.100055798319204319e-03
4.378705255530442064e-05
1.271562086744748490e-04
9.786537968107512944e-07
1.803132232893917504e-05
1.099706207622417080e-03
8.936294706349518837e-08
1.271548857082607038e-04
8.936294633852106524e-08
1.803135590652902098e-05
1.803133042564887233e-05
9.786536161529207141e-07
5.429808801793626923e-09
9.786536521264057489e-07
1.944280833615050566e-02
9.786541014888948097e-07
1.803138237574140876e-05
9.786540997229746868e-07
4.378729870425052904e-05
1.100117082469129247e-03
2.233076144601622644e-06
5.429808807285108611e-09
5.429808809339475355e-09
6.268880160362273716e-06
2.128869406169437394e-08
8.936294971371457157e-08
5.429808790099538030e-09
5.429808808825883876e-09
5.429808816648281120e-09
8.936294439051886213e-08
3.754759325529348608e-08
5.429808795828061557e-09
5.429808798791090340e-09
3.823116043059635292e-07
2.233072664673764946e-06
8.936294691980077372e-08
6.268883047198760772e-06
1.271598777171119429e-04
5.429808801754119950e-09
1.271590849257408986e-04
3.144881703469465939e-01
2.233075277555932554e-06
1.165578130087376771e-297
1.708511469637776226e-01
6.726592442004881989e-02
1.803132908903226392e-05
3.810706971655526965e-01
0.000000000000000000e+00
2.233075265191386471e-06
6.512310210594336247e-81
2.059738602790450423e-08
0.000000000000000000e+00
1.676328595145689174e-05
2.128869397681156447e-08
1.702606828791734805e-01
6.038501492046838779e-73
3.658448348164991103e-03
9.786537071048882410e-07
0.000000000000000000e+00
4.307061311030764669e-05
1.146355270302009246e-279
0.000000000000000000e+00
7.423852277819275981e-206
4.231712579939228286e-167
2.473943609461272598e-34
2.233073008817215882e-06
3.754759357465808706e-08
3.754759312115488686e-08
6.268870151979442894e-06
1.937667935474609096e-02
3.823116328988844704e-07
4.378706993900205821e-05
9.786536559217083932e-07
7.911088781674058962e-03
2.541618859815585885e-01
3.682035178839813824e-129
1.396790497786230671e-100
3.152530384925441090e-03
3.132930333326362901e-05
3.232887087644543567e-16
3.153233197699755515e-03
9.667089303525936537e-29
2.610929948700762299e-242
6.268865366093040815e-06
2.233075659492084384e-06
3.151623599072294907e-03
1.953885366463601475e-02
4.378689156877807166e-05
5.429808806415952718e-09
2.233075920707399306e-06
3.754759313454142865e-08
5.429808788677283685e-09
3.823116373495776401e-07
1.271576969421070013e-04
6.268873646500752044e-06
1.853250382980239919e-01
5.429808801240528471e-09
5.429808805270248013e-09
3.949567156990997363e-01
4.230070013804249074e-01
4.082959834085193584e-01
1.271537800113179263e-04
3.151528287503596679e-03
0.000000000000000000e+00
4.706344050688499297e-04
1.951448346960121469e-02
1.271540319221097133e-04
5.429808812342011938e-09
2.128869394165025738e-08
0.000000000000000000e+00
3.236950509000948578e-02
1.769113763168048137e-01
4.706611917518784124e-04
0.000000000000000000e+00
1.208274926034016289e-02
2.833470160453739349e-146
6.624838116305321878e-02
3.823116073991950802e-07
4.718650515634055674e-40
0.000000000000000000e+00
2.233073714603103549e-06
7.887600063117009702e-03
4.378753455754849400e-05
1.271530925976211064e-04
0.000000000000000000e+00
5.429808790929186122e-09
8.936294960122978732e-08
2.128869406928426229e-08
3.823116124618582252e-07
1.271550882344650883e-04
6.786809829444487296e-02
4.926178561352652086e-01
2.334067944934274941e-01
9.786538835971588057e-07
5.373543631716926506e-106
7.897380088365133638e-03
4.706853616661903065e-04
4.009272336589840835e-01
3.781644560592555271e-01
6.639393522972873718e-02
2.495782931396876974e-170
8.936294738859569794e-08
0.000000000000000000e+00
2.727159263279967973e-03
5.429808790652636483e-09
4.706648518148497540e-04
1.803142256912461367e-05
4.705986412930368177e-04
8.936294796922521599e-08
1.803132808552031346e-05
5.429808791837848988e-09
0.000000000000000000e+00
5.429808815226027602e-09
8.936294689834414538e-08
5.429808810564194834e-09
3.272794875348416510e-01
8.936294783138259464e-08
4.706698396904394162e-04
7.889450587260191106e-03
0.000000000000000000e+00
3.054991906072035968e-01
0.000000000000000000e+00
1.129786549912671016e-11
3.010274882699888466e-02
1.271517821098829232e-04
2.321107274923886253e-08
1.703412437638581284e-145
6.694399906703392411e-02
4.706194490859411518e-04
3.642074594150023289e-05
2.365221051687663003e-60
5.200689205179779751e-17
1.271549792803488785e-04
6.268874237268167940e-06
9.786536044679468350e-07
9.786540245645617836e-07
0.000000000000000000e+00
6.909875252810050716e-02
1.803138170100258288e-05
6.685252582100193604e-87
5.429808817675464906e-09
1.708393369565959774e-01
4.587637878742848347e-14
1.905254935881711047e-04
3.151278728885444167e-03
5.429808788914325524e-09
1.643883481749527642e-01
8.936294794256697156e-08
3.823116437001606283e-07
9.641283721456456292e-78
9.786538261121999435e-07
1.271604109055813931e-04
4.378675702139416979e-05
5.429808793892215733e-09
1.099759746606493926e-03
2.233073978694042387e-06
6.932932836321879475e-130
6.268875576392875634e-06
0.000000000000000000e+00
1.737497387499520873e-01
0.000000000000000000e+00
9.786536430262249061e-07
4.194239712660873254e-01
0.000000000000000000e+00
4.705599814085945879e-04
7.881805910732880144e-03
4.706490436823203608e-04
4.379739439625106034e-01
3.921553593110368996e-01
3.956061814528775782e-04
1.271596057177257124e-04
2.233073547641233719e-06
6.268866553692763188e-06
9.983665241902607394e-04
2.355403037952096716e-213
1.244210770746670664e-05
1.100327219326807920e-03
8.936294897833720302e-08
1.957499957538682764e-02
1.954795379365523167e-02
1.803143431260162698e-05
1.099815387935032703e-03
5.302221666099740877e-04
3.087997025239069826e-01
3.350993232041408304e-169
4.182733538469032286e-01
2.777275203514942836e-01
3.159563088777709032e-04
6.625337204724002227e-02
3.754759321622664572e-08
4.485491459022418271e-26
7.905571470588203947e-03
1.937845657493019597e-02
9.786535632892742975e-07
1.803146778491826428e-05
4.705901730184743363e-04
4.378699966989755822e-05
4.731230593897268744e-01
4.928153652838964099e-04
0.000000000000000000e+00
1.876178438131440259e-10
3.967699094870094645e-01
1.953687080273608379e-02
6.698730431745206215e-02
0.000000000000000000e+00
4.706382594125196254e-04
1.803147068592876774e-05
9.786539975132307479e-07
1.947838043138623576e-02
0.000000000000000000e+00
0.000000000000000000e+00
3.922899417087512021e-74
8.936294510964116550e-08
3.754759342931850944e-08
2.402088519076595648e-03
0.000000000000000000e+00
1.963554144746847835e-02
2.233075965762453964e-06
1.099993954728286294e-03
5.313660048650196144e-01
6.915700544245940995e-02
8.936294546595130547e-08
5.429808820045888263e-09
3.154475659330637730e-03
3.486856136703816444e-01
5.429808795314469251e-09
0.000000000000000000e+00
6.268880178333443956e-06
6.268867025685832783e-06
2.487084883963262549e-01
3.181565613918577173e-01
1.335256621792005729e-186
3.807173734187820416e-04
0.000000000000000000e+00
6.913172669133672843e-02
3.153809714154652121e-03
4.689396118561679483e-01
4.463832011781749820e-01
3.950322012509402707e-30
1.875872091944134068e-01
2.128869403071524900e-08
5.429808818426099052e-09
5.429808817280394346e-09
6.268874911916230846e-06
6.268870954568835680e-06
2.128869406789020157e-08
7.890416612332175339e-03
9.786535911452256468e-07
5.429808816806309840e-09
0.000000000000000000e+00
1.271596569946083547e-04
2.128869411451378681e-08
1.675385815084841004e-05
1.803138857893159873e-05
1.985216265814448268e-251
1.803141042590170371e-05
3.152571969328046928e-03
5.344715610439637667e-169
6.908506288288765451e-02
6.660521953885215618e-01
4.378689620109970434e-05
2.752910916065817726e-01
1.099748812970074291e-03
1.899543189880258362e-11
4.157324685467605856e-03
0.000000000000000000e+00
3.823116311186071920e-07
1.791899855283966558e-01
5.618366061769645189e-05
2.010091288626145855e-95
1.864043953697956993e-04
8.936294782748138588e-08
8.936294978068528448e-08
5.429808817517437013e-09
3.823116240420051067e-07
6.268885318181379953e-06
3.421026838222311905e-01
0.000000000000000000e+00
3.153580005798778136e-03
0.000000000000000000e+00
1.963923488666355008e-02
1.944288565657334086e-02
6.681249028774846610e-02
9.533657306493052732e-218
1.761791729261336667e-04
1.100211171120338846e-03
2.837402520021352765e-25
1.945996673871726659e-02
1.948637746595732051e-02
4.705940391140886643e-04
6.268873545880551192e-06
7.893733154759701581e-03
6.641064473124121126e-02
4.378686619041837960e-05
1.271541789275854040e-04
8.936294592564343131e-08
2.501715506238961217e-01
2.913658885830481826e-01
1.961887836332677423e-02
7.887093494814785902e-03
5.405394764259214548e-38
9.786541346426219861e-07
9.840511558724016723e-166
1.100182874820454255e-03
1.592634880838486033e-01
4.706411527352902854e-04
4.378675651356077721e-05
1.099852569816692650e-03
1.879385370114882159e-01
8.936294651862675284e-08
2.921310247358472889e-01
1.957832795988828992e-02
9.403938614602517710e-217
0.000000000000000000e+00
5.429808822613847314e-09
3.754759348341105254e-08
0.000000000000000000e+00
4.378677684251209521e-05
2.233076093957332146e-06
1.271590375932325431e-04
3.823116572135784203e-07
9.786535945204099019e-07
3.823116492913441156e-07
5.926876222334367702e-18
8.936294814477949117e-08
3.155763867676229708e-03
1.124793804770045691e-107
1.000000000000000000e+00
7.911297524906964543e-03
4.706244466880446248e-04
4.706225072450228079e-04
0.000000000000000000e+00
2.233075503399822449e-06
1.099720646559986968e-03
0.000000000000000000e+00
1.597741922327994404e-05
3.154873622018497786e-03
6.206789162738625849e-18
5.429808789862495363e-09
3.754759356017876690e-08
9.786541112370588218e-07
5.429808805704826373e-09
3.186890676272026712e-01
0.000000000000000000e+00
7.474851502621800285e-72
6.753547338371543307e-02
4.378736260958084313e-05
2.233073916205190861e-06
0.000000000000000000e+00
0.000000000000000000e+00
1.821260951312555776e-01
5.429808810248137394e-09
1.100115245539699067e-03
9.786539921798678902e-07
0.000000000000000000e+00
5.357633643210576145e-10
1.100441589376004344e-03
2.128869411126097846e-08
3.823115936994062699e-07
3.823116002669597651e-07
1.271563162844269667e-04
9.725353484764052161e-28
2.957205526487195014e-77
6.647650066609607500e-02
2.113625396113259596e-05
3.272121263117531292e-02
2.893985049718164186e-10
1.271510688750638175e-04
9.786536853726863096e-07
4.701876063197228950e-01
1.803137125665755822e-05
2.233075249707270135e-06
4.377695928319105638e-03
6.237769099271132101e-01
6.617582104815498967e-02
0.000000000000000000e+00
5.023805921689411416e-126
1.099708935036381894e-03
1.271601320686649732e-04
6.677201839424287688e-02
6.268879592674023826e-06
0.000000000000000000e+00
3.996206879439550552e-01
0.000000000000000000e+00
6.683619082987066196e-02
0.000000000000000000e+00
0.000000000000000000e+00
0.000000000000000000e+00
3.152934041474763759e-03
2.906903137992323805e-01
1.100019005229578529e-03
1.953237091044553522e-02
4.378692660876700777e-05
8.936294794126657746e-08
1.937862008428434257e-02
1.346261182470470229e-03
3.134103905299238657e-01
5.429808796973766262e-09
3.816630219839312866e-87
3.823116546433029463e-07
1.842905804143600279e-01
1.178834132649858822e-54
5.429808813290180951e-09
1.022424685375533798e-07
0.000000000000000000e+00
1.947982609883873797e-02
4.378655697372339903e-05
9.786536968511624500e-07
9.786538523944964256e-07
2.233073570144365652e-06
1.099770511255797377e-03
2.953193810984045542e-01
1.799739439339346492e-01
2.905420238460930439e-94
1.271549167219325320e-04
1.445342054188544223e-01
4.011023745933338658e-01
3.823115989011534425e-07
2.736071354025122662e-03
9.786540094260700423e-07
8.612651344303894900e-25
4.378690148653468329e-05
6.268884114248959074e-06
5.699380344650069041e-01
2.632030630733157551e-40
1.100295681874051412e-03
7.887382265354191818e-03
2.629417367167114108e-320
3.823116308320937977e-07
4.378694905069929923e-05
2.233074092915739487e-06
5.877083900435694508e-01
2.046201174617102261e-114
3.754759329490671563e-08
3.754759338833930030e-08
3.823116323898364097e-07
8.936294945103334924e-08
4.378686739787972948e-05
3.823116090459514317e-07
1.948225956764936678e-02
6.938272468509980306e-02
7.431933939345168912e-64
0.000000000000000000e+00
8.912401758102647415e-05
3.582953718132521059e-01
0.000000000000000000e+00
0.000000000000000000e+00
8.936294834114020425e-08
4.705957791848851550e-04
1.735356017472271251e-01
1.803134315394888082e-05
2.945883518309291849e-01
9.786540223215586116e-07
2.233074422663899789e-06
4.378686220675191487e-05
6.336867813873460209e-01
6.465309775254768354e-01
0.000000000000000000e+00
1.271605668356527925e-04
4.291868852074087193e-01
5.429808806060389959e-09
5.429808790455101616e-09
1.803131550613736733e-05
5.429808812539547632e-09
7.881805435377928562e-03
1.330258691086097631e-233
1.271561433463817619e-04
6.617882302822780671e-02
1.100473792356893238e-03
3.968879961998251701e-03
1.342786784558667424e-52
6.943309676734726876e-02
3.708500214105947546e-01
0.000000000000000000e+00
9.786538044227193893e-07
1.271525774100813147e-04
4.378659009744804162e-05
4.705920871070022040e-04
1.878720860035103524e-01
4.857217706380908551e-01
2.233074939521289163e-06
1.812169866151662081e-77
0.000000000000000000e+00
3.153307565156211485e-03
4.378694788688279919e-05
8.713981620976711528e-02
2.128869411435889228e-08
2.233073454021708932e-06
9.786537206768336274e-07
3.754759330965923039e-08
6.268879219703875408e-06
3.823116501647926852e-07
8.936294848158361380e-08
7.704563939938937502e-296
6.760992628617332190e-02
1.250829631795951850e-65
8.596147500646000843e-27
1.516877048735446933e-39
5.429808790889679149e-09
4.706702613652498824e-04
8.936294939056465975e-08
7.906236681436156280e-03
6.898928528795444937e-02
0.000000000000000000e+00
0.000000000000000000e+00
1.960283528499071060e-02
2.808764775644468788e-36
1.562977731039247620e-34
3.155599429970105344e-03
1.805371549931170660e-01
1.340740243457603363e-273
0.000000000000000000e+00
3.153556851101553017e-03
1.100182969390157669e-03
5.486705391535682930e-152
6.268883594361864139e-06
1.939174628858989988e-02
6.655042847350693680e-02
0.000000000000000000e+00
3.251171927626723415e-12
5.979789481247930194e-01
2.828668747719584875e-01
1.271598204142508918e-04
0.000000000000000000e+00
0.000000000000000000e+00
3.603781882854677487e-01
0.000000000000000000e+00
3.649308091830320844e-02
1.099766229984327007e-03
2.233076144455392571e-06
6.314409543376738547e-10
0.000000000000000000e+00
5.702832133993986102e-45
2.974739453777217890e-36
2.233073837858536204e-06
0.000000000000000000e+00
3.151624873467308470e-03
0.000000000000000000e+00
1.949526132640319251e-02
2.233073892418483411e-06
4.378691505885921517e-05
8.936294724230046863e-08
3.754759309847972884e-08
4.706014999191891778e-04
3.754759355225612363e-08
5.429808798554048501e-09
7.740691253778283487e-01
8.936294549456016090e-08
2.128869396472970820e-08
2.128869401553547560e-08
3.754759342166905416e-08
4.619533345229278319e-04
0.000000000000000000e+00
6.915142470764346072e-02
4.706226812164546322e-04
5.385185060259030376e-02
0.000000000000000000e+00
7.876950727556915777e-23
2.233074064904614455e-06
3.151829781722415621e-03
2.243747259315881717e-02
4.705809782459258986e-04
7.237484666492417507e-01
1.945207116885762019e-02
9.786538842166547746e-07
3.823116400923173336e-07
5.429808795709540637e-09
5.429808800055316792e-09
2.660697475102577121e-47
4.266560954981895026e-01
1.707012233274412816e-01
6.268883954150366400e-06
4.706241195804469974e-04
9.786538943920554290e-07
4.805164971018076390e-04
3.153417121814703662e-03
5.167856237952492826e-01
0.000000000000000000e+00
6.885921971720669610e-02
0.000000000000000000e+00
4.121581038779501549e-01
5.321051496587727951e-60
1.374991884051875803e-07
8.936294686128268200e-08
2.072333638979293469e-05
4.378721791990319813e-05
4.062391723789057774e-01
3.154605245758961788e-03
3.754759356373029664e-08
5.429808819966874317e-09
7.917590103125487708e-03
3.823116194995165413e-07
8.936295025858304680e-08
3.823116202811695035e-07
8.240743828554965289e-02
7.891529033010970251e-03
1.959040999013913695e-02
1.099980615640187018e-03
3.666459166637195399e-01
5.429808809062926542e-09
5.429808795274962277e-09
5.429808788795804605e-09
4.706306892794860121e-04
3.245775545101885484e-01
1.827003637462749353e-01
0.000000000000000000e+00
6.268875631948380899e-06
0.000000000000000000e+00
6.643695590600585954e-02
3.917710512093478461e-11
0.000000000000000000e+00
5.429808793141581587e-09
6.766220321613918010e-02
8.936294577869799833e-08
6.688498853570590263e-02
9.476657421359306607e-17
4.163955854714652127e-01
3.409516904340997856e-01
3.657918933824816921e-01
1.271044283534976491e-82
6.052564385930934751e-316
3.342047898785393545e-01
1.100425335584179730e-03
7.893061201465868121e-03
1.271597183766409224e-04
8.875207180829319809e-01
0.000000000000000000e+00
3.455717974706921103e-01
0.000000000000000000e+00
1.271550506150034789e-04
6.268872129124570844e-06
1.959830940423626031e-02
9.556251523397042911e-11
1.803135902622426137e-05
2.233075042987018426e-06
1.100205094097179417e-03
9.786539455610063938e-07
1.956186343737423977e-02
1.952756656239621608e-02
1.271562702269270033e-04
0.000000000000000000e+00
0.000000000000000000e+00
0.000000000000000000e+00
7.911478063874826869e-03
1.302660723911137451e-192
8.936294829042451681e-08
4.986836460226505074e-10
3.153327210468536736e-03
0.000000000000000000e+00
0.000000000000000000e+00
1.782098935528171058e-01
9.786536631206780461e-07
1.803133151299468902e-05
1.271516759590292725e-04
3.048064273009981617e-01
4.378706749316470232e-05
2.233075140896018009e-06
6.268866034764977958e-06
5.429808805309755813e-09
6.773294943025562342e-02
8.936294509273593635e-08
0.000000000000000000e+00
8.936294771694722585e-08
4.914513097751756904e-02
3.042923994797184627e-03
4.279259493188957153e-01
1.141356136041059767e-121
1.945956186493053366e-02
0.000000000000000000e+00
6.855166957801037131e-02
4.706877723641557745e-04
1.099847156471933651e-03
4.378692923969835566e-05
0.000000000000000000e+00
7.882975899985225632e-03
1.937638627935403882e-02
8.936295022477258851e-08
2.233072633120650095e-06
5.880235244885507138e-35
1.803131678214082997e-05
9.680268100167943230e-10
1.010335193748041855e-235
1.419699096039425082e-12
0.000000000000000000e+00
4.706187059137260866e-04
0.000000000000000000e+00
7.882685250054467102e-03
0.000000000000000000e+00
6.754094846619564108e-02
6.904871879644554344e-02
7.909912095215396177e-03
6.747298180241848020e-02
1.803131669148502137e-05
0.000000000000000000e+00
0.000000000000000000e+00
7.029168101896685367e-08
0.000000000000000000e+00
4.847076196857400030e-09
1.803141485585888808e-05
7.178369149005015374e-279
1.100035069252256349e-03
1.803131587741946718e-05
4.378669949352946182e-05
8.936294549260956314e-08
3.823116398336208190e-07
2.233073861109067139e-06
2.128869410289661413e-08
5.429808805033206173e-09
2.128869402188619777e-08
8.936294559599150930e-08
3.754759355252931823e-08
1.803145957899170509e-05
2.128869402111171849e-08
1.803139008859965052e-05
3.150581867698024931e-03
6.748432584584637683e-02
0.000000000000000000e+00
2.233076067099773237e-06
1.866884872660324324e-01
1.752907904860041277e-01
5.019353177559923163e-01
4.329382644994703155e-01
0.000000000000000000e+00
4.435928891799995610e-01
1.997474468049325212e-34
8.936294635802709581e-08
0.000000000000000000e+00
5.429808820085396064e-09
3.386563524059021242e-62
4.845087103562597378e-29
0.000000000000000000e+00
4.378662041410474485e-05
8.936294617076920759e-08
1.885570427737351396e-01
0.000000000000000000e+00
2.128869406262375106e-08
5.429808804282572028e-09
4.113850895388999063e-01
4.055029847623181083e-01
1.099847252837335854e-03
4.171775186664908874e-01
1.271586543929134107e-04
4.778112247947632446e-05
3.150481233305819223e-03
1.100466966882403383e-03
6.252258029332444789e-01
4.706823714584061256e-04
1.100369087140266921e-03
0.000000000000000000e+00
3.823116382063360608e-07
3.063497337776863172e-01
3.153478782355946877e-03
2.233072913572939176e-06
1.957935448788835492e-02
7.897092156299342913e-03
1.271579047630568764e-04
3.754759351564803463e-08
4.378717137144150516e-05
6.268878490731343418e-06
2.233073654128980027e-06
4.079373116904776997e-01
9.786540134848378380e-07
7.399022349279887022e-04
2.233072871670007941e-06
5.744367155186416163e-01
1.937942976610465204e-02
2.233073983958314038e-06
0.000000000000000000e+00
1.864445034616278862e-01
9.786536932053933081e-07
6.750575427265416520e-08
5.429808817280394346e-09
8.936294829237512781e-08
1.959867004300687790e-02
1.549619319366805686e-292
0.000000000000000000e+00
0.000000000000000000e+00
0.000000000000000000e+00
1.369687415781657910e-07
5.429808792944045893e-09
0.000000000000000000e+00
1.100472444979680832e-03
4.018770428956188745e-01
5.429808798712077221e-09
3.972880700611425842e-01
4.378738406727756692e-05
3.152775380400569139e-03
2.416414188014490680e-53
6.664043625265110571e-02
2.128869408337976404e-08
2.584799648048420953e-02
3.100772593066140614e-01
3.823116255274239164e-07
8.936294588858196792e-08
4.706272043866784180e-04
8.936294824621085280e-08
3.611643072931707048e-10
8.936294764152389175e-08
1.870917372043097993e-01
4.378667836686463860e-05
2.647230633643912756e-01
3.154691370494086631e-03
3.152746095471350984e-03
0.000000000000000000e+00
1.949355329098795622e-02
2.128869410320640651e-08
4.509225708193970975e-04
5.231748564756965036e-01
5.429808814119829043e-09
7.909441223928528192e-03
0.000000000000000000e+00
2.233073570144365652e-06
0.000000000000000000e+00
4.160277780658337005e-03
1.793124043391101652e-01
1.028121560324174789e-76
7.899913801971962524e-03
4.706485570378914508e-04
0.000000000000000000e+00
9.786538443766513182e-07
3.151328997609117392e-03
1.949749182802095610e-02
1.099760937947919827e-03
6.055019689370948247e-17
1.722096303465420475e-01
4.705846787896907080e-04
2.000848776589391686e-240
3.723248236127383116e-14
5.429808793694680039e-09
5.429808809102432689e-09
6.268871633458466045e-06
0.000000000000000000e+00
0.000000000000000000e+00
4.706066755352539157e-04
3.823115973573193761e-07
1.271599414113516854e-04
7.885061360505395134e-03
2.789784704229333636e-09
3.768360318193599569e-76
6.268877816447790977e-06
7.915636879424821359e-03
4.155851338447069110e-01
2.386254444215308301e-01
7.889116510410005764e-03
4.214397610476621758e-01
5.060706426676429004e-01
3.155563128363297540e-03
6.268872624973163810e-06
0.000000000000000000e+00
7.259144256551964061e-130
1.565202876348263021e-04
4.706714229591862095e-04
7.917703538278687142e-03
9.786539754605934996e-07
1.235869394117406483e-01
1.949039838204742053e-02
0.000000000000000000e+00
2.128869394707160573e-08
2.233072799188825203e-06
0.000000000000000000e+00
1.740365795619277175e-19
3.754759348423064294e-08
2.128869409468714434e-08
3.823116334913829582e-07
9.709157226728735769e-42
3.754759330419533849e-08
2.128869399989101860e-08
5.429808815147012829e-09
6.268877817724930314e-06
5.429808795195948331e-09
5.429808812618560751e-09
1.950267862058118265e-02
8.936294541718624227e-08
1.100371824732930331e-03
1.813370083432284119e-01
4.705725991111351530e-04
3.754759356017876690e-08
3.754759351837997397e-08
2.233073407959344482e-06
2.233076020679904133e-06
