3.165357994656979312e-01 -2.284256624427780658e-01
3.108703765543330277e-01 -1.363390832207935777e-01
3.388980210542062999e-01 -6.855232792519782015e-01
3.301066770599107025e-01 -4.836551571885292500e-01
3.252119698354427602e-01 -3.947159753032127849e-01
3.160892269519034459e-01 -2.242655011158536382e-01
3.180883440212663449e-01 -2.156831613050986807e-01
3.135470194619995876e-01 -1.675930256323041601e-01
3.118880175004443145e-01 -1.185360537597526243e-01
3.131145595954502037e-01 -1.421975060131048796e-01
3.122331707730721662e-01 -1.524676872931296501e-01
3.093430722579080250e-01 -6.153617812731715375e-02
3.217846451509851491e-01 -3.066752897749052131e-01
3.144796360903761023e-01 -1.430100955979975996e-01
3.087002431205052022e-01 -9.078125293702221654e-02
3.043093492155461433e-01 -1.340363891187656975e-02
3.077548466169326979e-01 -1.268370109427219283e-01
3.045536724368783088e-01 -9.199022338064377635e-02
3.110087576114169972e-01 -1.173309614326918382e-01
3.135470194619995876e-01 -1.675930256323041601e-01
3.071730407771418037e-01 -7.910224773434992862e-02
3.171662022806993608e-01 -2.018888824421030126e-01
3.200074406600644239e-01 -2.562901756236544148e-01
3.163206698364175451e-01 -1.912000101490500814e-01
3.112791969331376030e-01 -1.335327577400822197e-01
3.148999956278906165e-01 -2.021135158725544390e-01
3.182921021050524324e-01 -2.444768796839993374e-01
3.167386323570489104e-01 -2.860343815326105155e-01
3.077548466169326979e-01 -1.268370109427219283e-01
3.460899128940664315e-01 -8.251391670615119134e-01
3.231578287167117258e-01 -3.540968264065165183e-01
3.015575420329791867e-01 -2.542461913898330650e-02
3.192717795370780820e-01 -2.785355407520406779e-01
3.089199809383950113e-01 -1.080949784124360935e-01
3.271931395489152128e-01 -4.605731481634154356e-01
3.251777462580407452e-01 -3.686858893217068722e-01
3.200074406600644239e-01 -2.562901756236544148e-01
3.301066770599107025e-01 -4.836551571885292500e-01
3.162623118427054236e-01 -1.872962184328061941e-01
3.424114962872965018e-01 -7.179762732945605963e-01
3.200074406600644239e-01 -2.562901756236544148e-01
3.071730407771418037e-01 -7.910224773434992862e-02
3.118880175004443145e-01 -1.185360537597526243e-01
3.162543420414686279e-01 -2.060827458775560395e-01
3.143096060460086050e-01 -2.145083719440636916e-01
3.180301842906648191e-01 -3.173436169894521264e-01
3.144796360903761023e-01 -1.430100955979975996e-01
3.180852294298532335e-01 -3.281290793085420709e-01
3.180883440212663449e-01 -2.156831613050986807e-01
3.171662022806993608e-01 -2.018888824421030126e-01
3.209407654388483633e-01 -3.374739495041818582e-01
3.015575420329791867e-01 -2.542461913898330650e-02
3.195822656982998944e-01 -3.134794995635374892e-01
3.251777462580407452e-01 -3.686858893217068722e-01
3.221077708451864363e-01 -3.171987919135785816e-01
3.287535405699932856e-01 -4.453811624547823200e-01
3.222980468292048761e-01 -2.979322325155917550e-01
3.273892897314960582e-01 -5.298682473349332067e-01
3.140348761286391177e-01 -1.786276596871623212e-01
3.138012569086847670e-01 -1.616084313156753716e-01
3.173123038329716539e-01 -2.333418867138878916e-01
3.251777462580407452e-01 -3.686858893217068722e-01
3.093430722579080250e-01 -6.153617812731715375e-02
3.205279699589863585e-01 -2.736206831316290167e-01
3.180883440212663449e-01 -2.156831613050986807e-01
3.424114962872965018e-01 -7.179762732945605963e-01
3.271931395489152128e-01 -4.605731481634154356e-01
3.221757770840631974e-01 -3.078466401632480309e-01
3.193563742721597376e-01 -2.696613811619832379e-01
3.229697978196803820e-01 -3.420987830863990720e-01
3.104214705770015903e-01 -6.282877387908158973e-02
3.144796360903761023e-01 -1.430100955979975996e-01
3.113122847371847524e-01 -1.425242023598849439e-01
3.154859183516557364e-01 -2.008066034772557629e-01
3.221757770840631974e-01 -3.078466401632480309e-01
3.014899887262835199e-01 -3.244658396741595396e-03
3.152594696326357360e-01 -2.120592432939880645e-01
3.143096060460086050e-01 -2.145083719440636916e-01
3.098789854973214020e-01 -9.633729283926162346e-02
3.200074406600644239e-01 -2.562901756236544148e-01
3.248030691018773397e-01 -3.933670866248355491e-01
3.302443572913486003e-01 -4.481165763124184132e-01
3.148674436791127906e-01 -1.897575469800818482e-01
3.173402856572575259e-01 -2.875201534798910163e-01
3.079130995848611829e-01 -1.629065111817307177e-02
3.209407654388483633e-01 -3.374739495041818582e-01
3.209407654388483633e-01 -3.374739495041818582e-01
3.071730407771418037e-01 -7.910224773434992862e-02
3.217846451509851491e-01 -3.066752897749052131e-01
3.248030691018773397e-01 -3.933670866248355491e-01
3.173402856572575259e-01 -2.875201534798910163e-01
3.269599538519589732e-01 -4.148590320433400702e-01
3.239235641033743618e-01 -2.734773799113072723e-01
3.171662022806993608e-01 -2.018888824421030126e-01
3.115959713372406514e-01 -1.369075025314376859e-01
3.277454140913790837e-01 -4.350438359884145623e-01
3.210892595022760698e-01 -2.647731735402694131e-01
3.173212803306438290e-01 -2.505906506346033957e-01
3.131433022535445865e-01 -1.648449172151542630e-01
3.034162986043709709e-01 -1.544337881583945915e-02
3.195822656982998944e-01 -3.134794995635374892e-01
3.213693327762174867e-01 -2.948113003269130505e-01
3.135051412384556868e-01 -2.460086655368631803e-01
3.205376612211899290e-01 -3.242353754993587689e-01
3.162623118427054236e-01 -1.872962184328061941e-01
3.120276067004746356e-01 -1.523522138835669004e-01
3.028473441921133436e-01 -2.631406813367753728e-02
3.162623118427054236e-01 -1.872962184328061941e-01
3.049267642291310088e-01 -4.181780137910262596e-02
3.243103533681331863e-01 -3.888839937295860416e-01
3.173212803306438290e-01 -2.505906506346033957e-01
3.144796360903761023e-01 -1.430100955979975996e-01
3.252119698354427602e-01 -3.947159753032127849e-01
3.129603425451481513e-01 -1.596722248748545514e-01
3.320109031209823036e-01 -5.561092098308576537e-01
3.144796360903761023e-01 -1.430100955979975996e-01
3.168916497274816835e-01 -2.298790069874123709e-01
3.215036541953875671e-01 -3.158512122695651403e-01
3.205926606571687376e-01 -2.596312726681853089e-01
3.167386323570489104e-01 -2.860343815326105155e-01
3.264901253755462807e-01 -3.865667540622121923e-01
3.393136402292954990e-01 -5.991545619406949408e-01
3.173402856572575259e-01 -2.875201534798910163e-01
3.163206698364175451e-01 -1.912000101490500814e-01
3.110087576114169972e-01 -1.173309614326918382e-01
3.277454140913790837e-01 -4.350438359884145623e-01
3.015575420329791867e-01 -2.542461913898330650e-02
3.152973372632097981e-01 -1.905532815889647846e-01
3.239287427147980458e-01 -3.345673611738257947e-01
3.093430722579080250e-01 -6.153617812731715375e-02
3.086047164225887429e-01 -6.894635686729611024e-02
3.388980210542062999e-01 -6.855232792519782015e-01
3.034162986043709709e-01 -1.544337881583945915e-02
3.264901253755462807e-01 -3.865667540622121923e-01
3.221757770840631974e-01 -3.078466401632480309e-01
3.134925255516490261e-01 -1.362396933858220915e-01
3.286748331025858283e-01 -4.732635642368795414e-01
3.248030691018773397e-01 -3.933670866248355491e-01
3.302443572913486003e-01 -4.481165763124184132e-01
3.141060123654765279e-01 -1.436852722995329845e-01
3.213693327762174867e-01 -2.948113003269130505e-01
3.077548466169326979e-01 -1.268370109427219283e-01
3.077548466169326979e-01 -1.268370109427219283e-01
3.195822656982998944e-01 -3.134794995635374892e-01
3.136762699677091981e-01 -1.761762322865343400e-01
3.205279699589863585e-01 -2.736206831316290167e-01
3.205279699589863585e-01 -2.736206831316290167e-01
3.230389504350199004e-01 -3.137373957471278896e-01
3.118880175004443145e-01 -1.185360537597526243e-01
3.200074406600644239e-01 -2.562901756236544148e-01
3.301066770599107025e-01 -4.836551571885292500e-01
3.118880175004443145e-01 -1.185360537597526243e-01
3.125001889905880681e-01 -1.675039266397380100e-01
3.217846451509851491e-01 -3.066752897749052131e-01
3.220193891574509304e-01 -3.175377176271081403e-01
3.141060123654765279e-01 -1.436852722995329845e-01
