2.194429572724434507e-01
2.608561078417511725e-01
1.840847016996530749e-01
2.007656151577283388e-01
2.036798781749261933e-01
2.075657732203259054e-01
2.068504521784315375e-01
2.174354470955112417e-01
1.822257592917148616e-01
1.849806446134014959e-01
2.371873080651507038e-01
2.075657732203259054e-01
2.089119299645566252e-01
2.070246333504411895e-01
2.461850790554196422e-01
1.840539541401225720e-01
2.196890331693954757e-01
2.604659490307499325e-01
2.068504521784315375e-01
2.068504521784315375e-01
2.244724299291484260e-01
1.811740036189287695e-01
1.840539541401225720e-01
1.767746335226929588e-01
2.608561078417511725e-01
2.461850790554196422e-01
2.196890331693954757e-01
1.929529644622096085e-01
1.859955420131736425e-01
1.932795827040353354e-01
2.420733558016464337e-01
1.669191794371323312e-01
2.087842261980432657e-01
1.942916531921640710e-01
2.138288098590369612e-01
2.244724299291484260e-01
1.827701110509178661e-01
2.286097849451650954e-01
2.105457571266748651e-01
2.068504521784315375e-01
2.359429800103919894e-01
1.956706078829389406e-01
1.822257592917148616e-01
1.900827546353553998e-01
2.027834857730392848e-01
2.286097849451650954e-01
2.291302795185677643e-01
1.676647709601944702e-01
2.134369933233280225e-01
1.840847016996530749e-01
2.489587612562783603e-01
2.138288098590369612e-01
1.957877535443240669e-01
2.087842261980432657e-01
1.676647709601944702e-01
1.676647709601944702e-01
2.076210196258421181e-01
2.328304153258458353e-01
2.277855203726655564e-01
1.941135244264286519e-01
2.138288098590369612e-01
1.676647709601944702e-01
1.674966126555358370e-01
2.134369933233280225e-01
2.089119299645566252e-01
2.105457571266748651e-01
2.028179830555071061e-01
2.075657732203259054e-01
2.087842261980432657e-01
1.676647709601944702e-01
1.990383360225131404e-01
1.926063570176958228e-01
1.742686326419864706e-01
2.075657732203259054e-01
1.917095269109586053e-01
2.138288098590369612e-01
2.608561078417511725e-01
2.357208322541311796e-01
2.075657732203259054e-01
1.669191794371323312e-01
1.956040733186850122e-01
2.608561078417511725e-01
1.721088935773336104e-01
1.439524695562319767e-01
1.463442055975974487e-01
2.244724299291484260e-01
1.811740036189287695e-01
1.767746335226929588e-01
1.935982475974742656e-01
1.952668071484266188e-01
2.371873080651507038e-01
1.952493310305440377e-01
2.459359618676499049e-01
1.951043609423947500e-01
1.565878917964229067e-01
2.001225078290778947e-01
1.894311528652640741e-01
1.849806446134014959e-01
2.196890331693954757e-01
2.489587612562783603e-01
1.953126130609989519e-01
2.420733558016464337e-01
1.439524695562319767e-01
2.001225078290778947e-01
1.941135244264286519e-01
2.235293147643944989e-01
2.291302795185677643e-01
2.328304153258458353e-01
2.489587612562783603e-01
2.357208322541311796e-01
2.357208322541311796e-01
1.811740036189287695e-01
1.811740036189287695e-01
