0.000000000000000000e+00
0.000000000000000000e+00
0.000000000000000000e+00
0.000000000000000000e+00
0.000000000000000000e+00
5.412727916319351320e-93
0.000000000000000000e+00
4.419341153901843696e-234
0.000000000000000000e+00
5.554218795785663059e-160
6.477200616978742194e-321
0.000000000000000000e+00
0.000000000000000000e+00
3.673954584749362151e-35
0.000000000000000000e+00
0.000000000000000000e+00
0.000000000000000000e+00
2.579999353616145053e-248
2.208517278419865713e-14
2.714432889165355555e-05
8.554616228555428359e-02
4.307781296575354559e-11
4.705477377453893491e-07
1.301278919196471711e-56
2.313340749255564933e-05
3.617785643646732607e-01
1.175347530725247879e-67
4.194231221172406432e-01
1.406075730601555884e-01
1.477486147056331356e-01
2.719215160940679499e-01
8.162498133990488916e-05
1.614697576811394957e-06
1.752272177989188662e-01
2.797808343910284101e-01
3.250957019187750152e-01
1.391768128406347532e-02
2.098725635663037415e-66
3.562626142965342191e-01
0.000000000000000000e+00
8.703808994495573076e-03
1.587872975775788260e-12
0.000000000000000000e+00
6.771967014260299456e-01
3.874172998579401839e-02
4.407753176414329176e-07
3.635008855843172015e-01
1.578291701160388083e-01
1.136100978389732970e-13
3.529093611008208244e-40
1.853705746717022220e-05
8.479494720245179806e-01
1.470643986542791160e-01
2.035472909307304568e-01
1.589422990334882491e-01
4.761364947023127153e-02
7.886372458552412534e-02
1.511631882791173165e-01
1.210522895685133646e-06
5.821012526683694288e-01
6.193527910512259815e-01
2.418010800491264198e-02
1.826210318583802172e-01
2.712123496895388897e-01
0.000000000000000000e+00
5.504165814436201088e-04
1.398969275359847608e-01
2.239788156472534893e-58
2.353587751265587627e-02
1.787762167603803021e-01
3.504227382837227234e-01
2.552264046151401233e-01
4.891335083991484341e-268
3.244251147982532843e-07
1.176500514064486251e-08
7.120157296968796512e-01
6.162513348948249758e-01
5.162377927345846995e-01
2.820513945511407550e-01
2.032946496116712354e-01
2.399178250441725418e-02
1.587668923531073695e-01
1.704033524536212318e-02
2.888990731641892240e-01
4.243546024428823671e-01
7.916132118022871367e-02
0.000000000000000000e+00
4.205878932479377164e-01
1.487401252146050290e-01
5.472020323260353760e-22
4.853976464634596828e-04
0.000000000000000000e+00
4.846292792532756527e-04
1.236165069168391833e-04
2.739019563781373956e-05
4.260181383132251439e-04
2.705089608001015611e-01
4.851805133336239127e-04
1.236216800369566789e-04
6.243178041598667877e-10
4.729918192141496129e-04
4.855800300028563152e-04
8.430903460397907415e-05
2.737892907525457347e-05
7.421729188931574681e-22
1.108102977539579519e-05
1.421493457171453179e-06
1.235961958805119115e-04
2.737865933933343718e-05
1.526949306413581120e-01
0.000000000000000000e+00
1.235816533916058162e-04
8.430735418403369587e-05
2.300935668364519158e-03
2.738013947969488929e-05
1.842218930091620854e-01
1.235258844379369305e-04
1.235665992347533188e-04
7.568306428185526125e-01
2.302046560607922798e-03
2.297527673523053898e-03
2.739193941840478678e-05
4.845561714357562435e-04
4.855665335331568831e-04
1.735517917081305928e-01
1.839662649126316274e-01
2.738162993777643549e-05
2.737534104519394175e-05
2.737435314812302804e-05
4.256170729401748836e-04
1.081752795270584817e-06
1.081821920396631713e-06
2.332985975497001366e-65
1.081832224020474653e-06
1.081756856609102607e-06
0.000000000000000000e+00
6.003499225378807784e-06
1.421493172761299526e-06
6.003309675855450999e-06
1.421479018781227148e-06
1.421547153920212904e-06
2.303638241325185743e-03
7.682050060614493622e-03
1.421580733834870997e-06
8.433112076880493928e-05
1.081801220091133483e-06
1.081756204971873653e-06
1.421596529890551256e-06
7.720390046191709030e-03
1.635992328100085037e-03
1.081778018337571269e-06
1.081843349842331680e-06
0.000000000000000000e+00
2.976786899017922101e-03
4.613113991884936448e-03
2.738015210740691636e-05
7.709975701525638999e-43
2.826539609015157883e-02
1.330608835180763149e-31
1.166774278058751030e-01
8.782088349841047625e-269
7.755431337214147361e-03
0.000000000000000000e+00
5.118927332056087032e-52
1.172581312687473627e-02
1.596255329786874511e-01
1.212312910399023225e-01
1.278440985989066081e-01
2.739004670711825220e-05
6.831246344995463932e-06
2.798159338823461868e-10
3.341833545692907137e-01
4.242648806065462229e-291
1.599120371623626857e-01
1.588512333811191723e-01
3.419190929473407667e-17
2.806131037033257614e-01
2.303975482057088464e-03
4.855164772509121479e-04
2.739302840945491362e-05
3.753033054299178550e-01
4.843936625951968718e-04
4.849207551595460190e-04
4.849789695804830169e-04
4.771472816911001232e-119
2.438114680582732785e-02
2.324434874667668724e-02
2.844315253807924938e-67
1.421527906211396208e-06
6.003127902886891732e-06
7.355642060999094400e-02
0.000000000000000000e+00
4.608228605463596250e-01
1.527036723299485810e-01
2.738881113330604981e-05
1.421535068687457881e-06
1.421589378989731403e-06
1.081746999284139824e-06
2.738627331489504386e-05
1.475952666557069993e-12
1.107936392117246020e-05
1.081916717846587347e-06
0.000000000000000000e+00
7.141850999599425520e-04
3.141349589970661503e-04
1.081783143132908478e-06
9.632182138264983040e-01
8.691954662085150940e-02
0.000000000000000000e+00
2.307423562607730221e-03
2.301426375287252742e-03
1.949944266088200792e-15
2.739000223028524190e-05
0.000000000000000000e+00
6.003849741249540914e-06
4.450266827480577228e-146
4.578355912453308213e-04
0.000000000000000000e+00
1.615073817504768857e-96
0.000000000000000000e+00
4.595084227997014971e-07
5.325488887929505834e-22
2.019389811760768913e-69
1.197182738760371318e-01
1.287847444090851022e-02
1.554033417640333092e-01
5.340907781550032772e-287
1.532651765825751588e-25
6.440207865346720588e-04
5.472555647665939575e-64
7.522500135156726109e-02
0.000000000000000000e+00
0.000000000000000000e+00
1.658196727876539989e-01
0.000000000000000000e+00
4.436126953546703361e-02
1.864847896874869126e-01
5.923909430962777606e-04
4.757202818576702213e-02
4.054149008143962665e-04
1.986894075549148597e-06
2.337658078907464917e-109
4.405423990949883228e-11
1.108505840780306569e-02
0.000000000000000000e+00
5.113918488289669460e-49
1.081752691721402691e-06
4.258577062750977852e-04
7.461176685075714132e-02
6.003869822064601751e-06
0.000000000000000000e+00
1.062403264599506008e-111
1.081877600636720622e-06
2.420780880176955085e-02
3.112743492927069755e-01
2.797574263756835711e-01
2.491858023883740262e-04
2.379638205647203325e-02
1.421583240311468681e-06
5.963455380478668855e-02
4.855402428608257591e-04
1.635458755223150300e-03
2.357515523598070659e-57
9.477054238860767778e-75
1.236009724667380997e-04
3.943300791423642853e-26
2.296633101884484104e-03
2.738023747490714879e-05
1.081865666858142989e-06
1.081766080924648217e-06
4.257286467731179734e-04
1.107870847983417950e-05
2.739137186570683282e-05
4.254326906803116651e-04
4.854708430213299343e-04
0.000000000000000000e+00
2.738396603489660992e-05
0.000000000000000000e+00
8.865992971429147313e-80
1.421544051322516570e-06
1.485431645277259516e-01
6.003480294553475974e-06
3.229051117978494201e-01
4.234502969792419452e-04
1.081807615932303067e-06
1.108081172427953234e-05
7.845198904601388690e-02
4.636532229570091731e-16
7.677516778551165058e-03
1.100176205745802549e-01
2.336100413875129636e-02
2.739041994672928402e-05
1.081896082119229359e-06
1.843323766207312087e-01
6.003316249732011535e-06
1.081786658703261864e-06
9.602052456530871024e-176
1.108079742369694160e-05
4.256119397324167213e-04
1.081742652878963848e-06
1.150711478397398084e-64
0.000000000000000000e+00
0.000000000000000000e+00
2.300680767934547375e-03
8.430170486539439610e-05
0.000000000000000000e+00
7.816528301616283703e-02
0.000000000000000000e+00
1.107858570816687432e-05
3.225095767493594834e-01
0.000000000000000000e+00
7.444183857291104822e-02
3.364308372994239682e-01
1.081755385567864872e-06
0.000000000000000000e+00
1.421597788743785872e-06
1.066960069394362193e-01
2.325062851184351437e-02
3.827122323942394044e-01
7.496191902413019970e-02
1.144687380797854986e-23
2.320855789346531213e-08
2.120619984591520774e-120
2.802297132129298943e-02
2.981425069747773824e-72
2.051302756776691952e-22
0.000000000000000000e+00
5.714145685673084679e-94
9.028201171234861888e-238
4.257450875038215686e-04
8.621547599084180295e-16
1.041386040849579537e-53
1.094406556250593909e-01
1.121307878935818153e-01
1.081882420897888528e-06
2.582239349295538666e-01
0.000000000000000000e+00
4.661358708239733417e-01
2.795884792548451468e-05
0.000000000000000000e+00
1.081879810766025042e-06
3.058715746752615192e-04
1.606158401186071616e-01
1.474043002810584702e-01
6.204299417055051620e-201
8.251344176602034115e-305
1.108007397196649057e-05
2.606085055249338645e-01
0.000000000000000000e+00
0.000000000000000000e+00
8.645032442765551826e-26
1.431566606120430918e-17
0.000000000000000000e+00
1.216548147773802754e-21
1.835024041115863933e-22
1.650043265442369678e-01
4.853052768084571808e-04
1.421564858596800646e-06
1.302371085959052525e-07
2.272461949530470426e-01
1.236013116351888843e-04
0.000000000000000000e+00
0.000000000000000000e+00
1.633133848289960131e-03
0.000000000000000000e+00
7.638752240285529016e-02
1.421575067009652312e-06
7.423896174664144920e-02
0.000000000000000000e+00
1.081837141079663564e-06
0.000000000000000000e+00
1.081783969303340432e-06
8.411721756712614847e-63
9.124355011347481465e-36
1.931838932721525524e-17
2.976804143352896337e-01
1.036447325578417934e-02
4.852718961855478192e-04
3.550467661749866499e-01
2.331405636414032137e-17
6.994951266984176689e-24
8.431115339895533525e-05
2.737529292911866969e-05
2.354579466120807971e-02
1.780756746905257723e-76
1.683856176631399332e-02
8.429141864991438740e-05
4.377772165990383851e-02
0.000000000000000000e+00
2.303544983326125204e-03
4.843425078890602545e-04
4.853421762916053806e-04
4.256305480515240602e-04
4.261707805006576151e-04
4.851855628574144419e-04
1.730258797943127842e-266
3.319412433715723095e-49
1.421539140868614671e-06
0.000000000000000000e+00
2.304307571580484562e-03
2.801486120717923845e-79
1.421492889133775305e-06
8.430167395429679418e-05
2.738141286537685648e-05
2.561458029024135476e-12
1.107853364126985819e-05
6.003729662045103689e-06
3.055894266509851520e-01
3.857282312491874254e-01
3.984491291271560209e-01
1.638822190625247206e-03
8.431572459573160965e-05
1.154014475422167341e-01
1.107886775674790834e-05
2.304034956319206493e-03
4.854450206348647325e-04
4.260198910465199632e-04
2.737499315151379313e-05
1.081813603279371442e-06
2.414294140178048151e-02
6.003232769587648737e-06
7.693171094037692948e-03
1.107998359996992400e-05
6.003496039728758265e-06
1.632740228212484863e-03
2.738010151496791556e-05
2.299786507454898259e-03
2.738492666981399043e-05
8.431502471095207014e-05
8.429379214987237729e-05
2.406148541087747492e-02
7.484007395017701347e-02
2.408334085970396249e-02
1.081855346688677365e-06
2.298325166147915672e-03
2.739345928148350796e-05
1.399183144906370191e-01
5.265880951698250767e-01
6.259636033676859216e-88
1.491819251127207147e-01
4.853220149082943251e-04
1.351374037218975566e-106
6.578371993047793655e-08
1.765997956454751494e-01
7.696920350045071378e-03
1.158048873570291228e-07
6.912553822934121121e-03
0.000000000000000000e+00
2.309211668941707398e-03
7.578105591760743442e-02
1.559627898433467441e-01
1.469539662957752291e-01
4.849031564441553892e-04
1.243257235867898237e-04
3.081806590853449768e-01
9.158800399107566490e-43
7.094601387668219000e-04
2.390509668868457532e-02
1.338148500712699543e-02
0.000000000000000000e+00
1.235994546411479781e-04
0.000000000000000000e+00
2.738300164671116766e-05
1.108046306909368927e-05
1.081863081136773143e-06
7.046155330395208760e-247
1.235341789406832751e-04
1.305323856344632605e-01
1.633131330900624298e-03
7.660705553940072056e-03
2.831134554727304658e-09
3.785768489879753852e-08
7.000125971529500002e-02
3.525787887792666797e-13
1.386135698038106212e-01
2.132549841913457950e-02
5.106702298630113601e-01
1.502935165544761907e-25
3.139799332759311001e-01
3.021416398836610506e-01
7.897777891065773071e-08
0.000000000000000000e+00
6.003395699326350518e-06
8.435029826591510329e-05
7.680836436113917800e-24
1.081027655708185094e-150
6.156842468208485232e-135
0.000000000000000000e+00
3.309515102627496597e-01
3.680155878252253099e-01
1.421541863954665203e-06
2.793441620088623623e-01
1.824151678669854587e-02
4.255733520386296379e-04
0.000000000000000000e+00
7.901361791509955811e-92
2.463797117533793343e-67
1.079741009802365545e-105
1.421501194115019193e-06
2.739075268891854781e-05
7.397576518999440798e-02
0.000000000000000000e+00
4.842818758981697297e-04
3.454750962813302184e-01
1.639423940260042014e-03
2.010483633290540632e-258
1.584007556230738849e-53
1.081806836112259587e-06
2.308897255720691877e-03
0.000000000000000000e+00
1.236112008758343374e-04
7.669960821211487673e-03
1.235624081127704326e-04
0.000000000000000000e+00
1.081742212452669628e-06
0.000000000000000000e+00
4.263413009332286431e-04
1.108028156195227844e-05
1.235532914017627062e-04
2.298669423736824854e-03
6.714870556926384765e-26
3.512688084928753349e-13
4.847303198662965382e-04
2.737394183876678771e-05
1.421600582124562618e-06
1.235385677800216158e-04
7.417247170811633317e-02
4.852762359771548429e-04
1.236249412741985800e-04
2.329912815730405401e-02
1.633612834628534903e-03
6.003278941241354762e-06
1.081797189488406218e-06
1.635367301369845512e-03
2.737687872451995361e-05
2.348569770319441571e-02
4.849357704632329042e-04
8.434702906537168876e-05
2.737397598793288420e-05
8.433674794679622724e-05
4.845519414681835808e-04
1.584498617484759175e-01
1.632404997450150963e-03
1.421503498551678541e-06
4.258473080156891574e-04
4.088319899360449601e-57
0.000000000000000000e+00
7.680060670391393278e-03
6.695946292961407354e-133
1.081749082373772889e-06
1.081905507934407504e-06
0.000000000000000000e+00
2.766943404652696557e-04
1.421487686250887852e-06
1.000000000000000000e+00
9.990238219798965869e-01
0.000000000000000000e+00
2.738815810617971504e-05
1.637552379064332242e-03
1.800104752672757602e-01
1.236009645370666403e-04
7.755509851189500235e-04
1.836952577896090455e-01
1.937454067087743794e-308
0.000000000000000000e+00
2.739143493871464119e-05
3.706021906657189164e-15
4.263638278480631825e-04
5.563444724614193970e-135
3.891712255101069933e-13
0.000000000000000000e+00
1.274849414914018270e-52
7.788821408036785850e-18
0.000000000000000000e+00
0.000000000000000000e+00
2.296496039160557476e-03
7.852243066679238936e-02
1.460535690890820444e-26
1.631470181115351331e-03
8.026342982196827799e-33
1.107871162487175629e-05
4.468378417823960789e-13
0.000000000000000000e+00
0.000000000000000000e+00
2.936477923002371315e-01
1.421543401847696450e-06
2.475892019069763361e-01
0.000000000000000000e+00
7.528075261656219047e-142
1.081902525285849182e-06
2.371932933738976970e-02
1.421569618758660710e-06
8.564513746069442012e-69
1.633293895983530713e-03
8.435389564549065813e-05
8.430526867706155606e-05
2.376933072888995011e-02
1.605075525682236048e-01
4.607296774436716452e-03
1.291283564176062358e-173
3.701197883859319027e-01
2.836285797404487080e-02
0.000000000000000000e+00
2.507240982922620157e-53
2.697486578066125313e-170
1.653453895220035621e-18
0.000000000000000000e+00
1.238895020768144423e-03
4.261200336527662218e-04
1.637670889336356869e-03
9.800675702955811974e-02
1.473885105008701188e-44
0.000000000000000000e+00
2.053251007724919974e-01
4.980787016819272795e-241
6.351627242069730076e-46
1.997283177821865273e-57
2.650842744565542324e-177
0.000000000000000000e+00
0.000000000000000000e+00
2.738855844923817652e-05
3.661942465238317013e-01
1.744839355651114872e-13
9.869517702644483400e-07
2.231208524307198017e-06
1.501829017763712804e-01
0.000000000000000000e+00
3.434925480380521884e-309
1.485877135705943319e-01
8.432573531781469727e-05
2.318952480929892604e-02
8.453380057327026728e-03
1.713356566815076032e-01
0.000000000000000000e+00
7.670567949918752695e-03
7.704184100369184524e-03
7.662724679365435533e-03
1.506023030268387741e-01
1.235933934326271827e-04
2.298130542796224859e-03
3.504810327194635594e-222
1.639963183372617362e-03
6.598624021604375389e-06
1.421547090322570474e-06
4.622887621779596667e-01
3.714000997096739720e-71
5.697925972490927027e-01
9.181399394659600643e-01
2.739179046786714944e-05
4.004122670690574148e-01
1.421584413692790758e-06
8.349627418752858868e-03
1.924961649994984475e-04
3.402929137082104497e-83
8.938407827558307590e-08
1.081790367748196758e-06
3.607146559070504571e-218
1.716675297629298252e-235
1.236135659358715544e-04
1.421549721860350119e-06
1.107858843462416532e-05
1.081781234671625413e-06
4.856677431736610762e-04
0.000000000000000000e+00
0.000000000000000000e+00
1.081799875705529776e-06
1.235312798231264961e-04
4.261749479138854900e-04
1.081763177327405449e-06
2.737728572860381455e-05
0.000000000000000000e+00
7.561090077287695166e-02
4.848554558890592154e-04
1.081923734311890113e-06
4.254850879184029957e-04
1.081898756260255433e-06
4.071543899480982720e-01
1.634758688937668460e-03
7.526046040430114936e-02
1.107880642028788672e-05
1.301948837271587206e-19
7.658266147206216345e-02
1.508594370887072211e-01
1.421547926647247800e-06
1.421549446163291511e-06
6.003298725001521387e-06
1.108024987849426671e-05
2.738393662909186017e-05
6.108643286674320167e-24
7.135000971949438022e-13
2.380992762467809901e-02
5.845807077170432908e-01
1.206668091484324190e-01
1.176389750285031764e-49
7.368278518234279081e-03
0.000000000000000000e+00
0.000000000000000000e+00
2.981575095794536081e-244
1.807641054879972726e-191
0.000000000000000000e+00
1.215717412182446574e-06
0.000000000000000000e+00
3.206057844647334430e-107
0.000000000000000000e+00
0.000000000000000000e+00
7.733732944876964277e-02
2.299888191816242076e-03
1.515274019551588608e-02
2.680825350789321665e-83
8.310343674203696952e-64
8.582877481516378948e-05
2.998960818025676766e-15
4.367631639289533060e-03
1.073639023853287661e-01
7.124682165113988257e-04
2.217912387913313077e-01
3.996224793969128412e-75
0.000000000000000000e+00
1.527352414891688659e-01
0.000000000000000000e+00
1.523750950418757688e-01
2.158702513865130453e-75
3.472598963899871660e-01
8.613641535185754669e-27
1.689486971131259063e-01
5.965005595854977558e-04
1.432669611429971401e-01
7.667393896293974581e-03
1.073644649783848942e-04
7.944454638515542622e-02
3.384275021367004754e-01
2.460913554927227076e-01
2.319311744668724654e-09
1.457339276731270949e-01
4.334074589787643796e-09
0.000000000000000000e+00
7.295414054060237463e-01
0.000000000000000000e+00
4.845507649169218905e-04
0.000000000000000000e+00
1.633421883541401852e-03
7.791496444099328678e-03
2.737860326067380061e-05
5.106213397123437428e-11
2.338693561214669897e-02
1.165094412872262238e-15
6.885901746707599747e-02
1.081753331961700001e-06
2.929828572019880784e-01
9.647722622024427208e-01
1.595549642036784010e-01
1.484350925879940331e-01
6.619546384297537411e-87
1.132861766026372337e-20
0.000000000000000000e+00
0.000000000000000000e+00
1.107908048092744249e-05
1.246118826168452880e-20
2.724471469518560118e-01
3.098799432078533714e-02
3.940906568782866520e-34
3.248591966631396265e-08
1.081765528020204762e-06
0.000000000000000000e+00
2.297251698148463674e-03
7.727895572698375952e-03
1.813351643395048026e-08
0.000000000000000000e+00
6.003189523694373656e-06
8.433074646529338677e-05
8.429610279100318790e-05
1.235390157850042826e-04
4.858074154401868013e-04
1.235304065554110591e-04
2.305354563012168480e-03
1.081780650343608939e-06
7.676016664845809398e-03
2.295256596376471503e-03
1.107860473304353773e-05
6.003575546690319589e-06
1.108063538891304931e-05
1.235408293662913553e-04
1.421501338428192995e-06
4.254291003342136027e-04
7.687183375154308003e-03
8.429453210701222312e-05
6.003901603012890372e-06
1.081809396062457830e-06
1.107901947761661411e-05
6.003899941680606133e-06
1.421559947624811258e-06
7.656420861188922844e-03
6.003825198551518550e-06
7.486186985282736840e-129
2.406500313201641317e-02
1.081861907973911663e-06
1.421543356330507604e-06
1.107893791449201097e-05
9.865335716747119371e-03
1.634235798630566784e-03
1.421540768478206363e-06
1.081813091279046441e-06
2.738263639758414610e-05
7.764185248027646868e-03
1.456295802755905311e-01
1.744297072709924679e-01
8.190616308426076353e-01
1.677003723130721613e-16
9.246206653765169925e-01
7.774458785378181302e-02
8.649844834176043707e-69
9.834781002127181564e-21
0.000000000000000000e+00
0.000000000000000000e+00
1.469447741266347039e-159
0.000000000000000000e+00
1.421508624370352252e-06
0.000000000000000000e+00
1.099910272830674197e-78
2.392779176675228876e-06
9.237493124735220995e-01
4.974673061535224872e-239
4.847698602492580243e-04
4.258178145826214543e-04
1.635095110549569537e-03
1.043129687233468189e-01
6.148879642913885430e-04
3.940655643156767418e-01
4.935226389535740397e-06
1.475008190049312226e-126
2.368741115756864066e-02
4.846340843320583809e-04
4.846198781111572904e-04
2.606066820642577109e-17
7.772915122876828536e-03
2.108810459109831566e-15
1.060564478652950560e-02
2.380699801699840744e-256
2.432652479739175894e-02
3.583569994851257061e-26
7.761677537601847400e-03
4.637429238638369634e-44
1.682558093538842671e-203
1.141041934307249319e-204
2.281372408735758357e-95
0.000000000000000000e+00
8.431382100142877838e-05
1.107874617841249649e-05
4.652908936734690415e-01
4.691295884615100578e-298
1.389110252418404856e-01
4.847927655634433710e-04
1.481511984205653998e-01
2.597699586939280339e-39
1.081761324481102490e-06
4.495662572651192955e-210
1.108049037439624462e-05
2.302753170446930706e-03
1.081770100806767036e-06
2.797357897459257988e-48
7.390398706246862572e-284
7.767876568056115115e-03
0.000000000000000000e+00
2.742199643124581436e-04
7.735649456479441743e-03
2.325354491373649371e-02
3.047264724792496469e-03
1.108055132082321001e-05
2.738456045911764712e-05
3.211506836780465002e-01
1.559077463827723553e-01
0.000000000000000000e+00
2.500702902742047568e-02
6.003459713940554772e-06
0.000000000000000000e+00
4.850343797056087705e-04
0.000000000000000000e+00
4.849158158405483181e-04
3.178926525489949185e-03
3.142420465606873825e-01
1.563131657625616042e-133
7.685418227727607021e-02
1.577154603054533033e-01
4.231677020873701456e-01
8.226761921620540999e-44
2.645064067049821977e-23
3.974064135319189117e-01
1.131964163018976549e-16
3.770012991124618406e-05
1.575685896136803377e-01
7.638917269050497783e-02
2.339260067531553633e-01
2.438040785003757829e-02
2.355366159613687602e-02
2.606079938030535737e-06
1.573461058520574324e-120
1.440305316819738002e-01
1.199484482801015917e-23
5.647111009459611707e-54
5.639502081116903907e-08
2.838192411948318839e-74
0.000000000000000000e+00
9.851694597893556282e-35
0.000000000000000000e+00
3.430305891341114410e-01
0.000000000000000000e+00
0.000000000000000000e+00
1.284854237080991848e-02
3.014443108343731748e-01
1.399516172189060603e-01
3.429830287224734930e-01
4.809407659547943864e-15
1.138869288518646744e-01
9.955877567163077015e-08
2.347211166662453719e-02
2.060436383132717015e-47
7.725497268930072228e-03
7.690524850819169256e-03
1.081794217549394727e-06
1.421480170809654153e-06
2.738944405225012798e-05
4.853616449731885355e-04
3.072316779166487279e-28
4.254896861172871494e-04
1.421493867419138535e-06
1.081787225155092043e-06
6.003592030030659727e-06
1.235918903579699040e-04
1.081887600646926163e-06
0.000000000000000000e+00
3.343298783080274999e-18
4.263120162270663828e-04
4.846731824488656666e-04
6.003224088051905012e-06
6.416658447219457817e-08
8.815295651360315413e-03
1.637621863838470719e-03
1.968057534243977669e-03
2.342110793718157891e-02
8.433144825175789897e-05
2.738832272237481721e-05
2.267156460278724195e-03
2.738703373052058800e-05
1.421602213833868102e-06
1.421510436244068542e-06
1.081836670958239263e-06
1.421566876288536043e-06
1.635444352819694688e-03
0.000000000000000000e+00
1.637781902566533060e-03
8.430247862933245022e-05
4.853876480307052076e-04
2.371013942032675764e-02
1.637840645268256144e-03
4.850342013352248777e-04
8.429862264344755492e-05
4.257434676126691463e-04
1.634176516689777973e-03
1.235437286393591550e-04
1.108045281080499615e-05
2.941252620739573942e-01
2.418505644637271648e-02
2.397364672134845442e-02
2.389394935925733682e-02
3.250051149757671436e-04
7.084120536075918940e-76
2.301363701206694552e-03
0.000000000000000000e+00
2.308768548356628439e-03
2.225026972677581275e-02
1.679861572441974132e-276
2.327660427329438647e-02
8.470706808881214986e-05
3.069245452632193838e-01
1.081799871945835550e-06
1.715267359400489411e-01
4.356659327740889376e-01
3.738950924801973663e-01
3.249859994551354547e-02
1.492252459326649149e-28
1.723822146203437267e-01
7.600840400939559705e-02
1.081779947172390007e-06
0.000000000000000000e+00
1.497768856052221487e-01
3.930819694381515461e-01
6.804435214322344015e-13
1.806157526969833530e-120
1.127764812453934769e-110
4.838338455463441795e-124
0.000000000000000000e+00
6.473448601306239404e-12
4.056440598320651958e-01
9.454745328575439855e-06
4.981675280406535795e-26
0.000000000000000000e+00
8.903567246212227282e-01
1.708479822157485395e-01
2.737537768771619318e-05
3.601020899458580726e-01
