# level_assignment log_likelihood tiebreaker ID
0 -1.442809430105519132e+05 7.506710027502789817e-01 3
2 -3.228512410574709793e+04 1.899221457350211417e-01 1
0 -4.892223434957826248e+04 2.393795643845551269e-01 4
3 -3.316623083691643114e+04 4.649478663230424691e-01 1
3 -3.420427132790206815e+04 5.930271811705724039e-01 3
4 -3.021547296182756691e+04 9.820035998688448897e-01 0
5 -3.248974952194382058e+04 7.945093407765657645e-01 0
5 -3.211758335261713364e+04 7.054802485523334887e-01 4
5 -2.820899436930956654e+04 7.367462287593875558e-01 0
2 -3.292637162435408391e+04 1.540794707568353683e-01 0
4 -3.015753176759233611e+04 9.108226001353330048e-01 2
1 -4.654858291567736160e+04 2.674750587153547077e-01 4
3 -3.276657815406231384e+04 7.062476650100152353e-02 3
6 -3.020407519957003387e+04 3.963012900777636571e-01 0
4 -3.340922736863607861e+04 4.912192404308415306e-01 3
6 -2.743458578270852740e+04 5.117700523134800505e-01 2
6 -3.038836586744203305e+04 1.773558822786327482e-01 3
9 -2.534354378646589612e+04 1.837724881394846577e-01 3
9 -2.543229327379502502e+04 7.084286200660279142e-01 0
6 -3.024133660474338467e+04 4.591502055034113461e-01 2
8 -2.458249016102739552e+04 7.548917573221177735e-01 2
7 -2.848768153235043428e+04 5.825559750517337321e-01 0
7 -2.641798309848016652e+04 8.173697678307630943e-01 4
11 -2.474315705855934357e+04 2.817595909908864327e-01 3
9 -2.587905154086069524e+04 3.173258244121250349e-01 3
0 -3.710989771424467472e+04 2.995164112685478885e-01 3
8 -2.555476702046376886e+04 1.939196828745554657e-01 2
0 -1.091578661517711880e+05 9.945860882381092338e-01 4
7 -2.649365181146861141e+04 2.132298575020687703e-01 3
11 -2.457833203119591781e+04 6.637394539435028662e-01 3
7 -2.725137573422492278e+04 6.674436255706266419e-01 2
12 -2.438227116937823666e+04 2.905466172327317853e-01 4
8 -2.609950146805576514e+04 5.444767715146703324e-01 0
11 -2.437672785233499599e+04 2.271591146271632056e-01 2
1 -3.727704370285329060e+04 7.254483973914982453e-02 1
3 -3.404546442084138107e+04 6.778182425061659577e-01 4
14 -2.435508045170568221e+04 3.028822381260366514e-01 4
4 -3.349046050478524558e+04 5.628659018919218715e-02 2
13 -2.433739638583321721e+04 9.457244799151019732e-02 1
12 -2.431903873146246769e+04 9.384637769310568700e-01 1
1 -5.765187500850926153e+04 6.143448227180035026e-01 4
2 -3.930790427423944493e+04 7.278052149679572480e-01 1
13 -2.443700786227735080e+04 2.196978701062516359e-01 3
9 -2.449131243527214974e+04 8.749371934809860862e-01 2
7 -2.840549405198188106e+04 3.776431951217215643e-02 4
14 -2.432984127677570723e+04 6.996109925523378292e-01 0
14 -2.434916929523474391e+04 9.794134047262479381e-01 0
12 -2.440369969357200534e+04 7.915788117618407504e-01 2
15 -2.425394638449867489e+04 2.797873127197651466e-01 3
2 -3.345007941046735505e+04 6.706446812251929401e-01 0
15 -2.430205256542386633e+04 9.831165046003228492e-01 2
13 -2.435406830148986774e+04 3.831159102270191852e-01 3
7 -2.714804144860075758e+04 9.607819540591333585e-01 1
13 -2.441736473462350841e+04 4.711962646663809817e-01 1
19 -2.423131245736552955e+04 9.587014071076178645e-01 1
17 -2.424070653569422939e+04 5.267975180849127081e-01 3
11 -2.448863138953247108e+04 4.553108452326335986e-01 3
0 -1.059027917594473838e+05 8.765072940336815499e-01 2
4 -3.295575957110297168e+04 3.342796161670467114e-01 2
11 -2.477934755893034890e+04 5.139702611145290367e-01 2
20 -2.422502876240110345e+04 1.208656745139657929e-01 2
3 -3.533856436803973338e+04 4.663951727440810435e-01 0
17 -2.425090657766665390e+04 4.105467467877161880e-01 3
14 -2.431419326941814506e+04 7.614820725971712667e-01 0
21 -2.422431328118594683e+04 3.429078663582449948e-01 3
22 -2.422323287038667331e+04 4.994787044871567550e-01 0
21 -2.422373871157279791e+04 8.671916990305224282e-02 3
10 -2.510738291203620611e+04 2.794998923342705832e-01 2
22 -2.422283103515187395e+04 4.856181323563300012e-01 4
7 -2.621472784132372180e+04 7.090209645985217080e-01 3
24 -2.422103610996144198e+04 5.518921735350224012e-01 1
21 -2.422445974633167498e+04 1.806137717967519762e-01 0
23 -2.422109637341833877e+04 4.171496184240497396e-01 0
22 -2.422285019559409557e+04 4.996391309144869175e-01 4
17 -2.424322922291397481e+04 1.369908875098970746e-01 4
11 -2.477508203127118031e+04 7.245252311196244133e-01 3
22 -2.422310788532785955e+04 7.740493138715021093e-02 1
2 -3.341546292371007439e+04 9.391331353966136941e-01 4
22 -2.422240366006313707e+04 7.497304926677694770e-01 1
24 -2.422106214275406819e+04 9.677320780805155342e-01 1
26 -2.422043822824092786e+04 2.125649870009769515e-01 3
17 -2.424988665315098842e+04 6.004141420980761978e-01 2
18 -2.423780866636044811e+04 8.819180332783107534e-01 0
25 -2.422076009533081742e+04 4.508992017400741403e-01 4
27 -2.422039541324947277e+04 4.917323758803148204e-01 4
18 -2.423761467300071308e+04 2.581345543963435851e-01 0
22 -2.422190030271175419e+04 9.727849361557958652e-01 3
29 -2.422024285175748082e+04 9.151368867671794138e-02 0
29 -2.422024168534562341e+04 9.344343220700140895e-01 0
28 -2.422025414236475262e+04 2.278137677568441433e-01 1
27 -2.422039665269861871e+04 6.670209115915248788e-01 2
29 -2.422019615486662224e+04 9.510125148434281916e-01 3
27 -2.422028874466443449e+04 6.523904556278878886e-01 3
27 -2.422041230829984124e+04 9.396322040656750474e-01 3
28 -2.422024657415850379e+04 9.904283975765784120e-01 4
29 -2.422026669078974373e+04 9.938326705173191611e-01 0
27 -2.422029314344498562e+04 9.463728245162235098e-01 2
27 -2.422032655116491878e+04 2.447193543260167692e-01 0
28 -2.422030482719496649e+04 5.380892305230806638e-01 2
24 -2.422123985090952192e+04 8.627668062522529935e-01 2
27 -2.422026298556166512e+04 5.468377105128716664e-01 3
27 -2.422039308281080957e+04 7.092445497291358647e-01 3
17 -2.424525290305934323e+04 6.010389361787494833e-01 3
18 -2.423970476018278350e+04 5.999563546413135828e-01 2
29 -2.422020849644605187e+04 8.743439585286199023e-01 2
29 -2.422021282520888417e+04 4.387320932533372297e-01 2
21 -2.422392279609769321e+04 2.848410109361114717e-01 4
16 -2.426554238617192095e+04 4.533041512368702897e-01 4
24 -2.422109638548481598e+04 2.564619078984280987e-01 2
7 -2.503779375410839930e+04 3.602566191859215006e-01 1
29 -2.422025956866439810e+04 8.032774487210738723e-01 4
16 -2.426653106937429402e+04 7.529208127250425209e-01 3
1 -3.346749940663427697e+04 9.875420959265932552e-01 0
0 -1.073205642860636290e+05 7.495693075411039019e-02 4
29 -2.422024643860311699e+04 4.329003893145841886e-01 3
22 -2.422235036270140699e+04 6.215215594494611917e-01 4
12 -2.426110982474338743e+04 6.150262958565116955e-01 1
22 -2.422275418087639991e+04 5.740617004550346847e-02 3
7 -2.766202190984700792e+04 4.903031854812732737e-01 3
5 -2.929118574836976768e+04 1.349792715619087535e-01 4
1 -5.539289439873898664e+04 7.318345909554672124e-01 0
17 -2.425199565147181420e+04 9.584752167048495863e-01 3
21 -2.422144098236745776e+04 1.446232102420883514e-01 1
0 -4.581523803186175064e+04 5.238685748649807294e-02 3
12 -2.458018282459145121e+04 3.925642315225605361e-01 2
20 -2.422686474713015195e+04 9.742560586821408242e-01 4
14 -2.434650222186604879e+04 5.287948981491030764e-01 2
28 -2.422026413484918157e+04 3.731755663846223481e-01 0
4 -3.352495301530133293e+04 2.786290897705853142e-01 2
10 -2.438700625200060676e+04 2.747068995309194239e-01 4
7 -2.779097026285810352e+04 7.937941226790081739e-01 2
6 -3.018191130378723028e+04 5.586660042893321076e-03 3
6 -2.960370267461910407e+04 6.072380825580576680e-01 4
12 -2.453310651874000177e+04 9.050346272367890688e-01 1
18 -2.422512873247983225e+04 1.693336016718123282e-01 4
25 -2.422077249565950842e+04 6.956873479984193587e-01 4
2 -3.422164302981008223e+04 5.953102368314757697e-01 1
21 -2.422287204043067686e+04 8.374871639556259462e-01 2
28 -2.422030313191444657e+04 5.711784851506156446e-01 2
26 -2.422052429580408716e+04 2.486174330225103812e-01 3
8 -2.570016815686889822e+04 2.379796996803751341e-01 0
20 -2.422809864948569157e+04 8.256770746534113359e-01 4
26 -2.422050577861605416e+04 2.875429706264670537e-01 3
18 -2.423990878270352914e+04 5.778489938130477732e-01 4
27 -2.422039802369235258e+04 9.688558449292810071e-01 1
23 -2.422176232452580007e+04 6.262780985559814884e-01 2
6 -2.881284488226415124e+04 7.143661941880621313e-01 3
18 -2.423277804487923277e+04 6.254908037600965809e-01 0
14 -2.426560330883814459e+04 6.671677385692295070e-01 4
12 -2.459087251797784120e+04 6.072158167298191689e-01 3
23 -2.422122137674004625e+04 8.255533604000642178e-01 2
20 -2.422222250440642529e+04 3.207436861421154584e-01 3
9 -2.562088865018322758e+04 4.283266268933280108e-01 3
13 -2.445248674310579736e+04 9.311877333974143411e-01 3
6 -2.961320046579382688e+04 6.582308981837690087e-01 1
1 -2.681695289688326375e+04 1.250030058678817113e-01 0
21 -2.422489528533634075e+04 3.487064241179025359e-01 2
0 -4.541680446349293925e+04 9.037540451565971855e-01 1
29 -2.422022518330658204e+04 1.040384958007144478e-01 2
25 -2.422067916303435413e+04 6.848930409175912892e-01 3
24 -2.422060951258560817e+04 3.038839584631975455e-01 2
21 -2.422408731609545794e+04 4.445904962074340161e-01 0
4 -3.286182974118716083e+04 5.632679607866059035e-01 3
9 -2.552462730077372180e+04 5.571545467239877869e-01 2
5 -3.275280135261877149e+04 4.227170063778817877e-03 1
22 -2.422292355279674302e+04 6.033272689768582643e-03 4
3 -3.577525867054718401e+04 8.515225303811462254e-01 1
15 -2.425889102490302321e+04 2.275857122036042679e-01 2
5 -3.207052433335871319e+04 8.848234874678102546e-01 4
17 -2.424188292256874411e+04 7.382451741062041606e-01 1
10 -2.469348199590676813e+04 3.778149116531813734e-01 1
26 -2.422048000028570823e+04 9.317301972840343061e-02 3
25 -2.422060436331586243e+04 6.239100451718483376e-01 3
1 -4.066045733375346026e+04 3.322462001154420363e-01 2
7 -2.798852869723820186e+04 5.861992247665085420e-01 3
16 -2.426505454351974913e+04 4.086272183938073344e-01 0
4 -3.282152113002593251e+04 1.947652028261863955e-01 3
29 -2.422024240714223561e+04 5.734249213089903652e-01 1
17 -2.424003473773259611e+04 7.740898148611119467e-03 1
19 -2.423118296037340042e+04 6.420212181567102050e-01 0
29 -2.422023187571483504e+04 3.220096421401891784e-01 4
22 -2.422328572542595430e+04 6.166842922433515284e-01 2
10 -2.495885859239750425e+04 4.015582707633029713e-01 1
27 -2.422037159848078227e+04 3.207665431544146628e-01 2
11 -2.473843431799330574e+04 3.855395360724731546e-01 3
1 -3.626802260670735268e+04 4.009902180620947276e-02 1
5 -3.060238283561102435e+04 4.136514180577809396e-01 0
18 -2.423827277500032505e+04 5.787364640617216338e-01 3
4 -3.112356082674609570e+04 1.991527363897427350e-02 4
23 -2.422180942385278831e+04 8.467565287701451782e-01 1
20 -2.422772176569540898e+04 6.960433076012338960e-01 2
8 -2.631581499337553032e+04 6.575550439683160997e-01 3
5 -3.200540804997470696e+04 3.935731518403696172e-01 4
8 -2.683923698593634981e+04 2.997516930282202452e-01 4
22 -2.422045200215521618e+04 3.586225177030522016e-02 3
23 -2.422044082457186232e+04 6.168534010026585079e-01 4
1 -3.943133659457194881e+04 9.838488171685657591e-01 3
13 -2.446724623022619198e+04 9.326443849353748261e-01 4
22 -2.422213790328167306e+04 2.491175190723584898e-01 4
22 -2.422313609238667414e+04 7.952903433091711438e-01 1
24 -2.422089118905075520e+04 7.177484779278058280e-01 4
6 -2.699742817111750628e+04 7.501315325384574351e-01 3
4 -3.287263717935023305e+04 5.653854432967333477e-01 1
15 -2.426688897227295820e+04 1.654143529168603313e-03 3
9 -2.569682657512652804e+04 1.602104378402147145e-01 1
15 -2.430762302968416043e+04 5.215304632647890237e-01 4
14 -2.434816604797712353e+04 1.071962081725692378e-01 2
3 -3.446355131677067402e+04 1.118856092746215447e-01 2
20 -2.422724430903335815e+04 1.446026623592081006e-01 2
21 -2.422373262932433863e+04 3.422014338226435637e-01 2
7 -2.760548782876947371e+04 2.285629983621428607e-01 1
10 -2.472338955961399188e+04 3.713218257574801839e-02 1
24 -2.422024341753561021e+04 7.355383295264987797e-01 2
29 -2.422022909268154763e+04 7.911215013235149973e-01 3
6 -2.818293230495622993e+04 6.129530490215042704e-01 2
9 -2.527132078622600966e+04 3.016530532835552947e-01 3
1 -4.738311058771649550e+04 1.586108730608889461e-01 0
5 -3.276115334853514287e+04 9.629861310030767285e-01 2
6 -2.886550055468375649e+04 5.652986895914496879e-01 4
12 -2.424663150277755631e+04 5.133887637958589600e-01 1
14 -2.434322156985094989e+04 4.681968567722929464e-01 0
28 -2.422027711423947039e+04 5.845766506090143144e-01 4
28 -2.422023082105552385e+04 5.340859298932585375e-01 3
13 -2.442638141732216536e+04 4.496812606055149986e-01 2
20 -2.422047421110599316e+04 2.003078522198080691e-01 1
21 -2.422465208938287833e+04 8.799295567645752936e-01 1
17 -2.425116119251934288e+04 2.331612453362872373e-01 2
9 -2.532028725001643397e+04 6.585321610071508402e-01 3
6 -2.930569693076855765e+04 5.237849994841624612e-01 4
19 -2.423312526328623790e+04 3.510963429434475480e-01 4
4 -3.068326554221926926e+04 4.736714366945701804e-01 1
10 -2.525455203744787286e+04 4.247102572818717281e-01 0
0 -4.643608245504177467e+04 6.291882200676971459e-01 1
12 -2.452658609428878117e+04 9.041488581862509033e-01 2
2 -4.148372197104413499e+04 4.565686844143659329e-01 3
10 -2.482046551559594445e+04 1.995457288095594528e-01 2
1 -3.338540338627268648e+04 5.579622372435215638e-01 2
3 -3.569390984293943620e+04 5.378630836467448439e-01 4
24 -2.422107624615027453e+04 7.463431439617825847e-01 3
6 -2.582977920240226013e+04 2.212322881880406378e-01 4
11 -2.467483088592535933e+04 5.927027922371053137e-02 1
26 -2.422047370143689113e+04 8.737930354940917077e-01 4
6 -3.055320396464824444e+04 8.655468830383847845e-01 1
29 -2.422023502936003933e+04 7.842287635587956718e-01 4
25 -2.422072086554850466e+04 1.585090890028273414e-01 3
15 -2.427118454561045655e+04 2.292976272023443673e-01 0
23 -2.422189544794019821e+04 2.819415828274035585e-01 4
5 -3.251688105400091808e+04 8.408276632717011090e-01 1
1 -4.087181369614272990e+04 2.357445404981005702e-02 2
22 -2.422048337996960618e+04 9.143463308227443020e-01 3
4 -3.050873440183370985e+04 1.170892096167650692e-01 0
16 -2.423796480330468330e+04 3.266833820281900835e-01 2
0 -1.156887996978568844e+05 5.642693348217001637e-01 0
1 -4.255424885362229543e+04 6.222175632829232694e-02 4
7 -2.760271573345139041e+04 4.229541840810533970e-01 4
14 -2.432950212046461820e+04 4.049424427164160512e-01 2
24 -2.422084234047162317e+04 9.513267119852968356e-01 2
0 -1.280982497837088886e+05 5.309780763111475732e-01 1
18 -2.423477133931627759e+04 2.395986180578383584e-01 4
20 -2.422737516421036344e+04 2.527078501728266535e-01 1
11 -2.465081627119365294e+04 1.569840664800318253e-01 1
24 -2.422070131357419086e+04 7.063993214010276800e-01 4
8 -2.585612395679329347e+04 1.828799809660830444e-01 2
7 -2.724461883018196750e+04 7.184259367633940574e-01 3
22 -2.422218826644655928e+04 1.247496624189436965e-02 2
10 -2.516441100975613517e+04 8.088025941263969898e-01 3
28 -2.422025411747268663e+04 5.241764351655113785e-01 2
6 -2.841473749789961948e+04 2.742751416928967956e-01 0
23 -2.422047602440198534e+04 7.800652016390271504e-01 0
21 -2.422411716211080056e+04 3.840972892632015800e-01 3
7 -2.434255297812067147e+04 1.064311404893025781e-01 4
4 -3.323382798490019195e+04 8.416518165883579705e-01 2
22 -2.422276114709873218e+04 6.385817633869398380e-01 3
6 -2.860627443548576412e+04 8.981457148638594123e-01 0
9 -2.495976921715521894e+04 8.668368145360716426e-02 0
9 -2.523345424082342652e+04 6.098729726065279522e-01 0
6 -3.051478130387874990e+04 7.391732513350895983e-01 0
27 -2.422039136079881791e+04 4.190695627362278075e-01 2
12 -2.423238823676701577e+04 7.529875693007314075e-01 0
14 -2.436254173524686121e+04 8.488704876328156956e-01 4
27 -2.422033967609869796e+04 4.949446844924653699e-01 2
1 -3.405888238244631793e+04 6.999301754533853170e-01 1
0 -9.422664409459385206e+04 6.142119430295203131e-01 0
11 -2.447603960398108393e+04 5.283388430665558744e-01 3
20 -2.422164896693486662e+04 7.012976048858851064e-01 1
14 -2.428789989017577318e+04 7.274698923542186613e-01 2
9 -2.527064814469602788e+04 1.085769443413195368e-01 1
18 -2.423535780675086426e+04 2.264027377817257047e-01 2
24 -2.422108144908971735e+04 1.188055278991330677e-01 1
26 -2.422037804388642689e+04 4.555735531241683067e-01 1
14 -2.429426020920168594e+04 8.888523684209288511e-01 1
5 -3.267816699889719894e+04 2.242201718616717576e-01 2
9 -2.559213860470137661e+04 1.806912443970100368e-01 3
25 -2.422061791899696618e+04 1.859331148137211009e-02 3
7 -2.851761053279390762e+04 4.454808717161995446e-01 2
6 -2.689507830397630460e+04 5.236850497604458310e-01 2
10 -2.524804200143363778e+04 7.657232612275703953e-01 3
1 -3.269098644235762185e+04 6.596027192862818911e-02 4
20 -2.422562181104929914e+04 3.685588013975982236e-01 4
10 -2.490849233247473239e+04 4.771568331320805156e-01 4
22 -2.422247191633900729e+04 6.798063644556551210e-02 3
5 -2.926908808854255767e+04 4.371243247954708089e-01 4
25 -2.422053397417809174e+04 8.058622700017394891e-01 1
2 -3.454914015130850021e+04 8.299091325800938002e-01 4
11 -2.467268291751019569e+04 3.284331508395970101e-01 1
21 -2.422237945651012706e+04 9.173222917152512590e-01 0
9 -2.460308069730089846e+04 7.706858268304696002e-01 0
6 -2.938289217989405734e+04 9.302560888168218689e-01 0
20 -2.422577586942475682e+04 8.064188468141167965e-01 2
8 -2.663090176034798060e+04 9.193927626655620244e-01 3
15 -2.427334752230792219e+04 6.727540565089242808e-01 4
0 -1.330985203968168353e+05 9.871466372342238005e-01 0
11 -2.478820015759865782e+04 6.237234614621127715e-01 3
22 -2.422263570509033161e+04 9.213274406255367310e-01 0
11 -2.459315653276208468e+04 8.279812690242351891e-01 2
24 -2.422099147050227475e+04 9.629586996000606414e-01 4
28 -2.422029045399273309e+04 5.752986420705243908e-01 0
8 -2.548583384976451634e+04 7.390291578924860216e-01 1
23 -2.422189884632058966e+04 1.110714185333204762e-01 4
19 -2.423124867409947547e+04 2.572538223555784764e-01 0
0 -6.597006906270334730e+04 7.398275611215480163e-01 4
15 -2.430725653656846771e+04 4.878772886485496230e-01 1
1 -4.007527381987252738e+04 1.059464249592019514e-01 2
6 -2.822044154596505541e+04 1.574149393775643446e-01 1
12 -2.455757713834160313e+04 3.654463239278006315e-01 1
6 -2.663234828939552972e+04 9.117763099993786424e-01 4
1 -6.135751026788489980e+04 4.740664369866367522e-01 4
12 -2.440442899188296724e+04 1.910367087032717182e-01 0
17 -2.424970988907319042e+04 3.276699363618448269e-01 1
19 -2.422957065969233372e+04 3.521511807513338227e-02 2
20 -2.422716242570224495e+04 2.826674793619479709e-01 4
9 -2.578271287864683109e+04 9.331408564287606566e-01 2
2 -3.592930467739939922e+04 3.724294753324962626e-01 2
26 -2.422046019451914253e+04 8.672511759970102929e-01 4
17 -2.424629948092316772e+04 5.006654686213592859e-02 4
28 -2.422027728998846578e+04 8.570444423332279626e-02 4
13 -2.439640958575905097e+04 3.070986493943821394e-01 0
12 -2.448539245455717901e+04 7.783656911131966449e-01 2
21 -2.422301010280239279e+04 6.685178951999048991e-03 0
3 -3.348434991492748668e+04 2.642582201771310202e-01 4
24 -2.422076107569367014e+04 2.527808179585039339e-01 3
2 -4.239818331634083734e+04 6.103930255473066779e-02 4
15 -2.427850293388244245e+04 3.667022584089875692e-01 2
8 -2.694882616677336409e+04 4.673976258499232261e-02 1
22 -2.422251146274465646e+04 9.643862252564256998e-01 3
12 -2.443089504649566516e+04 4.048852736958688525e-01 0
12 -2.429898372043773270e+04 1.520639261468576253e-01 2
12 -2.450493942633405459e+04 1.806002235663757838e-01 1
29 -2.422021669185899373e+04 3.223637646831130077e-01 3
4 -3.310794133510129177e+04 7.644303348397005760e-01 0
20 -2.422769943213417355e+04 1.119998911154769239e-01 1
4 -2.722918718812776206e+04 4.155330279188081954e-01 3
11 -2.438682189832742370e+04 1.383978518231854249e-01 1
17 -2.424542519410412569e+04 1.675596816150140556e-01 3
26 -2.422043528150123893e+04 4.826620748671148764e-01 4
27 -2.422038711882273128e+04 6.991770160484069851e-01 4
21 -2.422428222302222275e+04 8.535181207270774451e-01 0
0 -1.054603944614993961e+05 8.355878420910033411e-01 2
2 -3.407263932717582065e+04 4.173225612694082542e-01 3
8 -2.602084209954480320e+04 9.669348011108075402e-01 2
21 -2.422330309290509467e+04 8.032507786616832623e-02 4
16 -2.426021650043954651e+04 7.289385335338605110e-01 4
15 -2.425610946348703510e+04 7.868440541512184971e-01 0
25 -2.422063278510826058e+04 7.244284076236801040e-02 1
19 -2.422983615050815570e+04 6.836599942930419171e-01 0
29 -2.422026709026271419e+04 5.475361495022377234e-01 3
6 -3.025978811423435036e+04 9.293282004690706088e-02 2
7 -2.606671002224841504e+04 7.049422413297037338e-01 0
16 -2.423931272795456971e+04 9.714990884442655794e-01 1
11 -2.457215633620446533e+04 2.227603147760632840e-01 3
1 -4.197695094405385316e+04 8.483438661933573322e-02 4
28 -2.422031522935727116e+04 7.754835548011623780e-03 1
23 -2.422117385060295783e+04 9.368831098167405003e-01 0
25 -2.422073640335712844e+04 4.301990847875128421e-01 4
11 -2.450474187518814142e+04 1.640635350985559793e-01 3
23 -2.422154665797646521e+04 4.389489406778581682e-01 0
26 -2.422030145612743217e+04 5.095549819900165867e-01 0
8 -2.647738624841732235e+04 8.885981562376621401e-01 1
23 -2.422159508841359639e+04 6.599901170209222512e-01 0
15 -2.428614420468329263e+04 7.708881684003691115e-01 1
6 -2.969579403194770930e+04 4.077158226401113583e-01 3
24 -2.422120085190477039e+04 6.851929936397600507e-01 2
24 -2.422074687374824862e+04 6.767567962479047461e-01 2
4 -3.321374556518400641e+04 8.040218676957020527e-01 4
24 -2.422110406134461664e+04 3.429400153241308757e-01 2
1 -3.573328534004074754e+04 8.370554583222107325e-01 3
10 -2.474862124285810205e+04 8.353720039798098185e-01 4
26 -2.422047107998495630e+04 1.682849731090667600e-01 2
1 -5.321688107047383528e+04 7.768731602008597248e-01 1
15 -2.428300078339216998e+04 6.008647163030866878e-01 4
18 -2.423895886947747204e+04 1.460758575718927865e-01 2
8 -2.671139533098183892e+04 3.076094033652356785e-01 3
11 -2.468909621875905941e+04 2.226099688972173196e-01 0
7 -2.838943897830343849e+04 6.533553969488811175e-01 3
8 -2.517286284674284980e+04 6.837490791515032917e-01 0
23 -2.422097880155366147e+04 2.088003619904738040e-01 1
17 -2.424058908759732367e+04 7.010370323247041256e-03 1
20 -2.422553660658420631e+04 1.004004245365199000e-01 3
18 -2.422630730618619418e+04 6.000148133075207113e-01 3
10 -2.510888677837899013e+04 3.087690877113051791e-01 2
5 -2.735454343413854804e+04 6.542337407340125255e-01 4
24 -2.422113201064685563e+04 3.090815700735607408e-01 3
0 -1.300938078606467170e+05 2.333719231886703938e-01 0
6 -2.598023950953128588e+04 4.274003124353472627e-01 4
27 -2.422025991615645034e+04 4.915957623294661127e-01 3
18 -2.422313287904162644e+04 3.909372520967512310e-01 0
25 -2.422069058497958758e+04 4.647712290735039886e-02 0
22 -2.422157040464912279e+04 9.880488481269489309e-01 0
7 -2.456301553691891240e+04 9.843685886195359114e-01 1
22 -2.422152541250878494e+04 2.810739942913046963e-01 3
12 -2.447165877633453056e+04 8.368957321928968129e-01 2
20 -2.422417176108249259e+04 9.589932180911031612e-01 2
9 -2.516470207018784276e+04 6.342507293485049047e-01 1
13 -2.437094861021962424e+04 1.888407354993600074e-01 4
17 -2.425203483036793114e+04 1.292353881910041080e-01 3
1 -5.956730045917477401e+04 4.915880632947273732e-01 0
13 -2.434367733003663670e+04 9.815128407098426822e-01 0
2 -3.654807943543892179e+04 1.654364941051017779e-01 2
17 -2.424155624590746447e+04 7.741432221509433331e-01 0
5 -3.057456514277053066e+04 5.119116430007402130e-01 2
13 -2.442356947730051616e+04 4.846116660141071009e-01 0
25 -2.422051426932302638e+04 7.401347983809802855e-01 3
28 -2.422032185015096911e+04 2.866425596787570695e-01 3
5 -3.099574533090939804e+04 8.997100526109267360e-01 2
22 -2.422057441380412638e+04 2.488814187093527364e-01 3
17 -2.424225205076048587e+04 9.695318814420528231e-02 3
18 -2.424017089662838407e+04 1.012035474015468388e-02 2
11 -2.473195111197062579e+04 3.415305398375008128e-01 0
7 -2.743514287841109035e+04 3.778262527350850775e-01 1
23 -2.422132639825087608e+04 7.025743856069581739e-01 3
22 -2.422182200550108610e+04 5.515300424167417503e-01 3
6 -2.682535445541154695e+04 9.269476348015566192e-01 1
2 -4.029329698855208699e+04 2.454595506687252959e-01 3
5 -2.833015023360733176e+04 9.083316509986902876e-01 4
28 -2.422024895803906475e+04 8.689594845528523237e-01 3
19 -2.423237954012864066e+04 1.080701009252358069e-01 2
27 -2.422032362215255853e+04 8.980388825151830456e-01 1
22 -2.422280085224244976e+04 4.239262852791322866e-01 2
21 -2.422366119469291880e+04 8.591316185654183091e-01 2
26 -2.422028469451996716e+04 2.163531927588198123e-01 1
24 -2.422032259553041877e+04 4.241797583530871885e-01 1
3 -3.482640969539653452e+04 6.267969324119986307e-01 4
11 -2.474972080719101723e+04 1.254242608239617418e-01 2
13 -2.432643935152893755e+04 1.669676975812931785e-01 3
26 -2.422049007681068542e+04 2.769458238955448959e-01 3
7 -2.763659716131768801e+04 2.327975770936654420e-01 0
10 -2.504970743718861195e+04 2.660203712050396851e-01 1
5 -3.273827302703988971e+04 7.291023649392904815e-01 3
0 -1.058863162982977228e+05 2.170509929923548631e-01 1
29 -2.422023445897834245e+04 4.734005298090837033e-01 2
19 -2.422603083859858452e+04 2.864123328509667887e-01 2
22 -2.422196815946968854e+04 2.729469877827934710e-01 3
2 -3.699996646729583154e+04 6.755218123542019448e-01 2
17 -2.424917626192839452e+04 6.796465046152225797e-01 0
24 -2.422119326098596139e+04 9.071392068214239046e-01 0
2 -3.712214882689921797e+04 5.129734889767354478e-01 2
24 -2.422093033826143073e+04 8.291502732122459918e-01 1
18 -2.422676454509253745e+04 8.950599539035178909e-01 2
8 -2.575900139387942909e+04 7.336723198594952144e-01 3
11 -2.478189877202420394e+04 3.409903601283465480e-01 4
5 -3.230154928876644408e+04 2.724433952024566952e-01 0
25 -2.422065709209947454e+04 8.280268633455389882e-01 1
15 -2.428278107006234859e+04 8.476062229597460806e-01 1
29 -2.422026087695931710e+04 8.249979260553789162e-01 1
8 -2.653738006407507055e+04 6.053338962970471471e-01 2
6 -2.955176715291744767e+04 9.822625759672622969e-01 2
17 -2.424380335958285286e+04 6.988838345562080612e-01 0
6 -2.965848610538967114e+04 5.249468108032675495e-01 3
10 -2.500620752308201190e+04 3.552021106805165473e-01 3
20 -2.422340240707434714e+04 9.479458264339902795e-01 1
10 -2.522292934890109973e+04 9.029705807747676616e-01 4
19 -2.423314796275681147e+04 3.508226072823257824e-01 1
23 -2.422112137963310670e+04 5.746469075037387991e-02 0
26 -2.422040040862444221e+04 8.171503146717444821e-01 1
13 -2.442644065437934114e+04 9.044419422132775610e-01 4
4 -3.313233176976061077e+04 1.499951974831659207e-01 1
20 -2.422650031070529076e+04 6.815441533751327441e-01 2
21 -2.422405410199497419e+04 2.994746638715949372e-01 3
23 -2.422099532165627897e+04 9.090055354918482600e-01 3
20 -2.422365157149394508e+04 8.242913747118373324e-01 0
24 -2.422107944945470808e+04 1.275112645073481765e-01 2
29 -2.422021844652621803e+04 1.563654269857980283e-01 0
7 -2.826622800300298695e+04 1.985037379543470593e-01 1
22 -2.422117176918638143e+04 4.383663052457238418e-01 4
20 -2.422559508497040224e+04 1.947759880002987443e-01 2
27 -2.422033406310121063e+04 9.622204097035123027e-01 2
3 -3.356753301581623964e+04 2.637757237093928397e-01 4
6 -2.790468450243450206e+04 4.767610411829308892e-01 1
18 -2.423615533950986355e+04 3.547257944781553873e-01 1
15 -2.428698288569959186e+04 2.940003631378913518e-01 0
8 -2.609645279292132182e+04 5.995802276893886784e-01 1
28 -2.422030314732786064e+04 9.051385380034384642e-01 2
9 -2.562620802408032614e+04 2.734410599124788011e-01 0
12 -2.452962740661334828e+04 6.562653609130147947e-02 2
8 -2.673840178926374938e+04 3.656028191446359932e-01 4
14 -2.436270539771742915e+04 6.873649880743061269e-01 2
5 -3.090624639199503144e+04 1.194927543126124148e-01 2
28 -2.422031302127342133e+04 9.486482385918084681e-01 0
15 -2.428030848234745645e+04 2.310206221681033456e-01 1
7 -2.486440031864638877e+04 1.567109118194860429e-01 3
14 -2.423558785167380120e+04 4.739886890718914003e-01 4
1 -4.429260354006067791e+04 6.882439368850592487e-01 3
1 -4.108312209376294049e+04 7.493484030568673404e-01 0
10 -2.525802403902495644e+04 9.532349414715993174e-03 3
18 -2.423151532952381967e+04 2.117696776362202049e-01 4
18 -2.422667123615345918e+04 5.784053058390747903e-01 0
15 -2.428701740117647569e+04 9.487198551727846207e-02 3
7 -2.483538652553693828e+04 7.544643706870641786e-01 0
27 -2.422031587421578661e+04 8.881740783155803731e-01 2
16 -2.423916052229508568e+04 1.898072666081072057e-01 2
1 -4.778259788407295855e+04 6.731732806080392706e-01 4
6 -2.949016459420007959e+04 7.067388337220403827e-01 4
9 -2.580919882034184047e+04 7.624141012612231094e-01 2
25 -2.422074726289202954e+04 9.987134225521385744e-01 0
3 -3.365682304592980654e+04 3.728919966262100871e-01 4
11 -2.464093117231952056e+04 2.272121808363571915e-01 1
7 -2.731936539616961454e+04 6.288168963376898901e-01 4
5 -3.070012000121150777e+04 2.569779404987144744e-01 1
4 -3.291221303027385147e+04 8.672742268244265640e-01 4
24 -2.422123454542214313e+04 9.048472563492352405e-01 0
20 -2.422521778713480671e+04 8.386643250961424156e-01 3
24 -2.422113224119769438e+04 9.682272951394264027e-01 1
28 -2.422028728743554893e+04 2.355072299437394046e-02 2
0 -6.348280935527174734e+04 7.270084673573173895e-01 0
14 -2.426322693685267586e+04 6.460010964233149633e-02 0
21 -2.422322591150373046e+04 4.151694878502754094e-01 2
7 -2.712069900602116468e+04 3.576534295707780586e-01 0
22 -2.422099683279952296e+04 8.412928622883759644e-01 4
13 -2.445853269611591895e+04 1.368197950198242197e-01 0
21 -2.422250155754488515e+04 8.515218080268639467e-01 4
15 -2.430817104896957972e+04 1.069158467691968539e-01 2
1 -5.933422582492613583e+04 5.856141662671354720e-01 3
18 -2.423929017031710828e+04 2.584557771311736252e-01 4
1 -6.319149854694391979e+04 3.054794956429562891e-01 0
13 -2.437909889487848704e+04 7.602349878841712094e-01 1
12 -2.454208264872572181e+04 4.976412608200218024e-01 0
15 -2.425243680219091038e+04 8.406112345153178289e-01 1
27 -2.422031170931326051e+04 1.834610182210607426e-02 0
12 -2.439249521637632279e+04 5.324629574744977889e-01 4
29 -2.422025150288981968e+04 9.666624067177222168e-02 1
13 -2.425452701762431388e+04 3.729894810729419419e-01 2
22 -2.422225021595694125e+04 5.671634071860029991e-01 1
9 -2.513766373571953591e+04 8.737896048070570298e-01 0
5 -3.257935227325392043e+04 8.997979870618877385e-02 0
13 -2.423617623026701403e+04 1.460776042167538646e-01 1
0 -7.686270556487345311e+04 7.670125752334300273e-01 1
3 -3.337548775605257106e+04 9.078384312874998585e-01 0
4 -3.340168124236715084e+04 7.859503241935431594e-01 2
21 -2.422458047892095783e+04 4.123030923517374546e-01 0
7 -2.810380163331753647e+04 1.203932059720963232e-01 4
25 -2.422030593476487775e+04 6.280764864852756979e-01 0
15 -2.429476395594580390e+04 4.601778040140453996e-01 4
25 -2.422061782175066764e+04 9.313175034944385366e-01 2
1 -4.218686309955117758e+04 3.197833266368889094e-01 1
29 -2.422024893657278153e+04 8.722942271780800283e-01 4
23 -2.422156126214943652e+04 1.814560535023380938e-01 2
0 -1.104069489664808498e+05 9.951041923147201373e-01 3
6 -2.934706244326092565e+04 1.651682690201932147e-01 4
25 -2.422050993404808833e+04 4.225262716167605959e-01 2
21 -2.422475179243322782e+04 1.198844298545480302e-02 2
23 -2.422151166474576894e+04 6.723754783385419431e-01 1
16 -2.423701550075224804e+04 1.906226519309982270e-01 0
19 -2.423065129818458809e+04 6.928530036577691398e-01 3
5 -3.071613345948368806e+04 7.490761252692913486e-01 3
10 -2.492131908768638459e+04 6.365591149870510890e-01 2
29 -2.422026514738073820e+04 8.969344354178262479e-01 2
0 -1.111293748107419233e+05 1.689694766166525142e-01 3
0 -1.301264310977697896e+05 9.023279302468676377e-01 4
25 -2.422043075398372457e+04 8.442004590274542197e-01 2
11 -2.476738768714811522e+04 8.823398166519614838e-01 4
27 -2.422030058085741257e+04 8.572196649946803859e-01 4
21 -2.422214679950235586e+04 6.396574285131270132e-01 0
7 -2.443954550294799992e+04 8.285552288307587165e-01 1
17 -2.423653495836177171e+04 8.756883144258473806e-01 1
5 -3.116623377493825683e+04 8.293115836486704140e-01 1
14 -2.436029765443082579e+04 8.528637309821268664e-01 1
25 -2.422057169020723086e+04 6.032006069240231083e-01 1
2 -3.861380926930344867e+04 1.445147320634602162e-01 4
29 -2.422024682906853559e+04 3.973905390812875194e-01 0
28 -2.422025538283964852e+04 9.090280650754407610e-01 0
28 -2.422024878653990527e+04 4.930232225786353173e-02 2
21 -2.422376235647998328e+04 8.440968187188082617e-01 2
4 -3.288782509655621834e+04 4.283215172250615654e-01 4
12 -2.450842821377591099e+04 8.693684744899653483e-01 4
14 -2.435677033256211143e+04 1.242842870177705006e-01 4
9 -2.509590932344343310e+04 7.782842514577019699e-01 4
1 -4.509045367099542636e+04 4.615841372518680319e-01 1
19 -2.422420387958048013e+04 1.225349581958083967e-01 0
8 -2.604554872177632933e+04 1.307902294352355499e-01 3
6 -2.483519571109961544e+04 7.784355076412553809e-02 4
15 -2.430130846933869179e+04 6.954766250201427358e-02 4
5 -3.119610865715247928e+04 1.879483268249255712e-01 1
16 -2.426817423867828256e+04 2.612464777473179067e-01 1
13 -2.442768696738907965e+04 6.392432664822944588e-02 0
13 -2.446819757115422544e+04 9.082222353391582459e-01 1
28 -2.422025837206206052e+04 8.326706853382362938e-01 4
3 -3.407803418445852731e+04 7.578203662948062025e-01 1
16 -2.427285456204998627e+04 1.599145130774380363e-01 0
4 -2.872193904152322648e+04 5.903675416564159173e-01 2
0 -5.007256892269293166e+04 5.514797697323956527e-01 3
2 -4.168946585942938691e+04 9.928048735437040584e-01 1
24 -2.422030677797817407e+04 3.340256917150645211e-01 0
21 -2.422288413565040537e+04 1.197700091706224157e-01 2
25 -2.422070125762431053e+04 6.784969200839496839e-01 2
16 -2.424855438057055653e+04 4.089375020521224258e-02 0
25 -2.422075980646912285e+04 9.011083459260235129e-01 2
1 -5.209747623679703975e+04 8.024743295953378208e-01 1
10 -2.517796354377950775e+04 2.606955363969749584e-01 4
15 -2.430197799978474359e+04 9.433758079352679848e-01 0
4 -3.303923686750154593e+04 1.090071647803290966e-01 1
1 -3.713863031420567131e+04 4.651783937308486827e-01 4
0 -1.171842790127448534e+05 4.400211782256202575e-02 2
5 -3.271314802177400998e+04 6.491130790029396858e-01 0
19 -2.423300407888168411e+04 7.676693501557707577e-02 2
8 -2.429273948712120909e+04 2.105605289917895639e-01 3
17 -2.423205083235460188e+04 3.031602609896370537e-01 0
9 -2.538191253275140116e+04 8.004973289958878802e-01 3
7 -2.756385665594162128e+04 1.931503193862087742e-01 3
21 -2.422186692351915190e+04 3.329381337339285540e-01 4
13 -2.445216187675492256e+04 1.860289161806508440e-01 3
0 -3.571156168295120733e+04 2.966125520498183454e-01 0
18 -2.423931012884252050e+04 2.263062247720320497e-01 4
2 -4.007869846301496727e+04 7.314786236199948277e-01 0
0 -9.302944823061216448e+04 9.474235757609105191e-01 3
25 -2.422046382576501492e+04 6.199570611390354813e-01 2
2 -3.255280979012603348e+04 1.379484965670497443e-01 3
28 -2.422025757997119581e+04 8.782628664419327436e-01 4
17 -2.423090588053634201e+04 2.129664868184276694e-01 4
5 -2.619520391605372060e+04 5.926136236644338195e-01 3
9 -2.574589211520784011e+04 2.381029127054757333e-01 1
19 -2.422902590672342558e+04 2.767580940370170106e-01 2
19 -2.423036573870911161e+04 1.942263570569015274e-01 3
22 -2.422255678153655026e+04 4.154166172619749853e-01 3
15 -2.426045066811958895e+04 6.813248670263547524e-01 3
15 -2.430823955295029009e+04 5.231410681742540980e-01 2
21 -2.422497682176229137e+04 3.272325380121260396e-03 3
19 -2.422607353954511927e+04 2.655341023136533751e-01 0
22 -2.422220057379846548e+04 2.846791069976155678e-02 4
3 -3.377500281081398862e+04 7.600275070834676683e-01 2
4 -3.260493175761265593e+04 7.629095232622203904e-01 1
12 -2.431576485562237212e+04 7.356143567160906560e-01 0
23 -2.422159561686450252e+04 4.514632657193086152e-01 4
13 -2.435810158908474114e+04 2.743587866419243682e-01 4
7 -2.831150113965744458e+04 4.002274674464866289e-01 1
7 -2.479357452385776196e+04 1.109271355146761451e-01 3
6 -3.031670652406416048e+04 8.253858770456128369e-01 0
3 -3.572248712108789186e+04 6.825115420712118963e-01 1
26 -2.422054760846222052e+04 7.618334832675228707e-01 4
15 -2.430184143214742653e+04 2.551332716347936014e-01 2
27 -2.422022753841153462e+04 1.661064323222998240e-01 0
5 -3.092467789501430889e+04 2.589847666413757632e-01 2
1 -5.070919574290075980e+04 4.702557779495473156e-01 2
15 -2.424733721758469255e+04 8.795423364940159194e-01 1
9 -2.562497272910797619e+04 9.969523837329026250e-01 2
28 -2.422024923083277827e+04 6.991069621513399390e-01 0
22 -2.422276880910406180e+04 7.856532423264027676e-01 3
21 -2.422273389383722679e+04 9.358693396269535114e-01 0
6 -2.630495405069371191e+04 6.744329348567219551e-01 4
16 -2.423374137162594707e+04 3.566544487295499888e-01 1
5 -3.173999563436659446e+04 9.550573522906651291e-01 2
12 -2.435337295088145402e+04 4.065593706106085392e-01 1
6 -3.020091773750677385e+04 1.521697856509686142e-01 1
19 -2.423231997512490489e+04 7.610920430981438223e-01 1
7 -2.820850066611546208e+04 2.900322896371871906e-01 3
13 -2.438534998499375070e+04 8.441316301749814954e-01 0
10 -2.521957044224870333e+04 9.959453446273016652e-01 3
7 -2.803024150721724072e+04 5.449031073973312767e-01 3
1 -5.839712237309909688e+04 4.036361621052653170e-01 2
19 -2.422632783815391304e+04 6.253329293319787041e-04 1
24 -2.422107070181602103e+04 6.150593327123583531e-01 3
17 -2.424663199421697936e+04 8.181622515360826853e-01 2
0 -1.055853809234009532e+05 1.697658412145752749e-02 0
2 -4.249509034154472465e+04 1.448465289795208832e-02 1
10 -2.448898192563825432e+04 6.190366020015876103e-01 2
18 -2.422736514880184404e+04 3.872180349122211762e-02 0
2 -3.385144498468186794e+04 9.142482263035967005e-01 4
3 -3.489730190916615538e+04 1.623358675440162990e-01 0
11 -2.465881205545294506e+04 5.373844198112666115e-01 0
7 -2.829689745322731324e+04 8.834490060937819633e-01 2
9 -2.513496805416186180e+04 8.323406935006004703e-01 0
24 -2.422027920154205276e+04 6.254271398164755746e-01 3
8 -2.647143476320649279e+04 9.506862072533884822e-01 4
17 -2.424221398062522348e+04 8.537608818663026122e-01 0
0 -5.540037572861388617e+04 4.089583960450724476e-01 1
11 -2.471198317897006200e+04 3.731394278296200628e-01 0
8 -2.573270391137317347e+04 4.647074520550802390e-01 1
23 -2.422178827926244412e+04 2.750786955714583093e-01 4
26 -2.422037241010110301e+04 6.768214322207075639e-01 2
27 -2.422040801555401413e+04 6.145056507644863775e-01 2
21 -2.422210064409024199e+04 4.807058047189868288e-01 0
19 -2.422705950350093553e+04 4.531473221290076570e-01 3
29 -2.422021687798091807e+04 8.540823770795633596e-01 1
11 -2.439483951201719901e+04 5.068745035381041486e-01 3
18 -2.422546461713791359e+04 4.060599449292245922e-02 1
8 -2.547772595082488988e+04 6.904317840249456495e-01 3
10 -2.504392651341765668e+04 6.154391477522767051e-01 4
29 -2.422025067650789424e+04 7.829849647161024606e-01 3
13 -2.438412585089700224e+04 7.195058384171635346e-01 2
7 -2.799613715092839630e+04 6.557516079075798032e-02 4
26 -2.422053830659895902e+04 6.814102278162841309e-01 1
27 -2.422038340216620418e+04 3.337595751882798112e-01 1
20 -2.422700982915168061e+04 3.256869266720610057e-01 2
3 -3.508016123863247049e+04 6.283030138943335174e-02 3
2 -3.663548411762417527e+04 9.985923997482863967e-01 4
9 -2.530970163536743712e+04 7.383108558938122901e-01 2
15 -2.422659148986578657e+04 9.921521511415409833e-02 2
29 -2.422025989432962524e+04 6.989707963074930364e-01 1
6 -2.640125387542033786e+04 7.999947108068143908e-01 4
15 -2.428180848456237072e+04 8.933909724715292100e-01 4
14 -2.432552734500960287e+04 8.104001305906139985e-01 0
6 -2.904133739580695328e+04 5.685138957654067848e-01 4
24 -2.422123719007358523e+04 4.986016237533530959e-01 0
10 -2.464137787142484740e+04 1.106082377465906763e-01 4
19 -2.422831826576633102e+04 1.526351360933944079e-01 1
14 -2.430622626482284977e+04 6.241543909189152251e-01 3
24 -2.422070473232831137e+04 1.961293921555787578e-01 3
21 -2.422450595904320653e+04 1.384604772958088481e-01 0
15 -2.430759229781725662e+04 3.703553933183767466e-02 1
1 -4.041083017347659916e+04 8.948381018181665869e-01 1
2 -3.294078960573781660e+04 9.821053952593197800e-02 1
20 -2.422787147620866745e+04 7.058031102886423991e-01 3
13 -2.444054436312898542e+04 7.095954998076331455e-01 1
15 -2.427410474599921872e+04 6.746292331821708288e-01 0
27 -2.422029428976642521e+04 1.419270412750320842e-01 2
21 -2.422473190628066368e+04 6.148499110987293292e-01 1
19 -2.423297175521687313e+04 9.633298988676904928e-01 2
8 -2.571737401989089994e+04 6.934385237490986453e-01 0
14 -2.435495331701875330e+04 9.212757483171514217e-01 4
24 -2.422098258535545028e+04 7.530176164834336827e-01 3
22 -2.422217421787574131e+04 6.830709115765544182e-01 4
23 -2.422167186119522376e+04 2.186863243815726776e-01 1
17 -2.423858500267242198e+04 8.665907721794176011e-01 1
29 -2.422021263306719993e+04 7.955619632414099307e-01 0
27 -2.422031186215190974e+04 1.805238978301694497e-02 4
10 -2.520647281111940538e+04 5.939782094068910556e-01 3
4 -3.339353790779254632e+04 4.669475993995915175e-01 4
23 -2.422195865788131414e+04 7.793896755718189295e-01 1
15 -2.426340489057802188e+04 7.624197509992569621e-02 4
26 -2.422044310021653655e+04 1.479294685935252929e-01 0
22 -2.422317600485280127e+04 5.325546308394226713e-01 0
25 -2.422048161137065836e+04 5.345091907160888223e-01 0
9 -2.539923298421706568e+04 4.556381611455542213e-01 3
6 -2.952519729867453862e+04 7.232321660889422243e-02 3
13 -2.446251275159583383e+04 8.776698927071567846e-01 4
7 -2.739623441160476432e+04 4.275796856331670059e-01 3
24 -2.422079575637768721e+04 8.092979123861641921e-02 4
23 -2.422103376142754496e+04 8.140088704775372275e-01 1
12 -2.445387680876099694e+04 9.500022112925778917e-01 2
14 -2.429383174270669042e+04 7.501373618911524876e-03 4
8 -2.622045532602202366e+04 4.091524150835914447e-02 4
10 -2.519064816791907288e+04 1.792640391253522980e-01 2
18 -2.422538981891638468e+04 7.020426904062380125e-01 4
27 -2.422035039317478368e+04 7.562960778880596646e-02 4
2 -3.532144623528202646e+04 2.180182795868123025e-01 2
4 -3.287169603637416003e+04 4.193797777217853073e-01 3
11 -2.452405772135793814e+04 5.785204031530035707e-01 0
16 -2.427101701173814945e+04 3.563511647036300967e-01 3
3 -3.467046027263204451e+04 5.236811201392487236e-01 3
13 -2.445043865122638454e+04 7.433437533250925044e-01 1
20 -2.422479856605275199e+04 2.597084141509831134e-02 1
15 -2.428622866811922722e+04 5.299420882303093050e-01 1
7 -2.782305851774175972e+04 3.659361239619558503e-01 1
10 -2.516031785270523687e+04 6.991436073068348911e-01 0
21 -2.422339879561050475e+04 3.230657412277543328e-01 3
29 -2.422022425231688976e+04 8.120966335872675801e-01 4
19 -2.423299323470118543e+04 4.535256618369953863e-01 1
17 -2.424477224363265486e+04 3.650618721594073857e-01 3
9 -2.543518484167384304e+04 4.291380958929022493e-01 2
21 -2.422417157331922499e+04 2.604155318225075955e-01 2
4 -3.238280213382896909e+04 7.952735814930023128e-01 4
1 -3.632457263438738300e+04 5.488928610572516575e-01 1
28 -2.422032212461665040e+04 8.869613291582721937e-01 2
25 -2.422054683260200545e+04 4.919718670805126037e-01 0
0 -1.038495585043558531e+05 6.086780223742374041e-01 4
24 -2.422095186677347374e+04 3.607832525197938178e-01 0
4 -3.312352906055572385e+04 5.186489498576598578e-01 2
5 -2.871566726744904008e+04 7.037489518108586140e-01 1
7 -2.439610677559038595e+04 1.513259392595337482e-01 4
10 -2.520103005061623480e+04 2.784288822134765168e-02 1
14 -2.434204458489325043e+04 1.088193870718649203e-01 3
28 -2.422030083103964353e+04 7.506024094723593443e-01 4
11 -2.439510330633242847e+04 6.237479101398644143e-01 3
7 -2.801909679948107805e+04 1.017353273576175887e-01 0
13 -2.428305944860301679e+04 1.234632038686145870e-02 0
28 -2.422023351862173877e+04 3.614928080762656037e-01 2
4 -3.317045172315942182e+04 2.451610637958656913e-01 4
18 -2.423025427712448800e+04 7.134302358997206550e-01 0
4 -3.188266646875560764e+04 7.639754542746233223e-01 4
3 -3.495758331752243248e+04 1.218593410712764669e-01 0
1 -5.484522689577665005e+04 1.741044432626318583e-01 3
6 -2.924985790385401197e+04 1.057395188188144097e-02 0
25 -2.422033585202708491e+04 9.724731352070136170e-01 2
7 -2.502095544127159519e+04 9.104328036620294995e-01 4
16 -2.422641001074116139e+04 1.831483645419659245e-01 2
2 -3.358136168297087715e+04 8.133314436817293824e-01 4
12 -2.456183447065870496e+04 8.998295122721701456e-02 3
20 -2.422712915499217343e+04 2.438339450966601207e-01 2
3 -3.333925125173711422e+04 5.613308406428054731e-01 2
2 -3.864822055414712668e+04 6.091866504114722414e-01 1
16 -2.427090986048706691e+04 9.770437677323612347e-01 0
15 -2.425278688534143657e+04 2.847181115674688456e-01 1
18 -2.423875517536061670e+04 7.873886289562409546e-01 0
25 -2.422059167787150363e+04 6.232029492948325533e-01 2
19 -2.423106139954016544e+04 1.892630573236011859e-01 4
11 -2.465809644152121473e+04 3.399030275009398139e-01 3
19 -2.422995074964308151e+04 1.913464328896145039e-01 2
21 -2.422468898382335465e+04 3.640493626090015589e-01 4
12 -2.441479031746410328e+04 6.887990425137913153e-01 0
5 -3.172701035035791574e+04 6.974868462043701811e-01 2
4 -3.024671920340301949e+04 2.608603989564317605e-01 2
21 -2.422482373505255964e+04 9.354679558417224872e-01 0
15 -2.429171910643076990e+04 9.593023204987325414e-01 3
26 -2.422033820829762408e+04 4.243039556710369586e-01 0
23 -2.422195159074538969e+04 4.604158558315021854e-01 0
21 -2.422291768306310769e+04 5.725063206758516099e-01 2
16 -2.427124974524016943e+04 3.744829539733137702e-01 0
21 -2.422239816296415665e+04 5.621560179149742709e-02 1
9 -2.511254009661318560e+04 6.094293936618340457e-02 4
16 -2.426756277182138001e+04 2.268045819018569276e-01 4
3 -3.544333031489801215e+04 9.500949712388599977e-01 1
24 -2.422036556988290249e+04 7.869911451394855373e-01 3
9 -2.539410567437972350e+04 3.129796996714686273e-03 1
10 -2.441122795983900141e+04 7.765451329409569503e-01 4
24 -2.422114641041383220e+04 1.894149221119765802e-01 0
16 -2.427536639936358188e+04 3.023720055969469911e-01 0
0 -3.400541702601980069e+04 5.018117029015471964e-01 2
7 -2.756661493846807571e+04 6.985609629435947099e-01 0
15 -2.428584060071875501e+04 8.772270148676986068e-01 2
21 -2.422252907845309164e+04 9.698243613253154649e-01 2
12 -2.449728059202785880e+04 2.439307314871540233e-01 2
24 -2.422091570241311638e+04 6.807910084970640874e-01 1
8 -2.688023083276117541e+04 1.101172137279190881e-02 0
4 -3.298601932485098223e+04 2.457490417266919580e-01 2
26 -2.422045344425289659e+04 5.085535229888976660e-01 4
13 -2.439087737633292636e+04 8.182889798073441634e-01 2
19 -2.423023043054683876e+04 7.763458712666714279e-01 3
26 -2.422043805746236467e+04 5.922068369719536429e-01 1
19 -2.423144652085832422e+04 9.643752035732666705e-01 4
20 -2.422188342281707810e+04 1.745778312523251496e-01 1
0 -3.536168203380242630e+04 7.933810621115293671e-01 4
2 -3.328429693049271009e+04 3.461376521083431856e-01 1
26 -2.422042219108365680e+04 4.478285764604763020e-01 0
2 -3.179391200764620226e+04 2.381836483198068177e-01 2
1 -4.949126898668442300e+04 7.929707950442198561e-01 1
12 -2.443469991884670526e+04 3.510151049718608363e-01 2
5 -3.233449389203477403e+04 7.177421391832842223e-01 3
11 -2.450601071478285303e+04 8.786510809324192817e-01 2
15 -2.430756778216486782e+04 7.964544797987693769e-01 4
3 -3.146777623552599835e+04 4.367681439065800308e-01 0
16 -2.422674833898094585e+04 8.586766746831131503e-01 0
25 -2.422071888045001833e+04 5.856519143683118767e-01 0
18 -2.422807908576925911e+04 6.033456151434158921e-01 4
3 -3.321619984766939888e+04 4.419460554906819993e-01 3
28 -2.422024118906774675e+04 1.294896965730898408e-01 0
11 -2.479910699779044808e+04 3.695087327593071791e-01 4
0 -4.638941034516882792e+04 3.323528647967504135e-01 4
5 -3.005301322086638538e+04 5.541471560092908755e-01 3
24 -2.422087245234802685e+04 3.929296196495434823e-01 4
16 -2.426393594759042389e+04 6.809793040511822326e-01 3
15 -2.430104633347477647e+04 7.841987687587471667e-01 4
28 -2.422020584111488279e+04 6.632019943775563364e-01 1
13 -2.438270610302229397e+04 7.781641157138268206e-01 2
18 -2.423810879805602599e+04 8.246166341437630720e-01 0
15 -2.429161144588338720e+04 5.014046813938397573e-01 3
16 -2.425114220316989304e+04 6.321906353701258752e-01 3
0 -1.212397115054657334e+05 7.537138291036559190e-01 4
16 -2.424284952116918794e+04 6.204831154181492670e-01 3
18 -2.423036955089056573e+04 4.266189396627118047e-01 1
6 -2.633863456848698479e+04 4.337502803510118188e-01 1
2 -4.195582649014441995e+04 5.453898408810851084e-01 2
1 -4.874482883406813926e+04 6.347182037808541955e-01 0
14 -2.433305803203667165e+04 2.837893983118915386e-01 0
25 -2.422065448700030538e+04 3.143650300036824885e-01 4
8 -2.694477835349650559e+04 8.282163717971382511e-01 3
6 -2.777173739069042495e+04 4.083299489229819113e-01 2
24 -2.422110414354437671e+04 6.366333606411447299e-01 4
16 -2.424104131778204464e+04 3.557775411863572934e-01 1
17 -2.424442395389847297e+04 1.702784745043999237e-01 0
29 -2.422021380703112300e+04 2.620731796903736505e-02 4
14 -2.432725904799542332e+04 7.289764180509171743e-01 0
25 -2.422059226388828392e+04 3.705040449961681803e-01 4
20 -2.422783447015021375e+04 9.458512860694989755e-02 1
13 -2.445842611415393185e+04 4.057794102780270529e-01 0
28 -2.422032118097202328e+04 4.217318723402891933e-01 2
9 -2.516889387180258200e+04 3.956530624732590429e-01 3
17 -2.424969219642784446e+04 3.058970636424275802e-01 3
19 -2.422560339682788981e+04 5.304961369316127939e-01 3
18 -2.422448306624912220e+04 5.824274093446974998e-01 2
15 -2.430617917015386774e+04 6.581659492933755740e-01 2
19 -2.422048970834205829e+04 2.150858829317336962e-01 3
21 -2.422102332362560264e+04 3.254876338163074229e-02 3
5 -2.762025784760672832e+04 9.805489966556935055e-01 1
15 -2.423098150659761814e+04 5.995887915968500792e-01 2
26 -2.422046543352237131e+04 6.974072128159378714e-01 2
22 -2.422180643400771078e+04 4.072643945706178048e-01 1
0 -6.954451455085979251e+04 6.688606414204585349e-01 4
20 -2.422601853018081238e+04 3.578258296454488452e-01 1
7 -2.787285519058307909e+04 5.468344681977014288e-01 3
19 -2.422286334691353477e+04 6.168905053327238264e-01 1
17 -2.424255266057527115e+04 5.466668552880767917e-01 3
26 -2.422040479747437348e+04 7.145971375934720982e-01 0
27 -2.422034262490400943e+04 7.120961156819198834e-01 0
17 -2.424004759936654955e+04 9.799366460752990671e-01 0
27 -2.422021686912693986e+04 7.440502218696241066e-01 2
11 -2.451397578426452310e+04 9.864273534811873745e-02 4
24 -2.422113566597221507e+04 5.909475455247642506e-01 2
7 -2.629727947980241879e+04 9.300681621504168772e-01 3
14 -2.433607444653359198e+04 9.081025532210655893e-01 4
18 -2.424035500311433134e+04 6.054982840404625755e-01 3
20 -2.422805854148353319e+04 3.329299905278526039e-01 2
0 -1.156951274225257366e+05 2.919668416899560137e-01 3
10 -2.467320143463107524e+04 4.796002192028750444e-01 4
9 -2.575426793780688968e+04 6.012259846028982224e-01 3
13 -2.441636938996893514e+04 6.456281564660630856e-01 0
18 -2.423549977974328795e+04 2.958925433522229254e-01 1
17 -2.424191777256842397e+04 4.952832240848264456e-01 3
19 -2.423196190590162587e+04 6.668928738852195615e-01 3
18 -2.423475274668108977e+04 6.028310392433249287e-01 3
11 -2.470513356080173253e+04 1.587158191162429954e-01 3
7 -2.800345577297430646e+04 4.465299463123851842e-01 3
29 -2.422021676000385196e+04 6.530699363860583695e-01 2
19 -2.423255013213522761e+04 7.149357650153649324e-01 4
27 -2.422032459239270975e+04 1.912914273862398318e-02 2
9 -2.542100527012389284e+04 1.282037842477112832e-01 4
10 -2.503875651570194896e+04 3.833502657375511546e-01 2
23 -2.422079803109623390e+04 8.828266559863777729e-01 4
9 -2.569919506932018703e+04 2.132684704442332213e-01 3
15 -2.429970203982100793e+04 3.226587197877164859e-01 1
1 -4.788546298407111317e+04 3.473937846643910254e-01 3
8 -2.683321115183682559e+04 4.916948918034735883e-03 1
18 -2.422659646128907843e+04 6.476568050574658120e-01 2
14 -2.433924925860006624e+04 6.903005021083989945e-01 4
14 -2.431669976374875841e+04 9.832942098625879757e-01 2
5 -3.229968106214151339e+04 2.787685992536027141e-02 2
23 -2.422103181328516803e+04 3.250898957684384416e-01 2
24 -2.422123872263293742e+04 2.634575690087448407e-02 2
3 -3.311245939382760844e+04 9.814777486509880244e-01 1
24 -2.422076479354807088e+04 4.272663062917323451e-01 4
16 -2.424844869286561880e+04 1.213299424365690271e-01 3
4 -3.329732274430977122e+04 2.352053345924557115e-01 0
3 -3.366117314405026264e+04 7.187054408907221914e-01 3
11 -2.469931374546654115e+04 8.369936729783504781e-01 4
10 -2.526558193491056227e+04 9.572593418116949193e-01 4
9 -2.588491793924960075e+04 2.667853272672143089e-02 3
1 -5.827741555778238398e+04 6.447721783310327304e-01 1
23 -2.422167877127286556e+04 5.369747620661000642e-01 4
25 -2.422060707975181140e+04 7.417879760282256596e-01 3
7 -2.754203923677555576e+04 3.558648256021391121e-01 2
16 -2.426800088014086941e+04 9.997796009836684705e-01 1
13 -2.443503709875859204e+04 6.641504175731638426e-01 1
17 -2.425205916002439699e+04 5.094193294537472383e-01 1
0 -1.331618839606551337e+05 4.582741019699971829e-01 0
25 -2.422058908391596196e+04 2.652450678957780639e-01 3
1 -4.959719850184788083e+04 5.597306766896392727e-01 2
11 -2.446808111811339404e+04 7.543043106835074507e-01 4
26 -2.422036232597767230e+04 2.857269818012539986e-01 2
27 -2.422037856551833465e+04 9.539833437827328622e-01 2
28 -2.422025315890543425e+04 7.906535121347229023e-01 2
1 -5.659130279655822233e+04 8.096717682939469363e-01 1
6 -2.664446493277611444e+04 8.014354586241161371e-01 3
6 -3.014922021705858424e+04 6.452349055755642881e-01 3
7 -2.769053196221571852e+04 7.808209766780302985e-01 4
7 -2.713359076202597862e+04 4.810161525793485993e-01 2
10 -2.497177744406647616e+04 8.366262865355975631e-01 3
11 -2.461717612855962216e+04 1.748026074584550227e-01 2
24 -2.422108121675762595e+04 3.441261017496349828e-01 3
27 -2.422037109266656262e+04 4.699660422580450581e-01 0
27 -2.422036419970577845e+04 9.829537636070182494e-01 4
19 -2.422947825815089527e+04 7.314457048306000075e-01 1
20 -2.422724558008278836e+04 6.393175277313112304e-01 1
8 -2.587936557380747399e+04 4.221498332442097934e-01 3
2 -3.496699338529261877e+04 1.988091042207559278e-01 0
9 -2.547905311499638992e+04 3.744547853644100144e-01 1
22 -2.422084066290386545e+04 4.074956971886984913e-01 3
24 -2.422051431814393436e+04 1.282463942503564713e-01 0
12 -2.447835956691421597e+04 7.963005595071622755e-01 3
3 -3.369528337628853478e+04 7.286682769360777190e-01 3
7 -2.597491719770930285e+04 8.898643189850181656e-01 4
16 -2.426677613240078063e+04 8.285713231642418686e-01 3
0 -4.392476317072360689e+04 6.475676476820213523e-01 3
16 -2.425953018158396662e+04 9.670341299522684508e-01 2
25 -2.422046243999424769e+04 9.783111923832274459e-02 1
6 -2.616800561074243160e+04 1.594264539237340017e-01 2
2 -4.050553985034473590e+04 5.485916484305973784e-01 2
15 -2.430365255626661747e+04 9.763039306314532650e-01 0
0 -9.887293553236444131e+04 4.616035811703143033e-01 0
4 -3.347202634134018444e+04 4.600897249032342984e-01 1
18 -2.422347840349106264e+04 8.595275254441219204e-01 4
9 -2.450558318910976595e+04 6.289682460392114205e-01 3
11 -2.480705410449404735e+04 8.176881574281669174e-01 0
19 -2.422968104936638701e+04 3.383210473481089164e-01 1
25 -2.422067194232056499e+04 9.906565939597609116e-01 1
4 -2.996864680175097601e+04 5.257466039350013887e-01 0
27 -2.422022843259298679e+04 3.506083684238869291e-01 1
24 -2.422076562197294697e+04 7.349069728118102773e-01 4
19 -2.422935097884771676e+04 9.913623124147721288e-01 4
6 -2.950137174488933670e+04 8.702780503248881416e-01 3
5 -3.173952849381766646e+04 6.926913808649679538e-01 1
21 -2.422232325698397108e+04 7.049945774665289377e-01 4
14 -2.434822474790275373e+04 2.054547417388455921e-01 3
