-1.987918065146822499e+01 5.615302995909685624e-01 -8.898451675592161436e+00
-1.897255948039339657e+01 9.262895026276450894e-01 -1.768437199450366037e+00
-1.890810035969587233e+01 3.605159932991988114e-01 -5.795267021534709073e+00
-1.931415385931658690e+01 1.790426635672903721e-01 4.993511511134887115e-01
-1.928866349848305717e+01 2.654582815262403472e-01 -1.189222177731053876e+00
-1.918860386189603773e+01 5.684463325552097102e-01 -1.561770079397586386e+00
-1.909876665940018015e+01 6.814391870419747033e-01 -6.805312749708830822e+00
-1.944837453666661276e+01 5.614878173430614128e-01 -2.085529137125767818e-01
-1.927246224102676564e+01 1.782811868329566285e-01 -2.775157422527494866e+00
-1.857142780228755186e+01 9.854600115011775963e-02 -9.021419386044259525e+00
-1.923152322539365855e+01 2.971963254605802449e-02 -3.713180652941052706e+00
-1.913539810513471551e+01 3.525015896085916811e-01 -5.454124753766251388e+00
-1.932906848719170512e+01 1.317386937978760053e-01 -1.628353229402925706e+00
-1.927193862881749453e+01 1.454584739523999415e-03 -3.557807642922002245e+00
-1.935969533530352749e+01 1.838081426932027668e-02 -1.735462290933870833e+00
-1.907715057873526732e+01 6.911036544358831746e-01 7.791353324252359158e-01
-1.914254586558210747e+01 4.881990793360428960e-01 -3.952127462355374377e+00
-1.930728445334549903e+01 2.979628116210517597e-01 8.361655658979749717e-02
-1.933198377542229096e+01 2.335868365066327834e-01 -6.041735348216903390e-02
-1.930518542208798394e+01 1.989329218256370158e-01 -7.100454400708393621e-01
-1.930702236838622454e+01 1.937561655418928996e-01 -6.416727949923863861e-01
-1.926527812921717953e+01 1.856052664984059464e-01 -9.384800555057353222e+00
-1.933122350393163202e+01 3.575031888135913327e-01 -9.785056641231351549e+00
-1.928354031086691123e+01 1.053302660241701161e-01 -2.269819353583526045e+00
-1.932294497835659541e+01 3.183671513148311760e-02 -1.519190161927085114e+00
-1.925863144720974418e+01 3.162372795705361006e-01 -1.117764569057417390e+00
-1.925318314869068814e+01 1.544445907817699748e-01 -2.707094381532014538e+00
-1.922853374411231187e+01 2.028658942048065239e-01 -3.673170983764334707e+00
-1.928288678759235708e+01 2.612025859958131413e-01 -2.510485838688403248e-01
-1.929985034292392143e+01 2.460308655629597774e-01 -3.153507264667805288e-01
-1.933178778769626760e+01 1.694657653987001189e-01 -5.194849589487429142e-01
-1.928206663953904965e+01 2.197604331991987459e-01 -1.092634324542951063e+00
-1.929633443046886754e+01 2.520646614121210272e-01 -3.118719471155628753e-01
-1.933240436137318952e+01 6.371219164890168374e-02 -1.653193166343221776e+00
-1.932272126772317833e+01 1.139798861915996830e-01 -1.409222612677115904e+00
-1.931298127542781629e+01 1.649598884518038155e-01 -1.050330234293427978e+00
-1.931656089044780344e+01 1.052113566024087954e-01 -1.530602103311231588e+00
-1.933117673108677792e+01 9.158672031324588403e-02 -1.350987001812351096e+00
-1.931019204345856721e+01 2.757620701980738609e-01 5.267733371293275013e-01
-1.931403191311915535e+01 1.407726791181758141e-01 -1.028735519842999935e+00
-1.931262279246282887e+01 1.416446592262546045e-01 -1.169354345110365401e+00
-1.893817546673669128e+01 7.432695336419241627e-01 -2.834333286973159005e+00
-1.931959922586266387e+01 1.102708644066476007e-01 -1.366967084816881339e+00
-1.931501221095961895e+01 1.405202389237908966e-01 -1.115272773790414007e+00
-1.931438745222908793e+01 1.383071157214461333e-01 -1.180970681684701873e+00
-1.902002519644060285e+01 6.234916800338319298e-02 -6.392217185130333768e+00
-1.932026413406665100e+01 1.428116144908709584e-01 -1.083904902515950397e+00
-1.931862821047790035e+01 1.164674158021924560e-01 -1.307107863088470268e+00
-1.931743415785884821e+01 1.233799437773896862e-01 -1.260068032927685877e+00
-1.932626302036704757e+01 9.031623264541101259e-02 -1.457798237528034946e+00
-1.931760862517949917e+01 1.354202234686029682e-01 -1.154551531176901236e+00
-1.931635529536444906e+01 1.382050838806102855e-01 -1.153581534586695767e+00
-1.931580574214471113e+01 1.364373077607486662e-01 -1.158800665900885818e+00
-1.884410827657328724e+01 9.553875856970814873e-01 -8.690899376956865652e+00
-1.931142395033252512e+01 1.537155925725431638e-01 -1.077989562752609487e+00
-1.931109106922712826e+01 1.530090309947671479e-01 -1.071292176997312495e+00
-1.930733326403015582e+01 1.128809892056927139e-01 -2.593238406112464922e+00
-1.931537871713495136e+01 3.780796911720241821e-02 -2.012477389817079576e+00
-1.933319079692783404e+01 2.272734884699111058e-02 -1.941762622259838977e+00
-1.929263035610194166e+01 3.226318169042846074e-01 3.745008838984293931e-01
-1.907744187215761045e+01 4.337226632018778005e-01 -5.269877207386744367e+00
-1.931931013776877037e+01 1.187242863497378620e-01 -1.328779602196190623e+00
-1.931729531976846559e+01 1.503852714175453742e-01 -8.458593444551070206e-01
-1.931982985954372012e+01 1.234847988099804922e-01 -1.251449789541373647e+00
-1.931185091109783514e+01 1.033430094334534532e-01 -1.476129737576313161e+00
-1.930974863730517654e+01 1.609131424411915368e-01 -1.003707383526185382e+00
-1.931517413491051016e+01 1.590703988099769206e-01 -9.766197919181855980e-01
-1.927479590327802583e+01 5.475825504667997112e-01 -7.059047140087457706e-01
-1.932026202544951943e+01 1.239783994884226942e-01 -1.253225752811346183e+00
-1.931433932271018250e+01 1.446666418607379934e-01 -1.121083134912840507e+00
-1.930022893896217440e+01 1.685226101234905127e-01 -9.797529252553154322e-01
-1.931357824501313658e+01 1.437785171729351330e-01 -1.143486858395622363e+00
-1.931666394930290309e+01 1.419985023234409671e-01 -1.109871734992442072e+00
-1.931163613381792032e+01 1.404560669880778323e-01 -1.209215603826732988e+00
-1.928366802939311597e+01 8.135499833091705546e-02 -2.748609452094946448e+00
-1.931588823593493132e+01 1.432797387645826093e-01 -1.052660274423280029e+00
-1.931721511079068421e+01 1.256976696838388030e-01 -1.288439524257860569e+00
-1.930440446990565206e+01 1.491263343050663326e-01 -1.306499287983033497e+00
-1.931569467927876715e+01 1.323134262626399771e-01 -1.212382165581052718e+00
-1.930962518992629029e+01 1.405923869329398501e-01 -1.270758892793649508e+00
-1.932420487124917230e+01 1.164782735717006523e-01 -1.177473555146404394e+00
-1.931802158327549890e+01 1.126240010919316858e-01 -1.272150570158988359e+00
-1.931912202801460410e+01 1.271818795960855397e-01 -1.193229623021403896e+00
-1.931675162865675688e+01 1.281251983912952142e-01 -1.245962771413198666e+00
-1.931504336645978270e+01 1.359726648089764345e-01 -1.191360998477644983e+00
-1.931608869968315645e+01 1.351484595825359625e-01 -1.177052555384909382e+00
-1.932124643306365286e+01 5.754278913386529776e-02 -1.745721919835144575e+00
-1.886973244023086949e+01 7.199292157307429774e-01 -8.847919380441169324e+00
-1.928418822044831060e+01 1.687940184784250952e-01 -1.011340586604109859e+00
-1.930007425074961702e+01 1.546222449320336922e-01 -1.202077202736917982e+00
-1.932160060165653803e+01 6.128034166448558667e-02 -1.691515372314885468e+00
-1.931745632295225334e+01 1.286385758622805575e-01 -1.229677326144994254e+00
-1.933923880931375905e+01 6.741197523776081002e-02 -1.515549168237990685e+00
-1.932310591985115167e+01 7.731688747206347245e-02 -1.600369418478949868e+00
-1.929826818363009977e+01 3.740095544085421386e-02 -2.909120696507960346e+00
-1.931814308078497788e+01 1.287932065703625562e-01 -1.206608341225837933e+00
-1.931865448579217315e+01 1.281350617144332849e-01 -1.204898642955365418e+00
-1.937685600532040553e+01 1.423623583641440149e-01 -8.085614895324919615e-01
-1.931825824711643236e+01 1.277808759969221442e-01 -1.245638304051681189e+00
-1.928978536747922945e+01 2.211554260693361917e-01 -7.956991334589460507e-01
-1.991569165656973794e+01 1.603504376138931709e-01 -9.877841430288546221e+00
-1.930802344443770835e+01 1.935005107629633736e-01 -7.083909127108345416e-01
-1.930909712515594023e+01 2.091827178432737744e-01 -5.313705337865251010e-01
-1.932732083537849732e+01 9.882225493096047364e-02 -1.342313495691028535e+00
-1.930632604812542397e+01 2.461480357196932922e-01 -2.267447949886260972e-01
-1.853022064210282238e+01 7.243787777293759778e-01 -1.004879879839474910e+00
-1.913618104744972470e+01 4.083733976507772923e-01 4.499456285883418616e-02
-1.934177957180604324e+01 6.212138357233576436e-02 -6.312340193054863491e+00
-1.917599247418389652e+01 3.134350844856189089e-01 -8.352982352574214175e+00
-1.931535593642588111e+01 1.393988142804837016e-01 -1.150286563158013919e+00
-1.931128563202208426e+01 1.791079317465790466e-01 -8.378527408093781048e-01
-1.931279487691924501e+01 1.923832677484690890e-01 -6.572407015554482257e-01
-1.923395889734151964e+01 6.519969840398508465e-01 -3.103030187952465546e+00
-1.930027265657571789e+01 3.114458870650650413e-01 1.690423190671186404e-01
-1.931511783662953619e+01 1.397245241425293938e-01 -1.147789029970429198e+00
-1.931300696827512553e+01 1.494334633885672503e-01 -1.095911939939714586e+00
-1.917610796038541920e+01 4.327234977657472004e-01 3.319987452482031642e-01
-1.903188200354941984e+01 1.693622782926925141e-01 -3.469422553280139709e+00
-1.931732278466778396e+01 1.331167641548968439e-01 -1.166992765814065081e+00
-1.823816675557954525e+01 1.369497596435019504e-01 -7.621523216398399470e+00
-1.931623547405611774e+01 1.354496454992127341e-01 -1.175204731333611363e+00
-1.931581524629696744e+01 1.370262522044190800e-01 -1.168911489158269035e+00
-1.931448569717596087e+01 1.428449954286125922e-01 -1.127324214062303653e+00
-1.931586455473068398e+01 1.373438773953057079e-01 -1.167925576728752191e+00
-1.931585540726619143e+01 1.367617956873566631e-01 -1.166823925943997864e+00
-1.931609187012415418e+01 1.362966463438620157e-01 -1.168174633944769170e+00
-1.930935130713184478e+01 1.723236702430211709e-01 -9.114785746377940256e-01
-1.931328059913235862e+01 1.647605073968046729e-01 -8.983521852262956742e-01
-1.931609683509713093e+01 1.358833515596876984e-01 -1.170906244846163347e+00
-1.931586497865640339e+01 1.366157100736402896e-01 -1.164505225346072592e+00
-1.927096322861658706e+01 2.853162421280220351e-01 -3.010904656388948553e-01
-1.931586232681573634e+01 1.359857368865622917e-01 -1.175724246658141681e+00
-1.931588532461402252e+01 1.362654408270326523e-01 -1.175312744297610124e+00
-1.931589634957837731e+01 1.365617244322746004e-01 -1.170080863572298568e+00
-1.931367788245907491e+01 1.527158191926888953e-01 -1.046556652999967696e+00
-1.915201398863982263e+01 6.301083089771518653e-01 -4.159316377812132259e-01
-1.918319827773942166e+01 4.976154763306566697e-01 -2.844115329753016397e-01
-1.929432236721570604e+01 2.484917377905299096e-01 -1.785717052977489061e-01
-1.931528315142026742e+01 1.404008232625520991e-01 -1.141376111727403497e+00
-1.931576450170345893e+01 1.376167874950443570e-01 -1.160153597245798807e+00
-1.931495107062787397e+01 1.412701399359992394e-01 -1.141906527524453097e+00
-1.931571127045868153e+01 1.375436679152077790e-01 -1.162347710757082098e+00
-1.931936084714401858e+01 5.912631046543204150e-02 -1.555905216105317734e+00
-1.931576822947984340e+01 1.367614055577703325e-01 -1.173581170197500967e+00
-1.931595937921068895e+01 1.364179320982205068e-01 -1.173279420993635469e+00
-1.931588467653554630e+01 1.361916711406520042e-01 -1.175449145863016298e+00
-1.932961464048219113e+01 8.233045091261881332e-03 -8.538851320364123865e+00
-1.931568464327127899e+01 1.376171743112639401e-01 -1.163070080846509313e+00
-1.931553655182734985e+01 1.387467877954789708e-01 -1.153324548126857252e+00
-1.931555320133533016e+01 1.387537884982227021e-01 -1.152370806913559420e+00
-1.931553211373373458e+01 1.386639569262473337e-01 -1.153969086258609167e+00
-1.931724339297203485e+01 1.331897550550939779e-01 -1.181174112741912197e+00
-1.929273473659848293e+01 1.876797179316566089e-01 -3.936420100120499477e+00
-1.931581428506350306e+01 1.372685485327216348e-01 -1.163161144199072794e+00
-1.931529109620014495e+01 1.382789057596313653e-01 -1.160490870894678395e+00
-1.931565219514265763e+01 1.385494805452026912e-01 -1.154706259356945708e+00
-1.934441845100305457e+01 3.688893499393907250e-03 -1.908470123912969996e+00
-1.931580792536394142e+01 1.371193348416749336e-01 -1.166312742707271255e+00
-1.931578787530272479e+01 1.370816752529905036e-01 -1.166574405137250636e+00
-1.934296450823592650e+01 4.287189246924144048e-01 1.525487958129421173e-01
-1.931562265297322156e+01 1.383865478147859318e-01 -1.155304097669269225e+00
-1.931563242198554775e+01 1.381894410188435618e-01 -1.157995518765217113e+00
-1.931577641267108802e+01 1.378002444671760918e-01 -1.161645607829061788e+00
-1.931563231556048166e+01 1.380406698524408171e-01 -1.158676256467005672e+00
-1.940858523168394711e+01 2.699862176448249163e-02 -1.243740164282844063e+00
-1.931560007253923672e+01 1.384004929675125839e-01 -1.155908114512119056e+00
-1.931570245610370407e+01 1.378021556423284222e-01 -1.160349512368540559e+00
-1.931559122676315710e+01 1.384626029467672381e-01 -1.155604766480859524e+00
-1.931702802082144643e+01 1.011943085054639452e-01 -1.454950687168523160e+00
-1.931568712214491157e+01 1.378039965170512193e-01 -1.160490556098555004e+00
-1.930706913097865751e+01 1.231693880098992527e-01 -1.424099683113832171e+00
-1.931004657323254747e+01 1.661666938842588925e-01 -9.706480280790348303e-01
-1.931571272776401571e+01 1.378217130664440293e-01 -1.159840027079274805e+00
-1.931565734770548914e+01 1.380930134324904468e-01 -1.158216655409537665e+00
-1.931570438921023225e+01 1.378151125578828406e-01 -1.160008036785098895e+00
-1.931568139241177917e+01 1.378126462508264538e-01 -1.159801906237007074e+00
-1.931563461680379135e+01 1.381306701382804536e-01 -1.157901829118070935e+00
-1.916993225557890668e+01 6.090008488478366733e-01 -1.767657371493728036e+00
-1.931440078915915137e+01 1.432090452044111339e-01 -1.158703356504410920e+00
-1.931568277430563185e+01 1.379094837222588910e-01 -1.160323470600399531e+00
-1.931562978233579742e+01 1.381034736963749898e-01 -1.158434601183722990e+00
-1.931549146940297845e+01 1.386720034760413889e-01 -1.154273309743526710e+00
-1.930252049951059590e+01 1.099725886359041449e-01 -1.377672086586089861e+00
-1.931567655088273838e+01 1.381807882282071187e-01 -1.157076388443304182e+00
-1.931549471935357687e+01 1.389909953047394620e-01 -1.150426627729268958e+00
-1.931543767104745513e+01 1.388398744211829239e-01 -1.152944919817484148e+00
-1.931542506073949639e+01 1.388518317041325389e-01 -1.152124408110180909e+00
-1.931581540717368028e+01 1.383250127673451568e-01 -1.153214798837172594e+00
-1.931572433367737673e+01 1.383015618959163029e-01 -1.153641796900842564e+00
-1.931549814475538085e+01 1.384699515888006549e-01 -1.157296038944332750e+00
-1.931555940085597456e+01 1.384487799667897256e-01 -1.156163695123279211e+00
-1.931569439904393803e+01 1.383833057967260027e-01 -1.153683496384440232e+00
-1.931560390704493457e+01 1.382382068712873224e-01 -1.156652846636536225e+00
-1.931562384725060255e+01 1.381401539275281809e-01 -1.157269907278957177e+00
-1.931546390794595780e+01 1.373740445794109921e-01 -1.162319006781080688e+00
-1.931578896482443852e+01 1.379905140134795871e-01 -1.157346862268031629e+00
-1.931547013728967599e+01 1.381346261105722284e-01 -1.159632245297940401e+00
-1.931552871598945842e+01 1.385334205163451793e-01 -1.155924679005869038e+00
-1.931571072948819534e+01 1.380236288196483307e-01 -1.158047021208986394e+00
-1.931560332286388615e+01 1.383321736896104270e-01 -1.156627546656052274e+00
-1.931515764631766530e+01 1.376870766841119254e-01 -1.164781035516405439e+00
-1.931562739353680769e+01 1.382939425096491315e-01 -1.157154538750486239e+00
-1.934803818535544195e+01 3.480832737850769309e-03 -1.957963467481594222e+00
-1.931450682532436858e+01 1.390653219625262171e-01 -1.158890781478156384e+00
-1.931554138449094893e+01 1.394803016838810361e-01 -1.147608450938005120e+00
-1.931557118971982234e+01 1.397248425734848309e-01 -1.143869961401147606e+00
-1.931640012240440996e+01 1.152932021435568027e-01 -1.290030786046427735e+00
-1.931570733444515753e+01 1.382989317843241195e-01 -1.155974312910450053e+00
-1.931564950450770368e+01 1.383405840509434881e-01 -1.155404125050202069e+00
-1.920885090128291139e+01 1.964736852986957438e-01 -3.519922918944535795e+00
-1.931506970081754915e+01 1.373222016546581659e-01 -1.157161285463990552e+00
-1.931558236499594727e+01 1.382440887259593076e-01 -1.156754344191833539e+00
-1.906352110002212541e+01 1.914924005833657794e-01 -7.999546689264405153e+00
-1.916397082431099719e+01 5.529358325427831122e-01 -1.022490445621658139e+00
-1.931570196033150566e+01 1.381701697993611977e-01 -1.174444969130730598e+00
-1.931562476256378602e+01 1.382779746836980683e-01 -1.156663748058040397e+00
-1.926174740744867719e+01 2.796639268224334618e-01 -6.890917401342733228e-01
-1.929821737095929279e+01 2.081951872313337892e-01 -6.556392436441829119e-01
-1.931564633343181470e+01 1.381411263991358940e-01 -1.157128500040757402e+00
-1.931618551402742767e+01 1.242101493754267233e-01 -1.270242132135557256e+00
-1.931819657257308620e+01 1.249516971094808970e-01 -1.232891396798626360e+00
-1.932673406274575001e+01 4.984440080088518160e-02 -1.844459393990335982e+00
-1.904289990732915427e+01 8.660518788965809733e-01 -8.987887299770781269e+00
-1.922564292046466861e+01 5.419394993042055964e-01 -5.672131655897398872e-01
-1.900742521516088601e+01 3.684999309144176838e-01 -3.848718242532989109e-02
-1.931614133823985568e+01 1.306204927216200185e-01 -1.237193225593951951e+00
-1.931708596895545327e+01 1.412185435678438850e-01 -1.114517142839364539e+00
-1.932957500585404631e+01 7.044858312901142172e-02 -1.514651538744779202e+00
-1.930649899089269184e+01 1.907590948927370411e-01 -8.019368840573317669e-01
-1.930787308962757720e+01 2.033881393600458221e-01 -7.061941778064380060e-01
-1.825967243667519924e+01 7.558043138613399492e-01 -2.800770441203908945e+00
-1.897267756897298341e+01 2.079607963149925354e-01 -3.486252562057062576e+00
-1.931650747090894171e+01 1.310319890130910159e-01 -1.205648862084409245e+00
-1.929291649273057274e+01 3.358754891156649491e-01 4.133426927740622148e-01
-1.931571255925478070e+01 1.380059227292841639e-01 -1.160072661036199548e+00
-1.931589891465147346e+01 1.319981878843858314e-01 -1.208960867227750313e+00
-1.931556686307744997e+01 1.384522337670398562e-01 -1.156397897151839160e+00
-1.931726905567693109e+01 1.299191513423161581e-01 -1.241634471885850743e+00
-1.931101968674552793e+01 1.514270693139602997e-01 -1.095941210951593803e+00
-1.931556202869654371e+01 1.382003564194423384e-01 -1.156747631819460054e+00
-1.934461031575805734e+01 7.478762051143042489e-02 -1.056165632247267894e+00
-1.934779655089487704e+01 2.811662882642174469e-02 -2.049634283622020270e+00
-1.931300886739355605e+01 1.465691620109003945e-01 -1.089867289747656898e+00
-1.931564295620686522e+01 1.381367784067078774e-01 -1.157824461547441786e+00
-1.931460693991386179e+01 1.450690423282102459e-01 -1.107324920746719954e+00
-1.931563251136535797e+01 1.381977752155854333e-01 -1.157840397524779519e+00
-1.930959614896870846e+01 1.421900769233432338e-01 -1.248256969077036871e+00
-1.932339011079548285e+01 1.147409285056906481e-01 -1.295250436612082723e+00
-1.931558962451732242e+01 1.378920870587550529e-01 -1.159627581040004074e+00
-1.931555609788192029e+01 1.379619127167768800e-01 -1.160519272402718016e+00
-1.933238841570815936e+01 1.231124468333824884e-01 -1.053295350256849616e+00
-1.929237033398064582e+01 7.925696105881287201e-02 -4.143753393633796911e+00
-1.914691883281318141e+01 4.739700237481563327e-01 -6.140000417262835519e+00
-1.931554134800513367e+01 1.387067267366567103e-01 -1.154757535296582205e+00
-1.931533579419143010e+01 3.035853882965790229e-02 -2.065511080813307032e+00
-1.931719621035435352e+01 3.040372119335632214e-02 -2.293672944253614787e+00
-1.920661032148695568e+01 1.358351524143234790e-01 -4.813089154075378850e+00
-1.935192343847337426e+01 5.010300171709870798e-02 -1.614147099155616161e+00
-1.931553595217178199e+01 1.394454880397594798e-01 -1.147507932877962489e+00
-1.931541794012599311e+01 1.395584541970631975e-01 -1.147205454400021196e+00
-1.929066019272675092e+01 6.399356060604767527e-02 -3.697504854260559526e+00
-1.919160735608025092e+01 5.017819860942209775e-01 4.041726669341620948e-01
-1.931282037554606390e+01 1.575952235842466576e-01 -1.029244948741277810e+00
-1.917587175410651668e+01 2.302620188134423540e-01 -6.143459334279739892e+00
-1.931554405077709191e+01 1.396640328808712306e-01 -1.145881844426765994e+00
-1.931525922262433426e+01 1.397360681055296316e-01 -1.150700511880508259e+00
-1.931544031940439154e+01 1.393096962878776490e-01 -1.143514009873333848e+00
-1.931539378092518078e+01 1.394828827040802965e-01 -1.148368720569694190e+00
-1.930845128277430689e+01 2.674582246112057748e-01 1.300804367404495565e-02
-1.920995069431781133e+01 5.299844492398602114e-01 7.428982455689325803e-01
-1.930668862763556248e+01 1.794607538796156032e-01 -8.499369112828354389e-01
-1.931557882881710242e+01 1.384416611775106665e-01 -1.155239458027143229e+00
-1.932000188949708885e+01 1.713348693040387949e-01 -9.115189166717705405e-01
-1.929132736249505342e+01 2.519741618745179879e-01 -4.462863334327415998e-01
-1.933423169868792968e+01 5.508149184745746857e-02 -1.704017762727950469e+00
-1.921921829376607604e+01 2.920238015793383823e-01 -1.516327123056964155e+00
-1.929076824119578148e+01 2.980322892225734099e-01 1.136637837004350615e-01
-1.928203132004291831e+01 2.337430031744519021e-01 -5.377666202647333193e-01
-1.932055230746579966e+01 1.024804479405807961e-01 -1.438422922154027006e+00
-1.932088214067056242e+01 1.033759864012917667e-01 -1.434706326942482235e+00
-1.924755154329590567e+01 1.104874264844093734e-01 -1.254471816420769770e+00
-1.919907875554475396e+01 3.202345537725452274e-01 -3.931867173493230894e-02
-1.931562386946112753e+01 1.381353690913920407e-01 -1.158103685370273084e+00
-1.931982733869111968e+01 1.102030731898224342e-01 -1.378727003011645635e+00
-1.931519019021050099e+01 1.179960433222572436e-01 -1.423453390978815847e+00
-1.931564342669153334e+01 1.381456427018536992e-01 -1.157918700615553576e+00
-1.931560312868054297e+01 1.385062594747497045e-01 -1.154730227220968075e+00
-1.932039622390306377e+01 1.084487651242253548e-01 -1.344009203096053540e+00
-1.931565058084176201e+01 1.381495177036345390e-01 -1.157159861198747919e+00
-1.927280846540946158e+01 2.500397387516219982e-01 -3.292330862062247121e-01
-1.925540133841938584e+01 2.644586509306861566e-01 -3.270638842795197121e-01
-1.931558448185763055e+01 1.385223769729649335e-01 -1.155288602828839828e+00
-1.933702313581202148e+01 1.169672445828366138e-02 -2.130125081361512684e+00
-1.932446175307630298e+01 3.118488306882419639e-02 -1.977189380624878368e+00
-1.931565182087229005e+01 1.384027779576616490e-01 -1.154301574074816372e+00
-1.931562714802996794e+01 1.381935928770990918e-01 -1.157873012065428142e+00
-1.931560307861594694e+01 1.381907250373385909e-01 -1.157827177667432039e+00
-1.922432975178422865e+01 3.014386074947394967e-01 -1.147757536038177761e+00
-1.931596511794896287e+01 1.368231154573380237e-01 -1.166551301826643794e+00
-1.931758956255916360e+01 1.267617010408273737e-01 -1.221568250740780570e+00
-1.938036288537207241e+01 1.409527018898582562e-01 -4.928936775111578683e+00
-1.931710974343939569e+01 1.279595997025303744e-01 -1.241334840808299589e+00
-1.931562690884527100e+01 1.381686323748257672e-01 -1.157761030401704971e+00
-1.931565138786924507e+01 1.381568583744997303e-01 -1.157146386205019084e+00
-1.929918246766834500e+01 3.563061323350547038e-03 -2.636448431071108267e+00
-1.931565814538274140e+01 1.382124380641503725e-01 -1.156564432402372944e+00
-1.931669500404478867e+01 5.490605832670170106e-01 7.810131772620447776e-01
-1.931539537932641437e+01 1.388742489788265533e-01 -1.153292187482470865e+00
-1.931586720812034130e+01 1.381034761670003330e-01 -1.154845347295356817e+00
-1.931541407532428067e+01 1.387131137846644435e-01 -1.154085029807095708e+00
-1.931581260811186951e+01 1.372828413073122478e-01 -1.164224001129415598e+00
-1.931568030726577589e+01 1.378527179189741880e-01 -1.159704557573885353e+00
-1.929060704448227526e+01 2.526654842616942176e-01 -1.725220562649383282e-01
-1.931576136524592613e+01 1.372358894126719520e-01 -1.164772394214436346e+00
-1.931567734807952164e+01 1.378792056647061282e-01 -1.159475999661735202e+00
-1.931556637429370582e+01 1.383516593735101274e-01 -1.156887584543699887e+00
-1.931561563071540633e+01 1.382401287887979890e-01 -1.157048240678477669e+00
-1.968639802153337115e+01 1.911785525468334968e-01 -8.705049168903036261e+00
-1.931569792715941603e+01 1.377586117127100607e-01 -1.160118525828872649e+00
-1.931571299875080427e+01 1.376895633152451781e-01 -1.161184921066043430e+00
-1.931578667350777323e+01 1.380020490677068834e-01 -1.154083031660604775e+00
-1.931568364011132743e+01 1.376466620316278422e-01 -1.161881243912914030e+00
-1.876796748434734852e+01 9.375017794072331156e-01 9.517419594362497293e-01
-1.929735571479848133e+01 2.702691064357718997e-01 -7.891779360612360961e-02
-1.931573363830906587e+01 1.377966301130833793e-01 -1.159994789995291598e+00
-1.931561363685387533e+01 1.386045793693113093e-01 -1.153469576732309321e+00
-1.931598664725641967e+01 1.360090766977718191e-01 -1.174004933485184310e+00
-1.932081374160778964e+01 1.160994691216128277e-01 -1.057868787403476674e+00
-1.931558147105105050e+01 1.384516054496102710e-01 -1.155781564643827863e+00
-1.931594760593084814e+01 1.362517992868982897e-01 -1.172123314447031106e+00
-1.931949545775970378e+01 2.853682774026187197e-01 4.963503656480643400e-01
-1.931595572784565107e+01 1.368681265591568941e-01 -1.165343841559451477e+00
-1.931582115442109071e+01 1.370023396793335901e-01 -1.167371487321670287e+00
-1.931569499517262756e+01 1.378590593506134609e-01 -1.161112249778595285e+00
-1.931576441769190211e+01 1.380271368680248967e-01 -1.157712138254741063e+00
-1.931577844048173986e+01 1.376608464558575218e-01 -1.159448932412230349e+00
-1.931558833609193471e+01 1.376625913080783414e-01 -1.164097842821727014e+00
-1.931564274867565345e+01 1.380607187022350746e-01 -1.159031092892796266e+00
-1.931566955267867769e+01 1.380365931149421799e-01 -1.158823796074514689e+00
-1.931566602845385461e+01 1.381187048876727219e-01 -1.157460073300784487e+00
-1.931564980828279943e+01 1.379089061966488339e-01 -1.159737501222714684e+00
-1.931983048248126167e+01 1.230678365144099728e-01 -1.237594756272411445e+00
-1.933767969061992886e+01 4.042119023991852522e-02 -1.879086687015718127e+00
-1.933112162257970112e+01 6.159035222474584792e-02 -1.683871781077296959e+00
-1.930828296633508501e+01 1.231441109218792546e-01 -1.365867977482302820e+00
-1.931732334074905566e+01 1.302713832200013966e-01 -1.248815021433548722e+00
-1.931570280828844233e+01 1.384460951115475957e-01 -1.156981790711951064e+00
-1.937450357068218310e+01 2.008646854919997338e-01 9.111380702674587440e-02
-1.833276366105077670e+01 4.331294901100096184e-01 -7.453599388769401202e+00
-1.935841434588834886e+01 1.065705152022780426e-02 -1.715733500812444134e+00
-1.931543729596655012e+01 1.376498677792359349e-01 -1.167821519051567947e+00
-1.931568124254399876e+01 1.379606067858754337e-01 -1.159114120530809089e+00
-1.904434850459703554e+01 5.979373695050507198e-01 -5.145850266299248688e+00
-1.931566171017972167e+01 1.379184140017845617e-01 -1.159735062897928159e+00
-1.930400150219254840e+01 1.442700043445541702e-01 -1.451040998763312828e+00
-1.931578395932012526e+01 1.432102294235585438e-01 -1.084381245370158453e+00
-1.931308190976218953e+01 1.510282287450327721e-01 -1.059081051315581945e+00
-1.918442371247668632e+01 3.757724135541266608e-01 -4.221935104776711967e+00
-1.912319834034058985e+01 7.502530331355652393e-01 -2.665463461322018723e+00
-1.933698783317310088e+01 2.512208708063881982e-02 -3.495700828951235017e+00
-1.931206660762866179e+01 5.400193634767264106e-02 -1.888760515825014252e+00
-1.931573857986970921e+01 1.378550939864187364e-01 -1.159418226143918318e+00
-1.931571317834600521e+01 1.378449806424147106e-01 -1.159519176731942380e+00
-1.876912890896637265e+01 9.520409755860429479e-01 -7.034177357079837378e+00
-1.902230830657618199e+01 3.634105721747147300e-01 -6.981699562933860292e+00
-1.927388766418500055e+01 1.419198231185001546e-01 -4.101847590447668779e+00
-1.932016400097174724e+01 1.485207181387703801e-01 -1.008550500831017160e+00
-1.932903616756046716e+01 2.058225901547008629e-01 -3.860161979949303657e-01
-1.931281494245137864e+01 1.538330831692507339e-01 -1.021864087980381086e+00
-1.927651137971622575e+01 2.275036295200596470e-01 -1.286172551697751132e+00
-1.925300136146150365e+01 2.373439595644906419e-01 -2.480294533468703655e+00
-1.931615546787127968e+01 1.381462973071771738e-01 -1.154480955752491766e+00
-1.931166681435902532e+01 2.175998586256950584e-01 -4.711864896775903588e-01
-1.931394693677943053e+01 1.498896615983562886e-01 -1.059563054954743677e+00
-1.931512793888323998e+01 1.391680210930272277e-01 -1.155895659134138498e+00
-1.931532225057702945e+01 1.389033706607906149e-01 -1.151845015690556195e+00
-1.931560846397348996e+01 1.383364424222801869e-01 -1.157813685547793625e+00
-1.931560944223122078e+01 1.381160473344437978e-01 -1.158963750225197487e+00
-1.931303113506489666e+01 1.496448709982062808e-01 -1.084528864736194365e+00
-1.930701241663510359e+01 2.514850385638078278e-01 -2.964894978141714432e-01
-1.932037264280074851e+01 7.493601872248729923e-02 -1.701779711068294176e+00
-1.931523618378294316e+01 1.428831035347849776e-01 -1.110207442081415863e+00
-1.904678757279877743e+01 3.316556596145533442e-01 -5.376794669833835805e+00
-1.931455024785547891e+01 1.421796951937514542e-01 -1.131963277122594036e+00
-1.900199013566128770e+01 3.633529110978796495e-01 -1.082641123250175141e+00
-1.927777438495666473e+01 2.142653123600136988e-01 -1.643715252952997474e+00
-1.932001602192784873e+01 1.093619503964852607e-01 -1.377052596496472603e+00
-1.883809656286852174e+01 4.446378478815853907e-01 -7.084844059566172803e+00
-1.930466681769202353e+01 1.067763888801295941e-01 -1.672779287571827922e+00
-1.931229912648155889e+01 1.610617017463363276e-01 -9.861143032559329669e-01
-1.931096987236079698e+01 1.511326403197258417e-01 -1.119646245463414402e+00
-1.931431677461092633e+01 1.477190555509710346e-01 -1.089641178215916995e+00
-1.931384142187263819e+01 1.468754443659532893e-01 -1.100483328959391827e+00
-1.931226487360802224e+01 1.566719165906358957e-01 -1.029799801157736283e+00
-1.931110470622361319e+01 1.567194548293398548e-01 -1.037589575039573830e+00
-1.931517889971993185e+01 1.397841258372776452e-01 -1.149310454622987976e+00
-1.931257112899731254e+01 1.470763720280397757e-01 -1.088994011050866462e+00
-1.931514262245351432e+01 1.401815820788621936e-01 -1.148604570347913523e+00
-1.931562717865304890e+01 1.147408359165682096e-01 -1.456631745221097063e+00
-1.930611424629454476e+01 1.795110955380040119e-02 -2.050613906781268980e+00
-1.931552410307927659e+01 1.391238108801167161e-01 -1.150518048161682572e+00
-1.931928984070324873e+01 1.305863981945775132e-01 -1.147341757519908967e+00
-1.931758204020019676e+01 1.189295752238299086e-01 -1.340616587809204674e+00
-1.930156500735124681e+01 1.363226276872639420e-01 -1.691321512186428677e+00
-1.930754316662242687e+01 1.788028349649215532e-01 -4.227016540759613861e-01
-1.931502793649234562e+01 8.048432138429996441e-02 -1.765705809176195018e+00
-1.924891540676436819e+01 3.586633663410705997e-01 3.177764051131113376e-01
-1.931549162853924173e+01 1.387850742242187907e-01 -1.154850812640777491e+00
-1.898797144080445776e+01 2.095771871515791362e-01 -4.135355874486421612e-01
-1.936655131551713893e+01 2.877666633835668231e-01 -1.647385137959034296e-01
-1.927938856994875749e+01 3.615747001464648669e-01 7.791991752878217881e-01
-1.931552963632729103e+01 1.386026644310684175e-01 -1.155671108694704685e+00
-1.931573981511110460e+01 1.376292368486790041e-01 -1.161680380765204745e+00
-1.928833724677397043e+01 1.761393740164618193e-01 -1.314307558052014713e+00
-1.931572071626714404e+01 1.375123749270843465e-01 -1.162416975518288709e+00
-1.924780695251840967e+01 5.992364013561603253e-03 -6.348250418455982036e+00
-1.931558692385155496e+01 1.384918303535698780e-01 -1.155182877751220971e+00
-1.928334664008388799e+01 1.676276275107547731e-01 -1.950678359162631992e+00
-1.933012911841547066e+01 3.294981737623187690e-01 5.904704695652096547e-01
-1.931825244003888287e+01 1.125641043855748202e-01 -1.338193879961522725e+00
-1.932541208127906884e+01 3.256032327726559455e-02 -2.178006378199091486e+00
-1.931559566141962492e+01 1.385475887441305898e-01 -1.154463573944289223e+00
-1.930865240330056309e+01 2.336176303512469410e-01 -1.985130300596225084e-01
-1.933426603599099991e+01 1.218533912468994923e-02 -2.147562170973096762e+00
-1.930364430072492610e+01 2.100172512491016719e-01 -5.755279448822658850e-01
-1.931899644549036310e+01 1.205085169957923058e-01 -1.270581074734392857e+00
-1.931560053390812115e+01 1.383414143408697172e-01 -1.155951566501141059e+00
-1.922151569868280774e+01 2.387066617593288087e-01 -2.779202617663014685e+00
-1.929114342298232998e+01 2.177059571411830152e-01 -6.076739775864687942e-01
-1.930624674045427369e+01 1.939062341827016145e-01 -6.139941979076954937e-01
-1.931588890650963108e+01 1.381091598056974068e-01 -1.155558399498243460e+00
-1.927994715243162815e+01 1.639395616266722810e-01 -1.597775905081482151e+00
-1.931466959148473705e+01 9.850840575494268503e-02 -1.855173294418040797e+00
-1.940037039010868369e+01 1.571256088879443291e-01 -5.126227914038139488e-02
-1.931562738093667164e+01 1.382633085678168228e-01 -1.156751321528600940e+00
-1.931562638839792001e+01 1.382650765342072485e-01 -1.156656818464325553e+00
-1.931197917059047242e+01 1.677514982319785186e-01 -9.335344713614706080e-01
-1.931565661485482366e+01 1.380612483701425808e-01 -1.158195764732111499e+00
-1.929649608281652817e+01 1.618717678611207578e-01 -9.859076344085213606e-01
-1.931122152285202631e+01 1.580909364369698922e-01 -1.018705381638755014e+00
-1.903667817333076684e+01 9.896999904288585892e-01 7.934821296840297578e-01
-1.942977654277026645e+01 2.262249201265732756e-01 -1.838837125853876486e+00
-1.931562838963006001e+01 1.383666916152374304e-01 -1.151206863627939114e+00
-1.931242450674632849e+01 1.544051567214307641e-01 -1.037187492364630259e+00
-1.931234790919354438e+01 1.547347302257111035e-01 -1.048548962409443064e+00
-1.925915661962996595e+01 8.266481041557328935e-02 -2.085423804050457797e+00
-1.931565853451786552e+01 1.381119259475047378e-01 -1.157667123536700871e+00
-1.927356455242611943e+01 3.793070298427001497e-01 7.130041895724694712e-01
-1.928090007697185726e+01 3.246208436341737613e-01 -1.634567292475175293e+00
-1.931557507905567661e+01 1.386023137143641837e-01 -1.154666316004099968e+00
-1.931549199845575515e+01 1.387833465958592805e-01 -1.153702682115838485e+00
-1.928456460453710264e+01 2.035234379487226297e-01 -8.107155418262230739e-01
-1.931452635551442398e+01 1.460212483619612311e-01 -1.087186771068388680e+00
-1.931575796822137292e+01 2.795010434242366504e-01 5.289260991181592431e-01
-1.929793394039957732e+01 2.202679360638133410e-01 -6.271211093621715804e-01
-1.931549214417909610e+01 1.388548577606406043e-01 -1.154380369411960316e+00
-1.931373024965443719e+01 1.955374085663901251e-01 -7.691390138732803194e-01
-1.931572122795410706e+01 1.394608088616840769e-01 -1.141386900589154152e+00
-1.931081138321636814e+01 1.875989693865601771e-01 -8.530721441804196559e-01
-1.931569546503476076e+01 1.377897102643844685e-01 -1.160667312318427236e+00
-1.930822167739873763e+01 1.911443647204941199e-01 -7.518454587139000722e-01
-1.931398441079582184e+01 1.424870084928716585e-01 -1.149573156071371116e+00
-1.931567034134423366e+01 1.378876265852418403e-01 -1.159491176526634248e+00
-1.931541280447094167e+01 1.421868206943654178e-01 -1.118072644664561466e+00
-1.931526070367351267e+01 1.419406680775685825e-01 -1.123582487902311300e+00
-1.931404420374103026e+01 1.394839317108611532e-01 -1.165054360351064133e+00
-1.931276917207189570e+01 1.398382908546754455e-01 -1.183966073129925078e+00
-1.848822381818101590e+01 3.597828319004783282e-01 -7.692828614740736093e+00
-1.931541765941690514e+01 1.391387579307593880e-01 -1.151887451309580257e+00
-1.906151777605104414e+01 8.075384554438047591e-02 -9.776742069387047707e+00
-1.931383778377369254e+01 1.466231860504212947e-01 -1.098069704879019781e+00
-1.922833377383197728e+01 1.541618919568409352e-01 -2.658497754075782815e+00
-1.931561570925436300e+01 1.381286190957554671e-01 -1.157281145368722619e+00
-1.928995352778323991e+01 2.566720454268481832e-01 -4.562732422974026925e+00
-1.931837635689135269e+01 1.177418199168011742e-01 -1.301277189511523602e+00
-1.920364439160225345e+01 2.363229600648007467e-01 -1.643789815822520595e+00
-1.932587387072433671e+01 2.043589752494165135e-01 -4.847318218347602681e-01
-1.931745881572598833e+01 1.274000812450212516e-01 -1.253607599555047969e+00
-1.931567904838787442e+01 1.382070660486659219e-01 -1.157020029144209872e+00
-1.931503739154932120e+01 1.416406624662779334e-01 -1.133023743425072283e+00
-1.931561002022564466e+01 1.382276384516541445e-01 -1.156630438676128136e+00
-1.931493608181689225e+01 1.399586166431632528e-01 -1.144029494171910244e+00
-1.931561273199758588e+01 1.382326774894324373e-01 -1.156944091749377179e+00
-1.931531504723155024e+01 1.391674056049732600e-01 -1.152351327032544503e+00
-1.931535719141950835e+01 1.395591485979099100e-01 -1.147577283763908440e+00
-1.931558940257751900e+01 1.388703648250542988e-01 -1.150569858058164030e+00
-1.933987187165574184e+01 4.952984199243548602e-02 -1.493703941716070460e+00
-1.931552404054739824e+01 1.390980054716097758e-01 -1.149200677080560951e+00
-1.931598430763071050e+01 1.360338892782400055e-01 -1.173643767689553030e+00
-1.931549949537128441e+01 1.388660533497339811e-01 -1.151071515092585429e+00
-1.918364880064683575e+01 6.775071749810467336e-01 9.374085287253475229e-01
-1.931554882140740048e+01 1.387916991721190596e-01 -1.153003870660926466e+00
-1.932943468513722962e+01 9.448118736944799423e-01 -8.800695975516291014e+00
-1.931547538259985330e+01 1.387858377237584373e-01 -1.152845214317746780e+00
-1.931554669742482844e+01 1.385170104049750772e-01 -1.155102544550228316e+00
-1.918024535379276330e+01 2.769510982227041396e-01 -2.060241416900605138e+00
-1.931557351976681502e+01 1.385798848512694859e-01 -1.154592684135426595e+00
-1.931565692343031770e+01 1.380412312045467271e-01 -1.158553898776434110e+00
-1.931563471730548542e+01 1.385198400508316496e-01 -1.154603760273381852e+00
-1.931567971553500840e+01 1.379854848954688018e-01 -1.158750273998814251e+00
-1.931563686122476042e+01 1.382436854509822566e-01 -1.156954719717321112e+00
-1.931567550304594150e+01 1.379717198222281949e-01 -1.158945262775867846e+00
-1.931569915667990145e+01 1.379879248215581666e-01 -1.158384143152888512e+00
-1.931564210744194909e+01 1.380412324461964824e-01 -1.158806837831633629e+00
-1.931562807253838088e+01 1.382539992006021068e-01 -1.158626317913359571e+00
-1.931136956217295975e+01 1.443273991122885347e-01 -1.143807871105712692e+00
-1.931169352114948268e+01 1.492560860570296410e-01 -1.098913643633988357e+00
-1.931573888675329442e+01 1.377821333529206382e-01 -1.159521962465664302e+00
-1.931423804357941520e+01 1.424190189535363416e-01 -1.145718530281852665e+00
-1.931532684643190123e+01 1.407818327865126840e-01 -1.134301941776381994e+00
-1.931563778093087080e+01 1.381892871963965319e-01 -1.157550774124505466e+00
-1.931547391864011587e+01 1.390181430493226955e-01 -1.151699909542717393e+00
-1.931570656840460032e+01 1.378556014871456237e-01 -1.159258554135135455e+00
-1.931389157212320384e+01 1.437916082069128354e-01 -1.111331679107291137e+00
-1.931582111474674335e+01 1.387266304075323586e-01 -1.149513417466195619e+00
-1.931563999988665259e+01 1.379491790815759455e-01 -1.159321518686050823e+00
-1.931554148582781849e+01 1.376981310628668520e-01 -1.163075192270156322e+00
-1.931550673776144222e+01 1.399414020065987141e-01 -1.124512637425146622e+00
-1.931566634037768537e+01 1.379952768961160148e-01 -1.158843703951148996e+00
-1.931347608854301612e+01 1.447569436831171175e-01 -1.130731662984093333e+00
-1.931587405810772040e+01 1.371608503021459202e-01 -1.165793743882264977e+00
-1.931582934610825575e+01 1.371082122059245068e-01 -1.165605083713501244e+00
-1.928686510355938921e+01 1.779372902389814715e-01 -5.865043082833771848e-01
-1.931570552318536826e+01 1.368280723784167929e-01 -1.168282347183959402e+00
-1.931529327805786878e+01 1.422615475708870758e-01 -1.128433508108622974e+00
-1.927654025704023510e+01 1.594463130883807811e-01 -1.664638578210196229e+00
-1.931864358712778795e+01 1.332495363149282519e-01 -1.277229459054971983e+00
-1.931707487254681155e+01 1.296336910686000654e-01 -1.181046983481873980e+00
-1.916773176681320123e+01 6.663719845997575497e-01 -9.847846121641671502e+00
-1.931560715193393563e+01 1.384971292569914803e-01 -1.154583778159526730e+00
-1.893888232911141500e+01 8.813823162814663492e-01 -4.923894030853647408e+00
-1.933451237083920660e+01 2.958061540620050486e-02 -1.789580177480402767e+00
-1.935559215771809249e+01 2.112615544835172443e-02 -6.138230513782509945e+00
-1.905466102829110753e+01 1.020585102527675758e-01 -3.991459748577018019e+00
-1.934377248002985539e+01 6.186249940668719222e-02 -1.789494808919146251e+00
-1.930982567632802827e+01 1.468171756609501222e-01 -1.179401731344730919e+00
-1.931597703825255508e+01 1.367851229563027959e-01 -1.166314236710576324e+00
-1.911515121430173991e+01 2.922883154706172881e-01 -4.900152196018559003e+00
-1.931596242383787398e+01 1.319079075434472503e-01 -1.221197627217380344e+00
-1.931453979005685895e+01 1.327992131664045006e-01 -1.210669941360007940e+00
-1.931559078947967478e+01 1.376188849302837636e-01 -1.162600909606334554e+00
-1.931953497351953786e+01 1.944177197550255032e-01 -4.272893458952093937e-01
-1.932739054485503516e+01 2.268082478709616545e-01 -2.838670292021490127e-01
-1.925599097356920453e+01 3.513848831853844112e-01 7.816674915208547958e-01
-1.934276407523262620e+01 3.833397081809059026e-02 -1.896175080336231389e+00
-1.931517833120222605e+01 1.383022879690979368e-01 -1.157136730987833317e+00
-1.932373857688537910e+01 1.204204153984207715e-01 -9.519565050671268125e-01
-1.931564888305447525e+01 1.380785456851785220e-01 -1.158403772923726649e+00
-1.912306686679750456e+01 4.314270645624929679e-01 -6.639577653799349832e+00
-1.922063450712650834e+01 5.538240141815632400e-01 -2.488942140292354388e+00
-1.931568248805864840e+01 1.381345418357667332e-01 -1.157084382120197930e+00
-1.931561939324787858e+01 1.382477851004408342e-01 -1.156923658572271307e+00
-1.933217975474206796e+01 3.656198041876677213e-02 -1.885195960516053759e+00
-1.933751351629022963e+01 1.012366624328228382e-01 -1.716383919994772356e+00
-1.931567271908116368e+01 1.383408677813048326e-01 -1.156814274133889597e+00
-1.928815352119189797e+01 1.711435412782924548e-02 -2.247753749057485706e+00
-1.928722738247010682e+01 1.537845644921833066e-01 -1.623741790794060336e+00
-1.931566008713394922e+01 1.380615063798179831e-01 -1.158390081073338962e+00
-1.931601444110861721e+01 1.441944060675003636e-01 -1.076099219013919139e+00
-1.931567709604003369e+01 1.380574101470741222e-01 -1.158712701278389545e+00
-1.931491711058429672e+01 1.406669609342260097e-01 -1.169124669277072925e+00
-1.931464324469144600e+01 1.393481991179676138e-01 -1.161818344434912831e+00
-1.909213990075437195e+01 1.961513999704678213e-02 -7.091544441659030085e+00
-1.908791354032942067e+01 6.245225136599023008e-01 6.906624166564956369e-01
-1.931572042900830155e+01 1.380968868644271708e-01 -1.157316449864671526e+00
-1.931552658628491415e+01 1.383753831169650950e-01 -1.157942179724468446e+00
-1.930471351111745903e+01 1.196782019002107234e-01 -1.264014462809615935e+00
-1.930643755989634514e+01 2.124540086021751151e-01 -8.392922945978948945e-01
-1.925565430085047680e+01 2.689449704014753584e-01 -1.536144960287430195e+00
-1.931769732848617593e+01 1.290062763262173617e-01 -1.222216019216590510e+00
-1.931980404841925747e+01 1.563829365713516606e-01 -1.059668688722879892e+00
-1.931327739232304808e+01 1.458156144803669230e-01 -1.089412576707514901e+00
-1.931510274256199722e+01 1.406134462261818541e-01 -1.143673798221151117e+00
-1.931108898483423175e+01 1.478521346870639019e-01 -1.115527988563883355e+00
-1.930722961218269873e+01 1.669569101027295333e-01 -1.086881386513397274e+00
-1.933632915929035789e+01 1.237235023633539988e-01 -9.508629032875877130e-01
-1.904841922539279864e+01 5.023390414292734363e-01 -8.458703024193372499e+00
-1.931555193328859588e+01 1.387688691941182106e-01 -1.152808911768593347e+00
-1.930560852071974054e+01 2.000916800967526554e-01 -5.660660383830968811e-01
-1.928971735322087255e+01 4.955454721751277603e-02 -2.527998610770251453e+00
-1.935366553961267044e+01 2.559395509293845850e-01 -5.198910179192832715e-01
-1.926019235109539096e+01 2.041167110910298566e-01 -6.432044896547797208e-01
-1.930218852841742105e+01 3.659004431739339147e-02 -2.318502401611502783e+00
-1.931549591318156089e+01 1.402817694063704657e-01 -1.140111026151529927e+00
-1.931541138910540667e+01 1.414137023771077084e-01 -1.125836478814049357e+00
-1.931571117556403649e+01 1.417711616616209591e-01 -1.115335569138983018e+00
-1.982342491486128466e+01 2.237801683837399302e-01 -5.951506811369409178e+00
-1.931595287745996004e+01 1.364901014311209471e-01 -1.167501223608150340e+00
-1.931352854311325018e+01 1.595983370380520405e-01 -9.715902209175730775e-01
-1.931246507849920846e+01 1.915409462302715138e-01 -7.254508988479511089e-01
-1.931602622700070526e+01 1.362841731215591046e-01 -1.170252115029535744e+00
-1.931599510829696698e+01 1.365570084019604169e-01 -1.169869196630385133e+00
-1.931325603256052048e+01 1.469044572767584655e-01 -1.094256362954325823e+00
-1.931415353319042438e+01 1.543950321844587692e-01 -1.046067626301562470e+00
-1.931310601741233413e+01 1.432707944499240355e-02 -1.900628984868763638e+00
-1.931578421380548605e+01 1.364862535516946640e-01 -1.171678364516123949e+00
-1.926691591761871081e+01 2.658734413858016565e-01 2.774402846411980761e-01
-1.931573295438375837e+01 1.362796625035644915e-01 -1.175421688162476386e+00
-1.931546205805009819e+01 1.388886503119290405e-01 -1.152476144767163646e+00
-1.984042231618150254e+01 5.892452538865528000e-01 4.328214630725994994e-01
-1.931617908600783906e+01 1.358084327744356334e-01 -1.172627276521815531e+00
-1.931560790766988234e+01 1.385639431017030576e-01 -1.153493666121816474e+00
-1.931557969567634814e+01 1.362351076594761345e-01 -1.177311520592123628e+00
-1.930918295292932640e+01 1.612319885883478354e-01 -9.978664485052757271e-01
-1.931530669206190254e+01 1.414044476485713797e-01 -1.136077509434278099e+00
-1.930588483656025289e+01 1.258810529707242720e-01 -1.676091633994412078e+00
-1.932965632006286327e+01 7.094106264764295233e-02 -1.693301740904528785e+00
-1.931560109090665023e+01 7.191516355616242584e-02 -1.743101784993895009e+00
-1.921222689010181028e+01 3.517388846350549825e-01 -9.526505730839911479e-01
-1.931549409724564725e+01 1.390483668914025972e-01 -1.151930169137623139e+00
-1.930171063284138100e+01 4.691234304568461799e-02 -2.244986900897265159e+00
-1.931550413720826498e+01 1.391220523707329126e-01 -1.150753381688989663e+00
-1.931552581004828895e+01 1.391152269740669190e-01 -1.150831219812388895e+00
-1.932232074940629474e+01 1.478660962212109964e-01 -5.141767893337618744e-01
-1.931552695740250059e+01 1.390917985217356434e-01 -1.150311511640431661e+00
-1.931541683382628349e+01 1.392620265037150529e-01 -1.150797132480832374e+00
-1.922592224318833587e+01 1.022298244617020763e-01 -2.545102638126337524e+00
-1.931543445001396009e+01 1.390224666696571465e-01 -1.152113719984612317e+00
-1.906940555679982907e+01 6.091344980245912977e-01 -3.433833289207916195e+00
-1.931605083588376104e+01 1.384084462231533197e-01 -1.144745889072925848e+00
-1.931609779629684454e+01 1.544020764788087419e-01 -1.010035560172781288e+00
-1.931399438850163719e+01 1.574429195482151267e-01 -9.637518858025995172e-01
-1.931566759776812958e+01 1.381557636310901949e-01 -1.157898247179137030e+00
-1.931560369037506675e+01 1.381943674989958293e-01 -1.158076308720158210e+00
-1.931540138023725817e+01 1.457468470464866050e-01 -1.103634200042424851e+00
-1.929585124692787090e+01 4.357316761775962277e-01 9.141241718478454459e-01
-1.931430263003615977e+01 1.480090377410979985e-01 -1.084399636656916854e+00
-1.931368215282729395e+01 1.616097967507326982e-01 -9.339232116827282937e-01
-1.931881672983215381e+01 3.352812273644520391e-02 -2.457417376346795912e+00
-1.931860700633133376e+01 1.359245846039888184e-01 -1.145491310596478129e+00
-1.931377343295622495e+01 1.597761943810477314e-01 -9.758379425011689534e-01
-1.926294660352405330e+01 2.399304131821131947e-01 -2.938706022123014350e-01
-1.930175831907132178e+01 1.494184995565831300e-02 -1.284459835271679395e+00
-1.932437406455564854e+01 5.189796908214883153e-01 -2.250732671083436998e+00
-1.929686451527804181e+01 3.190266026883926131e-01 2.878941693274796876e-01
-1.932470907609812016e+01 1.367936130547459384e-01 -9.608287361058689413e-01
-1.931569572571771687e+01 1.380592678323907807e-01 -1.158102425366774213e+00
-1.931619904274200650e+01 1.186184468235139261e-01 -1.354435616250837526e+00
-1.931569557740784759e+01 1.380624100757887052e-01 -1.158144269605417165e+00
-1.929658265757835167e+01 3.749595889159712319e-04 -2.731488318529482484e+00
-1.931567125692806286e+01 1.380359852736292303e-01 -1.157963160073837372e+00
-1.927513646418010040e+01 2.409730265745011479e-01 -9.314800601133644165e+00
-1.931564459402265399e+01 1.380424203271183592e-01 -1.158594151508001602e+00
-1.917809351495604275e+01 3.183325730115002528e-01 -7.089303926083888818e+00
-1.931564300216393804e+01 1.378865352266830102e-01 -1.160228584425709641e+00
-1.925876091917735167e+01 4.099393106322604119e-01 7.990279943197222678e-01
-1.931056301429878985e+01 1.726800861561245959e-01 -9.069549456222194550e-01
-1.932956505592185792e+01 8.300910947075140767e-02 -1.675119684783727081e+00
-1.933003142374536054e+01 2.147720570677957852e-02 -2.131839891551942756e+00
-1.909199561061426920e+01 6.327272273821406001e-01 -6.609883040627290818e+00
-1.940998152190370618e+01 8.509748049284666938e-02 -5.305892316679496901e-01
-1.931201879703992930e+01 1.500552333624576851e-01 -1.086366821972999830e+00
-1.881369058848864739e+01 9.556898017260442302e-01 -7.347418398266610140e+00
-1.931180790600288688e+01 1.605985220713661010e-01 -9.733551864373843898e-01
-1.930544977769875103e+01 1.718675655456389229e-01 -9.513940269432588082e-01
-1.906704387676426649e+01 9.073324942085719824e-01 -3.295269286189039804e+00
-1.931555631159389108e+01 1.434821667464679651e-01 -1.105807973852007464e+00
-1.931512546216169923e+01 1.422148330721524911e-01 -1.127946123418483992e+00
-1.931507354437499657e+01 1.413345555213164351e-01 -1.135745384911277966e+00
-1.931510990999078814e+01 1.412449188871715000e-01 -1.137245189973436155e+00
-1.931135241468282615e+01 1.568558829602909044e-01 -1.045721432429361997e+00
-1.931135337140161568e+01 1.563489975738483473e-01 -1.044294879290278644e+00
-1.931207885366361054e+01 1.568121818877665774e-01 -9.907250733418813127e-01
-1.931547749573368833e+01 1.387919076182123623e-01 -1.153797832230555542e+00
-1.931564944129415196e+01 1.388820316970300062e-01 -1.151124059919325759e+00
-1.931725430114776998e+01 1.299561351739119408e-01 -1.210563670088504296e+00
-1.927893701773365009e+01 3.367618072820756647e-01 1.018299810746494671e-01
-1.938440494450781060e+01 1.418351337595578632e-01 -5.583348936340364332e-01
-1.829650850022698805e+01 7.036029117143614009e-01 -7.852611070489726508e+00
-1.931564133731672683e+01 1.381674134402497423e-01 -1.157658010014344541e+00
-1.960382939988333106e+01 1.362827042317188431e-02 -3.557793931041107527e+00
-1.931567997784085122e+01 1.398954175601773986e-01 -1.154257458177490037e+00
-1.896914535720584283e+01 3.667604744616947965e-01 -3.920003085206335669e+00
-1.913283871996936014e+01 6.505017313235003096e-01 -3.300284291471058395e-01
-1.931571933327997570e+01 1.384032243934037176e-01 -1.153332590238766997e+00
-1.931503776823573304e+01 1.402674928330907012e-01 -1.143225939621240528e+00
-1.931550108565474133e+01 1.382566967884406306e-01 -1.157758691496921344e+00
-1.931478477542439975e+01 1.405638464240233365e-01 -1.144958540174899397e+00
-1.931566514949058089e+01 1.381377176882585267e-01 -1.157724672372967945e+00
-1.931572270477406406e+01 1.380672125230551772e-01 -1.156984031477609420e+00
-1.931567570931337130e+01 1.379380405217928152e-01 -1.159084534762616414e+00
-1.929151076459804415e+01 2.931405694677229334e-01 -3.637423391113387972e+00
-1.931562994382860410e+01 1.381238244457969611e-01 -1.158417444941076013e+00
-1.931563511992649040e+01 1.381633083805185180e-01 -1.157797845655679225e+00
-1.931521262222173618e+01 1.398407826240280483e-01 -1.146818595065854041e+00
-1.913365937249528770e+01 4.842470255651676325e-01 -8.864468316109526569e+00
-1.931562759531686524e+01 1.382722742406388150e-01 -1.156481191813654164e+00
-1.931557161372858999e+01 1.403177902574749558e-01 -1.143954105341634886e+00
-1.931552668203287126e+01 1.384267014612327873e-01 -1.156806024470618866e+00
-1.931571598311534288e+01 1.378590701144318531e-01 -1.159132307560533093e+00
-1.930395144765969206e+01 3.071950142466076117e-02 -2.849221608653381921e+00
-1.932837626790561814e+01 1.242228818520790291e-02 -6.224194706182322179e+00
-1.931560800540051304e+01 1.383683042962636223e-01 -1.156104421467205157e+00
-1.913892567392759503e+01 2.737212431870001961e-01 -6.493244791107049885e+00
-1.931564404515229683e+01 1.378852272738215756e-01 -1.160550750079512028e+00
-1.931566650791005202e+01 1.378647869423817174e-01 -1.159880263194498440e+00
-1.931561151008863320e+01 1.383808425894520466e-01 -1.156149891764528093e+00
-1.931555665411475076e+01 1.396206764107865983e-01 -1.146154979814646424e+00
-1.887231916700955736e+01 6.278488824986805383e-01 -5.411381545242701208e+00
-1.919597331146266583e+01 5.222798536019338522e-01 -7.708238867224537216e-02
-1.931562660805982290e+01 1.383264765092060145e-01 -1.155915816629706327e+00
-1.931559580871724791e+01 1.383936316743883677e-01 -1.155610362575668404e+00
-1.931827382777895608e+01 1.373599395001712520e-01 -1.137737560704096040e+00
-1.931685356057059266e+01 1.307748307281633993e-01 -1.243904753616387637e+00
-1.931972308872039790e+01 1.244184937535924157e-01 -1.259876713948429483e+00
-1.931229640221884480e+01 1.388499779379814836e-01 -1.219930655377478246e+00
-1.931566658601121844e+01 1.378828638834396769e-01 -1.160027497918022732e+00
-1.933143437456151048e+01 1.120049238705784628e-01 -1.285224749178748738e+00
-1.931610393674767678e+01 1.387086046120060701e-01 -1.143526970160021250e+00
-1.930926703557597435e+01 1.613720677719359398e-01 -1.037128879236290047e+00
-1.931595971451598004e+01 1.377049358494808473e-01 -1.127150700693066554e+00
-1.931672764933551179e+01 1.212743651297050335e-01 -1.330810259481113533e+00
-1.931579569959444242e+01 1.375202322119304654e-01 -1.161976461846549569e+00
-1.931773326669159729e+01 1.309889885406222698e-01 -1.187919103216955818e+00
-1.931636324203511634e+01 1.349191231793420431e-01 -1.175906678135280714e+00
-1.931367550386663012e+01 1.530936343532417754e-01 -1.038481859202196489e+00
-1.931788739529586252e+01 1.189998924339949055e-01 -1.306001878054523502e+00
-1.931576214844979233e+01 1.376151826155621039e-01 -1.161002593938309957e+00
-1.931027739724812875e+01 9.913271277633707579e-02 -1.564838841033408201e+00
-1.931733353070415049e+01 1.276575197299873732e-01 -1.230707210507571148e+00
-1.932576249442026395e+01 1.370558178951200856e-01 -1.165603616835067413e+00
-1.931573618455579577e+01 1.372568964756881449e-01 -1.165372591582492845e+00
-1.911324017991676172e+01 7.286574580221805153e-01 -9.301421089633505446e+00
-1.938768677394315176e+01 3.636640840939058261e-01 -2.094974121463208938e+00
-1.931581849860934597e+01 1.376386826871142111e-01 -1.160592073600383856e+00
-1.931588692220726600e+01 1.374786656336360047e-01 -1.160972719082908000e+00
-1.931574967822166400e+01 1.380076350505159422e-01 -1.157367386203848270e+00
-1.907743071377304389e+01 6.338061023701728747e-01 9.670471450639617217e-02
-1.930720641299952689e+01 1.269208403116687915e-02 -3.346440434322247803e+00
-1.931572885780869697e+01 1.378087358329758982e-01 -1.159565340719844073e+00
-1.931548684885299139e+01 1.385202799307722887e-01 -1.148737429873026628e+00
-1.932493238126114576e+01 9.066375145202103247e-02 -1.485571350066878793e+00
-1.931570389743072980e+01 1.378400816371564974e-01 -1.159733832554850963e+00
-1.931607388635340428e+01 1.382517820802482422e-01 -1.120008094497638496e+00
-1.931601560739628454e+01 1.403753677694931645e-01 -1.132613186238206282e+00
-1.931548831095785346e+01 1.377092602570038349e-01 -1.168906175853171803e+00
-1.931570511315796779e+01 1.378009951894093865e-01 -1.159859145973689110e+00
-1.931650367082509590e+01 1.244366800446787130e-01 -1.284855805375888949e+00
-1.931857229692985811e+01 1.230671731097534721e-01 -1.254927805445237965e+00
-1.931549823169557101e+01 1.389563794917866579e-01 -1.152672952728355682e+00
-1.931527748873589090e+01 1.569876353143685732e-01 -1.014160021949798818e+00
-1.931568168270150210e+01 1.378686471514935508e-01 -1.159816001667717700e+00
-1.933366956641128098e+01 5.923828917293792740e-02 -2.249797164461382337e+00
-1.932429821376391033e+01 3.917126429638384533e-02 -1.983971179121317263e+00
-1.931560530855329105e+01 1.384497169723349352e-01 -1.155720542039453846e+00
-1.931557873433657946e+01 1.384644654974267475e-01 -1.155745456223577605e+00
-1.912956158459616418e+01 2.061193925202206845e-01 -9.201803858295455996e+00
-1.931567921569041602e+01 1.378749029533190007e-01 -1.159721732868923993e+00
-1.931568165448565466e+01 1.380338237380199506e-01 -1.157740724627593920e+00
-1.913026760111235802e+01 8.242402292588917323e-01 3.594493103982916438e-01
-1.931567457899663154e+01 1.382947015390811329e-01 -1.156943768024877528e+00
-1.931557520026497698e+01 1.382295144585867219e-01 -1.157138274543731526e+00
-1.931566453605506695e+01 1.378899375253783977e-01 -1.159905979721610692e+00
-1.953900611938553666e+01 4.479814602988874128e-01 -7.397033520149594032e+00
-1.931348687579829004e+01 1.574086269232466417e-01 -9.352497286299392698e-01
-1.935620772044474336e+01 1.122571402089932446e-01 -1.171085267010635533e+00
-1.928019684456506511e+01 1.374346229614094479e-02 -5.357720217079610769e+00
-1.931557920177252186e+01 1.383155166363385646e-01 -1.156256855508260628e+00
-1.931542542426507580e+01 1.386059076362521347e-01 -1.153300029840153229e+00
-1.931740026302937352e+01 1.037598496720214120e-01 -1.411524514143117415e+00
-1.931547719833263699e+01 1.386342405562752678e-01 -1.154519113088834814e+00
-1.931547944452968579e+01 1.386381263407610864e-01 -1.155131950962909215e+00
-1.928749583325727457e+01 1.860493530258415518e-01 -1.358285490187050470e+00
-1.931552788908588170e+01 1.376418232245541218e-01 -1.160302468806177600e+00
-1.930916326876091915e+01 1.420169144038375686e-01 -1.235321807806290195e+00
-1.931554187817947010e+01 1.378147432672656436e-01 -1.162770141389129819e+00
-1.911142538012664716e+01 4.286076776721765569e-01 -3.361887248759298785e-01
-1.931478434694761148e+01 1.385349477252801054e-01 -1.141778228553548047e+00
-1.939267851185991631e+01 3.447310452062734565e-01 7.728225807425470606e-01
-1.925658873417184580e+01 2.365380132096500387e-01 9.921758764497923266e-02
-1.931546905366734634e+01 1.388835971886074605e-01 -1.153452922235588929e+00
-1.931121880761498844e+01 1.621387540519479697e-01 -1.004280398919352280e+00
-1.931571259604092461e+01 1.385637478579569148e-01 -1.154804968855138725e+00
-1.931557237666561377e+01 1.385875596961327338e-01 -1.152729729781096779e+00
-1.932538984606306087e+01 2.646027245800980365e-01 1.412706821353513220e-01
-1.931246391621677816e+01 1.530148024984736288e-01 -1.133353411430167768e+00
-1.930982179517901187e+01 1.421361964206973583e-01 -1.158241298607721959e+00
-1.930873896833598380e+01 2.468189454614368727e-01 -4.524510692972167902e-01
-1.911722486882183247e+01 1.470602939173839552e-01 -5.932985847239589106e+00
-1.925675799951894618e+01 9.299999780515243175e-02 -1.706571161197286912e+00
-1.931319959004302333e+01 1.471020935461250789e-01 -1.091344198308933144e+00
-1.931540800167347882e+01 1.384855889976454590e-01 -1.162510505894763568e+00
-1.929409845669607648e+01 2.381341100828566759e-01 -6.153639693902182017e-01
-1.931555543633484007e+01 1.377838334137904408e-01 -1.156965462643311682e+00
-1.929024267542276760e+01 2.307739708524249589e-01 -6.049106059468343233e-01
-1.931561267838410245e+01 1.384455996918876053e-01 -1.155313866949168045e+00
-1.941311871903255337e+01 3.139996630137093514e-01 -9.579292064744221236e+00
-1.940744660900777774e+01 2.989635825656687951e-01 2.017605792805809983e-02
-1.931506319553799855e+01 1.522767231419308864e-01 -1.075978286318354904e+00
-1.931275958166164486e+01 1.578340666959178185e-01 -1.025203067310725302e+00
-1.934652995781168272e+01 2.777153812370914895e-02 -1.725176277923122115e+00
-1.931360598048910404e+01 1.487002129490756219e-01 -1.083614835328999604e+00
-1.931399713141373198e+01 1.477736612833434604e-01 -1.068196413275416035e+00
-1.931328296839806669e+01 1.498713462294823939e-01 -1.071269386395240275e+00
-1.931564582707385114e+01 1.377653919034233232e-01 -1.159212397710346565e+00
-1.947996622034799330e+01 1.124567040269069951e-01 -2.023406336389932392e-01
-1.931570577934591171e+01 1.377654563968664092e-01 -1.160645494187020788e+00
-1.930769503375216800e+01 1.700307258730699711e-01 -2.535228031592726694e+00
-1.933324951231846356e+01 1.260184970632001467e-01 -9.095163985692327202e-01
-1.931291879242561649e+01 1.519256437740961752e-01 -1.046038641737261798e+00
-1.931998127920843444e+01 1.156928004285007472e-01 -1.313737766995473066e+00
-1.931594380093241980e+01 1.347932191616488251e-01 -1.184008765842415656e+00
-1.931640591546847219e+01 1.298601618699223581e-01 -1.229995200274363043e+00
-1.931560108716572799e+01 1.384927230228825967e-01 -1.155451111113105611e+00
-1.931616310770723288e+01 1.352914325392083894e-01 -1.175496159954057873e+00
-1.931559373984795158e+01 1.383988009700745092e-01 -1.155948056786572309e+00
-1.922584404652264922e+01 5.260833086616827359e-01 2.221471022725225453e-01
-1.930450436972176576e+01 2.169295042863321754e-01 -1.376926500956781041e-01
-1.931394780573840819e+01 1.353661633774145834e-01 -1.208413486794791325e+00
-1.931598267258829082e+01 1.363240746263329195e-01 -1.171239188344237903e+00
-1.931557577979744167e+01 1.384373256711956268e-01 -1.156591708053406720e+00
-1.931570380782747520e+01 1.360855608456153498e-01 -1.173695059258815121e+00
-1.931237959591042141e+01 1.257160618833566001e-01 -1.344062650195626318e+00
-1.931265322060320955e+01 1.549704430735752703e-01 -1.026041708224397553e+00
-1.930876135260954385e+01 1.573278532568470611e-01 -1.095126303393614720e+00
-1.931334063432923642e+01 1.477584871138280798e-01 -1.056727537025167862e+00
-1.931640142657446901e+01 1.609820353183357144e-01 -9.599727294951705403e-01
-1.931553493934737276e+01 1.391639481825029390e-01 -1.149599299149908660e+00
-1.931586538768006633e+01 1.372492829746380927e-01 -1.162821357955621693e+00
-1.916621264344478348e+01 3.538699907901579067e-01 -9.268517451578954791e+00
-1.926092783585141888e+01 3.131394436405653958e-01 5.498992028612423866e-01
-1.931557550789672462e+01 1.388250275586667970e-01 -1.151614749417483097e+00
-1.931588724648079491e+01 1.329174518314725217e-01 -1.208320468043977414e+00
-1.931202011263719243e+01 1.268683754497582639e-01 -1.123117510484906489e+00
-1.930219452307300898e+01 1.419382998587923328e-01 -1.351151781044181988e+00
-1.931552304872306536e+01 1.390039950423045401e-01 -1.151344470726829883e+00
-1.822380110272966647e+01 8.243411870021797316e-01 -2.542027416849876431e+00
-1.913883001867139910e+01 5.317049594643853405e-01 8.366849267240485943e-01
-1.905430257916264836e+01 9.457418701725011090e-01 -8.028532185161120438e+00
-1.904051580853722925e+01 7.428740248193645979e-01 -4.582207370231650145e-02
-1.991123088387516304e+01 4.416626822667115704e-01 -3.222731753941026511e+00
-1.931564751990088880e+01 1.398452566083348281e-01 -1.143751157297028698e+00
-1.931787652040857139e+01 1.278008668378174950e-01 -1.223500106001544907e+00
-1.931950231662404605e+01 1.269809158861619769e-01 -1.139804910882306288e+00
-1.931547021570178657e+01 1.387838032448424075e-01 -1.158654937818077713e+00
-1.931569251524369335e+01 1.378392431330610068e-01 -1.159911315543343591e+00
-1.930819398751618721e+01 1.402414271483971020e-01 -1.205949276733607078e+00
-1.931576043043125424e+01 1.378029870715504757e-01 -1.159026882558329419e+00
-1.931563122821991385e+01 1.383872217586214481e-01 -1.155701095234983100e+00
-1.930792219852833824e+01 1.990997568809637630e-01 -6.127065290273172593e-01
-1.931562288419340589e+01 1.384280339704494212e-01 -1.155201619261763568e+00
-1.933802374447843775e+01 1.977966331862426874e-02 -4.050479988904351458e+00
-1.931569950720522755e+01 1.378294104276016341e-01 -1.159762956027400094e+00
-1.909334447672195978e+01 8.417575266020538294e-01 -4.243939794560081857e+00
-1.931579314516417867e+01 1.371982230037142592e-01 -1.163929666121486406e+00
-1.931569517990408968e+01 1.378623627671694274e-01 -1.159882305970496574e+00
-1.932014099497202864e+01 1.184380869739906500e-01 -1.234703726292226023e+00
-1.931561600440661763e+01 1.382458324809052730e-01 -1.157343216575972278e+00
-1.931574868424634417e+01 1.371101952847312566e-01 -1.165618317532013393e+00
-1.931912404627223623e+01 9.948640109504977569e-02 -1.481552745360886547e+00
-1.931561506095073710e+01 1.382512771661715822e-01 -1.156904907198581967e+00
-1.931562642544019326e+01 1.382220287902520828e-01 -1.157143533787349909e+00
-1.931562596847838620e+01 1.382205339478126682e-01 -1.157009537317266634e+00
-1.932147943030588877e+01 1.943277951474795540e-01 -8.277330839819594388e-01
-1.911824082422034721e+01 5.520305122666167019e-01 -2.391456780694778850e+00
-1.930466775509713528e+01 2.021876609629705834e-01 -5.270033109859859621e-01
-1.932508752099551685e+01 2.012988655308395602e-01 -3.158646632641328722e-01
-1.931564456068489122e+01 1.380819240776170465e-01 -1.158434745963152324e+00
-1.932834337182221773e+01 1.398219258267437703e-01 -1.003986275791762139e+00
-1.931569833424325466e+01 1.379274732173856322e-01 -1.159303731673512416e+00
-1.932532965795355295e+01 1.293259639207726686e-01 -1.359947287271824123e+00
-1.931566190951974349e+01 1.380554158109894292e-01 -1.157862069096102786e+00
-1.931571561032277273e+01 1.380579412753906166e-01 -1.158108229909766251e+00
-1.931567472339425606e+01 1.379997978933374114e-01 -1.157564074721427971e+00
-1.931563517583709100e+01 1.380022535951173912e-01 -1.159496219698237240e+00
-1.931568666878869678e+01 1.371234249449025666e-01 -1.166566510435599113e+00
-1.931087128689211951e+01 1.890424421624921081e-01 -6.812680439520146791e-01
-1.931782640872037149e+01 1.296680352825290150e-01 -1.228422087308201682e+00
-1.931597620891383826e+01 1.373178341324989837e-01 -1.163878824716144678e+00
-1.931955847745921417e+01 1.209584918042375806e-01 -1.200822317535928718e+00
-1.931570604883546238e+01 1.377638582988098270e-01 -1.160626471917124647e+00
-1.931571682872898421e+01 1.374196951120142951e-01 -1.164525520574679618e+00
-1.931569085581740097e+01 1.374508793227378622e-01 -1.162964087340014885e+00
-1.931565212197361703e+01 1.378186441182486233e-01 -1.159824766870919177e+00
-1.931565648549448255e+01 1.379835372858681797e-01 -1.158661227824543616e+00
-1.931563001386355083e+01 1.381522645238198732e-01 -1.157782170509758402e+00
-1.931545643415952540e+01 1.385793010645835488e-01 -1.152298231051542388e+00
-1.931541486070399571e+01 1.387813297653638367e-01 -1.156661164753119309e+00
-1.931571303785163707e+01 1.375767372696466706e-01 -1.162706108421373230e+00
-1.931570767777475695e+01 1.380281849409348005e-01 -1.158340133573904751e+00
-1.931576550471766751e+01 1.373182946266721938e-01 -1.164989217570010283e+00
-1.931571654714952757e+01 1.372858661198778640e-01 -1.165346923649147826e+00
-1.927319622277181210e+01 3.705990365748127457e-01 6.264340210156724709e-01
-1.931364844521290891e+01 1.442277290791009470e-01 -1.157675148648774410e+00
-1.931568770360633280e+01 1.379470314288613608e-01 -1.158593621309909949e+00
-1.931567799976160771e+01 1.379782793673265673e-01 -1.158894083127290031e+00
-1.931744880177383905e+01 1.369818084650650247e-01 -1.136192034331010348e+00
-1.931484442037592331e+01 1.396918595330587654e-01 -1.151148802064060561e+00
-1.931558497318176393e+01 1.384549731302604780e-01 -1.156811784489370609e+00
-1.931582826396966013e+01 1.526188716088107133e-01 -9.866193865911689898e-01
-1.931370713766380831e+01 1.489014473796202165e-01 -1.087146055094780905e+00
-1.930179314430366588e+01 1.502429248897375613e-01 -1.298639575423326420e+00
-1.931564109425304210e+01 1.381619672201789550e-01 -1.157595403964878145e+00
-1.924254211573949291e+01 4.509532422608746316e-01 -2.931118426170135294e+00
-1.931558627529996386e+01 1.382031565404600870e-01 -1.158151473294992684e+00
-1.931568290816288780e+01 1.379584689042029633e-01 -1.159045289580665994e+00
-1.931602651814863592e+01 1.271163866848590562e-01 -1.288457491898295615e+00
-1.931574201967669779e+01 1.377625428482535108e-01 -1.159737189648277322e+00
-1.914177093357862347e+01 2.711062714081799441e-01 -4.191127071980998764e+00
-1.931774418820085160e+01 1.301168139179993410e-01 -1.226266129165342278e+00
-1.929118537853574367e+01 2.658059992109393366e-01 -6.782716144125071622e-01
-1.931513414791849570e+01 1.402396698957188159e-01 -1.145907368487424804e+00
-1.931583191480126871e+01 1.375423791670183082e-01 -1.161329818973552364e+00
-1.867650212730735859e+01 4.736277914079636275e-01 -6.479262020191423943e+00
-1.932218382587192451e+01 1.368736459450015930e-01 -1.026324662400259768e+00
-1.930971946638054249e+01 1.343629803728760286e-01 -1.145675255260162118e+00
-1.931597411509849849e+01 1.365409520121738107e-01 -1.168727441333931694e+00
-1.931588955306777677e+01 1.376458065658396623e-01 -1.159997621505377552e+00
-1.917000798446126453e+01 3.489343313093600796e-01 -3.494601480265758120e+00
-1.931587857349321169e+01 1.370277189213312818e-01 -1.169278309703690510e+00
-1.931574812767665250e+01 1.370463937392401299e-01 -1.166696987598861313e+00
-1.931578047425256983e+01 1.379741719438566938e-01 -1.154203055123797839e+00
-1.915113326600611998e+01 1.362583300684774290e-01 -8.376422625706030800e+00
-1.916213877970044166e+01 3.316937934440951086e-01 -1.789210717860846955e+00
-1.931711571702042107e+01 1.213951895951665971e-01 -1.258097814552074922e+00
-1.904233839603996614e+01 3.487895761903547776e-01 -2.279273199212427770e+00
-1.931577436380376156e+01 1.372335930366224699e-01 -1.164327054220429147e+00
-1.931582053327089099e+01 1.373480205070340965e-01 -1.163623781261147627e+00
-1.930002349980944842e+01 2.022100893092403373e-01 -7.043124757299032979e-01
-1.934277417884408123e+01 1.369472551005480043e-01 5.824993466894490268e-02
-1.931804599938705280e+01 1.167818029485026693e-01 -1.297694240815923550e+00
-1.931566377966728254e+01 1.381204713975454634e-01 -1.157329249510237190e+00
-1.926878069639292335e+01 2.993647536707912948e-01 -8.562214302189552484e-02
-1.931509677938050729e+01 1.494379490041112535e-01 -1.053531775601591391e+00
-1.931303418392753812e+01 1.585467955577975485e-01 -1.012511966909320549e+00
-1.931264724095857588e+01 1.589155089915487984e-01 -9.617273507621266759e-01
-1.932480579555976519e+01 1.292169968942776664e-02 -2.388807076195879731e+00
-1.930608868664169719e+01 1.578422732671541651e-01 -1.040123411064360681e+00
-1.929440525740674062e+01 8.677702453921679049e-02 -2.062014614945677060e+00
-1.930982424534380471e+01 1.014931348800946209e-01 -1.370646935912603226e+00
-1.931541709681102859e+01 1.354933038575049931e-01 -1.180479292180297790e+00
-1.933295979185984592e+01 5.983723918521528101e-02 -1.769528719970272945e+00
-1.929905489867431712e+01 2.359704924707411722e-01 -4.940655686279793457e-01
-1.932895726111423684e+01 6.149387463362882694e-02 -1.680433004601624702e+00
-1.932546020373653306e+01 1.160876048509417585e-01 -1.335192660275508203e+00
-1.932022171112999231e+01 1.273629140685016148e-01 -1.124940748613775909e+00
-1.926207259998439270e+01 2.846833529790764317e-01 -2.782457467508523408e+00
-1.931561443805353306e+01 1.318284415420643563e-01 -1.247496704608989759e+00
-1.932626473292569358e+01 1.021168335340687655e-01 -1.467265039497178236e+00
-1.931773080535825216e+01 1.306312260391048197e-01 -1.195685317783201640e+00
-1.911048346016487187e+01 6.202079672829505785e-01 -2.794066970135092198e+00
-1.895885516238479340e+01 3.507082335503191040e-01 -8.659071360360449887e+00
-1.925137560525534042e+01 3.459265749285954095e-01 -8.011386414466109329e+00
-1.927634758766543399e+01 4.173897290007726468e-01 7.274016790219057782e-01
-1.931525568569974283e+01 1.402081009427158520e-01 -1.140547510178983259e+00
-1.897940874528780952e+01 7.270327568832098963e-01 -7.245377022089931174e+00
-1.912395229241793615e+01 3.994077183815212817e-01 -1.170770486955115430e+00
-1.929361099632426857e+01 9.848203514185771557e-02 -6.943521216456597145e+00
-1.910964051998239555e+01 6.782548461625745873e-01 -7.415067348768197064e+00
-1.933215323543742414e+01 5.838542621348360301e-02 -1.242178167724862448e+00
-1.918966335275336377e+01 2.134318290214533287e-01 -3.320227582522989884e+00
-1.932242869132088714e+01 2.591371888926126688e-01 1.112994745082751535e-01
-1.931352990105921563e+01 1.402414668487685923e-01 -1.160788902307974269e+00
-1.924492445999478818e+01 2.941070630490010274e-01 -1.739645978308637098e+00
-1.926771297202150635e+01 3.488783033849541387e-02 -3.537840483256296409e+00
-1.922289735520161713e+01 6.652376118807046268e-01 -3.421662006445263415e+00
-1.932657476135927865e+01 1.138823058966660778e-01 -1.165749515410157144e+00
-1.936182120118380467e+01 6.864330303731293326e-02 -1.326523978702311979e+00
-1.931472438793532831e+01 1.475309705458470733e-01 -1.052554286846852705e+00
-1.933206165450764047e+01 5.107917597225864609e-02 -8.318412176751699860e+00
-1.931461207199997432e+01 1.514579837639445925e-01 -1.029846738170505205e+00
-1.931778864216957459e+01 1.229324330150033534e-01 -1.283044284856080353e+00
-1.931383343137516562e+01 1.462093165048879151e-01 -1.100052480700218993e+00
-1.931798693285781354e+01 1.245678387288016303e-01 -1.260191356029006116e+00
-1.931469750630019888e+01 1.496508946703359599e-01 -1.043083756232427106e+00
-1.931306954135202503e+01 1.258236334496530828e-01 -1.328459567228556182e+00
-1.931484946897085564e+01 1.428280737170727621e-01 -1.118690412441878834e+00
-1.933562109940470108e+01 6.370345506157101823e-02 -1.820196482597976839e+00
-1.931486835859564266e+01 1.436743658005959767e-01 -1.116465419217567145e+00
-1.931611711474572601e+01 1.355817451419505382e-01 -1.173484254631256718e+00
-1.931274507937201435e+01 1.451428647964493890e-01 -1.113368465274110264e+00
-1.931518763576244879e+01 1.413659140885398513e-01 -1.136232774325627304e+00
-1.931482377442891973e+01 1.440448857410383809e-01 -1.103542959768947895e+00
-1.931510231049844606e+01 1.424525195426635804e-01 -1.121174892688705071e+00
-1.931587912318229883e+01 1.358341253800106618e-01 -1.178020327392706790e+00
-1.931591814763470438e+01 1.361809277551924713e-01 -1.172118245937635805e+00
-1.928604324762998701e+01 3.522186552011108418e-01 6.719560110367925887e-01
-1.929618747334998830e+01 2.872446199177904891e-01 -6.021205650482563954e-02
-1.931673672276684073e+01 1.331784142468884491e-01 -1.181622922818243993e+00
-1.931596488539244305e+01 1.362894294392965611e-01 -1.170141580845253770e+00
-1.933373829144394307e+01 5.489586060992057703e-02 -1.673790654930167321e+00
-1.932957203119416079e+01 1.810375396630461431e-01 -4.822821237858416765e-01
-1.931584173055202314e+01 1.376721219294399223e-01 -1.159359886049973198e+00
-1.931603947244380137e+01 1.363246958980405266e-01 -1.169951394426119506e+00
-1.858135284538948540e+01 6.009465320071605277e-02 -2.912233467357692618e+00
-1.931597604332991835e+01 1.362023262862921413e-01 -1.172280222114020276e+00
-1.931562234288263369e+01 1.376433918975391857e-01 -1.162689874252194500e+00
-1.921027032112719013e+01 4.858933592090100007e-01 -1.462917291253601704e+00
-1.931597913954378143e+01 1.362643345045527199e-01 -1.172381184287697664e+00
-1.931603926313922415e+01 1.363034861934712128e-01 -1.169459343898683557e+00
-1.931249356143998952e+01 1.550604766502441945e-01 -1.064179627073745138e+00
-1.931249164418342801e+01 1.647436701385759927e-01 -1.718794228890152098e+00
-1.931575734770333241e+01 1.375842647989057310e-01 -1.161178546260885014e+00
-1.931599460896500631e+01 5.708456024720653943e-02 -2.362860971809542576e+00
-1.931596315954680065e+01 1.366968842433505527e-01 -1.167272678344216885e+00
-1.931574840287144212e+01 1.375553561822943638e-01 -1.162025318264458207e+00
-1.925906198662404734e+01 2.853121094116455314e-01 -8.652853220472689344e-01
-1.930757027952011384e+01 1.261880269119692310e-01 -1.484569938381426368e+00
-1.931580764375397408e+01 1.378082993940908940e-01 -1.158612753049862221e+00
-1.931817017136376080e+01 1.539835223880423598e-01 -1.002772934956764672e+00
