2.296573504744438708e-248
0.000000000000000000e+00
9.768262358512473117e-22
1.436601828377927921e-48
3.471466961530383800e-46
1.255976594637966403e-07
1.322474449150509170e-150
8.161088744007500274e-36
1.160511827134845249e-35
1.826082200298646881e-35
8.723213267122064240e-16
2.713199414058329560e-21
1.435250266289137027e-18
7.356742050771913145e-19
1.486181483263030852e-17
6.621094305861880510e-11
1.814983381163777102e-201
6.096971785341253502e-05
4.644570386274971454e-12
1.011924399667065545e-08
2.209840848586752485e-90
5.457469492559777739e-07
4.549390027442435955e-08
1.623577114631291184e-03
4.865794979366535844e-25
3.133913418379808534e-15
2.694745536233981631e-26
3.608631230865806394e-01
1.322852041691845518e-02
6.284770685884072394e-02
1.270698976952325636e-22
2.469842120569590849e-01
2.867367830538533058e-01
2.101585465270775369e-05
4.179301612994849036e-01
2.720432513615524406e-01
6.229980928214050298e-09
7.566746320517253599e-02
1.594257567398693102e-92
3.196583223923436801e-02
1.762601050794410096e-01
1.723760510577841132e-01
1.539104257734149606e-01
4.270831624092796819e-01
2.509869580033251797e-05
2.795915458631171857e-01
7.781186217331919003e-04
1.715346433012578747e-21
2.949695129843352137e-01
2.886957630966034416e-01
2.495526446155295064e-01
3.136973071854069484e-01
6.469458408036796825e-17
2.278115255348005767e-14
7.058049350279271134e-03
6.765634537045025142e-32
2.388220415364277482e-01
7.140216963399952099e-02
5.852086264547834860e-04
2.698401576490620010e-03
7.222665206287043511e-03
9.030562718164762909e-04
6.919185602265093867e-05
5.616311045703088062e-02
7.271939267431731108e-03
7.958569890698680873e-11
5.519296628944074900e-12
4.647164316125097505e-01
5.989602810794060283e-08
3.296416314177334252e-03
7.308719678674681673e-06
1.176954650478333718e-02
3.109570986867513098e-02
7.485249174568993358e-02
5.989232058802519860e-04
3.802268524534791719e-04
7.534821015830844848e-02
3.085266094043620511e-02
8.044186924313356801e-02
2.830927778278619633e-01
7.697699169754408655e-02
1.797850511808364304e-01
7.243710848154799598e-02
1.655789447307069451e-01
3.017219293775043054e-01
1.159389620750295342e-02
1.309537243107255479e-05
1.238657916879449573e-02
2.459966067472920651e-04
1.150351856330892165e-19
5.921627431542503608e-03
5.966615655329369958e-34
1.252658861400199836e-23
2.705532360212931740e-07
1.310667133973470846e-05
0.000000000000000000e+00
2.252979605135304042e-01
1.568754595581352551e-01
2.554860321022017357e-05
1.139433835375808585e-13
1.140097843465490493e-02
3.061161157732493823e-02
3.178127587037506835e-02
1.023432372168822464e-49
1.162697977099870815e-66
9.737290291528805851e-49
1.142324313510028645e-02
1.150360863250192434e-02
3.822568371954659819e-04
1.908985113438928510e-09
1.933935151084197957e-04
5.496199192840568607e-04
5.935481046140034982e-04
3.802301236814826547e-04
9.262798544745362518e-05
2.201706500685019658e-09
9.416004748237899707e-05
2.230221609916362979e-01
1.921401175912986912e-04
9.248767193691555656e-05
5.893813239573222722e-04
2.708250560723278726e-03
1.522231245362187357e-03
2.556649926263107682e-05
2.540760184429615996e-05
5.970978566774288575e-04
2.540179882079768311e-05
2.664605842917369596e-03
0.000000000000000000e+00
2.545737170298850824e-05
3.185931239937316028e-03
9.382057725529992275e-05
7.304273023949792165e-02
6.026472742894585424e-04
3.073205392346487607e-17
1.164351839838832087e-02
3.803622377113619621e-04
3.192097312569328743e-02
3.926704117801155247e-01
1.312453403437673133e-05
1.697565838980290287e-01
3.185258216052394564e-02
7.445868666421907867e-02
7.279412975359389470e-02
1.309229880885525246e-05
3.762682685722013400e-04
1.313704361954172808e-05
1.491684597078528178e-03
3.495451367350462801e-01
4.177292739979764913e-01
7.142049885906337145e-03
2.694330327789519908e-03
1.287305417958468164e-04
1.853982006549904423e-09
1.522621405375101152e-03
6.997320630104037105e-03
1.928011468889802944e-04
5.896482725881905347e-04
2.580447948379752750e-05
4.157285072623144688e-37
2.579769616203609947e-05
2.317342755333678231e-12
7.720722875689171871e-02
5.727498774011505904e-20
2.568364628075504877e-05
2.539400485902304632e-05
4.557810113854535410e-48
1.308036390064326315e-05
2.130831839976496389e-01
9.295088516188983988e-05
4.861589839146234207e-08
2.547880666529955219e-05
5.916594821246777677e-04
4.488491563293343228e-03
5.913663938311249004e-04
3.764671198420336618e-04
1.436591596983186817e-07
9.434772584902686250e-05
0.000000000000000000e+00
6.002171151813860250e-04
2.445391426951844249e-01
9.344111432212601372e-05
3.521888904222676109e-15
7.016915283120236761e-03
6.910364975268015221e-03
5.917369588140023026e-04
1.530614371488452433e-03
1.186779797374794450e-02
1.133701251659908287e-08
5.976093797794870778e-04
8.823787751618038752e-169
1.917609452723922556e-04
3.565463903974916970e-01
2.573071249344271308e-05
2.413716983531273949e-18
3.361050756227016573e-02
3.576359406646736992e-03
9.738101656539903297e-37
2.554771018027466936e-05
1.323470238791063493e-05
8.658429161005989200e-80
8.040480496660554199e-02
1.938883941285346295e-04
5.232183470566573735e-01
3.031588412752609929e-01
2.716578038311540100e-01
4.290084549943338478e-09
9.412991584784403465e-05
1.258599607783105531e-03
1.753754300523497581e-08
2.616708464706120972e-12
2.270890510979612910e-17
0.000000000000000000e+00
1.505245552447397181e-03
1.171371959947429750e-02
3.238749300776683215e-02
2.416215646957958763e-01
8.365184516558171464e-05
1.923722167323693364e-04
7.945733428885088245e-52
3.149142898445471588e-16
2.879559079914614794e-01
6.126777824918345139e-04
6.556536980087427802e-49
3.499316018880589407e-01
2.920263387920341014e-01
5.929615797862722998e-04
2.200183916876320700e-02
5.979097965635708388e-04
1.164625692004272496e-02
8.102639941375580634e-02
1.059708323880102454e-14
5.658144813254871489e-64
2.857626094104586792e-45
3.575181015091249073e-87
3.501239246104373981e-01
1.871845068717351845e-01
1.494798339726565546e-03
1.344092618253396034e-03
1.058797470806827143e-16
2.625483910365047358e-01
3.059662978150110013e-02
4.379852521303417259e-04
2.134601712587675358e-03
1.850221735446692804e-10
5.829930888017226254e-02
6.880901624135408819e-07
2.535739691422914110e-01
7.714249111669242422e-188
3.352049657706471899e-50
0.000000000000000000e+00
2.731671621018554041e-03
3.573920411052483787e-04
5.885445536436959739e-04
9.938707569410174849e-23
2.721270863881704912e-03
4.205554550089307675e-03
5.984557742474466702e-02
4.610302405061141306e-01
5.213472058628815491e-41
8.176413575332587558e-02
1.866742110711167579e-01
3.821659395656469213e-04
3.792684810375879234e-02
2.434198455381915982e-01
4.249937998989461539e-04
2.564459514603750360e-09
1.572464414155428092e-01
4.854382356031380633e-22
2.660352301807761451e-03
8.666978114840570492e-42
2.201142543296742136e-19
5.388843144280220870e-15
2.489319662937571342e-01
7.089697429758665859e-20
1.366496618034169112e-50
9.323883622666667833e-04
9.264363812907566362e-05
4.111782559335553131e-14
1.959443330271496279e-15
7.263917561254907971e-20
0.000000000000000000e+00
2.310684607749685649e-73
1.310917666976374648e-05
7.106946289428214256e-102
9.623684953072555218e-85
2.773780092303411749e-05
1.780666509734321178e-47
2.497216996446202097e-01
3.953289447421086122e-01
1.939484194444535559e-04
2.303139912931278510e-01
8.063193893041990653e-19
2.583326640720233359e-05
4.723543740532782478e-06
1.660914970724525565e-32
9.364038417992903078e-05
1.308778719170018294e-05
1.531804754004175827e-03
1.164443606763356447e-16
4.306918660471889738e-05
1.061913164175808825e-12
3.499089727327207074e-03
3.999070567446677549e-01
6.014278253338104906e-04
2.583003820245899308e-05
4.610773319295160072e-39
1.533462868800818156e-03
1.505282025283853756e-14
2.546764243874820588e-01
4.926857185946778364e-55
2.686627029042249100e-03
1.422791765879871141e-02
1.424743426877629236e-04
3.797757347958456448e-04
2.403373988515880928e-39
2.872728895180167163e-01
7.125114552579103073e-17
2.469739826969440388e-01
4.465716723317907921e-01
2.101312760092743925e-01
1.149422267773800820e-02
3.243453175306020009e-02
1.553553778678074537e-01
1.143379499533077152e-02
1.127091327788378762e-02
2.558070190140569294e-05
2.186357069945938559e-31
1.149529383238125469e-23
1.600165393135922218e-03
1.124322224102383520e-02
2.675181943744274135e-03
2.702722945428457160e-03
4.406313122031980427e-35
1.507754835721016951e-03
6.502838276662779859e-02
3.680200333332326097e-28
2.680577953539001624e-03
7.037631350593846757e-02
5.969925607508976126e-04
2.680932307097560075e-03
1.120697193180871732e-23
6.048439708268789393e-04
2.840715431991566731e-02
1.163281007735580963e-02
4.443143717931391512e-03
1.577035642806298867e-22
5.950256195676087000e-04
6.678187292307734406e-18
1.144023439094321234e-02
2.106109064848930563e-93
1.698879132915792818e-28
2.309466612429596774e-20
1.012699545344593190e-37
7.964157246909861487e-02
3.003664388109350287e-03
2.446046714045123412e-36
2.044666399085073933e-24
2.097500361450362890e-13
1.308713880794018739e-05
1.526175664191560255e-01
1.319882714820142990e-05
6.831683563632320356e-03
4.541677654801704966e-18
1.322842673341456645e-05
2.303576090315676006e-02
2.552914419990958718e-05
4.238483224804603378e-01
2.927708214776521729e-21
2.796680202418550865e-20
2.814367451829201117e-01
4.986431539053449713e-01
6.947505674737338571e-03
2.537570721451526550e-05
2.968587711897808235e-01
9.644738591274586863e-20
7.123561826855131715e-03
3.787731585394030209e-01
1.670745588854019338e-12
1.530403737813466848e-03
2.746304116700035713e-01
6.047416978643352240e-04
7.099176577681687306e-02
7.430169206421563532e-02
9.344029215752472156e-05
6.891762868295890111e-03
2.687055805345238239e-03
1.917142508475219546e-04
2.871905832909370846e-21
3.253560846531568518e-01
3.110792377280627991e-02
8.593247510963993544e-09
1.924485169058640435e-04
3.804542209062660579e-04
3.975295310095571583e-07
3.089061598515056850e-02
7.679632107774349292e-02
2.957847550881241294e-01
1.946211832594302196e-04
2.686047010432645599e-01
9.333273694244578116e-05
9.264605265684297726e-05
2.557802498703681444e-05
1.223587532380719967e-43
7.224268029583641795e-03
1.310319947290117017e-05
9.294258978730795965e-05
3.771679399611133684e-04
2.563937651326769665e-05
1.357179894965074296e-02
2.901542704786249276e-33
6.430657687856282103e-21
1.514071013393572139e-03
1.150292979151926361e-02
2.070223333991445926e-12
1.167273243000941686e-02
1.931601294880159711e-27
1.531564017678879860e-03
1.091271926708652108e-18
9.390583727622296863e-22
2.368032688314409941e-21
7.617974780036569638e-02
2.658623569818577021e-03
9.587628056929217962e-05
5.574877038834739228e-09
1.371355808750838968e-03
1.318336730729170962e-05
1.319853386621898995e-05
2.647224151571705431e-01
9.380107060029953768e-05
1.571767460886667467e-01
6.890338592695979814e-02
1.323452704684019924e-05
1.822385831779106745e-13
2.346725789479525312e-50
1.104673625742984625e-02
9.083530717429431468e-09
6.328877959110983109e-02
2.540542319896596439e-05
6.515869485845916971e-03
6.896442893199797135e-03
1.379530285287724643e-16
5.699892119546985216e-10
7.956034674935343683e-06
1.668645278775489349e-02
1.678071444731656046e-10
2.464597330223327995e-12
3.936480321917057434e-01
2.393324961240733684e-01
3.201092949015194589e-01
1.497157850485929774e-03
6.019646152318572927e-04
4.302135772019700955e-15
1.510089716122573478e-01
3.203543311861440923e-01
1.531631014467057638e-03
1.012017820035666418e-217
1.528669125974457810e-01
3.809202160028050846e-04
1.179191248087474789e-02
1.351303956970011765e-163
1.144225650604497983e-02
1.923969543351492146e-04
2.651659786317140527e-02
3.057002339807710078e-01
1.128083824103246272e-02
2.782186510058990980e-01
2.678610105050780932e-21
5.226686419300284603e-02
1.754662922640262220e-17
6.012703369085814313e-04
1.348425884763207644e-05
3.560624101055301360e-01
5.991595176609601460e-04
2.508400473789721974e-01
2.552013600555852325e-05
2.563440167783088150e-05
2.841007537254287060e-03
1.227177010966403218e-04
2.555945209636030464e-05
4.964609750848817393e-01
9.269264919241657985e-05
2.640169333211153657e-01
7.909407253035540533e-27
6.009384757903157544e-04
9.464837991927002700e-05
4.808840785173007330e-03
1.330239506340881313e-05
3.767431398257870950e-21
1.320999384507470509e-05
1.276320088940752718e-50
7.433193759656146447e-14
8.138901256508430843e-09
1.492132722716994937e-03
1.497516443091923563e-03
3.710209170597404682e-02
7.894931940392861947e-01
9.327795113331465414e-05
1.917065272758103995e-04
1.993301876265060396e-06
7.094695119448232771e-102
6.019614750737877417e-04
6.015431915990579730e-04
1.629912882214963814e-15
1.060080793818009470e-12
1.349446479611590198e-05
2.573598616473404802e-05
3.705684338913314541e-91
1.318343113357041911e-05
3.062885701731590091e-35
9.852084907744262018e-20
2.546361993663683911e-05
3.175044163600893032e-02
3.862653190749287535e-09
1.930799705299900322e-04
9.530311815735833343e-05
1.921254924728291397e-04
4.808613323519976237e-05
7.230199764212161088e-03
9.526760508390799459e-05
6.961668191482804288e-03
6.034448546434786724e-04
1.546024152964891631e-03
1.341962132727576024e-120
2.565959158490239001e-24
4.194531499523240446e-09
1.932702020432370063e-02
5.437909002632594861e-18
2.559972322112246502e-05
1.931120903909771175e-17
3.398836012945939424e-18
2.107175056408757966e-20
2.506683941761967545e-08
2.388993611693241893e-39
1.705105579737398736e-12
8.751145648314173690e-15
1.010602134945113035e-39
2.859338697909788019e-35
6.830966046905120660e-18
1.826687108004022760e-88
7.569781561521911339e-02
2.507580121921764746e-125
1.147294763955732794e-02
2.068261770505274825e-24
1.322713303851313323e-08
2.096578558549444116e-21
7.390162693796099164e-03
1.507931040509962253e-03
1.536161127349937750e-03
5.980291568305546495e-04
3.068587175551232282e-01
4.407504363733532132e-09
1.453605305668127078e-13
3.082347884062551502e-02
2.813816419328137404e-21
1.916868656370737071e-04
1.216864856040133518e-12
9.390058158720068619e-05
2.416397665441639975e-01
3.259793261552605403e-01
1.622956114529654770e-01
4.335579949818786985e-03
9.246556967831851079e-04
3.075194996120510113e-05
1.170951309013386343e-02
1.326665969306246774e-24
7.113729801255907760e-44
1.945844296523483190e-04
1.916719120323469175e-04
3.313208202985058470e-01
3.231879391203777985e-01
2.886036223983540205e-01
1.760134197895599841e-15
8.075169761481214292e-02
5.835290205974551526e-09
7.125547575688183366e-02
7.345349214533268556e-02
1.168603215806885559e-02
1.314568995247830019e-05
1.545739007453557634e-01
1.599730360049847267e-129
4.815129515733168959e-10
4.113768107290873075e-18
1.532869376293129107e-03
3.294555822958270654e-27
1.558930404714658768e-01
7.052628545576858886e-03
8.353385422558522016e-20
1.157805639714359729e-02
7.634258762508909502e-02
1.494732886565270117e-03
1.530601018858707705e-03
4.810242019449518364e-09
3.111243671153394175e-01
2.162801408739592826e-02
5.921423423640524014e-04
4.305036952960699659e-01
1.538773923559348797e-03
5.950329709843005135e-46
2.090823623431430911e-01
1.123205067828347489e-02
1.914654611577783975e-04
3.829583588705686532e-04
3.211236644176754137e-05
5.988638165064392180e-04
3.863761543159712192e-13
1.098523379543136710e-02
1.779407658535215875e-01
1.133515359277800624e-05
1.934736485065918744e-04
6.031932420820890570e-16
9.385908428475279877e-05
2.035899698997648757e-17
2.081854389662776568e-12
1.041082548323659165e-02
1.948953558770569053e-04
7.435575201188511507e-02
2.226877391675152751e-01
3.068124781381312283e-01
1.060559566304778573e-02
5.958923306314326852e-03
2.710512275572158902e-01
5.082627357476192653e-01
6.664762188622181681e-21
3.871540574326651426e-21
1.944517429742291652e-185
4.348012737145713451e-03
1.870162434243821115e-01
1.511271276997643484e-15
7.745543802615529055e-09
1.049510046530288714e-34
2.165572765609372981e-24
1.342273011105667826e-05
3.416425124429804257e-27
2.546243923424007218e-05
9.479046863293014256e-05
6.046696455662640274e-04
1.446893726283199469e-50
1.310475028191865026e-05
6.476356566074360195e-30
2.550303713080964347e-05
2.717006728630212697e-03
3.480873177393662907e-03
3.831426509845634542e-04
2.275947645963214971e-01
9.353353106936719368e-05
9.514152645040921559e-05
4.486940907636569227e-03
7.200818524970337053e-16
9.467414645303480741e-05
1.307838000643384573e-05
1.332997658353670181e-05
1.633892914187075972e-06
1.329404697678017097e-05
2.423132403427824284e-03
1.312974875963873420e-05
1.919287055446494878e-04
1.321796036011942540e-05
1.547444389183447178e-01
4.555276766163744995e-01
2.791138078220074331e-24
5.398778328855225592e-08
1.351924050651691399e-05
1.344540253031414559e-05
5.911983839238013063e-04
9.446503160016033872e-05
3.154571841330564008e-01
9.278325067103878579e-05
5.669664886655635690e-14
1.673270787112712543e-01
8.358196891865671621e-03
9.583477732581553602e-05
5.110125577888841031e-01
9.338053360664433453e-05
8.628505225782137774e-51
3.992830517569724174e-11
5.116379584323759757e-19
1.927905063245884327e-04
1.807233072243195308e-14
1.965971675240883273e-70
1.616698681259517642e-02
2.744227506030064127e-10
1.896289908518339568e-07
9.533260451117012973e-122
2.342602496604733187e-01
3.641783917212417128e-03
3.732073760325161152e-03
3.581495930393148425e-05
1.136775187939639044e-09
3.253713145764475234e-02
4.574044666128354424e-45
2.920735857693614153e-20
5.955035453487708621e-29
1.797908361443834035e-01
1.757270772709233764e-01
1.694182584243308365e-01
1.665044650579765160e-17
6.919269691310732307e-12
9.278346851678492086e-05
9.271656078391218403e-05
1.384823178028184568e-58
9.418963457769035112e-05
3.481020367339208166e-01
6.985589858647895355e-03
6.917153886968695209e-03
1.194849771148322019e-02
6.938086857365821127e-03
3.823659311324795131e-04
3.087369291092940652e-28
3.242150600729043486e-02
1.488069711153037133e-03
7.187214170683082180e-03
1.521121593475630680e-03
5.044649416181528756e-18
3.795537305596926037e-01
3.873934734641970233e-21
3.216210748447804572e-21
9.432444744092864154e-05
9.458464135681801058e-05
1.174365823499817628e-24
8.197733154752821771e-02
4.449318167843357985e-03
6.070051009019240568e-04
4.871437345326556689e-65
6.767210519090439728e-11
1.000000000000000000e+00
2.836123003619192562e-01
1.611062889135156199e-65
2.303563411821288320e-01
4.741415663174043798e-36
1.313343299708533990e-05
1.316165025709760106e-05
1.757565072253218379e-29
2.745137092149583721e-76
1.040558266909615307e-03
2.727609790540428060e-08
1.842622900750096326e-01
7.732438754677299037e-13
1.047284453004184851e-01
2.314424113764928723e-03
1.113573979567950471e-69
9.476701775867436893e-05
2.609236501629723417e-12
1.573952265476482075e-09
1.346960368017500757e-05
7.255860920510347506e-20
1.617217268659207569e-27
4.659652106748983780e-01
1.501899554602001592e-03
4.331577591536737439e-63
1.003241546360362514e-87
3.889426573829927659e-17
4.236582986086437352e-03
2.729016729798364705e-25
6.949969623211730285e-01
2.669035099113431595e-03
2.551799913806660679e-05
2.704933797282896846e-01
4.866866304520551800e-01
1.515080958417353756e-03
1.505399044061503765e-05
7.219410253535962466e-22
1.020062985983301606e-38
3.241671955132836846e-02
1.234908742679122567e-16
6.457777473654786029e-11
1.343227629492671916e-05
2.725237716754719264e-01
1.315780719457404618e-05
1.017481661125377735e-03
1.134632664697004904e-02
1.164258613613650128e-02
1.139191085863788984e-02
1.939618514130460043e-04
7.212903539449084904e-03
1.935806193591814548e-04
2.658115336861660918e-03
9.346748057812717062e-05
2.724888814846719576e-03
1.506826318545950207e-03
3.780634242438564506e-04
4.242786257031035402e-01
2.867848257941826851e-01
7.806295689724010445e-02
2.674908910390021762e-03
1.498718035501210707e-03
3.789829157549822456e-04
3.785395950875760068e-04
6.021924031689068800e-04
3.813592311791224043e-01
9.361367522965602893e-05
3.763458478029498998e-20
1.929167586816404412e-04
7.987401838122305808e-02
5.678121893011933198e-129
1.502623706606966104e-03
1.536810571702787757e-03
9.410059650404817917e-05
5.990977372099339816e-04
7.209425350064437715e-03
3.772235591625091450e-04
5.444846032852423967e-01
1.930174734632171714e-04
1.308020250304043736e-05
5.984685366307923235e-04
7.035492610702158869e-20
5.948611922068717519e-04
7.090256568540534605e-03
5.966902039822557634e-04
2.618122367757998517e-02
3.791478439853097340e-04
9.580503642322406451e-05
2.539452153811693429e-05
2.549618508393769272e-05
9.384274906244657833e-05
1.313429963528365632e-05
3.786753519288667340e-05
1.341952441992661399e-05
1.311860594554538496e-05
1.306875419469258474e-05
2.555910637650753436e-01
1.360897671793811560e-78
9.592315912688713256e-05
2.541353713922021672e-05
8.060116961373639533e-02
6.030397194356160997e-04
3.771647101548577532e-04
1.073211048255016280e-12
1.929222509539087703e-04
5.793774510327138581e-11
2.553910416246964212e-05
3.795425051362303357e-04
3.789087912425502243e-04
1.186608787755776516e-02
1.406886939356437605e-01
6.995742095131916340e-03
3.804336517694077669e-04
2.097142402029169850e-01
5.436389731665919323e-01
7.138158709620695888e-03
7.901802570553548939e-04
7.486391760327990681e-04
9.302652467737215997e-05
3.710801524567128307e-01
8.732751783216603511e-11
4.798790757246369332e-26
1.135416931970216481e-02
5.716062736003213289e-03
1.195208193801218065e-20
3.683018737114394647e-01
2.707409159360347761e-01
5.890464552645290628e-04
1.672523167804377082e-24
1.605024591566530934e-01
3.138931123902530262e-02
4.326334719620219640e-72
1.135188454888163164e-30
1.323389215168500195e-05
2.014606467952949681e-05
3.162145316912246712e-24
9.347940184150244644e-05
4.355935726729475711e-21
1.882117333233454677e-39
2.329058615805013421e-14
1.719450678430480867e-12
5.556691800859048349e-27
3.220541919835352195e-20
1.462082544057482609e-83
2.320528054562420026e-100
1.358233600460516100e-08
5.813477559997165795e-142
2.959026817643666263e-01
2.731005378140749507e-03
2.857117824559585256e-11
3.808988391370800915e-04
6.611895512351798324e-42
2.704127958411777204e-03
5.815352133137767499e-02
2.453091445601074530e-23
1.054279032933853758e-03
7.460391555760848250e-13
9.264442706174682218e-05
6.729781840602537875e-20
2.427178694274984727e-07
9.754850012377185020e-03
1.742913925263316209e-32
3.763195293129327989e-04
1.047068288430919071e-10
8.467783787468735612e-04
2.783097341581955864e-03
2.514897331750947339e-03
6.402036706174464002e-38
1.126435972583604263e-11
1.970415109083157798e-02
3.346490417208930479e-01
1.133755528900145561e-02
3.502002742813332678e-57
5.186637139199597180e-46
6.886789546720084934e-03
2.251125707181256975e-28
4.448598014205164108e-21
4.093340318247654097e-01
9.676297494187007772e-16
3.362800784719052749e-01
2.762085804241358744e-01
7.202958351099462975e-02
3.826927894756634060e-04
3.208628486858627893e-02
7.269135963066523931e-02
1.136696983112964274e-04
2.588003126109444118e-07
1.652502291193292949e-01
1.935558799787143397e-04
1.843616218455937650e-01
3.814624737752569288e-04
4.981338539165757195e-01
4.200982689047024765e-01
2.132713093583376573e-01
1.314388619181296025e-05
5.498124064942940814e-01
2.544400257954148037e-01
4.021292449840098149e-01
7.101047275059664543e-02
2.568832302719928394e-05
9.356982170678162212e-05
8.071970232260496314e-43
9.650630769808520734e-25
4.319489439900647345e-08
1.879524480215266741e-13
9.851671314363132359e-12
1.860989697863519053e-18
2.485705953256614008e-18
3.577476921264470811e-01
1.349694469034265999e-05
1.210696578184779720e-51
2.546945934227700344e-05
8.177518243350228716e-287
1.328419018843567922e-05
4.067595013550318443e-13
4.094896137492497579e-11
1.737618342379339200e-30
1.139034786665279846e-02
3.038909047996189361e-21
2.672538823058375271e-03
1.926986723617641554e-04
1.494787101144896737e-03
3.808966413788889439e-04
1.489659170989689804e-03
3.517234186216811748e-02
1.126735721940863339e-67
1.088521572662338316e-02
9.392623792994359152e-05
7.081697564341105609e-03
6.861163000887576994e-48
9.545206397258153871e-05
7.013999738385666774e-03
1.947130817501707646e-04
3.779732592391317697e-04
3.616155646138122792e-01
3.238525419626469420e-02
0.000000000000000000e+00
3.667483891771957660e-01
6.884294870058811656e-237
2.134877996953436146e-68
3.614311343279246747e-01
1.411986161597058433e-81
2.453413544125672419e-01
1.488475752574206033e-03
3.076826723777689732e-02
3.085842837528767202e-01
7.411353763744776835e-02
2.845410670549137766e-01
9.249638057587511171e-05
9.324576511837412679e-05
5.994861568278440998e-04
1.911267835567592298e-04
1.169043005220861498e-05
1.832381832018135648e-01
6.896876827167919501e-26
1.912779692266192426e-04
2.544147187705065067e-05
4.866280632081493437e-04
2.540409723990604769e-05
5.915233543571977136e-04
1.595975881097845239e-34
1.466115115061647001e-294
7.249485647946218858e-02
8.138994088812232587e-28
1.311573225514935082e-05
2.707893820833095498e-20
1.926023474109000121e-04
1.312279060893075430e-05
7.384031871992120799e-02
3.075964446392590382e-02
1.320106904591866394e-05
1.910082007564697687e-04
2.540643241019182756e-05
1.912162907218883966e-04
2.540571567135049155e-05
5.615063274347738530e-08
