-1.950639597642425827e+01 7.223704426048631611e-01 3.533055814965560537e-01
-1.870617869457056059e+01 9.233512242760131272e-01 2.941227551402978424e-01
-1.890132948915808697e+01 7.424947330180572402e-01 1.621647997256894236e-01
-1.927531509087584638e+01 1.564584176859666331e-01 2.668551622642696408e-01
-1.879709337631662791e+01 7.384207555092914266e-01 6.191904495836553224e-02
-1.881894511112193769e+01 7.174401467754121242e-01 2.051920306748600265e-01
-1.930264171869659862e+01 2.167848120039267135e-01 1.098384981875869110e-01
-1.916678921687777049e+01 4.084497282387959949e-01 7.792345077987885560e-01
-1.935475460285451277e+01 1.556169491615077005e-01 7.456146247426588547e-02
-1.942046598018147563e+01 3.270266629478898457e-01 4.876476655020058754e-02
-1.925685941611272867e+01 7.570307540097266641e-02 1.750610068986645784e-01
-1.910405296695590138e+01 8.697263000868382665e-01 2.421553905091299030e-01
-1.895483306906677257e+01 1.329988391078158472e-01 7.858960524974027972e-01
-1.903129488752423626e+01 3.375355488868169163e-01 1.285666650225160412e-01
-1.880726949911279178e+01 6.216860457462495271e-01 4.094896560804895391e-01
-1.922561647578780608e+01 6.262785128573399029e-02 1.930971953895086746e-01
-1.901253562564782840e+01 4.015475752927564201e-01 2.857595006546027050e-01
-1.929390142308395895e+01 2.436587264918391518e-02 1.463538673852261551e-01
-1.954577954525967343e+01 1.651563505954583289e-01 1.151981965729101560e-03
-1.921466838390847442e+01 3.352119323715784249e-01 1.171748329980713405e-01
-1.923726507400315811e+01 7.109505463233872780e-02 1.618042522862157551e-01
-1.928717170042357409e+01 2.685255999554856388e-01 1.541659485667566491e-02
-1.927868302723953065e+01 2.097679347899321090e-01 6.536663092592980007e-02
-1.929254351393514355e+01 5.827579184332810219e-02 1.300907142681138329e-01
-1.928905285334383990e+01 1.154487408368186085e-01 1.030015327461896307e-01
-1.930783290948791020e+01 1.935178982106279810e-01 1.921712419387727189e-01
-1.930392138585634854e+01 9.238920093923852495e-02 1.037555587255628714e-01
-1.930766781502932972e+01 1.057280074876701670e-01 9.572434816908646782e-02
-1.930316183252833895e+01 1.164824156193209614e-01 9.277026022219152235e-02
-1.931033658357134897e+01 3.153387207345908355e-02 1.344029015767187751e-01
-1.928222515770629641e+01 1.179158567166906368e-01 9.607663555132409106e-02
-1.930966335982475712e+01 6.771606638563064384e-02 1.142689660063300194e-01
-1.930437596952931045e+01 1.056843534588767786e-01 9.693500975921058582e-02
-1.929611656958348576e+01 1.759000555806677357e-01 6.709185727974519009e-02
-1.929391656850852144e+01 9.845064414269956432e-02 1.060830322802353565e-01
-1.930988003589037305e+01 8.897157184170201294e-02 1.076777808533014302e-01
-1.929786736243799439e+01 8.253222017829774104e-02 1.191277160083373254e-01
-1.930599182032282002e+01 8.978668167731852778e-02 1.048509203237168591e-01
-1.929483464729856124e+01 2.736776218102270342e-01 1.664318408678337746e-02
-1.927726541769600388e+01 2.433161426747414147e-01 3.170999527904492382e-02
-1.931157710589059917e+01 8.573060586228094249e-02 1.050321349879310973e-01
-1.980680081312441487e+01 2.761400653830614615e-01 2.366401503209843438e-01
-1.930924800601891178e+01 1.349830511634579067e-01 8.144029094007616820e-02
-1.990520339095291291e+01 9.782832787004998032e-01 6.090768978140733703e-01
-1.928119998776499244e+01 1.728370793203088951e-01 5.931951267542467932e-01
-1.930763600046662987e+01 7.134721243890056186e-02 1.137102635709277415e-01
-1.929384545750966140e+01 1.584392228398954772e-01 7.879886270905352152e-02
-1.930100034604469172e+01 1.492113352109435132e-01 7.720664064662877135e-02
-1.929953048516005154e+01 2.211026222590720125e-01 2.317123621383051363e-02
-1.930349661709531262e+01 1.320512567583152219e-01 8.164020515868250505e-02
-1.930004666776240896e+01 1.394152147174635425e-01 7.634151031849062408e-02
-1.930443133208686390e+01 6.950214747640554025e-02 1.151457934335970573e-01
-1.930278517628871882e+01 1.297373204996695450e-01 7.995491122899811565e-02
-1.928106399192227016e+01 1.093324895169834887e-01 1.169057386321686320e-01
-1.931645904583084317e+01 4.287603609502187163e-02 1.263303594703863719e-01
-1.929712581783856962e+01 7.852553588328828327e-02 1.230459829479917111e-01
-1.927171486126675504e+01 4.257193907387812337e-01 6.571495446946677699e-03
-1.930432455388800150e+01 7.098874908406187234e-02 1.168578436672785131e-01
-1.930207698879732092e+01 7.520357380635753208e-02 1.167774586662042730e-01
-1.930737982399196184e+01 4.971450405492758295e-02 1.292341114240089239e-01
-1.930194792395370840e+01 7.440714583874273591e-02 1.142308606523542158e-01
-1.929084015498465021e+01 2.662824470253127851e-01 8.512277141790268713e-04
-1.931470073657683884e+01 6.687888860039344074e-02 1.181031032287875038e-01
-1.929761145010872525e+01 6.469188355359190012e-02 1.397071209792022373e-01
-1.931080161213874291e+01 6.996313949188637249e-02 1.150353989790172948e-01
-1.927749427730263676e+01 2.617356031096916280e-01 3.869990345139640714e-02
-1.930864856233387883e+01 7.107987104309229642e-02 1.162128340924643011e-01
-1.933389319449077703e+01 1.016343878126773209e-01 1.412333214480047255e-02
-1.907722663230616078e+01 3.368776884470028321e-01 1.978918001990438991e-01
-1.930564901806300426e+01 4.094090467606899958e-02 1.350970799084911522e-01
-1.930835224376910020e+01 6.201352596747191498e-02 1.190610415910644676e-01
-1.930605030619792117e+01 6.263281020261905752e-02 1.199021573714549732e-01
-1.928252258948271347e+01 2.098935806181144170e-01 6.304775368774824355e-03
-1.930468321655170172e+01 3.630696953430660040e-02 1.382501098434424647e-01
-1.930671405202720337e+01 7.200076007874553485e-02 1.157835684312182589e-01
-1.930521467572079430e+01 3.717929634564268865e-02 1.369390819539397508e-01
-1.929893030409637333e+01 1.074542943860155586e-01 9.899911562361664308e-02
-1.930581917669364245e+01 3.603686119674909261e-02 1.364285293812305955e-01
-1.930631249684349626e+01 3.357945539433888904e-02 1.385566648104668841e-01
-1.930888309037388950e+01 5.134255936936342468e-02 1.229809801627170102e-01
-1.930749044176855378e+01 6.735237321750472961e-02 1.188043152259096180e-01
-1.930862541286949252e+01 1.671668295080303013e-02 1.470036255445081042e-01
-1.927965354246148877e+01 1.448820443947900216e-01 9.725608128165622035e-02
-1.930376019288316769e+01 6.986534416282867699e-02 1.187393685818267791e-01
-1.930108770167979415e+01 7.110491388060195816e-02 1.217769825347807533e-01
-1.930547386099411966e+01 3.697373729503696665e-02 1.363592446100750921e-01
-1.930676244009939779e+01 3.494140822683818731e-02 1.371860376589962571e-01
-1.927193285351970431e+01 1.056078418766461663e-01 9.423268323866294816e-02
-1.930691506516330946e+01 3.435982252905203649e-02 1.372492504008156755e-01
-1.930606553526291691e+01 2.790466641657184110e-02 1.418345775034052791e-01
-1.930645337350549440e+01 2.692051492312416694e-02 1.424373940404207728e-01
-1.930665132111838744e+01 2.658815523881554593e-02 1.422390513826379543e-01
-1.930119802299999421e+01 1.024275289512359688e-01 1.010561483477538658e-01
-1.930621078008127611e+01 3.291621139644598792e-02 1.388064660743578704e-01
-1.930697737947323844e+01 1.292090930231001335e-02 1.497544462010827471e-01
-1.930723807920387358e+01 2.440545157754701877e-02 1.429538948315222935e-01
-1.930741501240799707e+01 2.362499144278450841e-02 1.432586068564592197e-01
-1.930690574391185521e+01 3.355747366067473453e-02 1.378709949880028152e-01
-1.930775394993896654e+01 1.334411054740628627e-02 1.495686337014375256e-01
-1.930669313542412979e+01 3.226071385149788251e-02 1.387275564517747861e-01
-1.933679773047770212e+01 2.010555843669082077e-01 4.132760468497031353e-02
-1.930672060031449888e+01 3.102696970070571367e-02 1.395613948759380496e-01
-1.930759879641503929e+01 1.342227479868538138e-02 1.492059759216858295e-01
-1.930313097687562518e+01 1.397982212195630070e-01 7.577289748810549230e-02
-1.930790792034173720e+01 1.325181166669065456e-02 1.491599198074681221e-01
-1.930725748002560493e+01 2.285039847986299749e-02 1.439728395008822992e-01
-1.930762609710793853e+01 1.773094278833686060e-02 1.466595552805149694e-01
-1.930677946841566950e+01 3.102111232623923007e-02 1.394599421599950206e-01
-1.930639232299560604e+01 2.465954774693851492e-02 1.439547485409969629e-01
-1.930687303033817059e+01 3.008101973790008529e-02 1.397294537984177798e-01
-1.930574596498254536e+01 2.971335045759383731e-02 1.418521447980600758e-01
-1.930567419563479703e+01 2.971653077607262078e-02 1.412405507388402592e-01
-1.930573178936018053e+01 3.068384809411360895e-02 1.404632394125278627e-01
-1.930735909745968115e+01 1.860746817150065249e-02 1.463128826471929433e-01
-1.930763100516999842e+01 1.313398177122031274e-02 1.504596403145972983e-01
-1.930757009102803323e+01 1.869788899843666599e-02 1.462319152265411926e-01
-1.930587370421973148e+01 2.913994120814840383e-02 1.407129964746331452e-01
-1.930809994886275405e+01 9.686929498939353747e-03 1.511362139029053531e-01
-1.930821904538628075e+01 9.734464140804848648e-03 1.509752182223008388e-01
-1.930771214917493950e+01 3.298999788176480708e-02 1.374480842508388201e-01
-1.930788189416811917e+01 1.349472264750309174e-02 1.491123561313655865e-01
-1.930543079157536113e+01 3.915832396289140732e-02 1.357566714692506893e-01
-1.930821434842823692e+01 1.018041224631523536e-02 1.508487721443701746e-01
-1.930598950440518990e+01 2.401898432804812356e-02 1.440273709045157002e-01
-1.930611281988894490e+01 2.534135706923395376e-02 1.433064706738918781e-01
-1.930879525026768206e+01 6.052325624513915300e-03 1.519488149891518869e-01
-1.929936324605232656e+01 3.541114064241012577e-02 1.327234445535608598e-01
-1.898611501232999643e+01 2.282672393810165068e-01 3.990204801679464452e-01
-1.930755608194967365e+01 2.814471448868600956e-02 1.400662024185478916e-01
-1.930603351243745891e+01 3.667727718717764956e-02 1.372569073833164177e-01
-1.931262298145184886e+01 3.162771997798224238e-02 1.726338848788442348e-01
-1.930447047306765640e+01 4.241168925965310005e-02 1.341481624821658503e-01
-1.930910129171351741e+01 1.638614976528710368e-02 1.464242333723461131e-01
-1.939814240750923346e+01 1.225509299417559400e-01 3.938771468101086304e-02
-1.930597594572508768e+01 5.252145225170049003e-02 1.306221999911084397e-01
-1.930781858822301800e+01 1.295825827017312720e-02 1.493931089181241012e-01
-1.929456632908974711e+01 1.390540159724375502e-01 6.207027371977557467e-02
-1.930763577385581797e+01 1.905050763963835048e-02 1.448573844736138205e-01
-1.930789925788704764e+01 1.306456003994701902e-02 1.492854899915812827e-01
-1.860985221645006504e+01 9.138683837946797173e-01 4.905364148849867267e-01
-1.930790858857506720e+01 1.306693610527245343e-02 1.493131972374917016e-01
-1.916164572950792078e+01 2.590392710056246828e-02 3.363637695302107433e-01
-1.918264298277133051e+01 3.090938581405294761e-02 3.135444816401135593e-01
-1.931635775456689430e+01 2.588604833917271600e-03 1.577534473357119771e-01
-1.930786790309320367e+01 1.262139959338394804e-02 1.496073606158731528e-01
-1.930882707131411991e+01 4.083074432746304494e-02 1.223862701217211524e-01
-1.930769604908921622e+01 1.271790176090920738e-02 1.498300394232149613e-01
-1.930847571651450423e+01 1.278918243940293381e-02 1.493382894345978429e-01
-1.930642692635366231e+01 2.583713706272857541e-02 1.430457279963402162e-01
-1.929680205164713769e+01 9.334965674893354326e-02 1.098753600695243915e-01
-1.930566062974641639e+01 6.463487384346927600e-02 1.195073392960615127e-01
-1.930661950650725700e+01 2.597496296595259296e-02 1.431863646082466301e-01
-1.925762879098011027e+01 6.117252672520003681e-02 1.231149410822014179e-01
-1.930722952016110128e+01 2.615378895465137604e-02 1.414087399304173320e-01
-1.930598894817752154e+01 2.564153152723106302e-02 1.425604782227077039e-01
-1.930898612573440687e+01 1.552537399302933094e-02 1.468997748897827582e-01
-1.930770720958559039e+01 1.613528635518454019e-02 1.477910848482623662e-01
-1.931017958275887025e+01 9.434915145835805553e-03 1.489038866894226432e-01
-1.930777720106923923e+01 1.542221087145581419e-02 1.479794378967398683e-01
-1.930691626026148455e+01 2.137856450817049794e-02 1.455848651505147751e-01
-1.930777424334204184e+01 1.542939248442000075e-02 1.480317902259236373e-01
-1.930896836708327058e+01 5.833155867899991916e-03 1.531808047502922765e-01
-1.895688432387916222e+01 2.133531023728725551e-02 4.219880160320641505e-01
-1.930784624668582694e+01 1.155872055932684501e-02 1.502468545344607109e-01
-1.930779461827089705e+01 1.575369951007840608e-02 1.477786009235896592e-01
-1.930768255242000464e+01 1.022931804181046074e-02 1.512389015870770070e-01
-1.930728404149052224e+01 1.040484900964194249e-02 1.519560447483581378e-01
-1.930774168832069648e+01 1.625039191561203702e-02 1.475377811887194912e-01
-1.930775667693258768e+01 1.689550005426409401e-02 1.480407149927069343e-01
-1.930771778035058617e+01 1.240582988466286049e-02 1.493996485677307196e-01
-1.931195669530199766e+01 7.871440747547248096e-02 1.068007547432589938e-01
-1.926673105342606362e+01 1.167792795759341473e-01 9.520520544786847950e-02
-1.930766527348073325e+01 4.095989982503739357e-02 1.276262417986631093e-01
-1.931455196532610330e+01 4.623823770042330417e-02 1.282054184736197144e-01
-1.930599822618585293e+01 4.935108327802523870e-02 1.310738611340303006e-01
-1.930988434520246599e+01 3.727416725765175104e-02 1.335519968920957923e-01
-1.905650509503685086e+01 9.542818043326217747e-02 3.256477069438666883e-01
-1.930560126769081464e+01 2.769462498483137025e-02 1.419536085494009503e-01
-1.858703968592319811e+01 2.616043680841735886e-01 5.319342815047708450e-01
-1.930541475288163156e+01 4.915048449226748495e-02 1.293441073390687590e-01
-1.942558692103399309e+01 3.491977620141489130e-02 2.851917730455543962e-02
-1.930794680837885835e+01 3.554285604642495877e-02 1.369391767853149477e-01
-1.931208102883336153e+01 2.125023761430080288e-02 1.385181721499028351e-01
-1.930648913633095631e+01 5.107043437918297457e-03 1.547507504279529433e-01
-1.924003826803155803e+01 1.864543940123207233e-01 9.725639780817973978e-02
-1.928092338236726278e+01 3.881473098132909999e-02 1.767856118446633762e-01
-1.930876768188453596e+01 2.014467570031451115e-03 1.560106552665557755e-01
-1.930796758903846566e+01 1.639610569503474266e-02 1.471995038284817925e-01
-1.930765604426301607e+01 1.652675806314151188e-02 1.473883518903614520e-01
-1.930819439365529888e+01 3.214670943894373236e-04 1.566780347438740950e-01
-1.898896523431741201e+01 1.293915115602075061e-01 5.721039959306112310e-01
-1.930781533314999265e+01 3.009003996954068977e-02 1.397057478090550364e-01
-1.932255390468210265e+01 1.848030691529594649e-01 5.221104179986105209e-02
-1.930005832216849271e+01 3.048948348878909725e-02 1.416936865085324793e-01
-1.930260963782079742e+01 1.793847348094754768e-01 5.272876798416085975e-02
-1.930776161438071270e+01 1.630256079735770136e-02 1.473973469046395424e-01
-1.930904064993339730e+01 9.625389964403256726e-03 1.501682375412220494e-01
-1.930127546373848446e+01 9.787107027480529409e-02 1.010950841638993403e-01
-1.930791573231078573e+01 9.766763684960823658e-03 1.512697719839076194e-01
-1.912420655648321244e+01 3.776056466337087691e-01 1.858127434068950479e-01
-1.930742688932220474e+01 5.237804136427975238e-02 1.141892775430899398e-01
-1.930930390749844605e+01 4.234977966861615956e-03 1.529016635798583490e-01
-1.929279075727598425e+01 1.690917830602489957e-01 9.255722835496577039e-02
-1.930762785235998891e+01 2.148567939770821070e-02 1.457836127063167897e-01
-1.930540595767960355e+01 2.057627996062042289e-02 1.466651838350727932e-01
-1.929831489713425086e+01 4.812375897040088724e-03 1.555222403712580026e-01
-1.931764633367966866e+01 9.525308644746910067e-03 1.486641162732410537e-01
-1.927704599572360777e+01 2.102571491002250825e-01 5.475044177086883790e-02
-1.929105882334321365e+01 2.072093699199303585e-01 3.783101524295630347e-02
-1.923336983718718685e+01 6.740597597428681365e-01 3.426533842090023069e-02
-1.912881316697438550e+01 1.745154265753154910e-01 4.352881408114750439e-02
-1.919840565699150048e+01 3.154387730817204694e-01 4.008442674473329526e-02
-1.895535040362672419e+01 4.084759438653495778e-02 8.060199886453294216e-01
-1.930534465955148704e+01 1.950867889557154622e-01 6.730959980766450593e-03
-1.930584704603380075e+01 1.540626300198772447e-01 6.087498279382246025e-02
-1.931644740057736342e+01 1.761327035624223047e-01 3.817086434571200643e-02
-1.930683111632692928e+01 2.643896654989783684e-02 1.414338195929856490e-01
-1.917523394273444026e+01 1.386489156284421709e-01 1.876877445514880394e-01
-1.930591849914749858e+01 2.975290904754826146e-02 1.406811342117673946e-01
-1.930109057302658471e+01 2.164806317441758110e-01 3.356352269341598277e-02
-1.930718420094915189e+01 7.254924530881012162e-03 1.519702369152134691e-01
-1.930784922406839499e+01 9.575126426900026607e-04 1.563929553015327434e-01
-1.919699578206851243e+01 6.721722059573788099e-01 4.082425485923237007e-02
-1.930731483265922677e+01 3.164482614078013845e-02 1.390632569578213740e-01
-1.930895533101878314e+01 2.977849598818803865e-03 1.541770128600485346e-01
-1.930681137217228382e+01 3.580041784866751231e-02 1.358101671180740322e-01
-1.916459676103666254e+01 1.954132823447460587e-01 3.628782049918262143e-01
-1.857496102205225341e+01 3.827841254322439379e-01 8.008623946585236020e-01
-1.930777361056154362e+01 1.232463771233852957e-02 1.497764778321637180e-01
-1.930549354254199912e+01 2.125365244915467661e-02 1.457207496041806882e-01
-1.930798975442545995e+01 1.284728933290242570e-02 1.494952080382453696e-01
-1.929346991186997684e+01 1.570701937249896485e-01 7.496952939886938894e-02
-1.930570575888018681e+01 1.698601939094952218e-01 5.333414866414130234e-02
-1.930714497053696732e+01 2.145421981152721008e-02 1.469940435349910701e-01
-1.930999895438350222e+01 1.551133547853667145e-02 1.463684394590742954e-01
-1.930783833347783940e+01 1.390722414383932688e-02 1.488438297838787228e-01
-1.909709803573622011e+01 6.010530760825834040e-01 6.576366840716633619e-03
-1.930774938908258420e+01 1.396238369749410943e-02 1.489374756826171153e-01
-1.908885170232272444e+01 1.540320282270233321e-01 3.751302095270928616e-01
-1.930639700854583296e+01 1.348218932642758147e-02 1.501821104269713547e-01
-1.931252214577598281e+01 8.672220471537527356e-03 1.457798419128646938e-01
-1.930794969262550609e+01 1.160470311407181543e-02 1.501687873878007895e-01
-1.930773866131334060e+01 1.170552770232523819e-02 1.501019458599367751e-01
-1.930778119804650572e+01 1.378621070131595856e-02 1.490254888982241177e-01
-1.930805579121797066e+01 5.653385106078364329e-03 1.538259976782287708e-01
-1.930814847984412452e+01 6.309384233661221794e-03 1.529219441412274227e-01
-1.930884809918292433e+01 9.030349912168807516e-03 1.502344793830282244e-01
-1.930759852725537939e+01 1.144434082927588310e-02 1.499664141494941594e-01
-1.930723189589662070e+01 9.999095737772798961e-03 1.520438179616307450e-01
-1.882128329459596827e+01 8.122108668394792952e-01 3.000616334613164238e-01
-1.818088274944029692e+01 6.759978510746914582e-01 8.890793413322946037e-01
-1.930645266681007044e+01 1.502235449265929522e-02 1.495361479798627546e-01
-1.930055215262616031e+01 1.765187774396173581e-01 5.480989254719308840e-02
-1.930413940976536580e+01 4.844428035440983410e-02 1.344885143561179719e-01
-1.930746655890050789e+01 1.515743900940137549e-02 1.483950776670169280e-01
-1.930786364796199805e+01 7.769247202030214565e-03 1.514093314581400895e-01
-1.930795342644935175e+01 1.059794543869737975e-02 1.514252137377323504e-01
-1.930761177055067179e+01 1.697029936576519710e-02 1.479026563206886913e-01
-1.930843182660332857e+01 8.139866791290984935e-03 1.507856297936960577e-01
-1.908425900551617715e+01 5.707785559613884896e-01 1.050886115153672751e-01
-1.930625030333874648e+01 2.760719646964947954e-02 1.423319693380182271e-01
-1.930606056529978432e+01 8.666157480978853300e-02 4.095470229482156554e-02
-1.930318494815094610e+01 2.663256122055772043e-02 1.451614419882965301e-01
-1.947710054735754426e+01 6.933048224001316095e-02 1.939707633869643677e-01
-1.930695048738177988e+01 5.243159319101962576e-03 1.549031414731240341e-01
-1.930529231064151219e+01 3.603181826206216295e-03 1.571780419672072493e-01
-1.913960065993657622e+01 2.159300470181075016e-01 6.504317853334011801e-01
-1.930875632055085944e+01 4.791659648349318873e-03 1.532673282075864840e-01
-1.924007160723009946e+01 2.328664957260213053e-01 5.381068198977790457e-02
-1.909867218051546800e+01 1.349415146728318859e-01 2.960285026875664749e-01
-1.930870516148009131e+01 4.899164025471454062e-03 1.534890839652700845e-01
-1.925591874750737631e+01 2.658077706297337084e-01 2.935951279959868321e-02
-1.868984103160476096e+01 8.262261933791039681e-01 3.278181293752626679e-01
-1.931731249340217715e+01 7.673760321875128243e-02 9.579109757256050461e-02
-1.919621959022298796e+01 6.051171413663063436e-01 4.622822818887815585e-03
-1.918888884091439451e+01 3.537657146365194016e-01 3.038683154839398604e-02
-1.907583101943705728e+01 9.475623703864860525e-01 1.865117779611991933e-01
-1.919662572859762051e+01 6.135549575447944715e-02 1.637611139146706307e-01
-1.916958603446202503e+01 4.481922234622707224e-01 3.518710607228170972e-01
-1.930162992070581041e+01 1.567228464652590247e-01 6.679095958026846913e-02
-1.929886380870924967e+01 1.803381635885971945e-01 6.925071936786676707e-02
-1.930936221630170735e+01 1.136405700562135961e-02 1.488312950755153186e-01
-1.930957656867799344e+01 9.719632457772573939e-03 1.496892637516496760e-01
-1.930857092360525940e+01 1.122360637995901550e-01 8.063861375626170391e-02
-1.930804432936539428e+01 1.130389225582485897e-02 1.502209642689530666e-01
-1.930694849918964096e+01 1.204501326060049803e-02 1.512172550235616475e-01
-1.930909644959000104e+01 6.830495066880485321e-03 1.526163175024637386e-01
-1.929191281261502056e+01 1.164676885928301320e-01 9.311413986832620115e-02
-1.930799789017357071e+01 1.206372374443864283e-02 1.497848517439173410e-01
-1.930724059071909338e+01 1.329779382798046763e-02 1.498799890382962741e-01
-1.930513567420150878e+01 4.075504226131083235e-02 1.355793686902639072e-01
-1.930560840922982990e+01 4.336283303335875666e-02 1.333360773135771338e-01
-1.893258233545234148e+01 3.143995764137555993e-01 4.033523501071967221e-01
-1.930780954768163937e+01 1.184939461826916771e-02 1.508076992176595466e-01
-1.899857041255091161e+01 3.683665621919399169e-01 3.263113635798794987e-01
-1.930773799769384524e+01 1.020209313077584216e-02 1.504758181445507437e-01
-1.904840788857482181e+01 5.746884291037781534e-01 4.197728434412524301e-01
-1.889489847195567407e+01 5.449345940018019974e-01 9.670746665427086830e-01
-1.930848604694996595e+01 1.271567409328143786e-02 1.488651658576480019e-01
-1.930386203162399994e+01 1.228562817055071504e-01 8.842655051291180290e-02
-1.927598095275964951e+01 2.102024070715126369e-01 3.682147343577007320e-02
-1.930820182535216745e+01 1.258469937914457291e-02 1.497793779477126219e-01
-1.930760688308763307e+01 1.341979541163843513e-02 1.494792041407732586e-01
-1.930761125607972417e+01 1.321592649748691908e-02 1.494265677750834242e-01
-1.930800543301840833e+01 1.289846568230027142e-02 1.493896478336182165e-01
-1.930798828757130892e+01 1.297638215912165320e-02 1.493145836871184184e-01
-1.930744608744473467e+01 8.912048534825552440e-03 1.514707653365919005e-01
-1.929696685065738038e+01 2.351126969495814789e-01 2.643767141452997224e-02
-1.930917291216820786e+01 6.750644009197891669e-03 1.513370787758362146e-01
-1.930474037447019953e+01 7.550368125558638843e-02 1.119871253599836469e-01
-1.911248109798759742e+01 7.798461355942464257e-01 4.594069082946888177e-02
-1.917255531779373712e+01 3.714149395060784564e-01 9.478255632681627241e-02
-1.930785132486983358e+01 1.361648628559601441e-02 1.490490640885853146e-01
-1.930689738271956202e+01 3.958010567121483109e-02 1.340683752263151229e-01
-1.930702438259834963e+01 3.945535516449816954e-02 1.345416069826440575e-01
-1.911244799787806414e+01 5.833192387103782739e-01 5.011840676315826304e-02
-1.930689955373911459e+01 4.260905164401015965e-02 1.322684919007555415e-01
-1.930769038130583937e+01 4.508476024340411781e-02 1.299593976389287198e-01
-1.930725279870588551e+01 7.722462742981331223e-03 1.526898908250553244e-01
-1.929851991154044910e+01 1.211406851329387274e-01 8.399213812021466552e-02
-1.930453331973849984e+01 7.197491494257882150e-02 1.185560011374099942e-01
-1.930513746270284869e+01 6.535304755370482943e-02 1.226624597180759058e-01
-1.930035217586361895e+01 5.486350311929497764e-02 1.318514935917142472e-01
-1.929859793291354464e+01 8.868254002912533129e-02 1.388521753046374763e-01
-1.930857400127516144e+01 7.312987206032165247e-03 1.520618852163867218e-01
-1.930638862990262439e+01 4.878059722694304962e-02 1.290262097021135645e-01
-1.929571356826969719e+01 2.012179836465965155e-01 4.375439668505740065e-02
-1.930801453662315836e+01 8.082500233223150268e-03 1.521479209362380514e-01
-1.919043556649113569e+01 3.817800172070535680e-01 4.607671834452981563e-01
-1.930819933802883170e+01 6.686872672256431900e-03 1.528574716392015198e-01
-1.929966448693200576e+01 8.270870946882857844e-02 1.161615483703083151e-01
-1.914724730825989596e+01 2.747138919532166046e-01 4.822594100369603787e-02
-1.932801494107556550e+01 1.824518017409750004e-01 4.872022363601596212e-02
-1.930778412693103263e+01 6.906193633498464331e-03 1.539042835135929488e-01
-1.929784625006123022e+01 1.518205350445174517e-01 7.500111317699149904e-02
-1.924831246971308829e+01 1.868600967971016935e-01 5.215497591684103984e-02
-1.925665783079873705e+01 2.490795611828318101e-01 7.576249088354290728e-02
-1.930816856280174321e+01 7.225998440812836376e-02 1.184688422947040715e-01
-1.930721186205853357e+01 4.578654887178928122e-03 1.543680053930514273e-01
-1.930747328559821341e+01 3.135067939326723237e-03 1.562462527817838343e-01
-1.976432721576329499e+01 8.234759723535205467e-01 2.421329698924246654e-01
-1.930882675625422351e+01 6.805550809717962613e-02 1.150874359054346041e-01
-1.930445437580570456e+01 8.285983759182656561e-02 1.150191434775982013e-01
-1.930221961812103970e+01 8.623892177059110098e-02 1.097023579518265485e-01
-1.930268122591655100e+01 8.088015860608982477e-02 1.122629659892278031e-01
-1.922126392606752532e+01 6.756170267628434090e-01 1.676926556872022217e-02
-1.894807528499204707e+01 3.915195861175844172e-01 7.267905473361299107e-01
-1.911948386467572192e+01 8.203753788259543489e-02 2.036787550096652299e-01
-1.931037601629083156e+01 1.603809483030969318e-01 8.620260397838944155e-02
-1.930774438225993350e+01 3.530949421517108459e-04 1.563187749424415074e-01
-1.932886668349591019e+01 9.402560099597560839e-02 2.590347143364436777e-02
-1.930772394808983350e+01 1.456885801217393250e-02 1.485535780471115286e-01
-1.907111042171318260e+01 7.181180366788169067e-01 3.692361934284826841e-02
-1.919805914208482989e+01 5.844751189106744960e-01 3.283670206728719898e-02
-1.930827539600993603e+01 3.275047004729759667e-03 1.544758096529947611e-01
-1.930726142215745256e+01 4.124831528647028740e-03 1.552483192541799506e-01
-1.929946413243775893e+01 1.028950467677709618e-01 1.095416756962964977e-01
-1.930710215670373842e+01 4.183766791058269457e-03 1.556770687928278607e-01
-1.930757781927351502e+01 3.591862871851533596e-03 1.554739608799148021e-01
-1.930101559981169501e+01 5.223606344453421424e-02 1.320991247589115847e-01
-1.930628228044599481e+01 4.770208971726898339e-02 1.299708746618832012e-01
-1.930752914705198364e+01 2.172770796371997510e-03 1.553032575818161509e-01
-1.923610374181086868e+01 2.740735953931109498e-02 1.943257340153299040e-01
-1.930708983281867575e+01 1.370446780503203833e-04 1.574279156698933924e-01
-1.930805285786740200e+01 6.441593778489597411e-02 1.290579671793850303e-01
-1.930767397679148445e+01 5.195917511945599698e-02 1.233333714177893697e-01
-1.930765502107548315e+01 1.486557695780602560e-02 1.483986043283444800e-01
-1.930779914119861473e+01 1.466093951864234392e-02 1.485480693699162136e-01
-1.930899985005139641e+01 1.076458280690427037e-03 1.564918238069098189e-01
-1.930859805055237288e+01 1.176254517043146583e-04 1.568821737690967166e-01
-1.930861975902791627e+01 8.842234231934990776e-04 1.564705975150928186e-01
-1.929528397541739082e+01 2.272921928112166534e-01 3.567201589977344461e-02
-1.936970241293718331e+01 7.586457882051165225e-01 1.760323719394578101e-01
-1.930797997450512327e+01 3.101556795598881585e-03 1.547753539050377714e-01
-1.930605627038626082e+01 1.976864040449929222e-02 1.466807933260322327e-01
-1.921380718264233778e+01 2.109120658985232377e-01 4.864262319892240782e-01
-1.964715178554758523e+01 1.915902788213971752e-01 3.171356560776858458e-02
-1.930782636836437405e+01 1.499542858541300268e-02 1.482395150607205558e-01
-1.864951002219375198e+01 6.370525686189684178e-01 3.277493812225429348e-01
-1.931518638562650025e+01 2.179252467594638282e-02 1.418758000663764562e-01
-1.930759541543199376e+01 1.495078217478446742e-02 1.483536851885875474e-01
-1.928095628974211806e+01 1.130408431259274787e-01 1.097774505043465354e-01
-1.930862336227801990e+01 3.496505959590359198e-05 1.566462067408759540e-01
-1.930771677212222315e+01 1.474236319673545396e-02 1.483605065562103309e-01
-1.930759915624475909e+01 1.496056153573581404e-02 1.482487319618191468e-01
-1.930840708844810294e+01 5.670872741527913704e-04 1.565226252002245577e-01
-1.930743565057889910e+01 2.176781387672288830e-03 1.561623133062976787e-01
-1.930725205441380155e+01 1.480343442885836101e-02 1.488344774679266902e-01
-1.929823649266274543e+01 7.182913491094586322e-02 1.161765993937122071e-01
-1.930748309998239165e+01 1.528620293378729275e-02 1.483304371394303101e-01
-1.930780042759017689e+01 1.506435306907837925e-02 1.480837037720106608e-01
-1.930845336398362022e+01 7.968940293053534225e-04 1.564674534974217768e-01
-1.930810034758224347e+01 1.501252627121741137e-02 1.480846709772661862e-01
-1.929727791307400153e+01 2.245411308049932442e-01 7.798665329589567208e-03
-1.913909452488499952e+01 7.460619829761031552e-01 1.430939290910559526e-03
-1.930640953292985174e+01 2.359872565303471059e-02 1.435190535940426559e-01
-1.942926103515576486e+01 7.806722600799471667e-01 2.573757317605833705e-01
-1.930542837786079247e+01 2.448801049988212977e-02 1.439210435855220738e-01
-1.991154031325661578e+01 8.959281405849489621e-02 8.012445181245120285e-02
-1.930708152952115597e+01 3.035649037136362374e-02 1.396282694071197539e-01
-1.930716966178977145e+01 3.136496712349206434e-02 1.395658039976098164e-01
-1.930805583693776128e+01 1.120006330260055714e-02 1.504084598766207148e-01
-1.930800307681063899e+01 1.135643662185047663e-02 1.460182542022002983e-01
-1.924915270047466009e+01 2.598551496001471062e-01 7.780040764040874190e-03
-1.930826616312810273e+01 1.555629307250272660e-02 1.474985642480551584e-01
-1.930666484995299470e+01 2.877707481773020270e-02 1.403114528812705597e-01
-1.931050697546798034e+01 9.814757247011993146e-02 1.032312570035968102e-01
-1.930773895427814679e+01 1.697445553338317384e-02 1.471067051492243039e-01
-1.929310623264121816e+01 1.506481424996433671e-01 6.916931358279697351e-02
-1.930592286671492985e+01 2.475912614412035737e-02 1.433810720017459350e-01
-1.930220387532854431e+01 1.332244833312887788e-01 7.584751103926065663e-02
-1.870224527728804276e+01 5.520786157244941261e-01 8.468459239512636794e-01
-1.918721757201094391e+01 4.843090976496479128e-01 2.732666873656347528e-01
-1.931570981666849462e+01 1.000204149985486068e-01 1.053388355725616427e-01
-1.988211878105537522e+01 6.437713488331153755e-01 5.976270270468724277e-01
-1.929148261647364393e+01 1.785448427142255767e-01 2.879731640890803926e-02
-1.920723512760805818e+01 2.204222342301820348e-01 9.234590985212470793e-02
-1.930429451729165891e+01 6.104949417895157854e-02 1.289375373466264407e-01
-1.930516080006657731e+01 5.733044107636073999e-02 1.254591204681275440e-01
-1.929097982480358908e+01 2.301761457248296117e-01 3.473280086401417388e-02
-1.930777389779363773e+01 1.467205131989588948e-02 1.486473812306974285e-01
-1.930772406311871592e+01 1.478172012896241186e-02 1.484610682572447549e-01
-1.930373551827689482e+01 4.704616809866493665e-02 1.330776467292519860e-01
-1.926888269257639763e+01 2.242901674611929297e-01 1.259985048602054458e-01
-1.929992215721443216e+01 1.348672373412813097e-01 8.481541062438145706e-02
-1.930784796859829555e+01 1.925756888222451835e-02 1.464597011992213593e-01
-1.928897918413588997e+01 9.493617507110024833e-02 9.993435353598578708e-02
-1.969657633859382884e+01 1.015913901662486296e-01 9.785259521903326707e-01
-1.922413033810072491e+01 8.557946269328285671e-02 1.571421972655407118e-01
-1.929992090975884622e+01 1.291025717435577147e-01 8.704340350125122638e-02
-1.930887517551168742e+01 7.972892718502501419e-02 1.363878454244044636e-01
-1.930503317763670168e+01 5.510928824128334680e-02 1.235417405149319692e-01
-1.930765219240727859e+01 4.447854829053980719e-02 1.248501892960353216e-01
-1.930928830512888794e+01 4.801759085418964151e-02 1.289274047747174801e-01
-1.930552596729858905e+01 4.207069435537830193e-02 1.325475040585079034e-01
-1.928973275599463832e+01 3.778199723470108962e-02 2.273197025825833273e-01
-1.930442069703476804e+01 4.199593186835488129e-02 1.315672142446389636e-01
-1.930788617503070270e+01 1.289086693922673367e-02 1.495677171051922882e-01
-1.930893944642984295e+01 7.391257640468678128e-03 1.524378745049433659e-01
-1.930744752796196906e+01 7.113646721158807529e-03 1.525137988085800977e-01
-1.928750797967981967e+01 2.369590470384953795e-01 1.777959927066041501e-01
-1.930864939045910589e+01 8.323557724379817072e-03 1.505816666632464051e-01
-1.911009933805380001e+01 4.226781184439171168e-02 3.596931524634836563e-01
-1.930748135657466946e+01 1.351122442402025170e-02 1.486649421344630462e-01
-1.930786847876512269e+01 1.299669860658078137e-02 1.492521686154155702e-01
-1.930798261658972947e+01 1.264221891808323638e-02 1.495804086251973919e-01
-1.931036533366801677e+01 5.212136850890392720e-02 1.359224553017783221e-01
-1.930640014948142635e+01 1.972439314575555325e-02 1.463821367198688272e-01
-1.930707835029559050e+01 2.192247653491451176e-02 1.443309688517534772e-01
-1.865604722246684943e+01 7.615422674455623042e-01 2.019417270801357467e-01
-1.930771584639488125e+01 1.377878048373599659e-02 1.490955075193665103e-01
-1.930319510234641101e+01 2.846260099316493593e-03 1.619337353365147558e-01
-1.930800083254178290e+01 1.380741794738514494e-02 1.489899749294472386e-01
-1.930709920940403990e+01 2.679926953354650268e-02 1.420831803990891817e-01
-1.930785676516218530e+01 1.327281470578326947e-02 1.491773912815617942e-01
-1.930521067708619753e+01 4.501767278824337498e-02 1.309005877597282097e-01
-1.929946129793005838e+01 1.828159002220474116e-01 2.847226817443037836e-02
-1.931322679921824559e+01 7.963411828792556213e-02 1.031804945432009402e-01
-1.930708752546882678e+01 3.468889983336138905e-02 1.376982750614581530e-01
-1.930707980779320465e+01 2.797761496985053109e-02 1.415563071227715075e-01
-1.930637751893551624e+01 7.931103829889046830e-02 1.113945869196408672e-01
-1.930760510795844453e+01 1.372164848691667140e-02 1.492336072298691696e-01
-1.930728356968079851e+01 2.971579006617470001e-02 1.397319146572079951e-01
-1.930791062650181900e+01 1.196395668229526324e-02 1.499037946341935101e-01
-1.931307174903358614e+01 5.442981066171855703e-02 1.197212363237632471e-01
-1.930804315004070304e+01 1.205926983464075501e-02 1.502167731505490433e-01
-1.930907052475596331e+01 6.738908024768475169e-02 1.209729652210386058e-01
-1.930821250036943582e+01 1.213272483040976450e-02 1.497430783043224578e-01
-1.930807728990202321e+01 3.095529815417024169e-02 1.394515733554818060e-01
-1.971904860509587465e+01 5.573507819049505763e-01 3.174635285902729920e-01
-1.929446838045383217e+01 1.950378906608888629e-01 8.522791915758143322e-02
-1.929842751681827906e+01 1.350681385218896469e-01 8.443328650304904315e-02
-1.978840468704003897e+01 7.920048451602719197e-01 3.204305997683771223e-01
-1.930813533939835835e+01 8.551707688806052532e-03 1.518193706431792966e-01
-1.924027056451643602e+01 1.881505376559685638e-01 1.183934529363811078e-01
-1.921919861959636222e+01 1.648792945275738553e-01 9.338357228744732785e-02
-1.928851455186268282e+01 1.397463898383563830e-01 7.628729887492395612e-02
-1.903768795869344999e+01 4.343646610079579529e-01 1.874043509071459945e-01
-1.928534443848064583e+01 2.721058323327630313e-01 5.041437193919767355e-04
-1.930518611195482492e+01 5.313272605900073997e-02 1.271539686599699182e-01
-1.930538347984953873e+01 6.586438364744268137e-02 1.224880335007551696e-01
-1.930775440090448214e+01 1.363400948849125341e-02 1.490876706654102046e-01
-1.930860367352533657e+01 2.386988318758575395e-02 1.420295181586754274e-01
-1.930684181630533303e+01 6.758783437940260597e-02 1.193068768904682053e-01
-1.928685823416496703e+01 2.417855295403088245e-01 9.530238217135744705e-02
-1.930640204118513736e+01 5.430493063128357528e-02 1.228530619634069371e-01
-1.930095422187643095e+01 4.950571969375504311e-02 1.335434136450826814e-01
-1.918970548083399663e+01 8.726386572599992286e-01 8.177314570934164292e-03
-1.930781468513567489e+01 1.444139307998512645e-02 1.486260686470357306e-01
-1.930650644824170570e+01 2.499343539210713977e-02 1.430833267027230016e-01
-1.930289819024676845e+01 1.125563805067112538e-02 1.501487220693925873e-01
-1.919249902349232428e+01 9.180563110673797822e-02 1.911210273757841804e-01
-1.930737157846992957e+01 1.573321947474856305e-02 1.486187555377848080e-01
-1.941660162391796973e+01 4.562220175478703399e-01 7.396335817427992509e-01
-1.903003674659426991e+01 2.803971886746367548e-01 1.654713436189855780e-01
-1.930778516007240597e+01 1.359448652146014180e-02 1.482013830741822635e-01
-1.890574013961551358e+01 1.613263498787650407e-01 5.958930484294898688e-01
-1.929542993259461170e+01 6.007866100792746966e-02 1.234762358182430603e-01
-1.930816483518453097e+01 1.248135276195974121e-02 1.495598900164820111e-01
-1.929644868491863008e+01 2.109797711544574572e-01 4.586315475724759422e-02
-1.930309581840703714e+01 5.545680687959256977e-02 1.261861665912541175e-01
-1.937349015578060474e+01 8.822192372289608397e-02 6.606997418602704453e-02
-1.930669301198389576e+01 1.070349263042634676e-02 1.502800066954966540e-01
-1.930737278799837853e+01 5.730578791045917025e-02 1.233894235740332773e-01
-1.930584953101521961e+01 2.871762482589896789e-02 1.410713537969467968e-01
-1.915786211652717341e+01 2.104220288913441761e-01 3.357496727121138669e-01
-1.930771229529524291e+01 1.113836273151581208e-02 1.505024769675884777e-01
-1.930809568852517089e+01 2.760228644949427532e-02 1.398671968527691045e-01
-1.923193330829763426e+01 6.918106320350367322e-02 2.165031938207440110e-01
-1.930715054143910692e+01 3.570866402140045193e-02 1.371498701821250998e-01
-1.930728740866554105e+01 1.630609545341149894e-02 1.478399956819697880e-01
-1.930818138491036962e+01 1.001097697944152744e-02 1.508048868342544424e-01
-1.930738704525854743e+01 1.207131426331398485e-02 1.511201051169260845e-01
-1.930768688769284580e+01 1.621907719958738323e-02 1.475633740198873944e-01
-1.929814964251512421e+01 1.001447199077246941e-01 1.040534295923769559e-01
-1.930739380139422678e+01 2.726242991743585073e-02 1.401873240417177702e-01
-1.930735075546311208e+01 1.138484588697766600e-02 1.506397472663822679e-01
-1.910588421399238257e+01 3.606454747846864484e-01 2.400871202541078886e-01
-1.930688211569487223e+01 1.783545251701054365e-02 1.470187974817425136e-01
-1.930631744340307065e+01 2.023196437840607195e-02 1.466838250281150557e-01
-1.930575300320860066e+01 2.213607701739736880e-02 1.456594243173195136e-01
-1.924269672408733811e+01 5.461857480007746568e-02 1.798965078536559070e-01
-1.849479823597225447e+01 7.153700300936431944e-01 1.097418546402867956e-01
-1.932624456505810073e+01 2.126494971247652188e-01 4.526253809216933266e-02
-1.922450016548624063e+01 7.736046394930144732e-02 2.003180103586035543e-01
-1.927617431410105553e+01 2.543106416346167520e-01 1.921223490338900761e-02
-1.930568867660610266e+01 2.189690236949102808e-01 3.469748254027189838e-02
-1.916308918577323439e+01 8.091013033749491767e-02 4.763351702900992524e-01
-1.906277980957220564e+01 5.602129276340839237e-01 9.016468254812828320e-01
-1.929758213375037101e+01 1.669391310585286725e-01 6.364766615291234109e-02
-1.929505878627494297e+01 3.834375013781343017e-02 1.697200817309383880e-01
-1.929720568664187041e+01 1.344979134001022258e-01 7.921587493038309558e-02
-1.930822937860114408e+01 9.598531193150530716e-03 1.510778115641039088e-01
-1.875494168984407040e+01 3.575702798329782883e-01 6.738898326765081492e-01
-1.921202071026770142e+01 6.725978783042440429e-03 2.812692848535278123e-01
-1.930217447127353481e+01 5.075546107891329428e-02 1.278275173332082126e-01
-1.928947626877316068e+01 3.083298585177999263e-01 1.588170039594629865e-02
-1.930352027632211076e+01 5.011379144479471276e-02 1.291140388455627175e-01
-1.930119615232417729e+01 7.072761878648209377e-02 1.170289750501361525e-01
-1.928083475536231362e+01 1.081665508635823447e-01 1.246819578641841092e-01
-1.930781246517923577e+01 8.681354009345633449e-02 1.051356437859814752e-01
-1.931875941968631594e+01 1.048783654029942711e-02 1.368362706972489629e-01
-1.929591859876008542e+01 1.803438502073504979e-01 5.970707217240195375e-02
-1.931255040212732865e+01 1.527283079643369512e-01 5.712753774489143926e-02
-1.930725412449736211e+01 1.367044764782913424e-01 6.753832627710636138e-02
-1.929683841363410934e+01 9.700249800404894818e-02 1.071535724964294278e-01
-1.930708791571166216e+01 1.649739278506843782e-03 1.570290210014760046e-01
-1.930798888366924970e+01 1.993027787417717210e-04 1.565826170768647441e-01
-1.930778327262842708e+01 1.517301621109422467e-02 1.483128018379351043e-01
-1.922852355777888889e+01 6.148418295462410726e-03 2.953011518510411659e-01
-1.930537939913226708e+01 8.403941795116731672e-02 1.049250381038588087e-01
-1.928520890506571561e+01 1.191242852760232146e-01 9.513368832394439312e-02
-1.916032827601332755e+01 3.324225982196878926e-01 1.300387395836929416e-01
-1.930791400736301711e+01 1.521870677731431386e-02 1.480763847522681420e-01
-1.930808211530799667e+01 1.525518449887234076e-02 1.479236807920446539e-01
-1.927240261184688919e+01 1.528923748971243446e-01 6.935323440440119280e-02
-1.930611892934525642e+01 2.311774698464624106e-02 1.440433271041082763e-01
-1.930599779429016039e+01 3.935689685038079588e-02 1.361616319382059903e-01
-1.930683390746856531e+01 2.586377629453284407e-02 1.441087393452558651e-01
-1.930791577713835139e+01 1.522109893930640931e-02 1.482180192948092667e-01
-1.930790852599202623e+01 1.521618340244839176e-02 1.479924196116765289e-01
-1.892354113759340350e+01 6.294223243577310445e-01 2.023935223511328513e-02
-1.931091261390952241e+01 3.458610553744541349e-02 1.343381047204243173e-01
-1.930574336396779600e+01 2.836561342725853890e-02 1.421000144709380630e-01
-1.995200648266299481e+01 1.525218079399852933e-01 6.406791866352994358e-01
-1.928403813855819493e+01 3.004655421737352505e-02 1.568216548778150754e-01
-1.930897717726088914e+01 1.525096382755124214e-02 1.467258282862620722e-01
-1.930700213982217406e+01 1.400791210908826183e-02 1.485766743251270006e-01
-1.930906607506728889e+01 1.211944601042350307e-02 1.482866528079454516e-01
-1.930692426120348060e+01 1.593238897249970795e-02 1.489243447907933893e-01
-1.930715936090126661e+01 3.308899810764444338e-02 1.379627833340770493e-01
-1.930737913483283563e+01 2.115942953448176483e-02 1.449162125525583489e-01
-1.930723629351158976e+01 1.444771332334020275e-02 1.491750280458200295e-01
-1.930935085424089692e+01 4.898843452959277672e-02 1.261486193792422661e-01
-1.930680511045446579e+01 2.199372621753706292e-02 1.449569179524789475e-01
-1.929637012000881668e+01 9.203464148814681500e-02 1.144452335710311464e-01
-1.930733909374417578e+01 1.952034449874210861e-02 1.451589762557077001e-01
-1.930305555537109541e+01 8.229985471376703721e-02 1.112832987712452787e-01
-1.926288825591252873e+01 2.711949818344744356e-01 1.080405014411342096e-01
-1.930854597151726892e+01 1.118154048669710993e-02 1.498043502866799881e-01
-1.895451255658418077e+01 8.670293919534411975e-01 7.412249869963214444e-01
-1.930648965689354668e+01 2.027304879315192099e-02 1.461654133135254219e-01
-1.926739427340841360e+01 2.870934356760388440e-01 1.252032716650100172e-02
-1.930794855139997424e+01 1.275043362158636596e-02 1.493173043535466760e-01
-1.921991721928592156e+01 3.210895403121662994e-01 6.267979772531880045e-02
-1.930776836765813087e+01 1.687726352358811382e-02 1.469801108136137291e-01
-1.950310305868018546e+01 9.362337224672679925e-01 4.243994987270038877e-02
-1.930805140106611617e+01 1.699031591185966306e-02 1.470272854935634199e-01
-1.904035902411884607e+01 3.386206935093562520e-01 2.977859604247973246e-01
-1.930649675953473832e+01 2.000017706872517578e-02 1.466759127738735680e-01
-1.849329946094967525e+01 8.172831247348641415e-02 1.730519270814112609e-01
-1.930846373420768458e+01 9.099076912385418298e-03 1.512089600588367444e-01
-1.928462833050314273e+01 1.035970317850694045e-01 6.301517655488285408e-02
-1.931862640590166436e+01 4.289290989476415156e-02 1.282900635950232071e-01
-1.930922726065756478e+01 1.726756961353181213e-02 1.462292561419011316e-01
-1.930642974997368100e+01 8.645673067812175133e-04 1.613151212032235271e-01
-1.930532826974621941e+01 2.058854177385663689e-02 1.474613364540118821e-01
-1.930293111636098757e+01 2.304860358599030226e-02 1.468468105060614370e-01
-1.895355103476317282e+01 3.255530539250424682e-01 5.089794141958428053e-01
-1.930800847938784415e+01 5.983361956495121363e-03 1.536704641374604385e-01
-1.930927296165865670e+01 4.863789797578740338e-03 1.531455993553885730e-01
-1.930783713584730421e+01 2.389622596995634451e-02 1.428320434196564959e-01
-1.930785240430684624e+01 2.543104067758202719e-02 1.422675708768919023e-01
-1.930838177341984974e+01 5.898471982880253497e-03 1.535311909823149079e-01
-1.927926728658079369e+01 1.226986623142524435e-01 1.001118239676008492e-01
-1.930858956353115730e+01 9.339294602739967033e-03 1.502554080962174854e-01
-1.930588191969256329e+01 4.416961200708137414e-02 1.311169201737791556e-01
-1.930743821277995309e+01 1.997958775502202064e-02 1.454560121566972064e-01
-1.929537560294854259e+01 5.197029148165779877e-02 1.481582216737511171e-01
-1.930793480615129099e+01 9.423022784490205084e-03 1.513786767569695324e-01
-1.930592886028495769e+01 4.888472926476140901e-02 1.273253984899513358e-01
-1.940685778883726087e+01 5.040878717277138543e-01 7.201433723608571258e-01
-1.930698382352968068e+01 1.484371067648681750e-02 1.493665234845146794e-01
-1.930716865389931058e+01 1.386069979979708683e-02 1.490810498499786918e-01
-1.930643752928321888e+01 2.758586667574687221e-02 1.416356073689853945e-01
-1.930775766691626671e+01 1.365179451035999567e-02 1.491380649355321664e-01
-1.930869875242673572e+01 1.460345201572840756e-01 7.117147622669402207e-02
-1.899668936506720840e+01 7.730334944447233569e-01 4.707441503989823195e-01
-1.930770464423229171e+01 1.387028825620184244e-02 1.490150472381557012e-01
-1.989339042825390180e+01 6.394953307010142751e-01 4.104305519697406535e-01
-1.910241425554624328e+01 6.819424475813061770e-01 1.449328978492467890e-01
-1.926399963482132094e+01 5.062730576064741056e-02 1.287593744412253993e-01
-1.930777102742277052e+01 1.386674726746140937e-02 1.489490946741233723e-01
-1.924790401432073850e+01 1.108556703709409064e-01 1.991529771693539563e-01
-1.972245642994752401e+01 7.444801641725633523e-01 6.132613460173225867e-02
-1.929680988980564038e+01 8.321133768630778471e-02 1.162565746357070856e-01
-1.930281469949255069e+01 3.972227739555247994e-02 1.365536219427028186e-01
-1.930771708321353586e+01 1.440443096774749777e-02 1.487012909629343849e-01
-1.931815661096334225e+01 4.807200038070480463e-02 1.182983201342235613e-01
-1.930059075957423786e+01 3.382590250655272829e-02 1.447175354664427815e-01
-1.927122072341514070e+01 2.579336161019082363e-01 1.655960732132251770e-02
-1.927278635461000889e+01 2.109828657587314582e-01 6.059162202694130112e-02
-1.931134352991362491e+01 1.764408008778502734e-01 4.378801966299444848e-02
-1.930328642776623838e+01 5.871003640026301734e-02 1.259057171686502608e-01
-1.930974117275137658e+01 1.189736530116580933e-02 1.499255184077911696e-01
-1.930870595170325998e+01 1.137580881133017259e-02 1.502219862881327417e-01
-1.930773227680208848e+01 1.426847037811211465e-02 1.487636979243762425e-01
-1.930620347345772458e+01 2.470826987894916144e-02 1.443235097104575149e-01
-1.930649550006354076e+01 5.334381864124857625e-02 1.281317110959562244e-01
-1.930813616652766029e+01 2.204254700804316250e-02 1.443901425285090412e-01
-1.930806519031374435e+01 5.449678597715940445e-03 1.547488851168458135e-01
-1.930817323401323904e+01 1.387048954289420676e-02 1.486999718481988864e-01
-1.930751688985787240e+01 1.394645950157881974e-02 1.493102646073141415e-01
-1.930814207034030261e+01 1.269329591061716007e-02 1.494366296604241473e-01
-1.930867417512578754e+01 5.703235987074106554e-04 1.559555986345158851e-01
-1.816717502635941983e+01 3.206486970090267619e-01 7.132604296007372113e-03
-1.889772749636148319e+01 3.273193815710226384e-01 4.603790512792128586e-01
-1.930976849711039378e+01 1.492622909945428775e-03 1.547859494687236770e-01
-1.930755767625561958e+01 1.244384663109399276e-02 1.498296243192714094e-01
-1.904414734426163491e+01 5.640239807715388132e-01 2.113366611290898034e-01
-1.930868188789699502e+01 1.338648272875907035e-02 1.486864284022456628e-01
-1.933869718252744718e+01 6.852846154673906606e-03 5.766926874073350501e-02
-1.930783892999781770e+01 1.391328592914484880e-02 1.488574392115907530e-01
-1.902222943330611926e+01 8.657525304499308350e-01 3.835957865985657467e-01
-1.905513111386353131e+01 7.712961460064571284e-01 4.189264997198707263e-01
-1.930789822903482289e+01 1.262083369543143783e-02 1.503010159402118351e-01
-1.930797117703244936e+01 1.327759610115849219e-02 1.489629143055581917e-01
-1.929490616440475037e+01 5.548268961862349441e-02 1.328754971387375583e-01
-1.930811490161651633e+01 1.334506868084707823e-02 1.492980419945300341e-01
-1.930057751091823803e+01 9.678845271057047450e-02 1.057802415593224743e-01
-1.930802417368744273e+01 1.374398066070647503e-02 1.492352208135147573e-01
-1.890156322540663325e+01 9.293448544403870581e-01 4.847547313749266951e-01
-1.922564942029256230e+01 3.024044921763917593e-01 7.925062594907240909e-02
-1.930222459504256705e+01 1.248002184206229437e-01 8.127272889794820432e-02
-1.930365740994412960e+01 6.447958422814532853e-02 1.217466264095394962e-01
-1.930778801494436081e+01 1.087364980984471124e-01 9.686974045634112740e-02
-1.930160415136348462e+01 6.707066096752217765e-02 1.223390254924064530e-01
-1.926472393536289829e+01 3.632234183168542851e-01 2.199110682156563482e-02
-1.928549978475646398e+01 2.452592501621853049e-01 4.019710545132908902e-02
-1.930856988293795240e+01 7.262742814514603316e-03 1.514373374817211959e-01
-1.913336335594811288e+01 1.513651267863866945e-01 1.559493477603701717e-01
-1.903888088510165488e+01 1.992690386517184109e-01 1.419134913896522576e-01
-1.930806882594547957e+01 1.090246474357969841e-02 1.510216895235806933e-01
-1.820636294150277834e+01 6.221864972717011666e-01 3.776567126961414278e-01
-1.923046712636402233e+01 4.043839347029429265e-01 2.099155704628292290e-02
-1.931020233934519226e+01 1.144865007954678354e-02 1.490233429593551262e-01
-1.928141000408646022e+01 2.733500153162409796e-01 3.506032244773400752e-02
-1.931674375292632462e+01 2.694315191475707416e-01 2.378100222094835757e-03
-1.930376987874957706e+01 3.301920323972715177e-02 1.422390441137121320e-01
-1.930791705806583280e+01 1.251843576060357975e-02 1.493163995078560236e-01
-1.930249594280355652e+01 2.418583006521496728e-02 1.491784724618256952e-01
-1.930827776561205056e+01 1.020460211913391466e-02 1.505610027339250589e-01
-1.930944466362308276e+01 1.135303105943193287e-02 1.491082713893146505e-01
-1.925052544694089462e+01 5.985762337951868739e-01 2.221796039535124112e-01
-1.930755801585313947e+01 1.176082311069457341e-02 1.502895024201258423e-01
-1.971173285085017923e+01 9.360910302690577112e-01 4.816282342972207919e-01
-1.903218367759045648e+01 8.151247329933805630e-02 5.715379011766739126e-01
-1.930914409456797642e+01 1.396846454532599605e-02 1.478896785330294228e-01
-1.930884346288384634e+01 1.448435492084762174e-02 1.471921333628657957e-01
-1.931205028162023751e+01 6.669049261717702876e-03 1.476266100981308282e-01
-1.930760578161574870e+01 1.369382068246486651e-02 1.493420661168259611e-01
-1.930768016592323022e+01 1.521352263383296023e-02 1.482203307318683272e-01
-1.930963868016406693e+01 1.709685006017536363e-03 1.546061565330660303e-01
-1.932141912915290405e+01 9.954082376140278854e-02 3.111493162403460022e-02
-1.930750350941492499e+01 1.427245282555998813e-02 1.489925579882496742e-01
-1.930788061769530728e+01 1.770047012591331390e-02 1.464896912390070416e-01
-1.930790438416770272e+01 4.469226770275619952e-03 1.538270078813258612e-01
-1.930426929577857109e+01 2.364120438351240139e-02 1.429998211821054688e-01
-1.930998174289868885e+01 7.498625525276103945e-03 1.516809924612967653e-01
-1.930657074089314307e+01 3.114638271069970765e-02 1.512566594385968133e-01
-1.930817958789707944e+01 1.820246577678852340e-02 1.461280970711348604e-01
-1.930646436566115653e+01 2.557659763101805678e-02 1.428917759435433255e-01
-1.930672059422483500e+01 1.162123535428292130e-02 1.493309316754784233e-01
-1.930764443981634315e+01 1.150034557826213819e-02 1.505014708736765738e-01
-1.930672505490604607e+01 3.161448519092663334e-02 1.389890917325341257e-01
-1.930321090505350412e+01 4.705536610772927120e-02 1.376932301927013269e-01
-1.908423770430279731e+01 9.832729287089066184e-02 3.168944982048417236e-01
-1.922421459122843856e+01 7.719254728813840227e-02 2.213423198854698737e-01
-1.827520321343012100e+01 7.281093576506751930e-01 5.925935619558824197e-01
-1.930310755935854061e+01 5.389003753687818948e-02 1.320702493334379723e-01
-1.930726987365942549e+01 4.118226499253872797e-02 1.334173802295669786e-01
-1.924321824235612155e+01 6.835127923109995951e-02 1.487339847116849190e-01
-1.930851237293320821e+01 1.377131282531016999e-02 1.483789397362405560e-01
-1.930780978769320910e+01 1.485571831878980918e-02 1.483507143515674642e-01
-1.930776743677319729e+01 1.489025071560931036e-02 1.482468068411449125e-01
-1.900281222455623364e+01 8.345091100104733428e-01 1.828574593917773050e-01
-1.832983956005470461e+01 4.346646587723848043e-01 4.156804342650168849e-01
-1.927801109481091402e+01 9.468011448818813847e-03 2.512628228053574997e-01
-1.894803102470979894e+01 8.833016640911457440e-01 1.459863700852792878e-01
-1.922559279257396270e+01 1.521402043357887868e-01 2.531429839077773553e-02
-1.924925621305003887e+01 1.180277721759167564e-01 1.475805742843176449e-01
-1.931003660102217623e+01 1.418870533229392092e-03 1.545077244590544185e-01
-1.930638581482187277e+01 1.496570829745170472e-01 8.453859829015750171e-02
-1.920633916385266104e+01 3.810281369760018522e-01 6.493225959587209384e-02
-1.917899382442882938e+01 1.176442006443575855e-01 5.622802049786599365e-01
-1.930238613310906004e+01 8.288700956591597835e-02 1.171701999329674004e-01
-1.930500991784477804e+01 9.575994997341870374e-02 1.054209189114412581e-01
-1.958378994638136561e+01 1.410619134560617272e-01 3.374917960192276856e-01
-1.930878860744997283e+01 6.920758612288899214e-02 1.138759728113919040e-01
-1.925470149551990318e+01 3.140448456001893596e-01 1.599162788190168841e-02
-1.930787013919819017e+01 1.455538251371819684e-02 1.486713601245512051e-01
-1.930160610906427365e+01 7.834455197837052187e-02 1.170327046518360864e-01
-1.929309165074798926e+01 9.573026566088939371e-02 1.086843099393683398e-01
-1.930772915849706450e+01 1.483374685960531410e-02 1.483946201519681096e-01
-1.932821156767462156e+01 2.200063509374387549e-01 3.806201284305485433e-02
-1.930099352825437009e+01 9.334136099383583129e-02 1.081270047620191271e-01
-1.930732359832751044e+01 6.143994157968012126e-02 1.219137663250477038e-01
-1.930785331514983127e+01 1.452938430413477748e-02 1.485661965458830169e-01
-1.929695468379959777e+01 1.324851836040301656e-01 8.350654236200449887e-02
-1.930632325956083406e+01 1.317777763787127132e-01 8.442114640628477218e-02
-1.930766321956705411e+01 1.490363545659319396e-02 1.481980662172676100e-01
-1.930356868295396211e+01 9.873214328945074947e-02 1.037550381659530507e-01
-1.930699522388143308e+01 1.464401708161448129e-02 1.497805460867318861e-01
-1.930752588025215033e+01 9.565658121925972590e-02 9.808688163762456502e-02
-1.928954462926007096e+01 2.414145889090062863e-02 1.503209758961104592e-01
-1.931559090326703299e+01 5.849672259279913716e-02 1.072720115235422933e-01
-1.930775484552677312e+01 1.401885726977438081e-02 1.489006479885370826e-01
-1.930782028026572306e+01 1.442406338783098173e-02 1.486980367396269209e-01
-1.925748920540134179e+01 2.370700027460576897e-01 1.423341556519231998e-01
-1.894631450793167105e+01 7.150649871409944236e-01 2.053739278702735316e-01
-1.930834130863381048e+01 1.252954367965675164e-01 8.007170999858388705e-02
-1.929704706446118934e+01 2.191615183701560998e-01 4.030068347158792530e-02
-1.914042669792459606e+01 8.874101028977868788e-01 5.494395088293744372e-02
-1.921336205398378638e+01 1.108128400787955076e-01 2.004167082187958693e-01
-1.930796405063998833e+01 1.191757477810648745e-02 1.499862962519452336e-01
-1.930811479302257183e+01 1.185469099143550593e-02 1.491396761874663746e-01
-1.930716065417635008e+01 2.218265682359674140e-02 1.430215695414624733e-01
-1.930812459499842504e+01 4.592973017022752326e-03 1.539214809847742615e-01
-1.930748311109273985e+01 6.229182073998807724e-03 1.536428863212033202e-01
-1.924408905999546349e+01 3.041594883161086171e-01 7.059795904139517381e-03
-1.930835567133725661e+01 2.296746015535923446e-02 1.430032318466409880e-01
-1.930830466300508874e+01 2.247929054731230211e-02 1.432538889731755916e-01
-1.930706497109544628e+01 6.951023836911862479e-03 1.535078905090533630e-01
-1.920255353047402380e+01 3.724462664726388428e-01 1.253349086423453107e-01
-1.930706688621692635e+01 6.570779220726145377e-03 1.541279770815432992e-01
-1.930806415598074466e+01 4.561693069337147480e-03 1.544090513338415016e-01
-1.930778816816302879e+01 1.685308222044842874e-02 1.478705004433433778e-01
-1.930865146879568428e+01 1.698222979049664877e-02 1.465047871899425036e-01
-1.930861478581039137e+01 3.751598942646663937e-03 1.538530010884264776e-01
-1.928324926540257422e+01 5.780612673906692506e-02 7.029837566572173790e-02
-1.857529556304971052e+01 9.807870988428715187e-01 4.238789618180301977e-01
-1.930681382104005905e+01 2.836343664228841484e-03 1.579672265591744729e-01
-1.907753501108578575e+01 4.511754910875769298e-01 1.661604991284022503e-01
-1.930757351083783746e+01 1.752954536311499695e-02 1.466749777898989082e-01
-1.930693635928086849e+01 2.398097171900046357e-02 1.435094933684404328e-01
-1.923773151926644687e+01 4.136625605091727720e-01 1.556730838175090538e-02
-1.930875367541423060e+01 2.007867239085070199e-01 3.784829091298958642e-02
-1.930883630563890208e+01 1.907586830121127050e-02 1.468258178390004220e-01
-1.929678368075916950e+01 2.567983169263825527e-01 6.083486038057599188e-02
-1.930820377900618112e+01 1.897885746446168267e-02 1.447965695270987674e-01
-1.930921645456386671e+01 5.881838203838311158e-04 1.565670018733091584e-01
-1.930804231877639054e+01 2.090080598844143780e-02 1.443147347118590718e-01
-1.930696184040823482e+01 2.353886356774065065e-03 1.572987894877989345e-01
-1.881513743605744793e+01 7.228776271846123480e-01 5.762285424486511820e-01
-1.930879960382024763e+01 4.292899149126231523e-02 1.298555288053359347e-01
-1.930667296651419562e+01 2.684866600005657647e-02 1.426850955296619372e-01
-1.930544940985463143e+01 2.993505248261689108e-02 1.414426902706195088e-01
-1.930627804901598310e+01 2.977423810623892886e-02 1.397979189374824183e-01
-1.930803093305838303e+01 8.085277234909605745e-03 1.521660770068214708e-01
-1.931023959661989764e+01 2.501244393234067914e-02 1.408142557274686679e-01
-1.931110796159716969e+01 2.522074539120307962e-02 1.388309542838075672e-01
-1.930741819525937686e+01 5.630568026777929558e-02 1.235853081265741726e-01
-1.930878181354365708e+01 8.068031335799662196e-03 1.520042914463776984e-01
-1.930579990329462703e+01 3.075320411401082088e-02 1.404760641545876321e-01
-1.930715513231523772e+01 2.611254780672977657e-02 1.405190246984748259e-01
-1.930603984330863554e+01 2.925829142354531218e-02 1.411445649230041177e-01
-1.924551881713487234e+01 6.152712378397988680e-01 3.605317668280733079e-02
-1.930620132898171804e+01 3.147023316502438328e-02 1.403388182045300914e-01
-1.930579482502563238e+01 2.992945683721653580e-02 1.406388049484068870e-01
-1.930857495229851750e+01 4.214885445028575262e-02 1.323869693608192011e-01
-1.860117928817560085e+01 1.914678494852042334e-01 8.834206926989313091e-01
-1.929547662840520417e+01 6.927409192922144576e-02 1.232209670052750727e-01
-1.930398626874793777e+01 4.078685710399554409e-02 1.348709941477360397e-01
-1.930882267183505974e+01 6.769691074432018264e-03 1.525105621401000866e-01
-1.931096961417552293e+01 2.316361297473180578e-02 1.419456501275382365e-01
-1.930584708642267699e+01 3.364097134934407318e-02 1.375876081537782680e-01
-1.930610680262127588e+01 3.243757314459892738e-02 1.377918928811628085e-01
-1.930949954220542608e+01 4.473935978007050410e-03 1.524773594567157831e-01
-1.930764433459844653e+01 1.888919705465746599e-02 1.460008972205684152e-01
-1.930772579320649029e+01 3.425905724102811661e-02 1.378666071616957978e-01
-1.930825139214507757e+01 6.262442857280668337e-03 1.530166340203114317e-01
-1.930816831004393208e+01 2.393198852518101452e-02 1.428880075631052404e-01
-1.930817138361461716e+01 7.635515119157930755e-03 1.523532057753027302e-01
-1.930688627917739808e+01 2.568335017510137847e-02 1.420512256033359400e-01
-1.930822174799495627e+01 7.738545381201609660e-03 1.521826631305415456e-01
-1.930768165986917850e+01 1.736239642230128291e-02 1.468819431332974157e-01
-1.930522461486031816e+01 2.083706367262953482e-02 1.468573536661968992e-01
-1.912539777470715663e+01 3.674119952743239992e-01 3.717730990363209975e-01
-1.930806608376087752e+01 9.478034672930705715e-03 1.504357618055800760e-01
-1.930998477032395044e+01 1.400129223074019109e-02 1.474644099570842914e-01
-1.930674326054002066e+01 2.050717917035496315e-02 1.455433402658120046e-01
-1.932068325560723565e+01 1.376301408130131340e-02 1.363256609402898611e-01
-1.930638730804437486e+01 2.404697169625433228e-02 1.374645732559538480e-01
-1.928538282373513368e+01 4.639032679493328842e-02 1.527138501256063152e-01
-1.930763107473989848e+01 1.786869654696346746e-02 1.467163649811377979e-01
-1.930658679129963673e+01 2.680478000634739857e-02 1.420798078062892877e-01
-1.929752052753991620e+01 5.673208759471854573e-02 1.147922665366003236e-01
-1.930844176187623162e+01 2.999371804920844889e-02 1.383990295344173505e-01
-1.931102194224625279e+01 8.954860990096148721e-02 9.134386480962623789e-02
-1.931098685620020916e+01 1.141387693454194024e-01 8.052812130994736750e-02
-1.931128437507905815e+01 1.474587811199788885e-02 1.507733287721972348e-01
-1.930089340332891723e+01 3.242944064292788142e-02 1.405246882377542972e-01
-1.921927336909686090e+01 3.723967689681197957e-01 4.109740512084654185e-01
-1.928537087056352206e+01 2.671384682165880639e-02 1.901570475548116645e-01
-1.930745351343349014e+01 1.680119257425609358e-02 1.472983514389241411e-01
-1.912321772309519829e+01 2.087502251867847936e-01 4.576507825132960505e-01
-1.900117248319848073e+01 7.970093005405876063e-01 1.486044444377837281e-01
-1.932975000012471156e+01 1.222264826478781791e-01 5.132297455777856676e-02
-1.930777852898394542e+01 1.655956770586375359e-02 1.473724521184822389e-01
-1.930087412241285705e+01 1.635221211976441991e-01 6.991123436001255020e-02
-1.930370393160416498e+01 1.537677566432256726e-01 6.813245015419994166e-02
-1.879243857145627317e+01 5.847625625873043020e-02 2.630717651965523984e-01
-1.937839998752680515e+01 3.078153720479364641e-01 5.052343192367837049e-02
-1.930775567747373245e+01 1.622725455128058367e-02 1.472300610832500412e-01
-1.915391563675984798e+01 5.096305198562642857e-01 1.845221169392000093e-01
-1.929736125949247239e+01 1.159984917322607473e-01 1.007489272860441626e-01
-1.929168921010290205e+01 3.215542566835828675e-02 1.492806357692569308e-01
-1.929118932140180931e+01 3.918407513308050372e-02 1.549782248409922736e-01
-1.929196279979880302e+01 6.248271149006543596e-02 1.274733957624792635e-01
-1.928080626680427656e+01 1.042674772105049996e-01 1.205005823652325753e-01
-1.926965578614275287e+01 1.279575156600807340e-01 1.147804150493946101e-01
-1.930695328825594359e+01 1.537925183898965903e-02 1.487524700887242757e-01
-1.930432984480051317e+01 1.685117559569343851e-02 1.590033441740586195e-01
-1.930209509053425165e+01 6.639448956979171479e-02 1.253646443256384857e-01
-1.930271390453484415e+01 6.489167770572368266e-02 1.218990990303816385e-01
-1.930786593741540358e+01 1.481747720454504660e-02 1.483131830684066010e-01
-1.930795090013961612e+01 1.467469411209539228e-02 1.482527841060854723e-01
-1.930827962003039033e+01 1.367121820576281191e-02 1.488226224999234792e-01
-1.930811960440278341e+01 1.344765508020097713e-02 1.489293467572892771e-01
-1.930806446400313092e+01 1.505103848319088063e-02 1.480098991769082106e-01
-1.930784153738502340e+01 1.522593201670032273e-02 1.485237234929895067e-01
-1.931418004657815146e+01 1.441058109003289234e-01 7.709780103674133966e-02
-1.906759958804876831e+01 1.867158728076593888e-01 3.226479703881858230e-01
-1.932041884643130913e+01 1.600750743264573728e-01 6.055855267112335294e-02
-1.936777077925284019e+01 2.484688917476405579e-01 1.834630550124866089e-03
-1.930713024987788273e+01 1.836581956783778224e-02 1.474468413649845377e-01
-1.930700491807141006e+01 1.703703999286292070e-02 1.468661889093823836e-01
-1.930752696654729661e+01 1.200415830145390265e-02 1.502799531023952806e-01
-1.930737414247600725e+01 1.521355646895574711e-02 1.483939074514299961e-01
-1.930816420962918301e+01 1.476432902558825512e-02 1.483961598416089211e-01
-1.930903425136120788e+01 5.072588333674563077e-03 1.509760411611777153e-01
-1.909874692750394587e+01 4.966286798772365785e-01 7.189858087471208137e-01
-1.922440755110350707e+01 3.504502681705104483e-01 7.529446166969550047e-02
-1.934196484628974133e+01 1.363306324840965478e-01 3.392641109711701936e-02
-1.950227398969295933e+01 1.637732753508203132e-02 4.362061330135695580e-02
-1.930754181668934422e+01 1.683933303690845693e-02 1.474609631978276991e-01
-1.930873229562813620e+01 8.411446654250561220e-03 1.515151840885725354e-01
-1.930824686536371715e+01 1.077432368750071146e-02 1.507179899763138597e-01
-1.930767242335510758e+01 1.651478766153877467e-02 1.472554903580569896e-01
-1.929975416887664252e+01 1.181508261596915660e-01 6.839598711082089944e-02
-1.930758847506027465e+01 1.649231943583041524e-02 1.474930120239179576e-01
-1.930745832509316173e+01 1.639602126484027492e-02 1.476855627989252795e-01
-1.899532916298817398e+01 4.174732798580657600e-02 4.545928086854074124e-01
-1.930894640072161295e+01 1.468624518074768300e-02 1.473934802069072902e-01
-1.930779486384305699e+01 1.152970683704797501e-02 1.501725422071202576e-01
-1.930763124937784880e+01 1.778806676825553726e-02 1.465899072011991600e-01
-1.920754619258865503e+01 4.187393437097934878e-01 5.901491473049869096e-02
-1.931017669618570309e+01 9.506719389079845012e-03 1.515546709056329600e-01
-1.930836940022595627e+01 8.888281751819465670e-03 1.497939594116443063e-01
-1.930760125042199249e+01 4.642833332710022583e-03 1.565881392470769018e-01
-1.930769980532766539e+01 1.591074593387365593e-02 1.477546334763580327e-01
-1.931195926472411983e+01 3.142887409402292257e-04 1.534490041260557769e-01
-1.930732647165864790e+01 1.491501782010751405e-03 1.563163077193740202e-01
-1.930793108620245491e+01 1.470036526153152383e-02 1.482731734792109568e-01
-1.930750485031850161e+01 1.619286217405766989e-02 1.476659533867448471e-01
-1.930083844506882684e+01 1.220288758582094291e-02 1.567977900593660601e-01
-1.930675988301176105e+01 2.163850519561943476e-04 1.626297370426377786e-01
-1.930749474216444028e+01 1.595060444327515981e-02 1.478041370876733152e-01
-1.930701634213964368e+01 1.884541434042358993e-02 1.465921750932973611e-01
-1.930474415653005238e+01 5.951289492068142367e-02 1.235769198104042094e-01
-1.929972989307072595e+01 1.304162873943678080e-01 8.979214809001997977e-02
-1.929005132484939367e+01 2.479800556623441149e-02 1.560135537406782402e-01
-1.929247139663289801e+01 1.879971171323336493e-02 1.509511390985260326e-01
-1.930734104854774813e+01 1.772170681824208199e-02 1.469860733670299013e-01
-1.930755475461435111e+01 1.739378007089247349e-02 1.480962124042863592e-01
-1.931291049662880255e+01 1.732282469611866674e-02 1.435080930787353548e-01
-1.930770869260505762e+01 1.368004003475606530e-02 1.490421523677988025e-01
-1.930507132410848214e+01 1.084801486892994320e-02 1.471653283290107195e-01
-1.930718749493436803e+01 3.313218188366966188e-02 1.377977364103954994e-01
-1.927624123096599007e+01 2.451654652030765130e-02 1.669358464957788057e-01
-1.930693198365915464e+01 3.243897669159667013e-02 1.377805650646465874e-01
-1.930598269123821353e+01 2.414671943971652759e-02 1.424470901724111116e-01
-1.930894840420734937e+01 3.827629044741372860e-02 1.368018160238407277e-01
-1.930805565123195677e+01 1.263263766629569088e-02 1.495424448487442104e-01
-1.930848225744932023e+01 1.341365438001715024e-02 1.491154949666456953e-01
-1.930907840373559381e+01 2.476747248852372366e-02 1.331317063677206203e-01
-1.930794662705861597e+01 1.132968587037908904e-02 1.506142512523992727e-01
-1.930809677339765074e+01 1.044221300203396555e-02 1.507082525627861103e-01
-1.930760514828776664e+01 1.364727724267340153e-02 1.490563126672491689e-01
-1.930399552875168467e+01 2.481684475817802146e-02 1.460883652203648353e-01
-1.930885758036519562e+01 1.150056303134929479e-02 1.493964402722953999e-01
-1.930206855421576861e+01 2.219440255810251755e-02 1.461032015366319770e-01
-1.930746127041774685e+01 1.409988376740440100e-02 1.481257378493149590e-01
-1.930967543638297812e+01 1.311216665688379884e-02 1.486302893795783397e-01
-1.930659914169702418e+01 1.963853690682402717e-02 1.458898786583665841e-01
-1.932469803398096531e+01 3.368435404809135003e-02 1.484619895430086822e-01
-1.930186495186112339e+01 3.187408839900588570e-02 1.833497885852736764e-01
-1.930425325754310961e+01 2.822941364094426822e-02 1.409138738231656141e-01
-1.938142628237548237e+01 3.383789759833131239e-01 6.676199321507313156e-02
-1.930772496198119725e+01 9.143268307883463050e-03 1.522936994567672120e-01
-1.969204224798441416e+01 6.774621823857888137e-01 5.877477432349641484e-01
-1.930727942492513094e+01 3.181752820437333540e-02 1.386866419861898236e-01
-1.930641678071730993e+01 3.217340461852413735e-02 1.380796022053179806e-01
-1.930671939171034879e+01 3.176420906184901360e-02 1.390231123884345665e-01
-1.930010912495642117e+01 8.386746877856265589e-03 1.575411609858097528e-01
-1.930453338741110159e+01 4.050094514616855296e-02 1.372481801484463915e-01
-1.930580011446359734e+01 6.136609167839462281e-02 1.246417812118001678e-01
-1.930618591088717295e+01 6.455473509520286146e-02 1.192143131026568020e-01
-1.929470184315062298e+01 5.838955630501416888e-02 1.393668605503288749e-01
-1.930426507937835723e+01 2.942948267244693134e-02 1.379865291630377189e-01
-1.893044371675111393e+01 7.489315814909177638e-01 2.007643197073931129e-01
-1.923567391763437939e+01 2.602543965850756535e-02 1.340403051041114679e-01
-1.930652658134922461e+01 2.752404375264227640e-02 1.419435879084567642e-01
-1.930762611091734016e+01 1.853211007222998336e-02 1.462128302870036589e-01
-1.930677683591521188e+01 2.658532267813995889e-02 1.415737352059709409e-01
-1.930604000623304373e+01 2.928180329172076768e-02 1.407529455344657121e-01
-1.930689155887280251e+01 3.033406442406980791e-02 1.396618105525300191e-01
-1.928526674247659045e+01 1.169291283753249311e-01 9.882228566981837714e-02
-1.930204361723988882e+01 7.657553687911594631e-02 1.145170976783269762e-01
-1.930804149933597813e+01 8.322490694507952980e-02 1.111529950621523710e-01
-1.930808247506494624e+01 3.480302376092067433e-03 1.543756871174466472e-01
-1.929038015696275110e+01 2.173486153590182823e-01 3.512990271729163338e-02
-1.930761131497678562e+01 1.886802590192752579e-02 1.445921756366057020e-01
-1.930849774070858160e+01 4.538770442309959623e-03 1.530669766168761547e-01
-1.932846467458664108e+01 1.211877720250541107e-01 8.951893414703401830e-02
-1.930714489457450611e+01 1.939884696711931603e-02 1.474049019719754217e-01
-1.930764495035047901e+01 1.860388910925041966e-02 1.461137637620147922e-01
-1.930806579222202402e+01 9.858934750698985366e-03 1.511654801073920029e-01
-1.930720173425715913e+01 1.892350615007144451e-02 1.461871697833080630e-01
-1.930067539955544831e+01 3.392055907611260523e-02 1.576092588954433882e-01
-1.897636838677422588e+01 6.525379094464521523e-02 4.346246019544112715e-01
-1.917591785974110508e+01 3.887592839485615182e-01 2.144370167700233171e-02
-1.908093114925731371e+01 8.460988905419214445e-01 1.237082810650610987e-01
-1.924406102906895555e+01 5.120174970740808823e-02 1.693657716774531197e-01
-1.885947722345602173e+01 8.510710214273480290e-01 3.283749858286497125e-02
-1.932498084855723164e+01 3.628518060146204705e-02 1.140694007045997133e-01
-1.827313063748103872e+01 3.322133206545828665e-01 8.815486974128603492e-01
-1.871766617420802703e+01 9.512421814009308640e-01 2.034305920338814744e-01
-1.912822486650587450e+01 6.106957213557023811e-01 1.530282159745594561e-01
-1.869556362097583602e+01 4.771344913090320161e-01 6.171248558679811591e-01
-1.930743723448023985e+01 9.383460798614580434e-02 8.652977148385494754e-02
-1.929265995697203451e+01 2.284714289737123372e-01 3.201096164473552635e-02
-1.930768249399590175e+01 1.176219593529321400e-01 8.607782748760818559e-02
-1.927631455181961684e+01 2.891997434474293249e-01 1.772893133077809158e-01
-1.929915998957224232e+01 1.815782370754756569e-01 5.874340450137800762e-02
-1.927882014545075151e+01 3.772603678944456279e-02 1.278246216437813887e-01
-1.930094620991601673e+01 9.306309874464473164e-02 1.056619239557861911e-01
-1.930081921873389206e+01 8.749577497849758689e-02 1.113419643554711264e-01
-1.891595523813407809e+01 9.127679498151439752e-01 9.310059011851379296e-02
-1.930894677944399973e+01 8.334607197943270929e-02 1.042467471289109243e-01
-1.902401607954158891e+01 9.956877656906373275e-01 9.378397903239428512e-02
-1.930988942413855369e+01 3.050265149646352175e-02 1.370856671636308532e-01
-1.930880212286178121e+01 3.189186067068080360e-02 1.377038720924129156e-01
-1.930406606299221295e+01 5.291300649067769840e-02 1.265252829960439307e-01
-1.935808793508861569e+01 1.487182742664906188e-01 3.870666066217326451e-02
-1.918782525875890244e+01 1.338904274974767605e-01 1.216069741812733085e-01
-1.895577766892458271e+01 5.769585249296277363e-01 7.124641430899066041e-02
-1.897294897965641525e+01 2.348750603565186168e-02 4.466925685695008474e-01
-1.910981410552537341e+01 7.297968288108375168e-02 4.716104471501655904e-01
-1.914352258388683836e+01 5.819204212516234653e-01 6.944202603537785734e-03
-1.925467872946015291e+01 3.791549587968239265e-01 2.909816231105661483e-03
-1.930662325452678019e+01 4.620359223979230573e-02 1.312021969568349100e-01
-1.930704074412098592e+01 2.978865926534188593e-02 1.402806401216745436e-01
-1.916885531664445708e+01 6.796464879734093190e-01 3.982204721695800642e-01
-1.930653213315208205e+01 3.777807132714779831e-02 1.346486240086327280e-01
-1.930728985378563678e+01 2.736285432997679137e-02 1.418583996540543624e-01
-1.930575702761375112e+01 8.304600148471871779e-02 1.127116638679187127e-01
-1.911784012542477384e+01 1.163311188268227880e-01 3.545637704642355947e-01
-1.930703663700645123e+01 3.524970876926166591e-02 1.367999825600338115e-01
-1.930775604887400831e+01 2.674120140392014996e-02 1.410156753081854009e-01
