0.000000000000000000e+00
0.000000000000000000e+00
0.000000000000000000e+00
0.000000000000000000e+00
0.000000000000000000e+00
1.252686817044341360e-72
1.438879432492005959e-181
0.000000000000000000e+00
0.000000000000000000e+00
0.000000000000000000e+00
4.726546231137842589e-26
3.691445663349282805e-26
2.811703155221315000e-03
0.000000000000000000e+00
6.489948776256057206e-283
0.000000000000000000e+00
5.516278041245760366e-40
4.317560115034785837e-19
0.000000000000000000e+00
0.000000000000000000e+00
5.023882881479652069e-05
3.522381486091007430e-01
1.290009354025002664e-01
7.821140414858812449e-06
2.183704336167757720e-02
2.246241492324507458e-231
8.583345383668686268e-02
0.000000000000000000e+00
6.674804418940555571e-267
1.948380681603570545e-50
3.088887312095115467e-01
0.000000000000000000e+00
3.608117011012770270e-01
4.707482736419057491e-03
5.829270825971639980e-02
2.041293920571140078e-02
9.910148334176113551e-26
2.410585874616020478e-03
0.000000000000000000e+00
2.052408343752715539e-02
8.303292792809193607e-03
8.328210694340329109e-03
2.059475001369038064e-02
0.000000000000000000e+00
5.784267150161741255e-02
2.329787405197726313e-01
0.000000000000000000e+00
5.542331373788812176e-15
6.502896679892561371e-01
2.051948814737877130e-02
5.891784742907579114e-02
2.409901280089150541e-03
3.503754169195188049e-06
8.301788457711315947e-03
4.854067433213138383e-01
5.906962698723201149e-02
4.792692290958512120e-05
2.410287022855636761e-03
2.418936999676212993e-02
8.336663057113332526e-03
1.122210718630943548e-04
1.211884441417244718e-01
8.331538425307703430e-03
6.256162656604157268e-01
2.408067880037963356e-03
3.124145585180274076e-01
2.407410342663799697e-03
0.000000000000000000e+00
2.417096674147104250e-05
4.792689465641541995e-05
9.358298347529048211e-04
2.069550765078506660e-02
4.792705844489678703e-05
9.807793044953115429e-04
2.410493243087709347e-03
4.792680176187114277e-05
8.328466399913268814e-03
2.836733484631662736e-04
1.122244484621387776e-04
4.792659447662599484e-05
1.264710983871757699e-06
5.328001746236923842e-07
2.417083960408473038e-05
1.264711513363201676e-06
2.533796064214375470e-07
5.328003060415160011e-07
1.886660744984867634e-06
3.841819935607396423e-08
5.328002080480100590e-07
3.841819970716262916e-08
1.886662860343649134e-06
5.328003303983981739e-07
2.533796540927149810e-07
2.533796320379729088e-07
4.792636699846457201e-05
1.113632870020407520e-07
2.533796347240681740e-07
1.058328830533108251e-05
3.841819932113282284e-08
1.264711351021751096e-06
2.533796190978890077e-07
4.929122539688472271e-06
1.886661575031499385e-06
2.533796215940954739e-07
1.886661908027635688e-06
1.113632915039262769e-07
1.886663085731856479e-06
1.886661803082643850e-06
1.264711747516993850e-06
1.264711326682497796e-06
1.886662927552408165e-06
2.417096363865100234e-05
1.113632914601714401e-07
9.804050992615858783e-04
0.000000000000000000e+00
2.760635577391226385e-209
2.042085146865709258e-02
4.500159369928168895e-01
1.058330921466662989e-05
2.533796245770069127e-07
5.918764038542096567e-02
6.469591650926105331e-01
3.564934309923128059e-05
0.000000000000000000e+00
1.113632869080488940e-07
3.841819907151325222e-08
2.050047297116240619e-02
1.886661100466119691e-06
1.113632904116761268e-07
2.417096857734599025e-05
5.328003029712230553e-07
2.836421193560623253e-04
0.000000000000000000e+00
0.000000000000000000e+00
4.929117936822008847e-06
3.592078474271481604e-72
8.302044304801079952e-03
2.836713675403123008e-04
7.031957719512171856e-02
3.220890232683566445e-01
1.001490792649674461e-233
5.328001701345530773e-07
3.374808196832965537e-05
1.965027164872312797e-210
1.040088446300298805e-261
5.328003005870941358e-07
3.841819881183063902e-08
1.886661707705565295e-06
3.841819996964054373e-08
0.000000000000000000e+00
4.333693301267274034e-01
2.049692911162868253e-02
5.328003546273525371e-07
1.886661939765089048e-06
1.058328954293232443e-05
1.058327219288804447e-05
8.311143151588108388e-03
5.328002399914565380e-07
2.038534647950693973e-02
4.929117744662415285e-06
1.113632845525807902e-07
3.841819903405633695e-08
1.000000000000000000e+00
2.047344213928125808e-02
1.675378092816397950e-03
0.000000000000000000e+00
3.585171880386258114e-01
3.840991579138818834e-01
1.183789011972585431e-88
2.836831554089427280e-04
5.961129652567813686e-01
2.533796080364130106e-07
2.065000082900260436e-02
1.113632930442582591e-07
1.122236503711089502e-04
2.836518834191455066e-04
2.533796083848494896e-07
1.058331162811716096e-05
3.841819941533415608e-08
1.113632838873453862e-07
1.264711286755081175e-06
1.113632874225732345e-07
1.122217444373083557e-04
1.122210762232885944e-04
1.312928342886149831e-21
1.100697598703356296e-02
3.393857556497310024e-01
0.000000000000000000e+00
1.418613348916803753e-04
2.408560850881330800e-03
9.805576932408388222e-04
1.122196011906685952e-04
4.929122634369661802e-06
8.333671921551764547e-03
2.533796249291306320e-07
3.382118718772883089e-08
8.342375276367915496e-03
2.969138131932626917e-06
5.824922864209262086e-01
2.040857804504930123e-02
1.058328850769643206e-05
1.942809777817069636e-05
4.792667534995112821e-05
2.417083419585396205e-05
1.227491852156630675e-02
9.211937822893444261e-02
1.264711918784426171e-06
5.328003126860640500e-07
1.886660701620442670e-06
5.328003006374903727e-07
4.792706573653313014e-05
1.886663019772274323e-06
5.367086977141941979e-203
4.900991226231791488e-03
4.723919662249174284e-02
0.000000000000000000e+00
4.856912209240088864e-05
4.509872710389937756e-01
2.836635788976613862e-04
4.792740324461323482e-05
0.000000000000000000e+00
4.792624218756955443e-05
0.000000000000000000e+00
1.329830448659885811e-01
7.354630535696387028e-01
1.463922758674616921e-189
5.328002519082233125e-07
4.229700056413198596e-73
2.836381013416589794e-04
1.113632896135556662e-07
3.263656957638840783e-01
2.836499701683441199e-04
8.303474433850382627e-03
3.855798363236189082e-03
3.752478058583425466e-31
6.050261540338719435e-01
0.000000000000000000e+00
2.407081600457984267e-03
1.122220904090748771e-04
1.323897377603225900e-01
2.533796714537049205e-07
1.122205525325096608e-04
2.409065959253671452e-03
2.417071008105400865e-05
1.058328225254520923e-05
1.234213603952992039e-01
3.841820042024161053e-08
4.384559983368102598e-01
2.836689903273094111e-04
0.000000000000000000e+00
0.000000000000000000e+00
4.792659168553627493e-05
8.341127129429274853e-03
4.187734455428274855e-245
5.829142441171301231e-02
5.328003265023823592e-07
1.058331446170068070e-05
1.058331316141548041e-05
0.000000000000000000e+00
1.318445593702446961e-01
8.296653037295502811e-03
2.533796753307531794e-07
2.533796375834599744e-07
2.533796037888063662e-07
7.496139645276053143e-01
0.000000000000000000e+00
0.000000000000000000e+00
0.000000000000000000e+00
5.544590955772657823e-26
5.271601105878169059e-47
0.000000000000000000e+00
8.377111823098118830e-10
5.362952882896865336e-01
8.310041660284170004e-03
2.407730777644946987e-03
1.506414635182546406e-275
6.791733001451080165e-01
5.328002843711410162e-07
1.264711727935161450e-06
3.841820062429792233e-08
1.264711880246491290e-06
2.417095524206285616e-05
2.417074259307402847e-05
3.841820061954592853e-08
2.417078362371407872e-05
2.836659968405459828e-04
3.666246959132013689e-26
4.792652745076433413e-05
0.000000000000000000e+00
2.533796647412310761e-07
1.251247180362163036e-01
1.113632850152475634e-07
1.924691514727282782e-01
2.409114698691265828e-03
1.264711696998075027e-06
9.803631053472384657e-04
2.406682539945534730e-03
2.836891184898858182e-04
1.264711414515457289e-06
2.410405933287044448e-03
1.113632918717909389e-07
4.929116123535813660e-06
5.722195511575423947e-07
5.986981013855496916e-29
8.313282114571303796e-03
4.792670359915570560e-05
4.792706900329816246e-05
7.664011832116887504e-53
0.000000000000000000e+00
9.371552196565500441e-09
8.344898495617888642e-03
2.417086520174696826e-05
0.000000000000000000e+00
2.949318781588705180e-67
2.533796450407392067e-07
0.000000000000000000e+00
5.328001647460354575e-07
3.841820000793604147e-08
1.818536269594719221e-117
2.041626752079700804e-02
4.792700097909973286e-05
4.929118666512088704e-06
0.000000000000000000e+00
2.533796454887290033e-07
5.799476013219458104e-02
3.700113649310709032e-09
1.886660845344894693e-06
0.000000000000000000e+00
2.562313279208926371e-148
2.533796585394290546e-07
5.807993234798345533e-02
8.872408708006661593e-01
1.502720503975210013e-03
8.749491734187980763e-01
1.886661338538112637e-06
6.874259750912580200e-215
5.442514392294705017e-01
2.407930916898525387e-03
2.410320872416092143e-03
3.106081122706394471e-01
0.000000000000000000e+00
4.929124317220519911e-06
3.841819916236024235e-08
3.841819986677379873e-08
1.332323354987098862e-01
9.805885851328949472e-04
2.407464068719561076e-03
2.533796531690816150e-07
6.325129098519887394e-218
1.113632888826879937e-07
0.000000000000000000e+00
1.329028171654809964e-01
2.041251111029667581e-02
3.841819968899323643e-08
1.122206350165805717e-04
5.706884259406378181e-20
1.113632914326221038e-07
2.408571120836747702e-03
8.324038870682224853e-03
2.533796049742278641e-07
1.249066288934703034e-01
4.214308776883048946e-01
6.954470579182667755e-01
2.533796254969530913e-07
2.533796049152332899e-07
9.807125023604645452e-04
9.805974156955254636e-04
1.058327425550238568e-05
2.836648828920813165e-04
2.533796227961092355e-07
2.066028329424154930e-02
5.920976049762168847e-01
2.061678143032380159e-02
1.153759399140968089e-01
9.805808181351607401e-04
1.290056880796946748e-01
5.810713018079721737e-02
8.332424596607273734e-03
2.068725789311783719e-02
2.836704013017085245e-04
2.417081723147718981e-05
2.053129471241077128e-02
1.217365626412631741e-01
1.886662425628227651e-06
5.328003157253438374e-07
5.328003517702741954e-07
3.841820025699655711e-08
1.264711844349528482e-06
6.744950736899461008e-01
3.841820057258501904e-08
2.836879446742384889e-04
0.000000000000000000e+00
0.000000000000000000e+00
2.836728949851941950e-04
2.115202826238528691e-02
2.407042051276380139e-03
2.295962434673533690e-48
1.636640436792870652e-27
3.471508969207675044e-01
1.073236471415552618e-01
5.920740966511377212e-02
5.328002160106116775e-07
1.058331460993289489e-05
2.407826815254309437e-03
3.834512412422309936e-178
2.533796315365192926e-07
0.000000000000000000e+00
1.264711473583011027e-06
5.328002427748782711e-07
1.058331147210761052e-05
1.122236712850096613e-04
0.000000000000000000e+00
3.841819934936527139e-08
2.042367953814328008e-02
3.841819993190410096e-08
1.058328709776136833e-05
3.841819974266283877e-08
2.417081035055125280e-05
1.113632842600716732e-07
5.661037695564005538e-03
2.417071500861768258e-05
1.886661569924955010e-06
0.000000000000000000e+00
5.328001742321525690e-07
4.929121797194340840e-06
0.000000000000000000e+00
1.122215642582894340e-04
1.877377933147622479e-227
1.216377388648431229e-01
9.806331938072448441e-04
4.792639183779703329e-05
2.249479331668807378e-32
1.886662286543473983e-06
8.325308960780408371e-03
3.457941702816927920e-01
1.449716971429968247e-32
1.884650800894458744e-01
2.799075892878259915e-49
1.209509540539226019e-01
8.303203002262319124e-03
5.958869269956457160e-02
3.232930361483450173e-10
4.792701684981160240e-05
2.038773323284535574e-02
5.922069628816011705e-02
4.792641262268467893e-05
1.113632871527518156e-07
5.328002054894332217e-07
1.264711751427839412e-06
2.045598057192869398e-02
9.802641758335747021e-04
3.841820017928743842e-08
1.122228727185712487e-04
5.328003117013993661e-07
1.122182321159926612e-04
1.113632863765087866e-07
3.841819955314204909e-08
3.841819928954601794e-08
0.000000000000000000e+00
4.792663283320348477e-05
9.807190629737246642e-04
1.886662188434643234e-06
4.929118147595054016e-06
2.408530891384795709e-03
2.533796594169729756e-07
3.771887114820018372e-01
0.000000000000000000e+00
5.832797004333885316e-02
2.821348039424790372e-24
4.154566047781166259e-36
2.046813174722047698e-02
1.219180141794163202e-01
1.217855265996324876e-01
4.792710639187221754e-05
1.886662043598179677e-06
8.332331897829673567e-03
2.533796281738303616e-07
0.000000000000000000e+00
2.496289241268682830e-53
2.957715129420690481e-01
9.230111739466898557e-01
2.066205647071824719e-02
1.314540579520312447e-01
2.043006980885601551e-02
1.290823277264213365e-01
2.064989299020420985e-02
9.802949367039167326e-04
1.599138054251704206e-03
0.000000000000000000e+00
9.804702907324071119e-04
5.966852962002723582e-02
4.929121378122569265e-06
2.409982665329496107e-03
1.232935652209679461e-01
4.612821513552466907e-53
1.264711324013921978e-06
8.774451432087347736e-72
1.264711190152638807e-06
1.122200140751757102e-04
5.328002162277031514e-07
2.836743363549375902e-04
2.047189817627942734e-02
3.841819966691042575e-08
4.792696423189399745e-05
0.000000000000000000e+00
1.293222340834095097e-01
3.406381675079929216e-10
1.264711019759493989e-06
2.533796004851123800e-07
0.000000000000000000e+00
2.038944047016021457e-02
1.092797691837595232e-57
1.113632847089637848e-07
4.208530246013953609e-30
1.886662228339829688e-06
5.605847466872561080e-01
3.841819900274907277e-08
2.507681815192734920e-01
0.000000000000000000e+00
2.836371381303554018e-04
1.886662788261708388e-06
4.792616406907690245e-05
5.948461892486243963e-02
1.264711307358327524e-06
2.650588867951093608e-01
1.251351224898593628e-01
2.417074262965401366e-05
3.187095955270514872e-199
1.058331846227712654e-05
0.000000000000000000e+00
1.122226877357423487e-04
6.941001326609286259e-02
0.000000000000000000e+00
1.058328305861801484e-05
0.000000000000000000e+00
2.144188478690906702e-02
9.807869711821943278e-04
2.323348297380352090e-01
2.836624896699601337e-04
0.000000000000000000e+00
9.805107715310456239e-04
1.273011986113107563e-01
1.670848654842375005e-19
1.234379148712780594e-01
1.122192853743036463e-04
1.255301515987560995e-33
0.000000000000000000e+00
3.841819926774274137e-08
3.841819899128837289e-08
1.122191231712478093e-04
4.929117984915704418e-06
2.962596710518590193e-01
2.630330784439751856e-279
1.264711285199945624e-06
5.328002503575704721e-07
1.113632897537331735e-07
1.058330397633659648e-05
2.766269986271156344e-03
9.806109137675434340e-04
5.328003041807323173e-07
3.037563964563672614e-01
2.533796759575702658e-07
1.122209484884469967e-04
4.287065798576457643e-199
0.000000000000000000e+00
3.841819967920970810e-08
3.841819973176120048e-08
2.407864570331001187e-03
4.792713992507295628e-05
1.335851041400419881e-01
4.912262880324984038e-01
0.000000000000000000e+00
2.407100068207907329e-03
4.467030227280269772e-01
1.122206756209421737e-04
5.174388211154717920e-01
2.037634930052418733e-02
0.000000000000000000e+00
2.836408021529792278e-04
0.000000000000000000e+00
5.328001684055754493e-07
2.533796131597199029e-07
2.533796023047250744e-07
2.417092082811122798e-05
9.807300244236082879e-04
3.848414328349577448e-13
4.440884563557261355e-01
4.929122662164328836e-06
2.533796697631423014e-07
3.841819994196715016e-08
2.533796737987383461e-07
1.337403815275300028e-08
0.000000000000000000e+00
2.836857949867628266e-04
1.058331759775576277e-05
1.886662752186421005e-06
0.000000000000000000e+00
4.929122258370583704e-06
5.675096956880173005e-22
5.956193678420025617e-02
4.792657453379830504e-05
4.792655725513544988e-05
9.806712679842339957e-04
5.819950684961334719e-01
1.886661735475833756e-06
1.264711398043901495e-06
2.836696046295739040e-04
4.792638036801607061e-05
3.841819898346155685e-08
3.841819942539720528e-08
1.496073167044367128e-05
3.841819924398275913e-08
3.841819994895538373e-08
1.113632874144704908e-07
9.807128734129100418e-04
5.415447433058734328e-01
7.894885754962648328e-01
2.417093643592487721e-05
2.533796190223022227e-07
5.868846581007481494e-02
3.841819928647119570e-08
1.886662975144887024e-06
5.912878899249494891e-02
5.918773290004537141e-02
2.056081830549336002e-11
8.334810984597996672e-03
6.085895773458527899e-08
1.122178810693722726e-04
1.264711948911742743e-06
2.408621551381780190e-03
4.990810638539906826e-06
4.792680007723684494e-05
5.972103909458478105e-02
0.000000000000000000e+00
1.113632856796726745e-07
2.407440976722964501e-03
1.218468547857095574e-01
2.533796442350949363e-07
9.804047875041361614e-04
4.929124182981196830e-06
5.328001846098951008e-07
3.841820016111804569e-08
2.533796296155095016e-07
1.886662606169368008e-06
2.836675509083338509e-04
3.189380104877245214e-01
2.045195905422928645e-02
3.965320922926385016e-66
3.818138875586515324e-01
2.417084746881372986e-05
0.000000000000000000e+00
5.328002566881107020e-07
1.122216665257509417e-04
0.000000000000000000e+00
8.203884642890192746e-18
2.533796058831124277e-07
3.841819951177172248e-08
4.792676483348733677e-05
1.264711090550357047e-06
2.533796165758723889e-07
8.687095671791868451e-41
2.533796529810364361e-07
0.000000000000000000e+00
1.264711085654901330e-06
2.017347186416600749e-190
5.328002169216201763e-07
2.836601192864965110e-04
1.323427095649938124e-03
1.272518361436474425e-19
0.000000000000000000e+00
1.528947128382560442e-222
5.898631332455284842e-02
1.316676732853871035e-03
5.436617663398140010e-01
3.338458131142902352e-01
0.000000000000000000e+00
2.836689419603916811e-04
5.427994192967373798e-10
1.780726760043669652e-65
8.313953214569916317e-03
3.227654701655196523e-01
1.264711491858157464e-06
0.000000000000000000e+00
1.113632867257371223e-07
1.113632872572772165e-07
1.113632916351907345e-07
2.533796441595081513e-07
3.841819972672967919e-08
3.841820048201756302e-08
3.065985120673550557e-01
1.280789664425605046e-01
4.792724548844789221e-05
1.058327299811304465e-05
2.406892231702291354e-03
2.836546736442419427e-04
1.204996473633344611e-01
2.417072162536703343e-05
3.595051520883189672e-17
0.000000000000000000e+00
1.264711483373925428e-06
1.113632842892415688e-07
0.000000000000000000e+00
8.263975811896216994e-01
5.839644249346660765e-02
1.265526869414061561e-216
2.636845625559104955e-01
1.122198818540199466e-04
4.792641461312452177e-05
8.307428087950850110e-03
3.053176847922534076e-02
1.886660894817956101e-06
4.360606930365330997e-37
3.701175003991758472e-01
5.328001726853765984e-07
3.272676982917441853e-03
1.886661184449536149e-06
0.000000000000000000e+00
0.000000000000000000e+00
8.161353952801111960e-63
2.836895659191073123e-04
5.328002366730595951e-07
3.427124318893788874e-118
1.113632866422788469e-07
2.836875165943671877e-04
1.269553146663606746e-01
1.480898044476219027e-31
1.264711597358945216e-06
3.663727172339134031e-01
1.058327918980792180e-05
4.792671644852167245e-05
3.421450009281803983e-01
1.058327839243680592e-05
5.328003569572088793e-07
1.619251140344563356e-01
5.877376830529634777e-02
2.836582866883813683e-04
0.000000000000000000e+00
2.039644532126153390e-02
2.533796443217431775e-07
8.250130722224271561e-266
1.284764059827488930e-27
2.533796738853865873e-07
5.136092917488979115e-01
1.264711146921714070e-06
9.804755507557146553e-04
5.945959511307769702e-02
0.000000000000000000e+00
6.426413713983833986e-01
1.058331338957755887e-05
1.122213618833357385e-04
0.000000000000000000e+00
5.913892467982872353e-02
2.407130875667462967e-03
2.417074970999198092e-05
2.919727174534594432e-23
1.113632886906529190e-07
3.841819959870530128e-08
1.346101327257449298e-01
2.060078783219163392e-02
0.000000000000000000e+00
1.264711835819284134e-06
3.817866007476122809e-40
3.841820014658253018e-08
1.886661758729830539e-06
2.533796014751144302e-07
2.533796234671721468e-07
2.533796441908490585e-07
6.906972147479280011e-01
1.464628897060714710e-02
4.792652510393678820e-05
4.014735325462686751e-11
1.297576242496748244e-01
1.136650970084267637e-08
2.384044890649057402e-125
1.263775013058739127e-01
2.409489380335680386e-03
4.702981907595222832e-01
9.807082247067582491e-04
2.218311656379918073e-42
1.283060835790871823e-01
5.934748924142909526e-02
3.027229281184246057e-01
1.465100150385814347e-23
2.407143108566690837e-03
4.548724389385174280e-07
0.000000000000000000e+00
1.886662459109053964e-06
1.113632841490640614e-07
2.408013962200046716e-03
2.967457292363679166e-20
2.533796044672435462e-07
2.177572727061125540e-37
1.186122867485610374e-215
0.000000000000000000e+00
0.000000000000000000e+00
1.966546769590778870e-02
0.000000000000000000e+00
0.000000000000000000e+00
9.746164068440525897e-112
2.410587316576620447e-03
8.312319025926540733e-03
1.886662172552187209e-06
2.407339250228825601e-03
2.836481740579511633e-04
2.474526807891596917e-127
0.000000000000000000e+00
2.836913664177893174e-04
2.049829352409847719e-02
4.578908403920331206e-85
8.319957540549925354e-03
3.841819934209751032e-08
1.113632929689027405e-07
3.415315853309500865e-16
5.854534635869532849e-02
0.000000000000000000e+00
3.841819980807266848e-08
8.316917725371486894e-03
1.886662553923352182e-06
1.058329539412691940e-05
4.792639628803931843e-05
1.886661037746241411e-06
5.328003679319565377e-07
9.803418900195448506e-04
1.264711485950481704e-06
1.113632864761725493e-07
2.533796582333948861e-07
4.922933325562133467e-187
9.029178653230685427e-10
2.405460015550239790e-16
3.841820041521008262e-08
2.533796345802690316e-07
0.000000000000000000e+00
4.929119162332722806e-06
2.971225950688325401e-01
2.307656730747093120e-06
1.113632858344351230e-07
2.836844361321430173e-04
9.807710700171156596e-04
9.803466592909519054e-04
1.317938046545358288e-01
0.000000000000000000e+00
2.417091388630597019e-05
2.054248344108422150e-02
7.872054220998681018e-03
7.821245542474951351e-03
6.294892372518541530e-22
0.000000000000000000e+00
9.688623742088827359e-08
0.000000000000000000e+00
2.417085080059649621e-05
3.841820046245051960e-08
2.533796039104825961e-07
2.793510727899397602e-60
2.533796773273500200e-07
4.792640225552123883e-05
1.113632865831288024e-07
1.280315848774951359e-01
2.703436795787630538e-10
2.836726319790766051e-04
2.323371545936531881e-05
2.410570718726219933e-03
1.058328657844945112e-05
0.000000000000000000e+00
5.328003143026197594e-07
1.886662072356817003e-06
2.836852837523834523e-04
2.533796487242112145e-07
5.328002314240999707e-07
2.533796064970242790e-07
2.417082453448323923e-05
5.064304941274431204e-01
5.328002529394074693e-07
1.264711190263062681e-06
4.929117592491246315e-06
5.823427298333924002e-02
1.041242694870618325e-79
1.058332101664671131e-05
2.533796238119214914e-07
5.989383958816179021e-01
8.308473832219141070e-03
2.039798603172173277e-02
1.269377211388312832e-01
1.122233394874512388e-04
8.306608753486837207e-03
2.065741558977160844e-02
1.049892518820758561e-05
8.323409440331476505e-03
2.417083807967825449e-05
3.841820058320713645e-08
4.179630451663936400e-36
8.337175178045920509e-03
1.379275792635923704e-04
2.407483924540565392e-03
3.212579167368901745e-09
2.533796462501273431e-07
1.058332427005755431e-05
4.753340192601557813e-89
0.000000000000000000e+00
4.082325770938323960e-03
0.000000000000000000e+00
3.841819914642707616e-08
2.072754513488861683e-24
9.802161261766671047e-04
6.729893351540267021e-01
0.000000000000000000e+00
2.069200995237011412e-02
2.836700676584733602e-04
4.585443141193006316e-04
0.000000000000000000e+00
0.000000000000000000e+00
6.907979954228927962e-273
1.122238204276168475e-04
1.336883557548842691e-257
2.069090339964850533e-02
5.042556155898796091e-31
1.122207271445497249e-04
0.000000000000000000e+00
0.000000000000000000e+00
5.966222414706520968e-16
1.330875280929481171e-270
2.836703237190073561e-04
0.000000000000000000e+00
1.334431000513484067e-01
5.821551653260535059e-02
1.208090808768576413e-01
2.417075320056770896e-05
8.472189280498662045e-01
1.300497991189831781e-01
3.341454682744926519e-01
6.527198593732497145e-11
1.833798047844326444e-40
2.533796288246139277e-07
2.062906006205128887e-02
1.953351247243531900e-07
1.060434837718465985e-05
1.264711822246349413e-06
1.831995165051167064e-38
3.841820054295492642e-08
5.805588098664849622e-02
1.117416197906168649e-03
3.841820022401211476e-08
9.802405077301622281e-04
0.000000000000000000e+00
1.113632841134119815e-07
1.113632878431057434e-07
1.113632907803510552e-07
9.805125781504042941e-04
2.410738697193026778e-03
3.841820016838580014e-08
1.264711082618246497e-06
2.533796166035261088e-07
1.122224836595719439e-04
8.415430626653606829e-04
2.533796296486939232e-07
2.533796725045453769e-07
1.886661798950734971e-06
9.807644365470459796e-04
3.841819942092473897e-08
6.609011087554281087e-09
9.802343917407929826e-04
1.886661585766224270e-06
4.929117738995895311e-06
1.122227145243803883e-04
3.841819920624632298e-08
2.533796430847012682e-07
7.317172856696086726e-94
4.929119625983338645e-06
7.678397244961139208e-116
2.409422783139180714e-03
1.966899217719970255e-02
0.000000000000000000e+00
0.000000000000000000e+00
1.641727004206509038e-187
8.339137263906767905e-03
1.732248378650655213e-11
3.788031739034549150e-01
3.740229011178343166e-01
2.408748779980748878e-03
8.335869368593080628e-03
8.616504863471339730e-321
6.595396781093524341e-01
3.037241384639706165e-01
8.332549342234986736e-03
0.000000000000000000e+00
8.330247021089663695e-03
9.803103655825736243e-04
1.886661156693002751e-06
1.058331205802897559e-05
1.292529941066582755e-01
6.652282983708127651e-01
5.328003265876683067e-07
2.981679699811445317e-01
7.935966948384216846e-02
1.311870198015313016e-01
9.807699558165073640e-04
3.841819884453555388e-08
8.344542921774576738e-03
2.836449493636966483e-04
2.417080438043596119e-05
1.058330177957609226e-05
