-1.886721448327948281e+01 4.501616472984353301e-01
-1.918726567371709635e+01 1.567410074960852995e-01
-1.979142960084914549e+01 7.776120780689672607e-01
-1.930768887484185470e+01 3.908781718722699194e-01
-1.938630885127230030e+01 1.672022053130695352e-01
-1.942337018131730275e+01 1.632400028846768200e-02
-1.919405328927325982e+01 3.010667281903872117e-01
-1.927016448632966572e+01 2.702468772709809008e-01
-1.928378761115468976e+01 2.781208489639608872e-01
-1.930391497607132578e+01 2.199070300523198462e-01
-1.927781432920267335e+01 3.186018000942870132e-01
-1.928872763965967252e+01 2.792974559909232601e-01
-1.932715829729987078e+01 2.151720216667789565e-01
-1.945532559383271476e+01 1.089471639283022125e-01
-1.991174951423632677e+01 1.603821516966728034e-01
-1.930024297555461743e+01 2.783350178230623029e-01
-1.930061535943964302e+01 2.611554948256784581e-01
-1.929976389074214538e+01 2.651874847239655275e-01
-1.928562365035435633e+01 2.648394440140975914e-01
-1.929450809953386425e+01 2.792154831249290536e-01
-1.914456050469888737e+01 5.168305732227544969e-01
-1.929925897202856433e+01 2.692228589987210596e-01
-1.926894130592651777e+01 3.025888261162614778e-01
-1.928924788171082128e+01 3.093903361374408800e-01
-1.929784452201611344e+01 2.678319135829885789e-01
-1.929034806825443127e+01 2.828934531336620983e-01
-1.929796074136446649e+01 2.697018555723336708e-01
-1.929690546091733339e+01 2.716898904943813031e-01
-1.929797025923899767e+01 2.687861989751677561e-01
-1.929768498096249374e+01 2.704903733955102973e-01
-1.929838560773382738e+01 2.713939793751920515e-01
-1.929199806336388789e+01 2.826822350924066418e-01
-1.928288271403747345e+01 2.819858342974587151e-01
-1.947104812453520850e+01 2.196972009286515259e-01
-1.932095416043812364e+01 2.135945229367143261e-01
-1.934617098442902261e+01 4.300216323970105226e-01
-1.931375619784234487e+01 2.185634153666350665e-01
-1.928024768315718163e+01 2.731022490734361097e-01
-1.930330893837593820e+01 2.430028451234118869e-01
-1.929678768294006730e+01 2.722526730332514022e-01
-1.929996669405615961e+01 2.941245125914466185e-01
-1.954411943654594097e+01 2.407971741426941648e-01
-1.929450505155120155e+01 2.761713323962023403e-01
-1.929531478100546238e+01 2.730539757110501675e-01
-1.933047451175491460e+01 2.583659323735008617e-01
-1.929243655839242066e+01 1.186979274267632167e-01
-1.929758985614101618e+01 2.722539615374173771e-01
-1.929708022009603852e+01 2.718861110698171935e-01
-1.929711589344489298e+01 2.719773921649518700e-01
-1.927076630927936307e+01 2.915324036251955020e-01
-1.928764903295359190e+01 2.822003218911850464e-01
-1.929630460225027022e+01 2.715188092072528536e-01
-1.930098936974306056e+01 2.654112602941938182e-01
-1.929883939727221431e+01 2.545471689810018256e-01
-1.929621250209762451e+01 2.771638542263275551e-01
-1.926638769430247677e+01 3.197847658320996933e-01
-1.929716945168187792e+01 2.718867557558683479e-01
-1.930331287318670164e+01 2.721635009877348965e-01
-1.928997139096707159e+01 2.787876626022926518e-01
-1.929864866835620063e+01 2.784066358200363855e-01
-1.973083452152144091e+01 1.375697585668813616e-01
-1.903214358835487729e+01 6.194825459270880685e-01
-1.900299156444019033e+01 8.370106758058799556e-01
-1.929718736640635157e+01 2.718937373656785672e-01
-1.929719244098488673e+01 2.718764978902587504e-01
-1.929714687498191239e+01 2.719520093002591454e-01
-1.930161908643082569e+01 2.685552103037155414e-01
-1.929715895630447164e+01 2.719369291527414245e-01
-1.929712851435024135e+01 2.719828386599105197e-01
-1.929717328742737692e+01 2.719102711858796817e-01
-1.929717460966005049e+01 2.719032423326200876e-01
-1.929738151676100699e+01 2.716549967438755542e-01
-1.929715587489131323e+01 2.719356403895852869e-01
-1.929717068087967391e+01 2.719238493873445406e-01
-1.929722750682595489e+01 2.719105817248989032e-01
-1.929669903399786790e+01 2.732439108304456910e-01
-1.929740758447227122e+01 2.570400976436803542e-01
-1.929716849547106960e+01 2.719341850652998160e-01
-1.929711341459908525e+01 2.720863892617555457e-01
-1.932061257588177483e+01 2.566702094586643113e-01
-1.929715859183810522e+01 2.719283586746922832e-01
-1.929715743574386622e+01 2.719366800671178530e-01
-1.929716431268848709e+01 2.719251972796363215e-01
-1.932085589319964214e+01 2.692960368343933486e-01
-1.929715688971772991e+01 2.719409681946355350e-01
-1.929712722478864606e+01 2.720972534626429629e-01
-1.929717382597436526e+01 2.718162003235722879e-01
-1.929724427537048470e+01 2.718683391839282759e-01
-1.929768555964503207e+01 2.695347388867097016e-01
-1.929601009314185944e+01 2.760810220275125570e-01
-1.929712674228208868e+01 2.719691728291055988e-01
-1.929673601802541327e+01 2.716129418214489055e-01
-1.929728308442916429e+01 2.718393253610942306e-01
-1.929701148170860847e+01 2.721405816374013464e-01
-1.929721003726859152e+01 2.717499286052177387e-01
-1.929429917769928693e+01 2.762009093093786838e-01
-1.929715633833654564e+01 2.719152091512802016e-01
-1.929716284073423793e+01 2.719262059922363250e-01
-1.929716183829738441e+01 2.719284967384014706e-01
-1.929706830981816523e+01 2.720286352676169472e-01
-1.929717082702972419e+01 2.719271916349556562e-01
-1.929716573767278476e+01 2.719201856193553812e-01
-1.929717341908786210e+01 2.719117860280605981e-01
-1.929717856811335608e+01 2.719220428185891714e-01
-1.929716780870871773e+01 2.719032877448252505e-01
-1.929713838398688708e+01 2.719537286807865994e-01
-1.929716356630345686e+01 2.719240379178527456e-01
-1.929807124835492971e+01 2.705019553882372363e-01
-1.929644975840796661e+01 2.736476033906661276e-01
-1.929716492637566816e+01 2.719217284875940499e-01
-1.929716025611357821e+01 2.719295284566147775e-01
-1.929716052793344971e+01 2.719290147392590673e-01
-1.929716542330831075e+01 2.719225433186477914e-01
-1.929867117943436483e+01 2.710375280984362867e-01
-1.921865266936163152e+01 2.939251004722666094e-01
-1.900076347030948654e+01 5.013128778065731872e-01
-1.929569150576161718e+01 2.749097661165382234e-01
-1.800058435611718366e+01 1.481516425222739741e-01
-1.929719155889151594e+01 2.718153035723021027e-01
-1.929744640397935385e+01 2.713305992945513334e-01
-1.929716061168721097e+01 2.719295794050111126e-01
-1.929585097407367300e+01 3.219233201757973895e-01
-1.929720263765874577e+01 2.719010208067349499e-01
-1.928641709655387260e+01 3.557418544743364275e-01
-1.923003044697725272e+01 3.999132404907563831e-01
-1.930937676918491874e+01 2.835085087863898901e-01
-1.929718716415136726e+01 2.718881399936490806e-01
-1.929599548502766737e+01 2.691193576454898317e-01
-1.929344488558799853e+01 2.526927276746340767e-01
-1.931139312178267531e+01 2.768742860270800299e-01
-1.929716243872078607e+01 2.719288910658001490e-01
-1.929716462479576222e+01 2.719107751574109111e-01
-1.931358453164739686e+01 2.955022141784767742e-01
-1.932072041566049947e+01 2.747053998497756555e-01
-1.923368684244524118e+01 5.054889599419589707e-01
-1.929716531687625292e+01 2.719300492656591128e-01
-1.929684961134378796e+01 2.721993071694274735e-01
-1.929716997222721275e+01 2.719156674244101457e-01
-1.931166945134941315e+01 3.006596282203787829e-01
-1.929715664303301992e+01 2.719364604796791762e-01
-1.930694276408496179e+01 2.724113422536529328e-01
-1.929860141352278546e+01 2.583187931268483561e-01
-1.924640299696442014e+01 3.480928849378761569e-01
-1.929698157688767424e+01 2.721555225756205898e-01
-1.929716153842284498e+01 2.719286690657412575e-01
-1.803113715799175409e+01 2.450324119889719654e-01
-1.929716303874833372e+01 2.719270760829650690e-01
-1.966647750488191093e+01 2.456536229516941006e-01
-1.932414944636669674e+01 2.344660865581992548e-01
-1.929472185491701097e+01 2.659676416713071534e-01
-1.929627867241002193e+01 2.782027856845084024e-01
-1.931508141992553362e+01 2.539819619861767297e-01
-1.929346552096170342e+01 2.806129439895226341e-01
-1.934000302406441918e+01 2.631111926929587952e-01
-1.929719922106863450e+01 2.719110761755714201e-01
-1.929716245072846448e+01 2.719273388001006708e-01
-1.929716206532651768e+01 2.719275702032313280e-01
-1.929716221212831684e+01 2.719275843009618110e-01
-1.929547886580162341e+01 2.736982465762798911e-01
-1.929717951491861427e+01 2.719158032883883802e-01
-1.929716184951960756e+01 2.719282193302507422e-01
-1.929709221252619855e+01 2.721340627524878042e-01
-1.929716874187197106e+01 2.719252668100515802e-01
-1.929716183761039616e+01 2.719278038339026371e-01
-1.929716155696064206e+01 2.719283064891853119e-01
-1.902074375517217675e+01 7.958566981870323076e-01
-1.929716160051646767e+01 2.719281294525521808e-01
-1.926175158881758165e+01 3.137244179740825700e-01
-1.929716207737551414e+01 2.719279479680854483e-01
-1.929716037428935849e+01 2.719290092937988179e-01
-1.928710708650417516e+01 3.061259382111813920e-01
-1.929716170633908590e+01 2.719287210327269722e-01
-1.929714140165393133e+01 2.721178767052825354e-01
-1.929702180745024265e+01 2.724634931836950047e-01
-1.929716196940200845e+01 2.719281746290646562e-01
-1.929716092591536736e+01 2.719288594007354676e-01
-1.929716118160294158e+01 2.719303741613089409e-01
-1.929717947565478298e+01 2.719194274816177370e-01
-1.929716194306936927e+01 2.719276494388397913e-01
-1.929792942081742524e+01 2.714181393753870575e-01
-1.929716307974984346e+01 2.719215776006728702e-01
-1.929716225288795428e+01 2.719274730273396057e-01
-1.970010340824935469e+01 5.335759487345220070e-02
-1.929723762108573837e+01 2.718008241557853810e-01
-1.929615052490136762e+01 2.477618892820957486e-01
-1.929649375868696026e+01 2.739222563459520754e-01
-1.929740340698928236e+01 2.713488021647481596e-01
-1.921534361291630333e+01 6.971064694607899126e-01
-1.929719808253569013e+01 2.718176775610646190e-01
-1.928888021196583580e+01 2.813207172030475212e-01
-1.929731911644397968e+01 2.715975253913472387e-01
-1.929716260543069595e+01 2.719226160893861155e-01
-1.929716143639969772e+01 2.719242465586403368e-01
-1.929716660190869604e+01 2.719190337133733926e-01
-1.937665798836507136e+01 1.598647740475437340e-01
-1.929716410812224936e+01 2.719254958645382358e-01
-1.900089127625031793e+01 7.224585987335343518e-01
-1.929716154751535129e+01 2.719275575738017703e-01
-1.929726425614980911e+01 2.719016301783225287e-01
-1.929724303747035918e+01 2.717695454915590170e-01
-1.931315107003445775e+01 2.569074916450451163e-01
-1.929792700549468876e+01 2.713346358503344047e-01
-1.929649637809500717e+01 2.711705070369625492e-01
-1.929716404689156661e+01 2.719270257413948233e-01
-1.926273681785897196e+01 5.090235567197076705e-02
-1.915751973667710217e+01 3.630541748771513033e-01
-1.929716183663048668e+01 2.719281173213813907e-01
-1.929716457874076596e+01 2.720061062656485840e-01
-1.929692915265838593e+01 2.721636236388775831e-01
-1.925629177201127362e+01 2.749237732640273379e-01
-1.929716177191936310e+01 2.719277448395807095e-01
-1.919716609987926148e+01 3.377057262535857474e-01
-1.929716298446905753e+01 2.719267485113581184e-01
-1.929716205515054028e+01 2.719267525481454673e-01
-1.929817756086412928e+01 2.709417666661907420e-01
-1.807027343129757924e+01 3.488776433524195530e-01
-1.929932072456121261e+01 2.704307631133663903e-01
-1.929714253367650656e+01 2.719433303732953222e-01
-1.929716184267488899e+01 2.719281556539044353e-01
-1.917863561904584202e+01 9.286546626342462307e-01
-1.936040293921302435e+01 2.149215447265341861e-01
-1.955049353698524683e+01 7.381677937579399496e-01
-1.929716175450804272e+01 2.719283553990590740e-01
-1.929659403780079430e+01 2.866947495506959043e-01
-1.929716229044077735e+01 2.719270240255762250e-01
-1.929718477316018266e+01 2.719150437894612415e-01
-1.929716205573129884e+01 2.719279883080402693e-01
-1.929714535450212765e+01 2.719568600464420949e-01
-1.933414931297788542e+01 2.327022867338965073e-01
-1.929680129235329034e+01 2.732540582189650902e-01
-1.918995180409428514e+01 4.749176940764462951e-01
-1.929716724547705553e+01 2.719371858656806085e-01
-1.929716276431867428e+01 2.719246917163837818e-01
-1.929726003058411266e+01 2.720452277257439655e-01
-1.928733483947209137e+01 2.837626391269330028e-01
-1.928835613556315565e+01 2.601699687335719546e-01
-1.931455730698067796e+01 2.371272987967561197e-01
-1.929650450631661940e+01 2.733050268725724097e-01
-1.929090510931661129e+01 2.696364475667262783e-01
-1.929725788259629482e+01 2.717119775561967487e-01
-1.929716162323819972e+01 2.719281416173555121e-01
-1.840767376258988008e+01 7.355594664596613874e-02
-1.929707744793319080e+01 2.720842894514922672e-01
-1.929716605452165723e+01 2.718925636636644882e-01
-1.929716054157421468e+01 2.719232458338744496e-01
-1.929573381572166468e+01 2.730593734081706025e-01
-1.938660823104548214e+01 3.998806906966834163e-02
-1.927077721461280291e+01 3.016053468518656300e-01
-1.924481645804772967e+01 2.540771933416052786e-01
-1.929242997103429857e+01 2.945705866353165447e-01
-1.929733450282620311e+01 2.700363837046343973e-01
-1.913393356662291112e+01 5.332766082783672035e-01
-1.926751238094442442e+01 3.102935722628472059e-01
-1.927672511439993741e+01 3.076487313818740965e-01
-1.930799147178462150e+01 2.437708150783098049e-01
-1.929739132211644659e+01 2.724154063765355516e-01
-1.929749784868404205e+01 2.727341105603526827e-01
-1.929707235801016552e+01 2.719112878797980692e-01
-1.929706305377179731e+01 2.721337673502044474e-01
-1.929725505357595594e+01 2.717835398276432501e-01
-1.929332860369344260e+01 2.874891526459731894e-01
-1.868124557951830411e+01 5.528858234357314494e-01
-1.915952938384835491e+01 4.406505647415660532e-01
-1.929724255018291856e+01 2.717699827605367657e-01
-1.929715094456244273e+01 2.719201896074204816e-01
-1.908977994752233442e+01 8.975813190140948805e-01
-1.929777364496402114e+01 2.713845753935634764e-01
-1.929748088709886744e+01 2.713971889160035622e-01
-1.929778690042569878e+01 2.717558287771298930e-01
-1.929716187348920187e+01 2.719287197118008259e-01
-1.929332281765536194e+01 2.545888601222512371e-01
-1.929698466469589846e+01 2.722443554677731470e-01
-1.929717059088728703e+01 2.719306823554114572e-01
-1.929716003007088787e+01 2.719295031124395745e-01
-1.929716090934413231e+01 2.719295382687227924e-01
-1.929716089771103427e+01 2.719291500317351229e-01
-1.929714633086931386e+01 2.719537627409848723e-01
-1.929716193350032682e+01 2.719279794317280841e-01
-1.929716780116027053e+01 2.719256460901018913e-01
-1.929716060509536746e+01 2.719302487527894274e-01
-1.932280372090033183e+01 2.258260863320869782e-01
-1.925155453260941130e+01 3.162553271449815018e-01
-1.930390912429592376e+01 2.761291086892060931e-01
-1.929716270120941957e+01 2.719262674612432651e-01
-1.930146265459504207e+01 2.653684159243479002e-01
-1.929716227896737735e+01 2.719270780214113059e-01
-1.948305505041469132e+01 1.987487736847761421e-01
-1.929716207250752902e+01 2.719281189012756617e-01
-1.929716201600045267e+01 2.719279826185824200e-01
-1.929715889596980816e+01 2.719455080638544797e-01
-1.931579232838240046e+01 2.303483517137433767e-01
-1.929716273088081735e+01 2.719274036378643289e-01
-1.929716170952896093e+01 2.719285752279465562e-01
-1.930001833401447442e+01 2.675899918252718779e-01
-1.929789956293381792e+01 2.726858877563324568e-01
-1.929717353301232663e+01 2.719227054460826021e-01
-1.929715878163212039e+01 2.720390432779563605e-01
-1.929716157472005023e+01 2.719273933313084424e-01
-1.929712584383137042e+01 2.718870026745535684e-01
-1.929715087254875527e+01 2.719464252745314448e-01
-1.929706968400965650e+01 2.720161750974552928e-01
-1.929716772654500900e+01 2.719259280500150311e-01
-1.929716288077516140e+01 2.719247993684272280e-01
-1.929716114375236202e+01 2.719269106559308868e-01
-1.929697528509163718e+01 2.720521014018263406e-01
-1.940696003459772001e+01 1.510362081085499519e-01
-1.940601086979429013e+01 3.185862978436608262e-01
-1.929716108130319441e+01 2.719292093950380074e-01
-1.929716156452031584e+01 2.719286285589809782e-01
-1.929712203015039407e+01 2.719765058430786975e-01
-1.929669088738360117e+01 2.713204780053007914e-01
-1.927110563867294246e+01 3.236056195530050417e-01
-1.929716166847074277e+01 2.719284527007796992e-01
-1.929716200485736977e+01 2.719280339983277672e-01
-1.929714622141317548e+01 2.719604871271095181e-01
-1.928883013751851649e+01 3.831242738465405751e-01
-1.926482760103861835e+01 3.073505774457849227e-01
-1.877703471066745422e+01 8.094769058556730013e-01
-1.931414379737922360e+01 5.523277653657392428e-01
-1.929504383312436744e+01 2.851553144151394159e-01
-1.929453294422565435e+01 4.257371329985044639e-01
-1.851017423157186670e+01 3.126290676514431599e-01
-1.929731290217607764e+01 2.717395034095804740e-01
-1.929716171133686586e+01 2.719053271389748061e-01
-1.929691785101274704e+01 2.721755301479731881e-01
-1.934174260637684384e+01 2.026518740728372459e-01
-1.929718395027418154e+01 2.718870270919754861e-01
-1.929706503088603853e+01 2.720242837562563687e-01
-1.929696162152587036e+01 2.721912664086828526e-01
-1.927748548403137718e+01 3.593901820710855843e-01
-1.929717025254305085e+01 2.716974811178414773e-01
-1.929406902088435416e+01 2.736685510924602438e-01
-1.929689414961973881e+01 2.722256524450566428e-01
-1.929355331706025822e+01 2.682472933705528639e-01
-1.929716006754493662e+01 2.719291472361888284e-01
-1.930552308202624801e+01 2.683835203821400284e-01
-1.929714213956134472e+01 2.774912206539511539e-01
-1.910997762598013239e+01 8.029390785298438082e-01
-1.929716202285077742e+01 2.719276617878642610e-01
-1.917821532355895187e+01 5.589921600046778849e-01
-1.929716192797520691e+01 2.719280827895902974e-01
-1.889641217503433879e+01 6.969584536669597430e-01
-1.928681645820194035e+01 3.076219488685382197e-01
-1.929714668712373538e+01 2.720463857638237282e-01
-1.929715891940104910e+01 2.719205935927996309e-01
-1.929716573702266302e+01 2.719238276724128545e-01
-1.929705469926610562e+01 2.723751921296534984e-01
-1.929715698594326412e+01 2.719229670328512372e-01
-1.929715885141225584e+01 2.719192037291452979e-01
-1.929717661687175934e+01 2.718976252358074608e-01
-1.929715944787985293e+01 2.719251108025413366e-01
-1.929716104615830830e+01 2.719248941643088724e-01
-1.933804653866073409e+01 2.626131597915544180e-01
-1.929712261542047713e+01 2.720998405050785163e-01
-1.929716326136189508e+01 2.719301459530171217e-01
-1.929716323774017894e+01 2.719268682894779299e-01
-1.930052657097826696e+01 4.383545157446526730e-01
-1.906745992328295003e+01 8.999549321185857931e-01
-1.929716219060572158e+01 2.719271983957670669e-01
-1.929716373727008971e+01 2.719362042090037179e-01
-1.921813850382718059e+01 2.518717367025943288e-01
-1.929714384767209268e+01 2.719447514523952725e-01
-1.929716197001834033e+01 2.719280314561680068e-01
-1.928530202047019415e+01 2.846099128895668295e-01
-1.935254767917155050e+01 1.933260726636491789e-01
-1.929716220201807531e+01 2.719276457083388276e-01
-1.929716192653774698e+01 2.719279939365942256e-01
-1.929716174370937054e+01 2.719274346967081035e-01
-1.929716328180867535e+01 2.719286890995925021e-01
-1.929716038908497566e+01 2.719261111235682371e-01
-1.929813420628503096e+01 2.699439878618007937e-01
-1.929526490235034686e+01 2.746442037602292441e-01
-1.929716456823056703e+01 2.719222319136694876e-01
-1.929715059198123583e+01 2.719584434741739165e-01
-1.929876765187836440e+01 2.698804800782393931e-01
-1.929716735115613346e+01 2.719849403190541248e-01
-1.929703804099762365e+01 2.729402055336767607e-01
-1.929715844711628847e+01 2.719296630008210536e-01
-1.930600883613176322e+01 2.710078112992887478e-01
-1.927004832975518411e+01 4.535486849436908829e-01
-1.814885171075948378e+01 5.237097781264486995e-01
-1.935273102556333313e+01 1.615548637364033757e-01
-1.924197729012376357e+01 4.601773491634108537e-01
-1.936156714205635510e+01 1.952034150941499291e-01
-1.925915582027298711e+01 3.898264782166543929e-01
-1.926386910740020753e+01 2.833282888629172769e-01
-1.929400046259750567e+01 2.794488816864771907e-01
-1.917256108721838714e+01 6.543575958915974766e-01
-1.929941621358810977e+01 2.717239964061404223e-01
-1.933934870965998698e+01 3.332815295601940786e-01
-1.918934334915629236e+01 4.058602970035381508e-01
-1.929716280223806280e+01 2.719260574843949674e-01
-1.909335112767817222e+01 5.174560270291093111e-01
-1.929716031735589610e+01 2.719294446451921976e-01
-1.929716225023228660e+01 2.719275606484724550e-01
-1.929716226071770180e+01 2.719277074973164843e-01
-1.925769164023254021e+01 3.503460954885352918e-01
-1.929716754304313042e+01 2.718999071908227982e-01
-1.929716212078758275e+01 2.719138253021412543e-01
-1.929724170928056992e+01 2.718706936210361080e-01
-1.929717004413528514e+01 2.719119266724958073e-01
-1.929715705339645027e+01 2.718983167795002709e-01
-1.929716422195717840e+01 2.719269615571616172e-01
-1.929730646091372392e+01 2.727413963707815969e-01
-1.930490252539947704e+01 2.543208930324771244e-01
-1.929715793029733106e+01 2.719469254047420792e-01
-1.929716318504289063e+01 2.719017273488102404e-01
-1.929696440537746227e+01 2.722727191570672445e-01
-1.929717633370604091e+01 2.719543150680220900e-01
-1.929155419848235553e+01 2.844177523111888206e-01
-1.929713892139751508e+01 2.718630393747668017e-01
-1.929707230474226520e+01 2.720814417566151944e-01
-1.929707869620430927e+01 2.710607743665362501e-01
-1.929717241798029548e+01 2.719265623112361863e-01
-1.929716175242054277e+01 2.719271179530719507e-01
-1.929754792216813541e+01 2.728801204145388515e-01
-1.929591698161869218e+01 2.766899055824235121e-01
-1.929716157186613046e+01 2.719285035901763403e-01
-1.929704607026431162e+01 2.721701467048600054e-01
-1.932971550099905045e+01 3.148554164094092278e-01
-1.984583381685524017e+01 9.134830852884706642e-01
-1.911188473930145193e+01 1.375628840833428290e-01
-1.929330314970126992e+01 2.240231211060394190e-01
-1.929716054087079513e+01 2.719344937503895276e-01
-1.929716179476569238e+01 2.719280522821942436e-01
-1.929716612928294950e+01 2.719284094705741173e-01
-1.929715577846702601e+01 2.719284695590089007e-01
-1.929715915390945113e+01 2.719356236131805216e-01
-1.929715955726857857e+01 2.719319225609834190e-01
-1.929717256942260661e+01 2.719162143917968621e-01
-1.929716590292917644e+01 2.719218648753288781e-01
-1.929716192858920820e+01 2.719273097437805986e-01
-1.929716202125220548e+01 2.719277616806303199e-01
-1.929716192155005317e+01 2.719278664033790149e-01
-1.929716140436849514e+01 2.719287929117814029e-01
-1.822664851212919146e+01 1.529991137340923346e-01
-1.929716164298079306e+01 2.719291889331742484e-01
-1.929716170627620286e+01 2.719283995891214056e-01
-1.929716258734859125e+01 2.719265926603176564e-01
-1.929716205654248995e+01 2.719281021898460327e-01
-1.930419569383262512e+01 2.538045327254412342e-01
-1.929698301173503694e+01 2.719280836177236926e-01
-1.929707870095823452e+01 2.719238797095840376e-01
-1.930480977519449581e+01 2.649566400808119893e-01
-1.929716168311586699e+01 2.719282723699679161e-01
-1.929716143503534909e+01 2.719285549936016899e-01
-1.930720128664863111e+01 2.661958683257725777e-01
-1.929833471889644159e+01 2.654177844111781370e-01
-1.934944130885705604e+01 2.105438709160352972e-01
-1.929429110604045050e+01 2.939680269757344311e-01
-1.929975774423445856e+01 2.694418214091499619e-01
-1.930987669530695072e+01 2.309590311944417773e-01
-1.930144184175652100e+01 2.746262701590632682e-01
-1.933642866903911539e+01 2.585288832848919305e-01
-1.929716198139512784e+01 2.719274844198943941e-01
-1.929772693681205453e+01 2.707771011925099724e-01
-1.929716246177547845e+01 2.719273991043897332e-01
-1.928787870483735034e+01 2.924881399971780982e-01
-1.930261570895172696e+01 2.034356495618692973e-01
-1.929871706092726669e+01 2.706826914134284889e-01
-1.929715896516418638e+01 2.719156001233565823e-01
-1.930010688522815698e+01 2.702143784563190709e-01
-1.929713039996937951e+01 2.717631464811302577e-01
-1.929716111122894517e+01 2.719528490032559476e-01
-1.929715202068106450e+01 2.719351279378784403e-01
-1.929720842834923999e+01 2.720872623228071663e-01
-1.860370117564560744e+01 8.773777754569149767e-01
-1.929711605706440736e+01 2.719868050056532538e-01
-1.929672025782592115e+01 2.738913467736636687e-01
-1.930370449183206460e+01 2.689836657680791943e-01
-1.931179817959704437e+01 2.495007241119021058e-01
-1.928406670975692805e+01 2.686720765298699631e-01
-1.927037802221898488e+01 3.233867405564220254e-01
-1.929716418514389176e+01 2.719104495421876266e-01
-1.929716435099064853e+01 2.719235829446332020e-01
-1.929716391625527905e+01 2.719178613535270239e-01
-1.949812396957197080e+01 1.954082511779131059e-01
-1.929724693294136628e+01 2.717632557353140688e-01
-1.930732963694157434e+01 1.529393947497888762e-01
-1.929715487549079000e+01 2.719481843231926765e-01
-1.946115932868167420e+01 4.582004375687061259e-02
-1.929715928351537002e+01 2.719390075286534647e-01
-1.929668229319808148e+01 2.725975281080948442e-01
-1.929047341195401088e+01 3.023797074042736677e-01
-1.929741093740224400e+01 2.718081795555974400e-01
-1.929239585432996407e+01 2.667570046398576311e-01
-1.929740153761200006e+01 2.717820458545135431e-01
-1.929583714807730033e+01 2.751927534190155566e-01
-1.929750352719348072e+01 2.705724719149393276e-01
-1.929905522328019529e+01 2.701016878941294719e-01
-1.929716166743921590e+01 2.719283799289454739e-01
-1.929716165760602564e+01 2.719284044743947582e-01
-1.929727551383623307e+01 2.729606028865649292e-01
-1.929716248900093234e+01 2.719281081596913729e-01
-1.908795933482577567e+01 7.175582845923532682e-01
-1.929638307606721881e+01 2.714277397615235121e-01
-1.929603159946024604e+01 2.733453445074454091e-01
-1.929716381193681940e+01 2.719243734625329534e-01
-1.925105333405601371e+01 3.026463757350743577e-01
-1.800416955062039648e+01 7.220536143242264338e-01
-1.929716178479321798e+01 2.719285178420077775e-01
-1.929716237672112911e+01 2.719269677502366145e-01
-1.930482735642298309e+01 2.675164825592055706e-01
-1.929546936841389027e+01 2.202631522426123922e-01
-1.929839501788855571e+01 2.690738240950071858e-01
-1.929711973457697383e+01 2.718912407748522719e-01
-1.929716183606361923e+01 2.719281796017118946e-01
-1.929716219922561393e+01 2.719277753486907256e-01
-1.929715331825316937e+01 2.719404857337596182e-01
-1.929722098795176066e+01 2.718960726798345107e-01
-1.929724272065216795e+01 2.718052648059746113e-01
-1.929714018999209557e+01 2.719470282814409057e-01
-1.929756114956926538e+01 2.712362373869813270e-01
-1.866804358278806220e+01 6.142536492257130165e-01
-1.929719851601668879e+01 2.718877635715785668e-01
-1.929716759680517058e+01 2.719188660290616233e-01
-1.929850440650614019e+01 2.690450815272905638e-01
-1.929716608724951499e+01 2.719234778074922088e-01
-1.929715904175792573e+01 2.719314876681491189e-01
-1.929718360979573077e+01 2.719986671189281169e-01
-1.929715151064047873e+01 2.719257673104684692e-01
-1.931479145848275536e+01 4.069204230724469129e-01
-1.930876001448205415e+01 8.068478901945431991e-02
-1.912748211723408076e+01 4.728308747740552764e-01
-1.926184768313464346e+01 2.862992630289712404e-01
-1.928551454994067171e+01 3.023138529338668667e-01
-1.928788269231680630e+01 2.841804262046066509e-01
-1.929716907360786138e+01 2.719334270660151986e-01
-1.929710352181226796e+01 2.720620668794574426e-01
-1.930022466889720434e+01 2.645876582131839738e-01
-1.929715278418086655e+01 2.719521812843908037e-01
-1.929718006937506303e+01 2.718991153328932930e-01
-1.929703077659748089e+01 2.721015336281610852e-01
-1.929700255027454148e+01 2.712948458711006428e-01
-1.929716153392826072e+01 2.719275358313059110e-01
-1.929716178920646641e+01 2.719278156272932345e-01
-1.929710919042754824e+01 2.719885940204274100e-01
-1.929711052909811642e+01 2.720231006499606030e-01
-1.929742375576311275e+01 2.709136050703175869e-01
-1.929720812532633900e+01 2.718634830879831377e-01
-1.929709936973362616e+01 2.712133097074610477e-01
-1.929762250472882101e+01 2.698698509388555156e-01
-1.929715682350523664e+01 2.721689675100377181e-01
-1.929716160811428338e+01 2.719288062252736005e-01
-1.929717302975175741e+01 2.720342105587004178e-01
-1.929716177831016566e+01 2.719282560771965618e-01
-1.929716540540395542e+01 2.719264496958454513e-01
-1.928463064705089991e+01 2.880491412970896947e-01
-1.928890213502863205e+01 3.596948805018017059e-01
-1.930493740657357904e+01 2.849146424633482444e-01
-1.929715884071400112e+01 2.719210900034556566e-01
-1.929713845075255207e+01 2.719185741708177728e-01
-1.930816294595392435e+01 3.294583723980046841e-01
-1.928991129902971480e+01 2.755057833705074621e-01
-1.929715816155353991e+01 2.719324266996400730e-01
-1.929716303484322992e+01 2.719285497906910321e-01
-1.929714294409742337e+01 2.719483813234903069e-01
-1.929715960948811215e+01 2.719315508704844286e-01
-1.929716179888646721e+01 2.719307053138234065e-01
-1.929716101200044776e+01 2.719295177080983117e-01
-1.929687906499598071e+01 2.723532760082055804e-01
-1.929716230522119957e+01 2.719275050338539335e-01
-1.929716190485931548e+01 2.719276373628617405e-01
-1.929716156091838641e+01 2.719284393729151095e-01
-1.929657354952928472e+01 2.750365995213212011e-01
-1.929551807345191605e+01 2.731174999107089385e-01
-1.929716178084131073e+01 2.719280705670287235e-01
-1.928729332180888889e+01 2.720185599892180894e-01
-1.929749712690871633e+01 2.708789547242534401e-01
-1.929725752226388735e+01 2.731803709415722703e-01
-1.929716130976236954e+01 2.719289427597577635e-01
-1.930102651502665267e+01 2.699249672919480925e-01
-1.929716173023653525e+01 2.719287013974516776e-01
-1.936504283080348898e+01 8.045970258450200197e-01
-1.929716214371366689e+01 2.719278305533426310e-01
-1.929716982019524707e+01 2.719210759272625566e-01
-1.912436535810643790e+01 6.120122090991317876e-01
-1.915885097940242332e+01 5.190507718256225367e-01
-1.929716180245452506e+01 2.719282901588566670e-01
-1.929726127553887594e+01 2.716973911157771759e-01
-1.929702998107682888e+01 2.710269310214408200e-01
-1.929716101708060449e+01 2.719290377510559242e-01
-1.929716166897743079e+01 2.719277461294166143e-01
-1.929714867970808356e+01 2.719766497555439200e-01
-1.929713171006794781e+01 2.720134988013148680e-01
-1.929705116818691124e+01 2.718646727120598849e-01
-1.922932969151667493e+01 2.619447853418543914e-01
-1.914966129783175930e+01 6.791563251214103314e-01
-1.929717372620641669e+01 2.719096542426148733e-01
-1.928646093397868455e+01 2.479955354972366022e-01
-1.931279523342433535e+01 2.277438554178948804e-01
-1.950129975112992398e+01 1.357958364322371381e-01
-1.936235267218876999e+01 8.634639065528865176e-01
-1.929716043989585827e+01 2.719279769348499354e-01
-1.915069984318263607e+01 4.605942920103546223e-01
-1.929738842005217592e+01 2.716301187372409665e-01
-1.930136732814904477e+01 2.679793484276193349e-01
-1.929716179845952340e+01 2.719282021304040287e-01
-1.842530766262591868e+01 9.512014746239123575e-01
-1.929716164831556569e+01 2.719284023511160386e-01
-1.929716169326167119e+01 2.719284212844944038e-01
-1.928003857311751545e+01 2.872031902024883565e-01
-1.846706009263016668e+01 4.184468748931849946e-01
-1.926877260635224687e+01 2.789946661523830529e-01
-1.929716167586511233e+01 2.719282196430238274e-01
-1.924519295610735270e+01 4.379205684008757871e-01
-1.930237393279345781e+01 2.772400048675841000e-01
-1.930319101442261243e+01 2.553554891736299903e-01
-1.929579987568902411e+01 2.745023854003186270e-01
-1.929716211111026425e+01 2.719275904626615170e-01
-1.929433904351885687e+01 2.775387946184977306e-01
-1.930559189935737763e+01 2.581386335452217629e-01
-1.929716173787476663e+01 2.719278738627426972e-01
-1.928142525507673710e+01 7.851140532753713153e-01
-1.941833699613420450e+01 1.104784118928039821e-01
-1.929715459190760640e+01 2.719347451598392307e-01
-1.929716192802735009e+01 2.719289973655346082e-01
-1.915226393428335783e+01 2.694949523777105949e-01
-1.936789169169142966e+01 2.422527868650733163e-01
-1.929716129905428801e+01 2.719274697800159180e-01
-1.929716232684517507e+01 2.719283127833853619e-01
-1.929716211545590099e+01 2.719278109957481426e-01
-1.933823309257660483e+01 1.392187915518890984e-01
-1.929717306536289811e+01 2.719175926685095113e-01
-1.929506605164898048e+01 2.774453429506243962e-01
-1.929713961270962841e+01 2.719533253886570745e-01
-1.915230482639990583e+01 7.125202913540576999e-01
-1.929715016628798452e+01 2.719526009739210437e-01
-1.803319594269471793e+01 1.823035665980677900e-01
-1.919013733219536277e+01 7.212537393760234394e-01
-1.926057464004249908e+01 2.914294433069822832e-01
-1.929716235991049444e+01 2.719276408346706919e-01
-1.929716031318709568e+01 2.719388472102204357e-01
-1.929716293197123989e+01 2.719216028466062696e-01
-1.929716093947683575e+01 2.719558243456830504e-01
-1.929716291205077994e+01 2.719265596487578929e-01
-1.929714975794337661e+01 2.719481400541012839e-01
-1.929715029076155020e+01 2.719450317476377332e-01
-1.929716186542312073e+01 2.719277186233340915e-01
-1.806664802741931908e+01 2.581570370022979732e-01
-1.929716160303694039e+01 2.719280105781566870e-01
-1.929716180391361036e+01 2.719279735698689748e-01
-1.929722695859105741e+01 2.719733993942304306e-01
-1.929714544244418661e+01 2.719641416484196994e-01
-1.921832152236840230e+01 8.575245227624842537e-01
-1.929716227472620815e+01 2.719273727409808883e-01
-1.929720858427339536e+01 2.721235549398215992e-01
-1.929716266808650005e+01 2.719243491353221520e-01
-1.930152578150333653e+01 2.751991198742682609e-01
-1.929691113106293443e+01 2.716566906675959570e-01
-1.929670815370885606e+01 2.730751294856421096e-01
-1.929720232223293053e+01 2.715132675342888935e-01
-1.924441971091914638e+01 4.265099173043847003e-01
-1.929717141722810680e+01 2.719729377458426911e-01
-1.929718724186797019e+01 2.719009853119694897e-01
-1.929772518246640090e+01 2.713778422209837116e-01
-1.939536132469212149e+01 4.182547658771381127e-01
-1.929730573246370895e+01 2.719162486764320485e-01
-1.942543017023423602e+01 2.731465676934696774e-02
-1.929713190108129695e+01 2.718361613815126754e-01
-1.929613107363846680e+01 2.746766916335479092e-01
-1.928200012474814784e+01 2.480887144417656676e-01
-1.925126379096271023e+01 6.428146169099930862e-01
-1.929959143216129291e+01 2.702773936872968075e-01
-1.929716229394588467e+01 2.719275458990852989e-01
-1.929797364014765293e+01 2.733991120605653302e-01
-1.929712990573965214e+01 2.719368080010183264e-01
-1.929710082207207478e+01 2.720298824960220019e-01
-1.939140381623128562e+01 1.875898022278137955e-01
-1.929716132645886617e+01 2.719271015457360718e-01
-1.929872720336275194e+01 2.670300759736688456e-01
-1.929716056700901206e+01 2.719348581169880319e-01
-1.931039275034355285e+01 2.436121837620351671e-01
-1.929328521541159702e+01 2.690168767861116361e-01
-1.929715719698832643e+01 2.719400981944326001e-01
-1.930100713349913377e+01 2.619784093854663487e-01
-1.931200916798034939e+01 2.513591482617049122e-01
-1.914937015844911983e+01 8.437425939114581164e-01
-1.934108429937960594e+01 3.087921981540955318e-01
-1.928656965337556528e+01 2.854517633442828495e-01
-1.929725448070990623e+01 2.717331575569598145e-01
-1.929725445168892861e+01 2.716495404215100162e-01
-1.929715284560857214e+01 2.719456893744441328e-01
-1.929716245653616014e+01 2.719266558708413606e-01
-1.807987711509482054e+01 9.359592015365962858e-01
-1.929734076378823815e+01 2.723100401598944620e-01
-1.932174975197258959e+01 2.413400937965920479e-01
-1.929506773014092857e+01 2.741739549291745126e-01
-1.929661273754998518e+01 2.732147341051804901e-01
-1.929716229568331087e+01 2.719213950800311030e-01
-1.929716457145928743e+01 2.719252520608748114e-01
-1.929716370395215819e+01 2.719258318875003577e-01
-1.929716167662464699e+01 2.719283840955194487e-01
-1.862604894631375529e+01 3.173457284381265286e-01
-1.928028079985569931e+01 2.908963408382039817e-01
-1.929716201143654786e+01 2.719282306495141577e-01
-1.943234509396536325e+01 4.455553230285475702e-02
-1.929716169902245682e+01 2.719285819658052161e-01
-1.929716220274563554e+01 2.719276083160133695e-01
-1.929716382441419498e+01 2.719271300004681979e-01
-1.929677186673747968e+01 2.715593405465906440e-01
-1.929694522692484782e+01 2.725853117013297133e-01
-1.929716154688295404e+01 2.719304163843425104e-01
-1.940440282350778745e+01 1.812615708448372387e-01
-1.904332626505640391e+01 8.420786382548869353e-01
-1.914500244610513491e+01 4.941745693798097472e-01
-1.930354432896160333e+01 2.677162418624485229e-01
-1.929797559035305454e+01 2.665801473860212045e-01
-1.930413828327092673e+01 2.696689680445590320e-01
-1.930041086248468218e+01 2.841158322461294627e-01
-1.929715086772897337e+01 2.719608212831342020e-01
-1.929709542570087066e+01 2.720008627613239582e-01
-1.929728400653980458e+01 2.718238496328525544e-01
-1.934888481861627696e+01 1.912398279931902256e-01
-1.929710069259467176e+01 2.719866602972639824e-01
-1.929737195671455297e+01 2.702062003216075814e-01
-1.929716939864812986e+01 2.719300325996948930e-01
-1.926987388939898338e+01 3.679618443429023555e-01
-1.929108268687310002e+01 3.076309135405659867e-01
-1.929717181856058517e+01 2.719328483480192848e-01
-1.900363159558573045e+01 8.374693532134398488e-01
-1.929720840328920417e+01 2.717960791880108529e-01
-1.929729927828440950e+01 2.720398540865409664e-01
-1.929877448163148301e+01 2.688300076289297236e-01
-1.929715113719052511e+01 2.719382229440541199e-01
-1.929716195095069153e+01 2.719282967908626114e-01
-1.929716179217843575e+01 2.719283100045133406e-01
-1.948051858910969969e+01 1.759567252707689988e-01
-1.929741413588304511e+01 2.758015595443500390e-01
-1.927756724371476338e+01 3.102803068967220357e-01
-1.926705372159765872e+01 3.099991602731240192e-01
-1.918028870318604362e+01 3.257606526290688365e-01
-1.835138122713531317e+01 2.509285344507308224e-01
-1.929414583639083602e+01 2.776955549163684367e-01
-1.929663330956283573e+01 2.730544242387768494e-01
-1.929624981988026633e+01 2.727500507714847866e-01
-1.929680857328091292e+01 2.584763184403112146e-01
-1.925858006025219638e+01 3.795851999370094543e-01
-1.929693857904485554e+01 2.724375585573511338e-01
-1.929066500224836744e+01 2.800239090643319995e-01
-1.930800106180863551e+01 2.712100398761799758e-01
-1.929722033218295252e+01 2.718662095775438714e-01
-1.929714742449897003e+01 2.719481172257754431e-01
-1.929715010849689349e+01 2.719726475187889125e-01
-1.929715926761678801e+01 2.719361660169553052e-01
-1.929393346159763922e+01 2.761661867820404681e-01
-1.929713155770372879e+01 2.719412429091733197e-01
-1.929716256332278590e+01 2.719276450005342904e-01
-1.929716195592028072e+01 2.719280138122977530e-01
-1.929760891445820903e+01 2.724056698665467402e-01
-1.931791257630825953e+01 1.564894840542392918e-01
-1.935203310890164374e+01 1.886823330192397008e-01
-1.929735227985683821e+01 2.715001049347231521e-01
-1.929716218692229646e+01 2.719275234616848058e-01
-1.937605064332243643e+01 1.640957905460688482e-01
-1.929715972645405841e+01 2.719180567097320145e-01
-1.929717362258832836e+01 2.719119577122375842e-01
-1.929716188480096406e+01 2.719278108329530319e-01
-1.925335782523107397e+01 3.420786025872352698e-01
-1.914306105798934254e+01 8.156841882081532491e-01
-1.929716200203168697e+01 2.719275109809814461e-01
-1.867874447971304619e+01 3.748358749240568444e-01
-1.975804089838736743e+01 4.166821706213610366e-01
-1.915964565274321885e+01 6.695070701447689565e-01
-1.931258405215065110e+01 2.556021878719857421e-01
-1.942484112871651547e+01 3.214266655862934030e-01
-1.929894061250513815e+01 2.788261504088446197e-01
-1.929731011828830844e+01 2.728441813405254046e-01
-1.929710093332468190e+01 2.718863947861463459e-01
-1.929716225299860355e+01 2.719284407878709842e-01
-1.929718108621262473e+01 2.718898335076890271e-01
-1.929717842796032201e+01 2.718831711235590309e-01
-1.929716193702556382e+01 2.719280751945584162e-01
-1.929716208228985863e+01 2.719280893164208734e-01
-1.929717053061879639e+01 2.719137540801414565e-01
-1.932339290222445172e+01 1.139400794534823069e-01
-1.924863464590373852e+01 3.519590954428694629e-01
-1.929716283005984323e+01 2.719265045729144514e-01
-1.916601686565951468e+01 6.065555438244233377e-01
-1.929721561424641507e+01 2.719143615002870829e-01
-1.929724938163613857e+01 2.717455245848013901e-01
-1.929722645293623273e+01 2.718504296721075408e-01
-1.929723180310557495e+01 2.718540711949110622e-01
-1.929677909827410787e+01 2.721268015032646814e-01
-1.929718402446300374e+01 2.719114912946618556e-01
-1.929716231608470522e+01 2.719276437772954469e-01
-1.929716223029655353e+01 2.719276518330014381e-01
-1.929738232957981836e+01 2.752377541914731163e-01
-1.920929336075615623e+01 5.749521116282652056e-01
-1.929717614899518807e+01 2.719287299019894077e-01
-1.929718147507300685e+01 2.719275633876172549e-01
-1.921409947872087542e+01 3.790622746916501029e-01
-1.929716761880143849e+01 2.719143075784409280e-01
-1.929716169556394334e+01 2.719286877189144302e-01
-1.904046629444603767e+01 5.677786214768337780e-01
-1.929716573047572581e+01 2.719391350489083758e-01
-1.929716147993782371e+01 2.719295775748125088e-01
-1.929715941055628292e+01 2.719307763193727356e-01
-1.928744606515981630e+01 2.168365079169611853e-01
-1.929770774178804871e+01 2.709846301771732247e-01
-1.934414733786551821e+01 2.299771997690878977e-01
-1.941665844335289748e+01 7.610773942342217990e-02
-1.903545465319118790e+01 5.073462000873353306e-01
-1.930887288337440211e+01 2.448779389042433086e-01
-1.929716012638080613e+01 2.719295523614040366e-01
-1.929717389354841828e+01 2.719282681719902839e-01
-1.929716244060366037e+01 2.719281614150803605e-01
-1.929716237640315413e+01 2.719281447362641990e-01
-1.929716218730202115e+01 2.719279136753131598e-01
-1.929744457598955165e+01 2.699899394379892126e-01
-1.929715770440858691e+01 2.719340345204631637e-01
-1.929716219351742623e+01 2.719275853095056150e-01
-1.929716208399673860e+01 2.719276528820866456e-01
-1.929716215612182140e+01 2.719277936770735926e-01
-1.929716201379161689e+01 2.719275930539892250e-01
-1.929723818049124873e+01 2.718688251409341894e-01
-1.929721159676228126e+01 2.719899955745248010e-01
-1.928638708314230499e+01 2.699947103163051754e-01
-1.929715765373731529e+01 2.719565676771235063e-01
-1.927089304465605935e+01 3.231961980486460217e-01
-1.929715310022854879e+01 2.719377285336495587e-01
-1.929692944385005404e+01 2.722059020919507799e-01
-1.929756306322749992e+01 2.705194697764777834e-01
-1.923013154610026021e+01 4.517680453928112350e-01
-1.929776622531251817e+01 2.745808644450993263e-01
-1.998005510434485643e+01 2.861951360857308835e-01
-1.924803178922004321e+01 8.310630366326545726e-01
-1.929720133415933248e+01 2.718741278704466802e-01
-1.929791791689033076e+01 2.810471955247897946e-01
-1.929800896943897115e+01 2.739569616638404814e-01
-1.935343241463527164e+01 2.360012350038435125e-01
-1.929716041030542684e+01 2.719289484987043037e-01
-1.929689455557641153e+01 2.734448820720319917e-01
-1.928889835047855428e+01 2.899146544026078298e-01
-1.886335387042151979e+01 7.625900559371222576e-01
-1.929698844080185793e+01 2.724285995362493717e-01
-1.929716093422070955e+01 2.719299695336759304e-01
-1.929718465913572345e+01 2.719057517556061065e-01
-1.929714803366167786e+01 2.719382165271507223e-01
-1.929716186530607658e+01 2.719281129664570806e-01
-1.929716179546884547e+01 2.719237724821628177e-01
-1.929716057793713446e+01 2.719302590104752393e-01
-1.929716171968036420e+01 2.719308967170799285e-01
-1.929573060253998662e+01 2.752491931786610890e-01
-1.926528129683831736e+01 3.124406636080779842e-01
-1.929716558964035755e+01 2.719224785946156020e-01
-1.929716565230240377e+01 2.719267263131181500e-01
-1.930388504122759130e+01 2.645737359855292459e-01
-1.926411403709665038e+01 3.223024403490184486e-01
-1.921580874337816525e+01 4.462516957011646856e-01
-1.923532727687812027e+01 2.253180663634456460e-01
-1.903917268393789541e+01 1.422245127067706116e-01
-1.929716132630389680e+01 2.719292078938035928e-01
-1.913942320820851606e+01 5.063233444006658424e-01
-1.929515465610964498e+01 2.753815567246131746e-01
-1.929715392967692722e+01 2.719318012736438028e-01
-1.929716534364566272e+01 2.719738894283380559e-01
-1.929715256512750798e+01 2.719368592570879373e-01
-1.929715309888181451e+01 2.719399795166275724e-01
-1.929712393558217087e+01 2.719272085526988070e-01
-1.929709755850668174e+01 2.719687656198752634e-01
-1.900948059420154124e+01 3.042561250641703241e-01
-1.927388970413407421e+01 2.915098044218684126e-01
-1.929716035018496711e+01 2.719344190884730450e-01
-1.929716128066562320e+01 2.719376700633496791e-01
-1.929617893668871886e+01 2.767000883352468410e-01
-1.929716048757847346e+01 2.719305675416350265e-01
-1.929714595651447340e+01 2.720367937858322316e-01
-1.929705956434458258e+01 2.721147128444157959e-01
-1.926380471163303909e+01 2.468703353235360276e-01
-1.929748085104086286e+01 2.708861960430344329e-01
-1.929883657834441735e+01 2.705766389852264919e-01
-1.928250144004501010e+01 2.950119187251090125e-01
-1.930170009953581456e+01 2.676585852542550659e-01
-1.929753541767192715e+01 2.709386312687870890e-01
-1.927987928863248612e+01 6.612291004145478546e-01
-1.933978899014286057e+01 1.832135968944685334e-01
-1.929288608612723621e+01 2.692815026059517391e-01
-1.929716032012678539e+01 2.719286460142439910e-01
-1.929690042033098862e+01 2.724195223968045032e-01
-1.929710769862818154e+01 2.674830962844873539e-01
-1.929716146534105192e+01 2.719291419849962921e-01
-1.929716156855518250e+01 2.719292551644562628e-01
-1.929709155964355816e+01 2.720455353610782834e-01
-1.929717696506759950e+01 2.719105104731006639e-01
-1.929690091820603826e+01 2.722946804990173941e-01
-1.931400788080677700e+01 2.560570287756536723e-01
-1.929716199900502005e+01 2.719300973736192839e-01
-1.940172755484005052e+01 6.179547169593732070e-01
-1.928920601528726664e+01 2.811311269831839321e-01
-1.929716214969880639e+01 2.719278262891046682e-01
-1.929717776210947378e+01 2.718985925198791342e-01
-1.929717158307714797e+01 2.718959607736767259e-01
-1.929791222796015759e+01 2.698943053854679364e-01
-1.929717417952193514e+01 2.719154643369065538e-01
-1.929716214384711392e+01 2.719273349308838350e-01
-1.929728687175377999e+01 2.719104874530177685e-01
-1.929716180677206339e+01 2.719291298147869518e-01
-1.929716174031107911e+01 2.719261341838714596e-01
-1.929716194933912732e+01 2.719278490848827667e-01
-1.929716146598638460e+01 2.719285165528731452e-01
-1.929477131961488112e+01 2.753204766265260339e-01
-1.929716252004884680e+01 2.719279606826702778e-01
-1.929716328150079718e+01 2.719274256208640272e-01
-1.929716704236615499e+01 2.719286109779361915e-01
-1.929716990613043137e+01 2.719371329638000101e-01
-1.929713921257580367e+01 2.719573568681339926e-01
-1.929714985602383948e+01 2.719427019948709723e-01
-1.929715484484907861e+01 2.719591041531700393e-01
-1.929716171141115666e+01 2.719281408715819581e-01
-1.925362876028383141e+01 3.438770134091468922e-01
-1.930499620090279222e+01 2.611031566717281760e-01
-1.929716167172938412e+01 2.719280270607446481e-01
-1.929716167060174214e+01 2.719283138260789046e-01
-1.929716177098885055e+01 2.719283985266831571e-01
-1.929704946479453298e+01 2.722890866465622617e-01
-1.927030933806112500e+01 3.091150829057699445e-01
-1.929716169016968763e+01 2.719281673883127692e-01
-1.929716195472784435e+01 2.719281673879599404e-01
-1.929726653695298566e+01 2.718226799223200096e-01
-1.927958885562087232e+01 2.996636999733415241e-01
-1.929715284343080484e+01 2.719485691176675712e-01
-1.929727497945159342e+01 2.749054533073131412e-01
-1.929693053139716241e+01 2.723800513089107422e-01
-1.929716059576927378e+01 2.719189225772959406e-01
-1.929714747860649027e+01 2.719641320122295203e-01
-1.929703409325299290e+01 2.720797164279721847e-01
-1.929712569654780552e+01 2.719633321056352804e-01
-1.929715880071859146e+01 2.719360392411063199e-01
-1.929917157670767480e+01 3.670815039785078615e-01
-1.930347346384273521e+01 2.094968688436864290e-01
-1.929812239372682470e+01 2.689436584416401987e-01
-1.929715894990780356e+01 2.719421295238348413e-01
-1.929539182258798746e+01 2.742759915147257033e-01
-1.939613929048897845e+01 3.836539108752622385e-01
-1.820653981042174507e+01 4.648247584057996762e-01
-1.911901192921721915e+01 7.467058658344105648e-01
-1.926757746964884532e+01 3.087063761629552650e-01
-1.932504597627940157e+01 2.619117461744944753e-01
-1.929539870567208126e+01 3.053643355342614552e-01
-1.929692425723813898e+01 2.747866864247965335e-01
-1.946639100479958628e+01 4.017341764663001080e-01
-1.929147687114446441e+01 2.640465163662960579e-01
-1.904271324813579369e+01 6.347204439892522032e-01
-1.929698542494820757e+01 2.718533489621747790e-01
-1.929716213045666606e+01 2.719254607655990363e-01
-1.929716346459625953e+01 2.719255416954395876e-01
-1.922712611906385405e+01 2.588052732790399046e-01
-1.929716107977656137e+01 2.719465412922095759e-01
-1.929716102282410617e+01 2.719291531061264200e-01
-1.929716219395628585e+01 2.719248349890078797e-01
-1.929716119913015859e+01 2.719342586932115835e-01
-1.929715838352845481e+01 2.719387688607275422e-01
-1.929716748616452549e+01 2.719371483714808635e-01
-1.935743720363504039e+01 2.632863056789114808e-01
-1.929720672253964153e+01 2.718802585888692724e-01
-1.940568317499827700e+01 1.586773395449294632e-01
-1.930060670709292481e+01 2.654526583760060121e-01
-1.929435469392986136e+01 2.597386126668743689e-01
-1.929715724164313784e+01 2.719238378176712656e-01
-1.929716991742285259e+01 2.718964494465573867e-01
-1.922312508208310788e+01 4.283214906553091117e-01
-1.929374137914196297e+01 3.275875796068014045e-01
-1.928021932862549548e+01 2.973800472948062712e-01
-1.929716113751763729e+01 2.719249760793878701e-01
-1.928948281440391099e+01 2.695205896902136966e-01
-1.928600328440422729e+01 2.919548958510723713e-01
-1.938153685668079973e+01 2.413520619745539442e-01
-1.932441507037677297e+01 2.344390779097573763e-01
-1.929651683226065373e+01 2.721031572142633692e-01
-1.929716566058797156e+01 2.719248428677905616e-01
-1.929719285625701986e+01 2.719147542588405408e-01
-1.949405882340533225e+01 3.444330940427131060e-01
-1.930580503677907345e+01 2.506516190609267003e-01
-1.929716132034612386e+01 2.719283241637828197e-01
-1.929716129547700021e+01 2.719287018536999945e-01
-1.878516629325392984e+01 4.202887525950598779e-01
-1.929715984442514198e+01 2.719294903545090847e-01
-1.945588714996200963e+01 3.657000520510630959e-02
-1.923104202754949910e+01 3.308386476490385308e-01
-1.930262962119470416e+01 2.655419606174468927e-01
-1.929586997066449783e+01 2.738771715711258437e-01
-1.929645482168260529e+01 2.722609018824944105e-01
-1.929712446122654868e+01 2.719812221397907015e-01
-1.929723471364681586e+01 2.718035008873950220e-01
-1.929819335978688599e+01 2.734760303386991609e-01
-1.929716696951381394e+01 2.719103982299887479e-01
-1.929717122078307057e+01 2.719149774155873445e-01
-1.929697736881652048e+01 2.719871192830722317e-01
-1.929716184022124992e+01 2.719281459316284510e-01
-1.929716240023553908e+01 2.719271702523280432e-01
-1.929716212982003043e+01 2.719275024681240271e-01
-1.929716229247886972e+01 2.719275768115259617e-01
-1.931261041081089047e+01 2.504623424149257094e-01
-1.929716229349152101e+01 2.719274594672987932e-01
-1.929715897617993647e+01 2.719415265127187453e-01
-1.929716189917247959e+01 2.719282201765617635e-01
-1.929717641576293019e+01 2.719539517601977097e-01
-1.929716245123218243e+01 2.719281456689474630e-01
-1.929716169900780542e+01 2.719476325855366694e-01
