-1.899375552587150651e+01 3.076160643153500462e-01 -8.923434464203398031e-01
-1.888456199944880254e+01 2.365520084445940086e-01 6.413912116246507367e-01
-1.914817481751689598e+01 3.743215998525357691e-01 -5.861257188679367403e-01
-1.885587109066051070e+01 9.210201888181400731e-01 2.097936171642675873e-01
-1.911159811851580770e+01 7.584314949591721700e-01 -3.716649244359540027e-01
-1.954563622153727209e+01 2.465244016620165568e-01 2.464147961914484597e-01
-1.920974903253059907e+01 4.153840941780522766e-01 1.159308163378103274e-02
-1.910956359546096905e+01 6.200201046076421196e-01 8.079147920334830424e-01
-1.913216141432807760e+01 7.604557127886325540e-01 1.634349546731332925e-01
-1.934169895080339430e+01 3.151121781348598105e-01 2.880533238583651290e-01
-1.935566056804661983e+01 5.686293995423824521e-01 -2.637049755337921297e-01
-1.954380872280418302e+01 8.887169318539527296e-01 -3.881060904317789051e-01
-1.892982942867499929e+01 6.614687790835918069e-01 1.565515663940166835e-01
-1.919195915230394434e+01 4.604257693716313771e-01 7.740709253913997667e-01
-1.942724389447007383e+01 2.324345609956509906e-01 -1.910747272960222620e-02
-1.922380209820967778e+01 4.250868563768284702e-01 -9.651493924393257373e-01
-1.928782826765518266e+01 3.928128621033282197e-01 1.428251978212127238e-01
-1.917041622158705749e+01 5.051383012538825934e-01 -9.012663137165934923e-01
-1.921427226193321403e+01 4.346398728587521076e-01 1.934421992455395145e-01
-1.941974995820188354e+01 2.390796080061247386e-01 9.176268569060841429e-03
-1.927828019899290624e+01 3.748201225881410692e-01 -9.002367654496779004e-02
-1.929029038554590159e+01 3.595569129732673064e-01 1.763913063647246648e-01
-1.916933264219743194e+01 4.581963741023983849e-01 -1.003615342614267991e-01
-1.926267247764823765e+01 4.180794842326579497e-01 4.838991201207278881e-01
-1.927975091679206798e+01 3.728820374495847023e-01 -1.839831998288563586e-01
-1.928699689512526305e+01 3.632585697777789835e-01 2.105939015648683466e-01
-1.908100271961243166e+01 5.731029892178414187e-01 1.339086340534922925e-02
-1.925958138731483871e+01 3.898259514503353285e-01 1.614698853060474448e-01
-1.926994391486996605e+01 3.938588016995139829e-01 5.094337354191482703e-01
-1.928243579704622235e+01 3.463549794706216045e-01 -3.901540861917740521e-03
-1.927737628238551792e+01 3.647007540894008915e-01 -9.743499632617802497e-02
-1.928095849528847339e+01 3.661903805842370296e-01 1.473218386543757585e-01
-1.926082341707347823e+01 3.900427524780914479e-01 3.050579474809407277e-01
-1.917192480169069313e+01 5.011204664478989823e-01 8.396792616072938920e-01
-1.920157567265535903e+01 4.683172920670567452e-01 2.969915793785860014e-01
-1.925435457004479645e+01 4.172972038091609659e-01 7.865056066052784622e-01
-1.933248963958088495e+01 3.435357776913809946e-01 8.372800705380010200e-01
-1.884604717263426821e+01 9.706855413239274810e-01 -8.409077614496878184e-01
-1.926610419548411102e+01 3.953552395271479614e-01 4.594098713072749529e-01
-1.925678581548097057e+01 4.243518267627874874e-01 -9.990271503497243355e-01
-1.927282177536942598e+01 3.879020588704122918e-01 -5.528715598403947107e-01
-1.928113193230461064e+01 3.551286867644413148e-01 2.840037265394661503e-01
-1.928544361008540164e+01 3.489413150003721209e-01 -2.460496793067956656e-02
-1.928973933722937417e+01 3.502528378786003427e-01 3.141312641281723828e-02
-1.922581469695814960e+01 5.766485104158912689e-01 6.777705584531887872e-01
-1.927956675754930771e+01 3.832800298449929310e-01 -1.900947601226994355e-01
-1.926384026063758270e+01 4.383950460853763831e-01 -7.706473174981987029e-01
-1.950138841492882946e+01 7.669229169300253446e-01 6.474695948023589942e-01
-1.927030076234634848e+01 3.841778931884753945e-01 2.295442584802689368e-01
-1.894342296339254261e+01 3.700233478806795873e-01 2.812390358373786370e-01
-1.928036746424811554e+01 4.976186907293635442e-01 7.205087634898550419e-01
-1.927827743232861835e+01 3.760135520121007935e-01 -3.165647253584112919e-01
-1.924652208167654877e+01 4.280847658954093915e-01 -6.049870606686545971e-01
-1.928285268525768004e+01 3.608818330215469716e-01 4.011974085898373232e-02
-1.929284918635023871e+01 3.406925584336059076e-01 -7.460922669948910624e-03
-1.927928176669464477e+01 3.880099940048496454e-01 4.218473532826587657e-01
-1.927291553200728202e+01 3.773918022963669294e-01 1.683027544872885972e-01
-1.927275399816642221e+01 3.779860621955362654e-01 -2.497194325999210207e-01
-1.927761008363317430e+01 3.863988528744444206e-01 3.228655491867404859e-01
-1.929463455290172647e+01 3.806783807893592275e-01 5.476673265034117666e-01
-1.927208858227826838e+01 3.866981150556085267e-01 -2.414699428409243787e-01
-1.930301877264002641e+01 3.741044466280447067e-01 9.382202475380796436e-02
-1.925204780133813287e+01 4.172080496033552799e-01 -8.508785140558501325e-01
-1.927032768869340273e+01 4.044179485831247978e-01 -9.232254539979383168e-01
-1.927010623347024065e+01 3.948491719258955812e-01 -6.987197297046062738e-01
-1.930633990478975548e+01 3.869430863084443173e-01 4.559081487031928503e-01
-1.929923504119004107e+01 3.871680641795869349e-01 7.520755818523960912e-01
-1.926306032558823489e+01 3.687835787949528266e-01 6.041531908390851413e-02
-1.914859433252861365e+01 4.781432462927061033e-01 1.137201289919733682e-01
-1.928567034441107708e+01 3.582095438223760198e-01 -1.164620809652175959e-01
-1.878673448036102656e+01 5.066440687883468907e-01 -1.782854217122266105e-01
-1.911956828902897598e+01 5.586860585795694334e-01 3.973603344985283670e-01
-1.902248027080182169e+01 9.670072709746713180e-01 6.178660861201756838e-01
-1.909200748372596479e+01 5.983312452385513014e-01 -9.966336958459258710e-01
-1.928176724236180917e+01 4.167317085924604481e-01 -7.538515819776598903e-01
-1.920838159257219147e+01 4.271694103413671839e-01 6.310367652135653316e-01
-1.937546100055713794e+01 3.865864486487950447e-01 -6.872898428464960796e-01
-1.922631559160705805e+01 4.567370769169913913e-01 7.667350581141523236e-01
-1.928402889979464518e+01 3.493591235438438525e-01 -1.483932564725320979e-02
-1.928267489191438244e+01 3.548408059770081779e-01 -5.407993495364227243e-02
-1.901020338553818334e+01 6.286595120037239415e-01 -9.840156433487765586e-01
-1.928658166318715317e+01 3.459726978645227824e-01 8.616406269810195084e-03
-1.927428275522395396e+01 3.772245360844616591e-01 4.446204130626343343e-01
-1.927807572501701827e+01 3.622437163966507612e-01 -5.453192855404631612e-02
-1.926786002259969877e+01 3.769308181726150342e-01 -1.321831090392512342e-01
-1.928448611557007553e+01 3.704729221016203056e-01 -1.825158154202908278e-01
-1.926583492614633286e+01 3.688685256051906780e-01 1.527572716401714992e-01
-1.927566199685274384e+01 3.487718014046928272e-01 2.627400928281842241e-03
-1.928476581654769006e+01 3.732629983409859187e-01 2.719387737631144830e-01
-1.927514327208247735e+01 3.664016478197758553e-01 -6.743879390479723401e-02
-1.928495951221426097e+01 3.490758441105298870e-01 1.213039440207408504e-02
-1.927993289839966096e+01 3.773429104505285347e-01 -2.587376075411391696e-01
-1.928518056665953395e+01 3.485059440055470192e-01 1.200833717211113871e-02
-1.929111832034810803e+01 3.420484526144871862e-01 -7.549382452464503679e-03
-1.929139441838588453e+01 3.436478914858395739e-01 -8.999879156636914068e-03
-1.928920955824986549e+01 3.445451110082806689e-01 7.612539006515151030e-03
-1.928130291241369676e+01 3.696222460517916142e-01 -1.340017952124448186e-01
-1.928289875344100679e+01 3.484307493137768774e-01 -6.930307656046408304e-03
-1.954039192929467106e+01 4.937172163012704118e-01 6.619344423697448576e-01
-1.928231370025318370e+01 3.686426656359959586e-01 -2.027496790836821328e-01
-1.931131343830352876e+01 3.343102161579995513e-01 -1.308790475398502462e-01
-1.932384869783869519e+01 3.429432670688090656e-01 6.068376460275564099e-01
-1.928454785828172291e+01 3.500602325851263075e-01 2.264930041151713702e-02
-1.928363705366312431e+01 3.537730311870146416e-01 3.528353458410360410e-02
-1.926661289125497944e+01 3.860249297136361668e-01 -2.467026765520922149e-01
-1.927689028826616635e+01 3.938273055762634978e-01 -4.836034756014222502e-01
-1.927584902514461618e+01 3.923539502604501128e-01 6.474635255693081959e-01
-1.970367408361335038e+01 1.095588747918760236e-01 -3.898652453402773332e-01
-1.927586871657233658e+01 3.602043018428265353e-01 -4.849828577123527218e-02
-1.926937265644647823e+01 3.970388509239052288e-01 -5.893924575952346201e-01
-1.923375601241040656e+01 3.959664690630971817e-01 -2.231143556823820262e-01
-1.921022219294119537e+01 4.315049443624001668e-01 -6.085976694685107935e-01
-1.928157958839332053e+01 3.506367766701674604e-01 3.734643011728944195e-02
-1.928838425561782799e+01 3.398447118242384213e-01 2.425132341473235087e-03
-1.928107474988881975e+01 3.583444612338768653e-01 -6.617535727290957404e-02
-1.928655099107449544e+01 3.590739053533096858e-01 -1.249766962227981670e-01
-1.934460260755677652e+01 6.689488855316472193e-01 4.503089162163662618e-01
-1.928236279087719396e+01 3.540376309891993811e-01 2.721148710961340811e-02
-1.928805645281848058e+01 3.401229065252366346e-01 2.078474666497243106e-03
-1.928080789656019078e+01 3.627999397973963869e-01 -7.162906376917543838e-02
-1.927161160352405034e+01 3.962888914880106639e-01 2.999629046589653569e-01
-1.927243780787494032e+01 3.756027735286962543e-01 1.670012350453646821e-01
-1.929002438553006726e+01 3.383548113561991033e-01 1.967767945423304354e-03
-1.928456833701544326e+01 3.470274869508800930e-01 1.085172083090224504e-02
-1.927166749359205866e+01 3.706707222063209684e-01 -1.535908547145341529e-01
-1.928523429182931181e+01 3.485675243657635480e-01 -9.575944012259363092e-03
-1.928790140808199638e+01 3.548212031969497637e-01 5.886473930144187072e-02
-1.929168375300184124e+01 3.590805921409619406e-01 -9.497902557427373438e-02
-1.928116486579169475e+01 3.648517195271854252e-01 6.661431003451490085e-02
-1.927262690026428871e+01 3.696685537523360932e-01 5.425351902091724021e-02
-1.927258771936179826e+01 3.672412258925856210e-01 7.801558583222312215e-02
-1.927567296560804877e+01 3.556011178574164933e-01 -2.040275315886952434e-02
-1.928340588903168396e+01 3.681286945802464405e-01 -1.524731609107317087e-01
-1.929089892864203293e+01 3.344375055230686677e-01 -7.395424399816441507e-04
-1.928424244913870211e+01 3.563199533527654506e-01 -2.301860766333352348e-02
-1.928640096277549887e+01 3.507183821744711549e-01 -3.177897888779568358e-02
-1.928364203179310721e+01 3.533250598352000726e-01 1.533218498725741341e-02
-1.928656603200831654e+01 3.489073555785821568e-01 1.991833681423926805e-02
-1.927936871291571208e+01 3.591482754352083862e-01 -2.984119308302113360e-02
-1.929061086250996837e+01 3.728307798918126803e-01 -9.471719418804714907e-01
-1.927378295688801302e+01 3.582489324894349569e-01 -2.287066904542522927e-02
-1.925448905602324245e+01 4.076587841247468758e-01 3.214022686438486875e-01
-1.929276999447339591e+01 3.811210165597340715e-01 6.330060865731914621e-01
-1.928886159029923064e+01 3.350086553937683953e-01 -4.734824266987569530e-04
-1.927641837450514117e+01 3.879050839218186608e-01 6.584147363673436004e-01
-1.928678935228234081e+01 3.431272600821717034e-01 4.532262830667210807e-03
-1.928651960999681236e+01 3.437030309340138867e-01 5.389131396942081764e-03
-1.882399685458872085e+01 4.566047628218131149e-01 -1.762663614436045245e-01
-1.928842117892381935e+01 3.427828133619838513e-01 9.365297104902969849e-03
-1.924931181889112608e+01 4.127023576320452136e-01 -3.410053133589703300e-01
-1.921575381094681134e+01 2.605437459122278421e-01 -4.970277925629318361e-02
-1.929162523593665313e+01 3.320921440476147790e-01 -3.140206364483644208e-04
-1.929092434585638927e+01 3.420956194698427932e-01 6.890001846341142766e-03
-1.929174823199393529e+01 3.319854236348083187e-01 -3.655794309314064350e-04
-1.835201415550197979e+01 5.451991206609777540e-01 4.471009035462563119e-01
-1.927037747717758975e+01 3.746097168310051351e-01 -1.366001940715564356e-01
-1.928726053063179080e+01 3.423594101647449151e-01 -5.342571543270446810e-03
-1.927667832853265040e+01 3.736517635986629227e-01 1.730254310634400383e-01
-1.928802655917908382e+01 3.436613087051681448e-01 -5.372134718688359456e-03
-1.929102276721687659e+01 3.285681541910056014e-01 -4.114714368097516228e-05
-1.927122239393722936e+01 3.962043400772377599e-01 5.835632535732906412e-01
-1.928842311787031250e+01 3.398880749801217460e-01 2.536286162542644718e-03
-1.945423795048651172e+01 3.130700975815943754e-01 -3.034948286617781266e-01
-1.941040539271909893e+01 3.584646577523653010e-01 -5.036697576884476835e-01
-1.928489018042095893e+01 3.574830833686560849e-01 -5.427304116798836731e-02
-1.929128282910923886e+01 3.290059517653193266e-01 6.387535318852499699e-05
-1.926824252878859056e+01 3.998822611998778531e-01 -8.037678831306660499e-01
-1.928747941440430225e+01 3.402726921607874822e-01 1.992170058646713926e-03
-1.928381927191563960e+01 5.584410119937983641e-01 -6.736180315147234365e-01
-1.928727615077786339e+01 3.401119500978642685e-01 2.240443398761282623e-03
-1.928986763647750635e+01 3.294456962395808097e-01 -5.428506536686583672e-05
-1.929139039123701593e+01 3.289654443132992157e-01 5.590080168005329142e-05
-1.919560549326118704e+01 4.676642410713215958e-01 7.474709280500728692e-01
-1.925816812435066439e+01 3.982699316194669992e-01 -5.426206165204463527e-01
-1.944648266334896292e+01 2.146296249307642345e-01 2.368380978310651308e-01
-1.901286530426528287e+01 5.689482921652625480e-01 7.333078635317131777e-01
-1.926565683023298803e+01 3.997968777479909974e-01 -4.114976292192435992e-01
-1.927722872261237441e+01 3.599629319705104358e-01 6.312970723873458923e-01
-1.927265636143924965e+01 4.011141061854761602e-01 6.982836849544495905e-01
-1.929105733141183165e+01 3.272178364676389117e-01 -2.421149542819467371e-05
-1.925423768256510115e+01 4.001868389705021123e-01 -6.121687998597050706e-01
-1.928855999456861525e+01 3.389838590513883920e-01 1.882586802236962953e-03
-1.929156551244997431e+01 3.273161734453479688e-01 3.473006318532867454e-05
-1.881223714331962071e+01 9.982990402060136770e-01 7.320639005759073115e-01
-1.924077612262907522e+01 3.558194850426138478e-01 -8.199831692683456907e-04
-1.920703477007928228e+01 3.965674769352205975e-01 -8.396202704433415320e-01
-1.926367156646093193e+01 3.909606816153987641e-01 -3.706568773547740392e-01
-1.925954885523733395e+01 3.957583771658380045e-01 4.983783075155012732e-01
-1.928764393760427254e+01 3.608986433776041891e-01 1.339860991673429425e-01
-1.929149863887988303e+01 3.288380310635905523e-01 -6.981124416138850819e-05
-1.929196458970892181e+01 3.282389896820244179e-01 -6.543912389644912508e-05
-1.927101866632607141e+01 3.753258409494301118e-01 -9.654586440355683585e-02
-1.982175952625432203e+01 1.983326648609912146e-01 2.633886371953386707e-01
-1.943601680774765228e+01 2.065838233891086340e-01 -9.637548612160207195e-02
-1.886312560834454999e+01 9.426816478470048111e-01 -1.440134470035601133e-01
-1.928881113818844284e+01 3.382161514797148438e-01 1.847364912129334513e-03
-1.906434716887452652e+01 6.411707821499527116e-01 -4.266534243101343105e-01
-1.929272012887149046e+01 3.299108287986617372e-01 1.923296227956949878e-04
-1.928888781281091624e+01 3.369279788669943265e-01 1.102530285926217601e-03
-1.929145429112240251e+01 3.306788038074374159e-01 -1.461054122217086970e-04
-1.930801291073652237e+01 3.582895583935659101e-01 9.704892931496629238e-01
-1.928920661571342876e+01 3.368422122169285049e-01 1.056390966746700855e-03
-1.929100549087075933e+01 3.366230103941120211e-01 -1.621744386420043149e-03
-1.929091726815387631e+01 3.371251418789231180e-01 -1.491462923022823794e-03
-1.928848375197431508e+01 3.384824040695947334e-01 1.543454681352862679e-03
-1.928808103710415267e+01 3.384029530644464545e-01 1.397346502603147300e-03
-1.928942344204086012e+01 3.365984777121895366e-01 -1.053553272445717504e-03
-1.928545220147075767e+01 3.581030395626267904e-01 6.167200718792309466e-02
-1.929129086122827275e+01 3.306297631543519966e-01 1.166471920559519759e-04
-1.929364567146319231e+01 3.481556043950637114e-01 -2.546716880336352684e-02
-1.928928284372979718e+01 3.357051589226560662e-01 -7.975543476798074849e-04
-1.928935358925505739e+01 3.357732171317410197e-01 -8.322719914799492358e-04
-1.929160718391080920e+01 3.301116489943319854e-01 1.314651948869371978e-04
-1.929022662644970154e+01 3.365144971729077117e-01 -1.309121194499662799e-03
-1.929061364317569982e+01 3.298248858957565366e-01 -7.427026501050093543e-05
-1.928927555748108702e+01 3.371107650656538501e-01 -1.014710282740582947e-03
-1.888554798441748872e+01 7.136152726698652415e-03 -1.405844930311717089e-02
-1.929120872487360572e+01 3.297186125666108358e-01 -9.684683030675156346e-05
-1.922252813556991313e+01 4.342978841784866928e-01 1.593626048212504198e-01
-1.928918628279848235e+01 3.351993848131832321e-01 -5.975427757448636967e-04
-1.936488359411919191e+01 4.618274010766386106e-01 -1.653398551005513806e-01
-1.928910994185210370e+01 3.371628288638248150e-01 1.359748313847664036e-03
-1.928118769622989959e+01 3.825479090249013225e-01 -4.035569691035036932e-01
-1.928605320435356418e+01 3.627354581905596898e-01 9.827672478758731067e-02
-1.928560017314775266e+01 3.582966621636716753e-01 5.872003661935276675e-02
-1.926091566298398305e+01 3.897444923061332278e-01 3.763136171477463598e-01
-1.929002612951727258e+01 3.349020002148198061e-01 -6.063687580439847125e-04
-1.929182708796052026e+01 3.280030627976949775e-01 -4.945460695260361916e-05
-1.928312019103949027e+01 3.561622936687058316e-01 -3.611184446904047718e-02
-1.929217668244209349e+01 3.277056835029381054e-01 -5.194141896402992842e-05
-1.928134859712760729e+01 3.587042482779304597e-01 5.891743108914604399e-02
-1.928996210082284790e+01 3.343901473761480281e-01 -5.153379825940662684e-04
-1.929059437033368241e+01 3.335572500365340809e-01 -4.662682336883383627e-04
-1.929200264381942986e+01 3.279160400679508314e-01 -4.615849551092843228e-05
-1.928974678147384125e+01 3.338207629323590719e-01 -4.775960139735691001e-04
-1.941829254181626041e+01 2.996849567750959897e-01 -7.926841194745487540e-01
-1.929048168087430781e+01 3.336690501480295001e-01 4.377301141693656916e-04
-1.959545957111444991e+01 8.763575824769755940e-01 8.406237477306888195e-02
-1.929136355311051787e+01 3.335079193494655536e-01 5.421493145598699215e-04
-1.929132068056034299e+01 3.331904252912485376e-01 5.520083683927534679e-04
-1.929062812894684242e+01 3.337503775152622643e-01 -4.900112281653878910e-04
-1.929073912595716678e+01 3.330159168804049941e-01 -4.151813880898247433e-04
-1.918973500633539331e+01 4.555899155484559038e-01 5.753156188400487814e-01
-1.929068139158661310e+01 3.327882115670896535e-01 3.168140777722872059e-04
-1.929084076776127077e+01 3.321862084370495460e-01 2.858560643417273894e-04
-1.933379363804074913e+01 3.262585363789144988e-01 -1.823085352269253612e-01
-1.929254764904285935e+01 3.278017506074761833e-01 -7.044163557445859425e-05
-1.928916558760168698e+01 3.334110446004576733e-01 2.633661986095603424e-04
-1.929490311812864789e+01 3.686125401383157918e-01 -3.363898036506565159e-01
-1.929304532848646758e+01 3.266872419107476055e-01 -3.740737553115103253e-05
-1.928919706514324872e+01 3.621950145035099378e-01 -1.122386784841138407e-01
-1.929020561764681219e+01 3.337564191419671866e-01 4.776445556498032374e-04
-1.929008743056642672e+01 3.340878436589920231e-01 -4.538949200891817526e-04
-1.929153764088592382e+01 3.272840093798707328e-01 2.283221314636207921e-05
-1.929223555411277502e+01 3.269429092152006944e-01 -3.120103872256141386e-05
-1.921039170892544590e+01 4.127992645094116786e-01 -3.100122593904455215e-01
-1.928978309593603413e+01 3.315846194669289093e-01 1.285385725835475057e-04
-1.928898638387387621e+01 3.345434335083452559e-01 4.747958134057039814e-04
-1.929088150029720694e+01 3.284043957040936323e-01 -3.813295352739221045e-05
-1.926913619520373189e+01 3.707010614471528132e-01 3.130862843621451397e-02
-1.929053527364839482e+01 3.301506210089094617e-01 -9.337347881288593499e-05
-1.929051445833662015e+01 3.302636825765331019e-01 -1.063760771604638222e-04
-1.927626014265392485e+01 3.569077821646169379e-01 3.263690912566996616e-02
-1.929161583284940917e+01 3.282726909573513430e-01 -5.061674197148757770e-05
-1.929154936874411419e+01 3.285818918403227151e-01 -6.290764511940327708e-05
-1.926213069596089866e+01 3.844782263126937938e-01 1.302197476264299603e-01
-1.926698457343078630e+01 3.819904867773538104e-01 -1.584013019723540250e-01
-1.927971195493507395e+01 3.607040816074588152e-01 5.514703867737691390e-02
-1.929228172861720125e+01 3.309873569313816488e-01 -2.804629478523334996e-04
-1.929480959649150762e+01 3.267244537569878871e-01 9.320220673370016584e-05
-1.947789278579366368e+01 2.884697109597696429e-01 7.601435235845865890e-01
-1.929186211132431694e+01 3.283036605677555619e-01 -6.333435440031287555e-05
-1.929285356686178332e+01 3.302330155018671221e-01 -2.235669756068814351e-04
-1.953105261200562737e+01 6.456539004811613358e-01 -3.877484459800786265e-01
-1.929261920292666943e+01 3.292600825181255519e-01 -1.464827626623810275e-04
-1.929222104010684546e+01 3.292441771894087932e-01 -1.413496919164813903e-04
-1.929608483095283233e+01 3.259565403406119444e-01 1.060206963103826894e-04
-1.929470465454482664e+01 3.267451705595155742e-01 -5.259000568536009723e-05
-1.929263827174326806e+01 3.272406716455738551e-01 3.922792481492187733e-05
-1.929232069879689959e+01 3.273300920411991721e-01 4.576705082426357762e-05
-1.929196989135150986e+01 3.275210331995772606e-01 4.392404244724090745e-05
-1.929174125420988517e+01 3.283882836127037796e-01 -5.445286522864911660e-05
-1.927130269027386333e+01 3.680628463192833766e-01 5.635159760697638909e-02
-1.928012408543122902e+01 3.622220656793876392e-01 -5.139552719877626963e-02
-1.929278914729729166e+01 3.297261797122024163e-01 1.686180119031543967e-04
-1.931298865457865688e+01 3.459442791432881248e-01 -3.097746044000566634e-01
-1.929180513750102577e+01 3.270738543409740240e-01 -2.323201320197920694e-05
-1.928445865779650248e+01 3.843362214868151772e-01 -8.071875887155625096e-01
-1.929382276921687023e+01 3.272832704278364480e-01 -1.008801942353754200e-04
-1.929299679174305027e+01 3.314205352938429106e-01 -4.652966203547714841e-04
-1.929139196829119740e+01 3.321102854403639726e-01 -3.427565373548269179e-04
-1.920336794989004758e+01 4.794495902496767048e-01 -1.985281493697153010e-01
-1.929083821164163126e+01 3.281881778645214798e-01 -4.192403651381848562e-05
-1.932232869742657400e+01 4.011828101086988285e-01 4.747034455472223247e-01
-1.928497307787124271e+01 3.491101894709871534e-01 1.415561805640197512e-02
-1.969735099785559385e+01 1.272175221627023234e-01 2.315521142033172275e-01
-1.928745854734096810e+01 3.455550045205146303e-01 1.028933949475319132e-02
-1.929257849736427488e+01 3.262180893816962191e-01 2.322208344129883528e-05
-1.929003771241858090e+01 3.326814265898549450e-01 3.086623906431995579e-04
-1.929184705740478023e+01 3.302782855344370549e-01 -2.345871800590870748e-04
-1.929201923181240375e+01 3.297526122253237046e-01 -1.742033523546293594e-04
-1.929271125775833795e+01 3.290227328902754489e-01 -1.538124123071638039e-04
-1.929257497361468054e+01 3.301969895561454593e-01 -2.126835373147395458e-04
-1.928711575619174212e+01 3.402488890149419909e-01 1.863054116660212145e-03
-1.929195355429595438e+01 3.302194443874154062e-01 -1.474569300942141226e-04
-1.928713735894137926e+01 3.402720360936037913e-01 2.180190132032633343e-03
-1.928895730072203207e+01 3.319729710240679754e-01 1.471788725879719095e-04
-1.928632651029216660e+01 3.397472059282868884e-01 1.785672374644553528e-03
-1.928945573886349152e+01 3.317635864380630295e-01 1.513265174497568921e-04
-1.929245190679888466e+01 3.269492616786085493e-01 -3.677234446264332490e-05
-1.929068717257235477e+01 3.289981312649022938e-01 -5.911412044046215897e-05
-1.927893935816888416e+01 3.576168629389656628e-01 5.467735669492324035e-02
-1.929234331204724739e+01 3.271096846647317258e-01 4.216304083692890003e-05
-1.927860335282940341e+01 3.601430626950586911e-01 -4.793498354882386181e-02
-1.927290917204494392e+01 3.645894526263082080e-01 -3.079798819378853914e-02
-1.929148309154661334e+01 3.280548541464088919e-01 -3.657116280597616509e-05
-1.929296820292399772e+01 3.278010036570843666e-01 6.220777960797008177e-05
-1.929008189799100847e+01 3.338928329307608855e-01 -4.755849471008710694e-04
-1.929205109668701468e+01 3.287862369918047034e-01 -8.975940271671589699e-05
-1.929131924667284892e+01 3.282798630885711555e-01 5.036278263981230907e-05
-1.928026452342934505e+01 3.704460197185736048e-01 6.175497993355527626e-01
-1.929114969546838410e+01 3.369369205032776704e-01 2.179931290340997307e-03
-1.929116824726433421e+01 3.273121243548604009e-01 2.054271753482161955e-05
-1.929181232134995483e+01 3.387913073528999730e-01 4.247722704982415109e-03
-1.912938734345665281e+01 9.973723522460696822e-01 -6.033756031480250748e-01
-1.929506476253673242e+01 3.281673708807209544e-01 1.807120935417572127e-04
-1.929259141247506193e+01 3.260189649278912305e-01 -2.442175855721373523e-05
-1.929412423731775661e+01 3.277771012908529680e-01 -1.320779427329554778e-04
-1.928936467412664513e+01 3.374633879878053966e-01 -1.236072310345392999e-03
-1.929273662338388107e+01 3.269903560131234288e-01 -3.418000090482653519e-05
-1.929205136937660825e+01 3.395438632031400061e-01 -2.830565754553981961e-03
-1.929332252918815627e+01 3.277452180932010073e-01 9.023621725456898446e-05
-1.929387862094438688e+01 3.249729471309969475e-01 -2.236529724630731408e-05
-1.929371913480400380e+01 3.249520601275369680e-01 -1.943890113509372242e-05
-1.929228280674631435e+01 3.292813167270533525e-01 1.077984212767280070e-04
-1.929420580302878463e+01 3.247205921296616449e-01 -1.617436486023304809e-05
-1.929398195294296414e+01 3.236612714967982418e-01 1.274228576564340187e-05
-1.929197070453715313e+01 3.239912612141654935e-01 -2.577422691718567194e-06
-1.929139768847351988e+01 3.301618748627146993e-01 -1.513640838300966962e-04
-1.929130445325982990e+01 3.251661166319096963e-01 -7.055755867346746868e-06
-1.929272322565664766e+01 3.275409216619627473e-01 5.624459728648112389e-05
-1.926963698598417452e+01 3.897781069797195963e-01 3.247602676569556479e-01
-1.929290183812936377e+01 3.246294577143977178e-01 5.940797562775657070e-06
-1.929516151674045688e+01 3.234697460668216618e-01 5.980008520145574380e-06
-1.929335691836510946e+01 3.245685671648030346e-01 9.498703284149812021e-06
-1.929297897661178141e+01 3.257853107824318917e-01 1.964434135337533860e-05
-1.925452879500015158e+01 4.070823692501617241e-01 1.196521951974141018e-01
-1.971651982381476387e+01 9.746359223062375787e-02 8.304081918313936939e-01
-1.953264728183964394e+01 4.797565130349294438e-01 2.108022549880583796e-01
-1.929340013699272305e+01 3.348178724175367438e-01 -1.301191194319040179e-03
-1.929226117651699468e+01 3.242595663898047986e-01 -3.323744578342946454e-06
-1.929442242543281338e+01 3.659295813667245989e-01 2.249889510391505087e-01
-1.942159163772011965e+01 2.645746779283018602e-01 -9.167509100083126583e-02
-1.924030025929939214e+01 4.313172901781811008e-01 7.788943945948618719e-01
-1.929110226380109694e+01 3.360854441692949224e-01 -1.319390966852740377e-03
-1.929151905264904343e+01 3.261131119445921378e-01 -1.403202535643632842e-05
-1.927163896873983262e+01 3.852000732453010889e-01 3.488388794678649596e-01
-1.930673984977657298e+01 3.844984549320884515e-01 -6.375986479630204595e-01
-1.929485551660608778e+01 3.247738219454666120e-01 1.605949633565195711e-05
-1.928839667605287644e+01 3.411401219097209836e-01 -4.063399620247376554e-03
-1.929309984601947292e+01 3.304943720732424484e-01 5.453254584082412038e-04
-1.929255241897116591e+01 3.243750668253836400e-01 -6.604694281486800378e-06
-1.922999898417853970e+01 2.161072515706449065e-02 -2.031109569506293067e-01
-1.929444134453542503e+01 3.220059869820826592e-01 3.345283540401311484e-06
-1.929207242802763744e+01 3.307028238692506505e-01 2.259345970048176611e-04
-1.929251359238486785e+01 3.309780559368255548e-01 2.793696619045604734e-04
-1.920338171558164575e+01 4.525355145316472538e-01 3.572100132972426678e-01
-1.929311331855973322e+01 3.297223081800580435e-01 -2.658845194445369486e-04
-1.928460899823513941e+01 3.532174926872003740e-01 6.910991961674084472e-02
-1.929563775955365301e+01 3.228516639481104900e-01 1.106083884505615345e-05
-1.929468379140840639e+01 3.232319317583400298e-01 1.136546799362925242e-05
-1.928200224849149791e+01 3.606517384586672703e-01 -1.369230501952714008e-01
-1.929428475880807170e+01 3.236409854770916361e-01 7.298684081114004130e-06
-1.917314854549063696e+01 4.853951742843497508e-01 -5.871939868294565601e-01
-1.926019315739678461e+01 4.096298857846818464e-01 9.679753699641764353e-01
-1.893830445946887764e+01 7.965973097754571741e-01 -6.874931332276359441e-01
-1.982411962961973373e+01 4.590860868186332766e-01 9.709230154715173811e-01
-1.929106049221227082e+01 4.057828059005227916e-01 2.452212891641736281e-01
-1.935434785861031415e+01 3.354580071363081339e-01 1.664299215630644646e-01
-1.929182073123183017e+01 3.338106450099255218e-01 6.937368533668220039e-04
-1.941466302520557718e+01 2.720254187429000936e-01 4.359369304351263796e-01
-1.929279557627161168e+01 3.262180095758499543e-01 2.607911517449323924e-05
-1.906423077959319556e+01 4.143975876894107624e-01 9.621645298998062756e-01
-1.928964021616591751e+01 3.362682594549001869e-01 -9.667020071907339585e-04
-1.926332979815003199e+01 3.973466660940419559e-01 3.902754581257121824e-01
-1.926001250536911868e+01 3.888714996565884041e-01 -2.477356273309998524e-01
-1.896847537123664296e+01 6.540113074187102749e-01 7.246742607522449475e-03
-1.929342883731358071e+01 3.258777262852445289e-01 -2.433278776914349351e-05
-1.929219897894299862e+01 3.269735344341925254e-01 -2.413134275602857315e-05
-1.928726544459231462e+01 3.399694257065605241e-01 1.758992207173015743e-03
-1.925746734683048089e+01 4.077764812701673014e-01 -3.605313872934718944e-01
-1.936430896527902945e+01 3.034830935805739038e-01 -2.722525220827880510e-01
-1.918341691462684295e+01 4.598729421015926300e-01 6.648031525608688597e-01
-1.928262507757436595e+01 3.346665524622008392e-01 -7.773349350159719506e-05
-1.959822883863617093e+01 2.365585256302153161e-01 -4.122469649103877032e-01
-1.929280857236419422e+01 3.272918656008071969e-01 3.379880621423581033e-05
-1.929159840630668299e+01 3.277861674072540255e-01 3.270956672252189890e-05
-1.926990966895057511e+01 3.765506079866273170e-01 -1.483532230347164305e-01
-1.929162683378708110e+01 3.307552702697785785e-01 1.790482507695312364e-04
-1.894189014897580847e+01 6.881254388457948012e-01 -4.702060420126898954e-01
-1.927108613889962641e+01 3.722392657347551315e-01 9.951877888839999464e-02
-1.927470519937435611e+01 3.654816922820818270e-01 4.885374223618565992e-02
-1.927481407089977239e+01 3.706226141212893288e-01 1.310253216339307691e-01
-1.928972389119257258e+01 3.298285860970571193e-01 5.980921772952285664e-05
-1.927029866103178790e+01 3.660821955456149412e-01 3.905677408722874056e-02
-1.929360160350549336e+01 3.290692329124493831e-01 -1.614230672515315490e-04
-1.929303805364669699e+01 3.248612042836506175e-01 -6.424328449439187239e-06
-1.929178016326259382e+01 3.262156648948612570e-01 1.439844016304370200e-05
-1.929400351948771331e+01 3.289031912772986121e-01 -1.562635311017634976e-04
-1.929053725260432728e+01 3.302886550453290049e-01 1.001673643328260255e-04
-1.929068398009736640e+01 3.297785698653076247e-01 5.318500452888841323e-05
-1.928724365582329270e+01 3.295105137887456848e-01 3.817160090902049774e-05
-1.929199086263554008e+01 3.292813532105692276e-01 3.373820825547380053e-04
-1.929021975341204254e+01 3.654891059180536694e-01 -1.197802532081745364e-01
-1.928433353986662269e+01 3.593807136353727172e-01 2.058557780519307823e-01
-1.931455946633818144e+01 3.347962949538332844e-01 -3.952991609916143290e-01
-1.929196305210643203e+01 3.393971789918899806e-01 4.751746102616527523e-03
-1.920870137461215421e+01 4.593504921605239266e-01 9.329284365439161064e-01
-1.922515244245742139e+01 4.666989266388437141e-01 9.312912040295366900e-01
-1.927728511479588391e+01 3.525441532625833707e-01 -8.892037488627435593e-03
-1.927973382086513965e+01 3.641443812815551850e-01 -7.713706716142298969e-02
-1.929173606109797134e+01 3.287871827526633872e-01 -5.165574969412389805e-05
-1.937380324417881994e+01 3.149162631241130827e-01 2.691122603818905112e-01
-1.927843154311327822e+01 3.654389264579060992e-01 -7.339546829009668816e-02
-1.929206967142145857e+01 3.284400219466192539e-01 -6.916185244143502331e-05
-1.929168275459912252e+01 3.284192575148222604e-01 -6.581787089732227258e-05
-1.921158096811988614e+01 4.547813529093099327e-01 6.584565106532629386e-01
-1.928831772962267976e+01 3.465638768109793322e-01 1.148084346369149245e-02
-1.929196224349003330e+01 3.285628851738349177e-01 6.738696576857883258e-05
-1.926460759881278051e+01 3.983368841596879317e-01 -7.076441108664136559e-01
-1.901245120270092670e+01 8.638109063235978047e-01 -2.345077670970618922e-01
-1.936848242399684494e+01 2.718222902282176889e-01 -1.458817103561097506e-01
-1.926789721172781000e+01 3.893310970544648919e-01 -9.170818927553359146e-01
-1.928650187584583264e+01 3.423467051097436320e-01 -3.703204542255256193e-03
-1.925427120596542707e+01 4.112696103896618660e-01 6.876099644690811807e-01
-1.928964036999160570e+01 3.312871125923078086e-01 -1.086224581865469219e-04
-1.927103170978479696e+01 3.844847987362383646e-01 -3.097341560573794172e-01
-1.928872289466430345e+01 3.464986949193631371e-01 -1.811825688192103545e-02
-1.927826790039273064e+01 3.801362781375782207e-01 -2.219599163912753248e-01
-1.929385666639797492e+01 3.288325780877047189e-01 1.327608511063615992e-04
-1.910244680105826021e+01 4.765187670616866100e-01 7.422353227209748106e-01
-1.832541501898697334e+01 5.333854744056701902e-01 1.294068086151876074e-01
-1.929070650305366996e+01 3.301946458525181760e-01 9.751185883644097885e-05
-1.912230249245189384e+01 4.970210453135831541e-01 7.745731691169361888e-01
-1.929151402505879176e+01 3.282885559626623206e-01 5.684191360666446258e-05
-1.929341635800662402e+01 3.291474391513545261e-01 -1.806534205749388278e-04
-1.929161562292119569e+01 3.284612063753291067e-01 5.106505269458772034e-05
-1.918167176921517125e+01 5.170693515703757015e-01 -2.778797118427913659e-01
-1.958850320276049572e+01 9.488774653215426014e-01 9.327675362244320922e-01
-1.924258548988568762e+01 4.002587754467919479e-01 6.589518761624755250e-01
-1.929136651622506093e+01 3.302646143399818879e-01 -1.370676140302062862e-04
-1.929095965615653085e+01 3.299290155278859493e-01 -1.148188537318794999e-04
-1.929341738810182960e+01 3.253348283698221377e-01 -2.275706666154952984e-05
-1.929333591236416368e+01 3.259037171447389802e-01 -2.536453170531860479e-05
-1.927795971629108962e+01 3.634674505837560687e-01 5.791227424234279830e-02
-1.929297327940946616e+01 3.260008704863565643e-01 -1.933527684661040524e-05
-1.928042022352865459e+01 3.622338909941292262e-01 -5.889656171901302972e-02
-1.929712177312976706e+01 3.710886760734972145e-01 2.966345199875339844e-01
-1.931798050633173602e+01 3.632083438448483470e-01 6.777449096948120477e-01
-1.929167543377378635e+01 3.325777666980443970e-01 5.090444309530095524e-04
-1.936983503958643738e+01 3.225593325795970134e-01 -2.526929968672673166e-01
-1.929318291498499249e+01 3.267020020115622425e-01 -4.518083824567309392e-05
-1.929349382203053409e+01 3.271410139746820378e-01 -4.859210939212044167e-05
-1.926084066494512115e+01 3.885027792436815952e-01 -2.383900865846404482e-01
-1.925119217684661521e+01 4.143845952427080981e-01 4.368794265598430204e-01
-1.928358915319250499e+01 3.610728120685893217e-01 2.417065585524127425e-01
-1.968994428200412372e+01 3.602419552408651082e-01 -6.017309747757317862e-01
-1.929079738322317539e+01 3.337806557852812106e-01 5.611627252948281352e-04
-1.922584751982268614e+01 3.998287396465464161e-01 4.492784082708332072e-01
-1.900539563690241351e+01 8.557047743138591622e-01 9.238528369182894551e-01
-1.927873278368021559e+01 3.644150148017274438e-01 1.065057960579411933e-01
-1.929405058831286368e+01 3.257544836716494974e-01 -4.427434586029566077e-05
-1.929082166011936295e+01 3.543547653544280029e-01 -2.857691348342517035e-02
-1.926886035729330260e+01 3.683928115110018942e-01 -5.237666462986467764e-02
-1.928972699054488160e+01 3.346626436460035658e-01 5.397155623829696935e-04
-1.929452710537094262e+01 3.259327014843509951e-01 -5.707437493895906044e-05
-1.928705342438715675e+01 3.480235708938301253e-01 -1.359563483444059528e-02
-1.928707087483206806e+01 3.501244744049611390e-01 2.169628532915779395e-02
-1.929217423672361065e+01 3.277416982488113861e-01 4.285074421406243061e-05
-1.935016094708006307e+01 2.847245135263825055e-01 -4.934953918980133913e-03
-1.925985791257549451e+01 4.119929986715302750e-01 -9.234397990457412497e-01
-1.924586180495084164e+01 4.136293048258549709e-01 -5.696984671579942150e-01
-1.929251916132126965e+01 3.291822138104516515e-01 1.113806075601075918e-04
-1.928620034733855704e+01 3.443807602971756254e-01 6.607104267974062140e-03
-1.929180242999470352e+01 3.293852884933333725e-01 -1.036582781273054366e-04
-1.903966057652191068e+01 8.124972229125915213e-01 -4.949170051026785533e-02
-1.928991616604715986e+01 3.305323605552878963e-01 7.447646118863282538e-05
-1.929144733524470823e+01 3.280279062947264457e-01 -3.932822513397216113e-05
-1.928436972282878870e+01 3.471947002765885526e-01 -6.990253423706405123e-03
-1.929207336436270737e+01 3.275624959442222650e-01 -4.562292595966521702e-05
-1.990456630878827582e+01 7.069079461204972326e-01 -2.535199787502246949e-01
-1.928921639920222475e+01 3.301915306934750105e-01 8.675155062776163106e-05
-1.868812178773701049e+01 6.564992737680643842e-01 -8.142146634448741427e-01
-1.928624644928614984e+01 3.464291964353512498e-01 2.158164835446796381e-02
-1.929207296060943477e+01 3.267467859433706989e-01 -3.750923037248998781e-05
-1.928824176799574275e+01 3.302378046077411589e-01 -4.234084323828657404e-05
-1.928910686658179330e+01 3.421927238738678434e-01 3.749417950403399757e-03
-1.928421848865327348e+01 3.427854213037322961e-01 6.444229154397573822e-03
-1.928987833813401309e+01 3.299119382886176455e-01 -4.973082508430426429e-05
-1.928831330660802479e+01 3.489909898773999597e-01 1.661681798291403389e-02
-1.929272191774987633e+01 3.270921291247579910e-01 4.414113726447510544e-05
-1.929021328345654496e+01 3.459495780224566830e-01 2.486478042308060132e-02
-1.929274262954860575e+01 3.273189072005264766e-01 -4.767763455515439119e-05
-1.929393040444892549e+01 3.256849440264928952e-01 1.842884200597971756e-05
-1.926908569136482541e+01 3.810149182111934318e-01 -1.895317864189005608e-01
-1.929311058540400126e+01 3.275695684564751686e-01 -5.881123305739865970e-05
-1.929076169342484093e+01 3.283694017386594721e-01 -4.426568162407829021e-05
-1.929347944601537534e+01 3.255706324438750188e-01 2.328905391690838655e-05
-1.929385030360377584e+01 3.254757140237843349e-01 3.260902358803718926e-05
-1.928628656752469439e+01 3.418600329467412768e-01 2.869117510718055541e-03
-1.929207808375435107e+01 3.272428917719269470e-01 4.488628409404782360e-05
-1.927526241296263620e+01 3.750102820031969708e-01 -1.522983853355399653e-01
-1.928591191789966786e+01 3.429704509775991506e-01 -2.683788042127543960e-03
-1.929174493859053641e+01 3.280173700196792330e-01 -4.988844434361539015e-05
-1.929289694570154268e+01 3.280495575279984699e-01 -6.016282583987120347e-05
-1.927578449826559748e+01 3.736249950301103184e-01 -1.681339270296131616e-01
-1.929246095720350240e+01 3.271094720393813993e-01 -6.025417311228409289e-05
-1.929335653024697450e+01 3.269618300731228500e-01 -5.449728629158823168e-05
-1.929260436111299981e+01 3.269317424825364804e-01 -4.025316348932328481e-05
-1.926921134329300855e+01 3.824525789127524722e-01 -2.379282367315227464e-01
-1.929035510825602273e+01 3.277049241796502477e-01 -3.332658966892498853e-05
-1.929283312268292505e+01 3.270189320339600969e-01 4.676958697835686962e-05
-1.929140318811192145e+01 3.292182223142243735e-01 -7.103909378047834622e-05
-1.929517459807613022e+01 3.251475197895113967e-01 3.236258410321823931e-05
-1.854790718574970043e+01 9.351166293187472833e-01 6.695774958264868459e-01
-1.929330619366181665e+01 3.255232744199729189e-01 3.345331826798414454e-05
-1.929197441046768446e+01 3.290025144196465634e-01 -1.192678252636136804e-04
-1.929295908855744912e+01 3.270509786129766616e-01 4.745010010642758402e-05
-1.930907317639730891e+01 3.578513949505918723e-01 7.825459000233778717e-01
-1.929489779537669492e+01 3.249012046972149514e-01 2.711699195701022802e-05
-1.929040592270946064e+01 3.287618748945281832e-01 3.438914809450466237e-05
-1.929336169445470972e+01 3.250362652931941265e-01 1.625883982248055304e-05
-1.929165135887583915e+01 3.283360428750984328e-01 5.397824547093144076e-05
-1.929242880452440190e+01 3.274879718018818275e-01 5.228186663397416112e-05
-1.929403656773993347e+01 3.258988939066827517e-01 4.089260343032030676e-05
-1.929363668477740745e+01 3.251099248184560753e-01 -2.696249830158592431e-05
-1.891864513562943628e+01 4.168110687496429656e-01 6.865419265364658408e-02
-1.935035504294781461e+01 2.974197856942588647e-01 -1.101461223996295091e-01
-1.929359103294342148e+01 3.266924777065083885e-01 3.633539150382780747e-05
-1.929208697537043804e+01 3.265643460234824991e-01 2.619548916915626080e-05
-1.929203760592791639e+01 3.259944152819913010e-01 1.757063999829888701e-05
-1.928608475523159527e+01 3.487610654672960719e-01 1.373053753906172680e-02
-1.929157615600285780e+01 3.261650208704747200e-01 1.889642269770064331e-05
-1.928598847426884788e+01 3.476891900252715994e-01 -1.129580953171926971e-02
-1.929256494357640506e+01 3.272455604456850353e-01 -5.701392794654758234e-05
-1.929268814456917980e+01 3.274853270050143150e-01 -3.870537653005712286e-05
-1.929140533286291515e+01 3.280604619048507198e-01 3.795487221758264695e-05
-1.928939304629356144e+01 3.286972847029532852e-01 2.440850032292551930e-05
-1.929157496240049241e+01 3.279121234162960530e-01 4.475556923444479196e-05
-1.927717722560933566e+01 3.988572308950005807e-01 -9.283934765614139106e-01
-1.928992883321282648e+01 3.299738921416321413e-01 -6.433570400710131310e-05
-1.929049272302076901e+01 3.303206705911519991e-01 -1.005269751229720399e-04
-1.917980675853059935e+01 4.575608181092782889e-01 -7.833739918165056881e-01
-1.919525843253900632e+01 4.548154874435608730e-01 8.254294907070751641e-01
-1.929321133006423494e+01 3.284861607178936604e-01 1.561772295339824979e-04
-1.927808705396970623e+01 3.567825529214833646e-01 -1.716272785955974545e-02
-1.929122401671052600e+01 3.308583758181457557e-01 1.884175310480351584e-04
-1.929061786068337270e+01 3.331348241302141688e-01 3.275273355656249663e-04
-1.928884049993301275e+01 3.469966808780994838e-01 5.229333598802377026e-02
-1.884663561367650431e+01 8.710991146053428391e-01 -8.897461957552446066e-01
-1.888645107087723574e+01 6.365713013721164826e-01 -8.757626548296997271e-01
-1.929151192077713972e+01 3.321502057137658004e-01 3.382519707710862633e-04
-1.928782032464430074e+01 3.320272343807626481e-01 -9.891924137672702955e-05
-1.928507380696529339e+01 3.542330598983600698e-01 -2.475580303720081865e-02
-1.928863736611394586e+01 3.315570028384616785e-01 -7.634502974440682266e-05
-1.926431764681720793e+01 3.651839568825550053e-01 -1.690018445107881462e-01
-1.929509655294684123e+01 3.329940244041763031e-01 9.931124198272467396e-04
-1.929338751883788206e+01 3.313763345473706434e-01 4.444563754710806336e-04
-1.929037347112297951e+01 3.320692544310320238e-01 -2.374357020341610891e-04
-1.929018317565345342e+01 3.328903174437924939e-01 3.676280380424667982e-04
-1.929311428494471770e+01 3.318956717052083394e-01 5.784358870815076159e-04
-1.929033748640127399e+01 3.331827736686454600e-01 -4.427273989791036257e-04
-1.929042588971761418e+01 3.331918268235962155e-01 4.051287391271252147e-04
-1.929115744855538139e+01 3.322906706984458114e-01 3.439141709771220690e-04
-1.926989037364714363e+01 3.650632224814316928e-01 6.615830620572609178e-01
-1.928111656137749463e+01 3.527818899897030014e-01 1.671555488998199834e-02
-1.912358850047260717e+01 8.246297606419501491e-01 5.806161816332080505e-01
-1.934161796949666723e+01 2.563525015295649578e-01 -5.989648154141065106e-01
-1.928445293331071753e+01 3.499477140396048958e-01 -1.947161115809092902e-02
-1.928972959471468585e+01 3.357160696278451706e-01 7.633384189076330983e-04
-1.927787001149694035e+01 3.575510942560853334e-01 4.235741324757991144e-02
-1.928891150927769615e+01 3.392138515812663235e-01 2.237562772700263380e-03
-1.928804544351495309e+01 3.466594253061670017e-01 8.722685743267177827e-03
-1.929150033376899387e+01 3.344299531995671981e-01 -8.581797950534264530e-04
-1.929275412509028342e+01 3.477561875169175032e-01 2.619036450988909692e-02
-1.927856666201958546e+01 4.032376557501798908e-01 9.425284779507692168e-01
-1.928998758697456140e+01 3.350466936579599708e-01 6.107803646691056798e-04
-1.926449806295729061e+01 3.980904470013848506e-01 -4.289094160411439649e-01
-1.929006977433881787e+01 3.362334513884538412e-01 1.114686354199978524e-03
-1.929258982070648898e+01 3.281197371704185350e-01 -7.418156488925298220e-05
-1.928128816896673925e+01 3.563283132080698468e-01 -4.475767711625588952e-02
-1.929361936476026784e+01 3.556837769903087310e-01 -8.477693778595674079e-02
-1.969195644632228692e+01 7.476065448782269751e-01 1.766129201657522518e-01
-1.978171524512609736e+01 4.227693186540756876e-01 -9.536029006205692937e-02
-1.932853031151830692e+01 3.491627509458619105e-01 -2.811116236679649383e-01
-1.929246844706437258e+01 3.305730436544115913e-01 -2.447319582953300099e-04
-1.859592066166275970e+01 2.682147462916816272e-01 -1.587740164043420776e-01
-1.893041597825395783e+01 8.473931461720033420e-01 -6.798065624014437702e-01
-1.928114791657734273e+01 3.677904078788535314e-01 9.479229534343081021e-02
-1.926781245371858375e+01 3.857114046734205215e-01 2.530334699725418357e-01
-1.929367518714752450e+01 3.329396377090943493e-01 -9.289864675644521341e-04
-1.925556323343123566e+01 3.918748868052738255e-01 -3.869282920633730916e-01
-1.914136694727738686e+01 5.386985874074554648e-01 3.430962468196894211e-01
-1.970849332654386288e+01 8.234483297087172859e-01 4.991043314976502110e-01
-1.927297508252184244e+01 4.061900102294676573e-01 -6.904294904159017365e-01
-1.928540052502589930e+01 3.399656868349716921e-01 1.575406821442193461e-03
-1.869151825010407109e+01 1.841970555781884400e-01 3.600966127404596762e-01
-1.924829181408824752e+01 4.074329203174867353e-01 -3.622079006890573938e-01
-1.928839701019866837e+01 3.347043257645684333e-01 -4.450684611616573250e-04
-1.929528860825973879e+01 4.052866019662495489e-01 9.333330613685806298e-01
-1.929558522694514622e+01 3.643039679920518359e-01 -2.477827041860614088e-01
-1.901296648168802150e+01 6.925498791438600144e-01 4.280298006708065373e-01
-1.928991213152822226e+01 3.336199596959054103e-01 -4.251291235911613953e-04
-1.924991356919287711e+01 4.470686336797693450e-01 6.607875007258585676e-01
-1.929102562465549298e+01 3.362053410021059729e-01 1.595726900902372236e-03
-1.929095312584304267e+01 3.562756848497191653e-01 1.197239115213910576e-01
-1.805351600713940030e+01 3.504226532025664920e-01 -3.402714403731437187e-01
-1.927939730899029414e+01 3.740305920356431502e-01 -2.437312921870177229e-01
-1.901968134689668588e+01 6.027629613101290751e-01 -8.937243351413641790e-01
-1.927854462062461849e+01 3.654529372243834340e-01 -5.652969555370257471e-02
-1.930772754252361167e+01 6.808107039915753944e-01 8.766631039076520082e-01
-1.922438840222381273e+01 4.215580907227105545e-01 8.969172932224909189e-01
-1.927446886958436423e+01 3.806572708447979458e-01 -2.095492974927657404e-01
-1.927887084448848753e+01 3.775300709062936466e-01 -2.354294293229957091e-01
-1.928831182837575753e+01 3.361786845883256714e-01 8.559378806443085352e-04
-1.928819929027312341e+01 3.356876609575075721e-01 8.994981612129304693e-04
-1.927537047861098785e+01 3.710004340582586102e-01 1.449656576330420332e-01
-1.928973531145222253e+01 3.327244173391132875e-01 2.374955391359900858e-04
-1.929087786939266635e+01 3.309220012042832226e-01 -2.229936410105270994e-04
-1.923714133502494761e+01 4.223119200364889303e-01 4.199505370945626481e-01
-1.962071279401844492e+01 2.625264330838070204e-01 -5.406109758893757888e-01
-1.929061943894918230e+01 3.335752427392587594e-01 5.290988260111539887e-04
-1.924095873666003698e+01 4.291849144822372786e-01 9.575435225815738249e-01
-1.942723636542662291e+01 3.044560256208016513e-01 -9.295684674401485381e-01
-1.915688360410484137e+01 2.363765192320178010e-01 2.956518950234714449e-01
-1.928971273050140667e+01 3.338799211755971719e-01 -3.112051437403895449e-04
-1.929229285879343081e+01 3.291282378231370487e-01 -1.043411318032427815e-04
-1.885398206260526521e+01 9.997627976763038271e-01 1.169813090975166947e-01
-1.928947243286892288e+01 3.331239724056463403e-01 3.427922076708611598e-04
-1.928553833765990788e+01 3.537588781468084531e-01 -3.113752300986294408e-02
-1.928221596754487521e+01 3.558399464873129858e-01 2.036026826045844729e-02
-1.928377545910256785e+01 3.582902020918191655e-01 7.658945261904115398e-02
-1.928811394835405935e+01 3.492218056649498692e-01 -3.193084574765414629e-02
-1.928519309799832016e+01 3.486617859764430949e-01 -1.396713319500175743e-02
-1.928083918322730383e+01 3.606480795617987289e-01 4.835028220460069193e-02
-1.926800312453880792e+01 3.821428820632218892e-01 -1.081007067999770754e-01
-1.925879244550107927e+01 3.911141859902622642e-01 -2.456444737741303452e-01
-1.929072288872552576e+01 3.304771315473204463e-01 9.210848542373639702e-05
-1.928416871883491268e+01 3.480612476504209574e-01 7.692807766457310237e-03
-1.928040593405699354e+01 3.697346840718295224e-01 -1.416695822408634564e-01
-1.929030499729834602e+01 3.294416283742897522e-01 -7.441720162637555092e-05
-1.928931566745131931e+01 3.295541208944231526e-01 -5.782179940561071874e-05
-1.926065876577787250e+01 4.096322855503702898e-01 -9.715516815397879924e-01
-1.928843910498283876e+01 3.303954360804080004e-01 -6.020259265282490446e-05
-1.928988352592246258e+01 3.340950598084168610e-01 -3.704857107931225357e-04
-1.922656253471629384e+01 2.971636956642936256e-01 5.550362110218007849e-01
-1.928916948582449820e+01 3.293635119610561213e-01 -5.613382488844909091e-05
-1.928339002815607373e+01 3.474220137731200420e-01 -7.000961372642167113e-03
-1.928997018825847221e+01 3.332772339626632885e-01 4.211210202704762651e-04
-1.929019286598403937e+01 3.320844675569099014e-01 -2.743494271691959696e-04
-1.929136725574558753e+01 3.278760826693286057e-01 4.000265375636580245e-05
-1.928793909788752003e+01 3.386724548501828247e-01 1.534059411374855131e-03
-1.928749906351272969e+01 3.388119278884573760e-01 1.394265494898405677e-03
-1.928316013991571509e+01 3.949457309416322115e-01 4.312461745860867168e-01
-1.929093598412721278e+01 3.278446524535681972e-01 2.800684587245250157e-05
-1.929019748211332796e+01 3.317575769682163944e-01 -2.113532090014524911e-04
-1.927070626401738451e+01 3.740400193760721193e-01 -1.012193781948158566e-01
-1.930507568959506415e+01 3.597496789723175770e-01 -1.039570430582443805e-01
-1.929153061223373200e+01 3.278544122714921460e-01 -3.806703880282480412e-05
-1.929135042497305008e+01 3.283297768875942935e-01 -5.321758226783934731e-05
-1.929136005808917886e+01 3.327318730649585499e-01 -4.259813078059115909e-04
-1.935318451081137425e+01 4.950718330413076962e-01 6.157197926522242071e-01
-1.928750148681726628e+01 3.388307472111014573e-01 1.432069339519115303e-03
-1.929177725775924301e+01 3.279095023588780577e-01 -4.467314332212701800e-05
-1.929113611756374169e+01 3.279803193207522227e-01 3.976042631781417924e-05
-1.932877609263630703e+01 3.249352380535370788e-01 -8.215417032459757518e-01
-1.929083939631612310e+01 3.323562775288609883e-01 3.976773020266666236e-04
-1.929125316102599896e+01 3.325591065302057614e-01 3.807398918818094558e-04
-1.928457151738880171e+01 3.403276236210027728e-01 1.119010187847990778e-03
-1.928433847565572279e+01 3.423422326453583464e-01 1.652659386844668177e-03
-1.929239618890600738e+01 3.310645718810100169e-01 3.012700648716837293e-04
-1.929280319516799125e+01 3.310317221220084871e-01 2.186568106983255433e-04
-1.929223773590169699e+01 3.291564814478777912e-01 1.534334445105756117e-04
-1.929200330305526379e+01 3.289428687023464026e-01 9.147661234520931828e-05
-1.921382553057247833e+01 4.851209566558384867e-01 7.012532046398676222e-01
-1.927973871170434705e+01 3.551943489344309146e-01 -1.976298959554778634e-02
-1.929158215277132271e+01 3.280140098772628132e-01 4.860916683813165662e-05
-1.929137075369196452e+01 3.292295433085851153e-01 8.125616944520963614e-05
-1.929124099464669229e+01 3.291674159091595997e-01 7.067934654236829317e-05
-1.929139307466562414e+01 3.284831593593928178e-01 -5.735993454136778524e-05
-1.927437734275329717e+01 3.767936071475271320e-01 -2.164437085620426471e-01
-1.929177348273050896e+01 3.285762533524965723e-01 6.749276229389700177e-05
-1.926749029950149605e+01 3.878057315650776937e-01 -2.717056934287707115e-01
-1.926841565995460570e+01 4.468293055730234720e-01 -9.774475724760358641e-01
-1.925871033595337423e+01 4.084323034548457132e-01 7.907478279159112500e-01
-1.931124714514483642e+01 3.803415274601450458e-01 -9.761019553127132653e-01
-1.928248676201236123e+01 3.723941939132721646e-01 2.522882318166592697e-01
-1.929900518391217545e+01 3.696919588638589160e-01 -4.811190211208722367e-01
-1.923793582419592241e+01 4.334210973945505363e-01 -8.139602974488635567e-01
-1.929136453277056162e+01 3.285744955753853169e-01 4.797967296443772511e-05
-1.927959863485249059e+01 3.676014892321419758e-01 -1.384065347314664685e-01
-1.927396660473245404e+01 3.708289035847740500e-01 -1.333291001142462573e-01
-1.929135660882682757e+01 3.282175317523908786e-01 -4.426192363771175309e-05
-1.929145237493756326e+01 3.280427919377802426e-01 -4.425823778064774672e-05
-1.917266464046836916e+01 5.414000689789695286e-01 6.753292630299614352e-01
-1.927988969502455774e+01 3.595656923251785986e-01 -4.465747446763979056e-02
-1.927910996008250777e+01 3.593589723294953187e-01 4.041214646825608270e-02
-1.929084421907385760e+01 3.316683183083563580e-01 -2.042933411059433269e-04
-1.929273751341530740e+01 3.277256245938631185e-01 6.347018540364679495e-05
-1.927631432579295989e+01 3.695955067290127571e-01 -1.721313384473125430e-01
-1.896210343569092416e+01 6.635206041105443653e-01 5.552700383991107103e-01
-1.856633542226206046e+01 9.032973573955755953e-01 -9.569281903021558122e-01
-1.920233034419097251e+01 5.194811709866219429e-01 -1.545789521535966271e-01
-1.928973899776208256e+01 3.325921394956926624e-01 2.076765702025973326e-04
-1.944816728065156042e+01 5.012835090582988817e-01 8.224303309053393463e-02
-1.901409692459627720e+01 5.716024248841687916e-01 7.440100577430781570e-01
-1.929239670818992280e+01 3.266753261159420774e-01 -2.230471320097127119e-05
-1.928709221671812912e+01 3.921632821106494915e-01 8.749615213518691093e-02
-1.932796020999314734e+01 3.158281486969616303e-01 -2.000554511249088563e-01
-1.933301350909275129e+01 3.438440373135416284e-01 4.829574805299665652e-01
-1.929555353278134433e+01 3.700832292732135764e-01 -5.762299051439573327e-01
-1.929277209743684907e+01 3.314421981985888332e-01 -4.870049130076825605e-04
-1.926159402330609183e+01 4.670391863221164952e-01 -7.063036311003365597e-01
-1.928120981864275763e+01 3.804539729343828225e-01 -3.484152705946796935e-01
-1.928299671781332947e+01 3.530908099380764553e-01 2.323204556380287222e-02
-1.928981717098367099e+01 3.274222371745431071e-01 -1.276758445778458650e-05
-1.928448040506030381e+01 3.522051593527494862e-01 2.483606405330474054e-02
-1.929025902819807570e+01 3.273243957856144526e-01 -1.266460489779408505e-05
-1.928394968592139591e+01 3.514121925694838056e-01 -1.647884179755798595e-02
-1.928562044963882371e+01 3.531384498218455015e-01 3.742355720038736955e-02
-1.929089744319748689e+01 3.267830703102812540e-01 -1.882324763247122945e-05
-1.928944096966408139e+01 3.338988355173976852e-01 4.582083998871944175e-04
-1.928305881587108317e+01 3.547906143461408424e-01 3.104931665613364089e-02
-1.928464632863671824e+01 3.477472864343940651e-01 8.673537804213538038e-03
-1.928912502173769283e+01 3.333939309792925410e-01 -2.843095157913921867e-04
-1.927198570193933591e+01 3.706120675935924424e-01 1.793293445087047466e-01
-1.929305995864682188e+01 3.238332142005861947e-01 -7.937424656767610998e-06
-1.929309363710920877e+01 3.635352841161649806e-01 8.079247050244964257e-02
-1.929597577513647266e+01 4.219398362825632631e-01 -9.098300518771056389e-01
-1.924208022100607707e+01 3.309381224451962145e-01 3.415910370287251752e-01
-1.939231364184465889e+01 3.469058122171926328e-01 -2.782615965044249462e-01
-1.881847193008176333e+01 2.480746716220521009e-01 -8.531811749227157238e-01
-1.928457757565130493e+01 3.680156785354809501e-01 1.343609180148495064e-01
-1.926593705312320282e+01 3.586316527601526305e-01 -4.812502760299686155e-01
-1.929382779498691747e+01 3.240971076554320929e-01 -1.042815963980814331e-05
-1.885298026716135311e+01 4.883047848992479456e-01 1.900229125765751093e-01
-1.889501053546976195e+01 7.519165236853728729e-01 -3.256292944430150271e-01
-1.914640996600678946e+01 5.302785448387435929e-01 4.359240335337899452e-01
-1.929026604168715764e+01 3.333370643397652322e-01 5.092965697859330731e-04
-1.979332131227068103e+01 2.112871555192263884e-01 -3.581796691219478745e-01
-1.925780824064211316e+01 4.050600104885138664e-01 9.222355239573283292e-01
-1.928937425184605203e+01 3.338117490704383128e-01 5.099156810963734188e-04
-1.928981101088614025e+01 3.341819930875465361e-01 -6.655689775814099818e-04
-1.912028271762961040e+01 4.934813843628104713e-01 3.262927810825837494e-01
-1.905277804534682673e+01 5.063708792097295630e-01 3.612313829878341931e-01
-1.935822484200662430e+01 2.633208004444835826e-01 5.289573013713466665e-02
-1.928056529177208489e+01 3.720509763384871604e-01 -2.797264803425443258e-01
-1.929158064432922615e+01 3.332939959492092763e-01 -6.780988012813349286e-04
-1.960727804433908261e+01 2.695303459185711681e-01 -4.730216972577645507e-01
-1.929263862860972267e+01 3.255457692986233886e-01 1.782735850497374486e-05
-1.926443449365657301e+01 3.883778770112940593e-01 2.965750819987678089e-01
-1.926120440177815496e+01 3.942640654996316107e-01 -7.484010474654433365e-01
-1.926398228786897349e+01 3.833575119288189503e-01 1.906366891426056753e-01
-1.925724512234369357e+01 4.203030542395617131e-01 -8.426050125098548671e-01
-1.928610610379056922e+01 3.561083066258778906e-01 4.944500133886187143e-02
-1.926226443533803234e+01 4.015005662837169420e-01 -9.065188875541179137e-01
-1.900545165519043067e+01 7.550761561089439633e-01 1.355713791738688556e-01
-1.928991968106801380e+01 3.362536474410042775e-01 1.083142152554117388e-03
-1.929227258037327530e+01 3.266461205538551682e-01 2.353576499425358293e-05
-1.928936596062261444e+01 3.359649808075573230e-01 -7.607833714246003964e-04
-1.929073972565382888e+01 3.359192009153241787e-01 1.004044016061911293e-03
-1.929137945002519672e+01 3.369663018317693992e-01 1.896874607552279102e-03
-1.927993394707348784e+01 3.541985217759250348e-01 2.055796337656223827e-02
-1.928261782051386675e+01 3.596468550276892828e-01 -3.363223594346465006e-02
-1.928518657857818042e+01 3.649220359684775539e-01 1.221933738743503639e-01
-1.886053415741906747e+01 4.599082541932926205e-01 -3.290242490931294395e-01
-1.923936214229081187e+01 4.166586737011250818e-01 -3.331241688680175450e-02
-1.929180781197038286e+01 3.299654699570833682e-01 -1.951238302425606363e-04
-1.906481526894878087e+01 2.688436230812571992e-01 -2.356349417631817822e-01
-1.941696075305764069e+01 3.046399815715556403e-01 4.715732968763599597e-01
-1.926589999739305270e+01 3.623110264256127477e-01 7.380619515753750193e-03
-1.928868077977480411e+01 3.397244455202974023e-01 2.531684025538938343e-03
-1.928841903808332958e+01 3.401660743994516789e-01 2.838217175008761473e-03
-1.929145971946485716e+01 3.292746076237380026e-01 9.297443900213586687e-05
-1.924994130003113568e+01 3.759455137167370675e-01 -2.544820757214689699e-01
-1.929164235559552765e+01 3.304648452417903171e-01 1.353494353126816208e-04
-1.951209449804913731e+01 4.127074761212354281e-01 9.296515813055554744e-01
-1.925385036343415734e+01 4.104840833794304866e-01 7.471846523929506212e-01
-1.928832920347878144e+01 3.396399828367740459e-01 -2.255724884377863226e-03
-1.931881040850758424e+01 3.316297296939744177e-01 5.755866485374983021e-01
-1.929160990889846516e+01 3.292567695887645418e-01 -8.603664648587638908e-05
-1.923607475034989989e+01 4.117328559779091512e-01 -4.721226743354782762e-01
-1.931109688614812470e+01 3.682122883273571956e-01 -4.330862145221954229e-01
-1.940434615478594083e+01 3.505021196917444404e-01 2.135860937623483835e-01
-1.929117284940705090e+01 3.294520741822448140e-01 7.874454414080744868e-05
-1.937471805372988243e+01 3.145611119525040800e-01 -3.410085995109211066e-01
-1.928897984597140791e+01 3.371635806785401868e-01 -1.122111478462306522e-03
-1.930747945292823076e+01 3.603391013600044102e-01 -6.489061097079010798e-01
-1.925833441008525782e+01 3.980940018966171445e-01 -3.896378938590284724e-01
-1.920391393560753812e+01 4.943394047428947835e-01 -3.225718776307380242e-01
-1.929141679383817021e+01 3.284073056220662701e-01 5.216949941799775559e-05
-1.928107903725466699e+01 3.518280131593513049e-01 1.532650875248675604e-02
-1.927840116040186302e+01 3.694396439812488442e-01 -1.125453885892048200e-01
-1.930301122880440090e+01 3.410671510248627358e-01 -2.406986339582681822e-01
-1.928969202680331918e+01 3.373589577537047801e-01 -1.388587418068798485e-03
-1.928918818328688545e+01 3.370881037660204416e-01 -1.158665699677152716e-03
-1.928411804110040251e+01 3.483862702950117352e-01 -8.513511645683480289e-03
-1.928872670373196030e+01 3.369946305920472618e-01 -1.103518000892589335e-03
-1.928321656159878117e+01 3.467635117437609660e-01 -6.170081898904555828e-03
-1.929038332176953929e+01 3.294050757566360788e-01 -6.879496682954400200e-05
-1.928647619337564834e+01 3.451518851266817123e-01 -8.826241199565210138e-03
-1.928905474616847115e+01 3.428960450805528803e-01 -5.169152525737463755e-03
-1.928879099969207900e+01 3.427144961813508584e-01 -6.882663489846674310e-03
-1.929334818833062926e+01 3.413488432410987650e-01 -1.157588773314810471e-02
-1.928851729569556284e+01 3.383461132916982250e-01 -1.613113994418879926e-03
-1.929042098843463293e+01 3.301357095547001186e-01 -8.933820932455205366e-05
-1.928982021856442231e+01 3.366739322647794297e-01 -1.209598474411155422e-03
-1.929119117612913925e+01 3.288660117302730779e-01 -7.586017363025998606e-05
-1.928877377856911579e+01 3.369186985540541523e-01 9.291074337991478416e-04
-1.928875984782931141e+01 3.358658985170392963e-01 -7.284547327087720348e-04
-1.928737589571665367e+01 3.429260489470193352e-01 4.277191418576409276e-03
-1.928164145647484418e+01 3.517637123968859747e-01 1.166245947409683126e-02
-1.928261739938442787e+01 3.529994862416268031e-01 1.889011379261384960e-02
-1.928955217058214089e+01 3.354096152661306118e-01 -7.122959480814206046e-04
-1.928971331153260138e+01 3.354683071746096257e-01 -8.096527950930410000e-04
-1.928951789697891073e+01 3.353301332815789570e-01 -7.370657582318473899e-04
-1.928833435370530225e+01 3.392185616839822337e-01 1.999531134274867838e-03
-1.928953705848588029e+01 3.350795618136607756e-01 -6.806725971706395484e-04
-1.927667125478886589e+01 3.751203029309773673e-01 -1.524589886387822668e-01
-1.929242085901559278e+01 3.282672421911948524e-01 -5.431885019679949522e-05
-1.929009253452932526e+01 3.419652474858361213e-01 -6.263802235461302104e-03
-1.928976873613153487e+01 3.350746040392115210e-01 -7.029667638278613850e-04
-1.928980623634152636e+01 3.353991464040691484e-01 -7.281793122397850482e-04
-1.927843075835481201e+01 4.149980379811672448e-01 -9.429831764526244164e-01
-1.917555297328695474e+01 5.188966312876136522e-01 7.572754312392100395e-01
-1.928891760840944158e+01 3.383696831609265265e-01 -1.705852620446757228e-03
-1.928889720399444840e+01 3.383137163820948978e-01 -1.698389710823478005e-03
-1.928919373499941869e+01 3.385997504506015887e-01 -1.896805987389948989e-03
-1.928947080809864900e+01 3.387384862686829146e-01 -1.903261617980933629e-03
-1.928717269486481101e+01 3.383737891156296529e-01 -1.147332323782168650e-03
-1.927925649582163814e+01 3.607996320455605366e-01 1.050220726502701929e-01
-1.928777968682340216e+01 3.392051383591480063e-01 -1.905724882719561641e-03
-1.928135893308685667e+01 3.574942164304837910e-01 4.403091185432028709e-02
-1.928821314865539449e+01 3.382443896673271722e-01 -1.626380616526201806e-03
-1.928249851463942477e+01 3.641028890210523117e-01 1.231678989201188124e-01
-1.929087108922204052e+01 3.286070325240049161e-01 6.651390225309583570e-05
-1.928832951436531218e+01 3.461778155678793545e-01 9.712363567540904796e-03
-1.929012009149766627e+01 3.353290767887729951e-01 -6.980560856909567846e-04
-1.928935275174993436e+01 3.357356075443850840e-01 -7.487817761945292361e-04
-1.928479113582055504e+01 3.500918275872762497e-01 1.440712178299152768e-02
-1.928532351718024174e+01 3.519535552083825070e-01 -2.035687333548463762e-02
-1.929003732586302533e+01 3.353978660101816778e-01 -8.465298068597304493e-04
-1.928455121189873722e+01 3.526471155313977701e-01 1.877443715103011002e-02
-1.928432788686373556e+01 3.512410241888947460e-01 1.772322401548720450e-02
-1.929377321359611486e+01 3.755728520929205172e-01 1.752590953593591294e-01
-1.927587950005344553e+01 3.837059205121754468e-01 3.875516353802539449e-01
-1.964503056041489515e+01 9.518378311255369928e-01 9.978615295914012862e-01
-1.929053547532513946e+01 3.340432346016718457e-01 -6.011754111097111775e-04
-1.936011326062607907e+01 3.486206630885604341e-01 7.701006789263229457e-01
-1.925898251356363033e+01 4.021073528597881586e-01 -5.227657504951923606e-01
-1.929171831705171769e+01 3.288511435692429430e-01 7.686965066033835114e-05
-1.926382004076839749e+01 3.862838216956764326e-01 -2.028132698996671923e-01
-1.853575879137309457e+01 9.463361897613025153e-01 6.042391128021871172e-01
-1.926608423113077251e+01 4.089894622082482223e-01 -9.217633978584418575e-01
-1.891846986560461019e+01 3.958287291640097960e-01 -8.458101232764114741e-02
-1.864060485143284396e+01 2.641646788496386233e-01 1.986853811433211270e-01
-1.950426859049095185e+01 1.159789430101643148e-01 4.842922930009994076e-01
-1.878519536972473958e+01 9.089795608303449237e-01 8.232774302258183408e-01
-1.929068845028481505e+01 3.335242350089682173e-01 4.661046346103869809e-04
-1.929211404973973742e+01 3.289955575831112200e-01 -7.880885086408717655e-05
-1.922477784144176738e+01 4.291599715439565754e-01 -5.068489226744903320e-01
-1.929066326571378553e+01 3.334555959370640310e-01 4.674969187790090075e-04
-1.920965442836806858e+01 6.228526145526178670e-01 5.547093838071073257e-01
-1.959998809536693898e+01 9.452011156914075229e-01 6.480134620591648797e-02
-1.928994306789244106e+01 3.337645338926557015e-01 4.179623658433495592e-04
-1.926154785066747266e+01 3.780539337177906134e-01 -1.005717659055602731e-01
-1.924595422841915848e+01 3.876936376457251754e-01 9.677613263941313715e-01
-1.928288337158776145e+01 3.688343470435213600e-01 1.408683950922653416e-01
-1.929091308920168402e+01 3.339957272504405217e-01 5.802073313203592875e-04
-1.929218796777444211e+01 3.293067729811415267e-01 9.078437409315576190e-05
-1.928983193249187167e+01 3.340016166455259117e-01 5.488524727244037393e-04
-1.930043147032439066e+01 3.698177177055154141e-01 -4.911884135819299946e-02
-1.927926589547164937e+01 3.604657870333620173e-01 -5.081056013580631525e-02
-1.929147501654533059e+01 3.286140402572492181e-01 -5.926445703297034129e-05
-1.929148864714034062e+01 3.285018831342366163e-01 -5.927811695749518606e-05
-1.929035293315298105e+01 3.345518292110920000e-01 -5.885150497224600485e-04
-1.811548043540199515e+01 5.586796330218661844e-01 8.849592034550848307e-01
-1.929052209207976532e+01 3.339023576106178726e-01 -6.137203047733574834e-04
-1.952130928952686162e+01 2.761422681172605587e-01 6.207346898811927360e-02
-1.928984617497155085e+01 3.343055012390135916e-01 -5.595025526031749408e-04
-1.928948167572446337e+01 3.407242035375113165e-01 -4.101399479906064904e-03
-1.929081082492842825e+01 3.338557892162474228e-01 -5.415704259570386370e-04
-1.928817210410538507e+01 3.423826726144335586e-01 3.534530219297282727e-03
-1.928750977949021816e+01 3.406708377912717745e-01 -2.507433775795542275e-03
-1.928248358674210294e+01 3.590687943240445379e-01 6.263186767211736949e-02
-1.928202788513103982e+01 3.589772276848810506e-01 4.708237467825049372e-02
-1.928860740243847260e+01 3.413750462631688354e-01 -3.439364307498138373e-03
-1.928114074937161959e+01 3.563284286928881661e-01 -2.548616179616614019e-02
-1.928212297614730630e+01 3.585701194286184945e-01 3.753640113204359530e-02
-1.928807285320537446e+01 3.394574369997505614e-01 -1.966242430664566498e-03
-1.929101948857174165e+01 3.309985973050505459e-01 1.467885460455509161e-04
-1.928437973773433001e+01 3.613312394095074542e-01 5.855539554454836093e-02
-1.926246244438559785e+01 3.964326448310447892e-01 -5.055301279315628227e-01
-1.929088938693998756e+01 3.312134939061125993e-01 1.686933730185025127e-04
-1.927831197295176935e+01 3.718741979517922180e-01 -1.087102841789985286e-01
-1.929311706770095114e+01 3.291665951368953902e-01 2.020681419885317354e-04
-1.928412773651184153e+01 3.664839704139213894e-01 -9.934647753798764303e-02
-1.941736561793230109e+01 3.634061823085552034e-01 -3.661059465734894935e-01
-1.929174856306639541e+01 3.294939873998827817e-01 1.234484734391472216e-04
-1.929233670297586301e+01 3.275663058346346412e-01 -4.642864118398204454e-05
-1.929203573403369276e+01 3.275851051037953487e-01 -3.873379493657402861e-05
-1.928701154422537201e+01 3.406748189901915302e-01 3.130411480987804751e-03
-1.913022248146899429e+01 5.706930877432004889e-01 7.895215465588014681e-01
-1.888676548941035449e+01 5.622792495481468977e-01 -4.182425489999783697e-01
-1.929286303658394175e+01 3.290274432184869258e-01 -1.041591512845885248e-04
-1.929298105684471309e+01 3.290642829047538132e-01 -1.649359416484585950e-04
-1.929238581245156325e+01 3.275724977937671256e-01 -5.402851623004245596e-05
-1.928499806812860484e+01 3.455206743904925548e-01 5.257049175341865777e-03
-1.929174393601928372e+01 3.282604616819592702e-01 -5.920920284596675742e-05
-1.928679602149883721e+01 3.417319769038891231e-01 4.480095135118267180e-03
-1.928730080186250717e+01 3.405707008326168128e-01 2.693765193636954436e-03
-1.928886133103378242e+01 3.716702175066631253e-01 -2.918735862313637242e-01
-1.928353999329304003e+01 3.665811236032813780e-01 -1.542060904803372878e-01
-1.929155786810343187e+01 3.282204671542908181e-01 -5.064247626296314309e-05
-1.915112393193250639e+01 4.999769519315275801e-01 -3.366190052364477214e-01
-1.927900416276225570e+01 3.617578732716428824e-01 -5.288282111400499641e-02
-1.929116669485691915e+01 3.286055128028200212e-01 4.797561292435581493e-05
-1.928807731305962037e+01 3.402050529153726743e-01 -2.613401125324821272e-03
-1.929063266438708268e+01 3.372093428444706276e-01 3.228826803873596774e-03
-1.929559115208047615e+01 3.352019385672619367e-01 -2.601313042883690585e-03
-1.929173323673223095e+01 3.283601905702880353e-01 6.245233046398013244e-05
-1.929205084089801048e+01 3.290023919894282112e-01 -8.126531391228208889e-05
-1.929053197543368370e+01 3.284432560180483018e-01 -3.806797968930464293e-05
-1.927971782614467955e+01 3.729499624904893951e-01 1.602307445385380280e-01
-1.928767431927847653e+01 3.428369249473583458e-01 5.132816489015201711e-03
-1.860063743535786429e+01 2.120010287415600159e-01 8.192063673953229319e-01
-1.924789962552215172e+01 3.994446453625769000e-01 -2.175933251298618476e-01
-1.929288203465591423e+01 3.283211061091780847e-01 1.116608995566092943e-04
-1.928934874850038383e+01 3.460302611513974003e-01 -5.237906885648069277e-03
-1.929283738141599969e+01 3.291507760397200943e-01 -1.538771442703978920e-04
-1.929158190175729359e+01 3.424042247655570415e-01 9.146091286172053358e-03
-1.929169829162050220e+01 3.337447265577538902e-01 -7.041655238517741111e-04
-1.929102208506830962e+01 3.289039228325056907e-01 7.134462204327896018e-05
-1.929064074865966205e+01 3.344759740007482440e-01 -7.372046368433471386e-04
-1.929238427221570618e+01 3.278111524342109395e-01 5.379623998780225236e-05
-1.922924612851822701e+01 4.693059870364691966e-01 -3.246696913705453547e-01
-1.929245518472048104e+01 3.296676574304134300e-01 1.579830339948351536e-04
-1.928924147203661477e+01 3.362569887610172836e-01 8.583433264717221789e-04
-1.890757849448241146e+01 3.893997141405861062e-01 -3.078286644886580881e-01
-1.926145367528067709e+01 4.584924410270657114e-01 -5.008717404099106707e-01
-1.929255440096579122e+01 3.273759185085204360e-01 3.892154099349731666e-05
-1.894258485602711417e+01 6.995633777707636058e-01 5.060344606387516819e-01
-1.928790935318258448e+01 3.623558761661401229e-01 1.348274335368353505e-01
-1.928576117622997188e+01 3.573861923603523505e-01 -4.225318738188410528e-02
-1.929306768198236099e+01 3.258025479287919857e-01 1.919107638825856554e-05
-1.929162182725769981e+01 3.270065880963141658e-01 -2.966164992446174153e-05
-1.929259904629725497e+01 3.264180963384801237e-01 2.032891833936290027e-05
-1.929094853305661061e+01 3.335706730354190963e-01 -4.611005938528478509e-04
-1.894729926192086822e+01 6.388922863363148963e-01 -5.080643932784291161e-01
-1.929058581237294590e+01 3.341600189670130838e-01 -6.806590393109157588e-04
-1.929157178347341528e+01 3.256493672282381735e-01 7.543396437492688733e-06
-1.929121861900469170e+01 3.261929440074304298e-01 1.761939410149793162e-05
-1.925905167769167647e+01 4.044847903344248041e-01 -6.870911627734876959e-01
-1.929310516826883415e+01 3.259888228661854126e-01 2.244536776685457369e-05
-1.925485977382803426e+01 3.916906530204233294e-01 -1.035137344985668229e-01
-1.934966021486807364e+01 6.054240621245622345e-01 -7.429165395299328623e-01
-1.929114764894069722e+01 3.270794430454063706e-01 2.288912645198593054e-05
-1.929245063536421512e+01 3.268332680414214320e-01 2.581710386784230593e-05
-1.929294571339291409e+01 3.260522618222942426e-01 -3.829773461350161057e-05
-1.929250939916019192e+01 3.273956332839427774e-01 -3.559836883237910143e-05
-1.928850590488381300e+01 3.340805454540734520e-01 3.066999410834547746e-04
-1.925492979434007168e+01 3.849734509389083903e-01 -2.216372420335510629e-01
-1.928938478376699805e+01 3.350535022372426175e-01 -6.656989963319537296e-04
-1.929142199452071438e+01 3.270783068775567348e-01 2.159408481783309242e-05
-1.929200947264963872e+01 3.265466553518841519e-01 2.866441527182850280e-05
-1.905408748393592333e+01 5.032016709289325318e-01 -3.722868249245774308e-01
-1.936110298262630991e+01 1.952133211241084965e-01 2.319392060998641814e-01
-1.929198268242907943e+01 3.281450964397608638e-01 -5.071879994844596951e-05
-1.929441950663277083e+01 3.254941343806505571e-01 -3.104089139216448245e-05
-1.929238683516179620e+01 3.277531662642724775e-01 4.720939299840409831e-05
-1.932582231052298738e+01 3.449443262401042376e-01 1.475062498356871643e-01
-1.929323756722835626e+01 3.265762165751530111e-01 -3.252443091228407468e-05
-1.922076134959075233e+01 4.434539120927763478e-01 9.799867619495021831e-01
-1.929846805960034573e+01 3.509886108969761387e-01 -2.072225552688355954e-01
-1.929872115634741547e+01 3.519576222503912333e-01 -4.323975652159328664e-02
-1.929145426359965754e+01 3.272229013358068372e-01 -2.877582962312885684e-05
-1.929275264962973324e+01 3.252386478954739646e-01 -1.438877065895738383e-05
-1.927737162843413188e+01 3.641223881075560942e-01 8.998792383995324329e-02
-1.929248223745679525e+01 3.263100024143785194e-01 1.845411848244715713e-05
-1.928865933035386959e+01 3.352488752184795695e-01 -3.808475377395925676e-04
-1.929150581069305659e+01 3.279146817284001036e-01 2.637419195616885759e-05
-1.929128002846975676e+01 3.270005865543200163e-01 1.944576768009298462e-05
-1.928944502877542178e+01 3.319793120683981469e-01 1.914929538657794694e-04
-1.929190994957836480e+01 3.273525003473415906e-01 -2.593874154344089078e-05
-1.930655443326134701e+01 3.687906263642606319e-01 -5.121557291997017591e-01
-1.929205514468203475e+01 3.274725127627255428e-01 -4.968211870692851306e-05
-1.927870421543644497e+01 3.844991585179379778e-01 2.494027740308784047e-01
-1.929144024114788536e+01 3.275014337401729314e-01 2.681236766965966467e-05
-1.929339683239183856e+01 3.265655786753851597e-01 2.612139065827356887e-05
-1.929147048655041274e+01 3.268888621714834963e-01 2.672426166228092370e-05
