-1.928378520585416211e+01 3.282244664835936576e-01 -1.907150758122599932e-02
-1.928959993445389287e+01 3.245756553249113940e-01 1.606968913794659670e-02
-1.927613482609729090e+01 3.399500195994608065e-01 -1.944299302198104762e-02
-1.928783622486427518e+01 3.149647979769515382e-01 -1.398815583879020608e-02
-1.928793474753952708e+01 3.212720030843848606e-01 -1.772059322602770326e-02
-1.928676464913876032e+01 3.247408342189237462e-01 -1.369329181597667144e-02
-1.927914834800445121e+01 3.425884324628412081e-01 -4.847225652437670007e-03
-1.928364438171742279e+01 3.308292838473077535e-01 -2.175146106211056640e-02
-1.928763177676163920e+01 3.240612180620183747e-01 2.355908566914077795e-02
-1.928794012444048178e+01 3.131443599017062485e-01 -8.691666321564706088e-03
-1.928718202700957107e+01 3.063085990520795776e-01 -4.867063040783214944e-04
-1.929542731724133375e+01 3.025882079700971672e-01 5.882847412816971655e-03
-1.928727952632851483e+01 3.180186527108941341e-01 -2.961065170620991172e-02
-1.928384980605250476e+01 3.302359376463203655e-01 9.745539679989212445e-02
-1.928571613677461372e+01 3.204999276493456506e-01 7.399287499836537663e-03
-1.928291045287158312e+01 3.185235338787474890e-01 8.773674210453830113e-04
-1.929118709768079043e+01 3.119776620754142749e-01 -1.666452517715266701e-02
-1.928377573562942260e+01 3.286408305236639404e-01 -6.039051708040965583e-02
-1.928124000426070239e+01 3.231040781265851480e-01 2.573556025093459709e-03
-1.928477900776622889e+01 3.152771981925763800e-01 1.789284016308512193e-03
-1.928763417030018346e+01 3.150158680470644401e-01 -2.016856076583373181e-02
-1.928159467167857954e+01 3.280735018056455399e-01 1.070660376633281174e-02
-1.928987113645097295e+01 3.177747647107222462e-01 -5.450556502484271704e-05
-1.928763417030018346e+01 3.150158680470644401e-01 -2.016856076583373181e-02
-1.928548526190817824e+01 3.026020635046769991e-01 -1.630838849797644485e-05
-1.928378520585416211e+01 3.282244664835936576e-01 -1.907150758122599932e-02
-1.928867924389755117e+01 3.103119487231742468e-01 -1.430189550196026005e-03
-1.927981637495494383e+01 3.277710615184167842e-01 -1.529806517646581376e-02
-1.928673150229858280e+01 3.160175431119372491e-01 -1.580426592097894378e-03
-1.927613482609729090e+01 3.399500195994608065e-01 -1.944299302198104762e-02
-1.929608768551144138e+01 3.045953208771626231e-01 2.730691075229207954e-02
-1.927933211630065102e+01 3.328158185729803709e-01 6.077004972375288361e-03
-1.928207884010988948e+01 3.282429569204045050e-01 2.480589670039545780e-02
-1.928923264951587058e+01 3.148079730558376310e-01 -1.643428338020147539e-02
-1.928900893996642552e+01 3.215783653831492672e-01 5.211847932849744680e-02
-1.927899675965162984e+01 3.447138720801539158e-01 -3.565381338906563613e-01
-1.929133164682398061e+01 3.184117865383735424e-01 -1.955503005599679156e-02
-1.929890186325102519e+01 3.040128800359467309e-01 2.894416647427311418e-02
-1.928867924389755117e+01 3.103119487231742468e-01 -1.430189550196026005e-03
-1.927435433613482729e+01 3.394203281237589409e-01 -4.033865471884401366e-02
-1.928685495754865187e+01 3.307225616832430992e-01 4.533098738970031683e-02
-1.928691640308205280e+01 3.328325967651263317e-01 -2.588843848855848506e-02
-1.928938193467728013e+01 3.141545945073935253e-01 -7.656187482416032530e-03
-1.928277633863609353e+01 3.262192543681445844e-01 3.451605127109136362e-02
-1.928559052471527835e+01 3.180905577813240570e-01 1.784018941024090310e-02
-1.928987113645097295e+01 3.177747647107222462e-01 -5.450556502484271704e-05
-1.928713403388417191e+01 3.200634773777057407e-01 3.764143949908294040e-02
-1.927926217460239044e+01 3.342420522764716906e-01 -1.994528845925414018e-02
-1.928989622090502820e+01 3.102053673521892319e-01 5.262241414802693029e-03
-1.928026279379112395e+01 3.403055237679463718e-01 -1.010531765330220377e-01
-1.927671521877641325e+01 3.321622764866594135e-01 -2.234352581817777850e-02
-1.928713403388417191e+01 3.200634773777057407e-01 3.764143949908294040e-02
-1.928565022210669966e+01 3.121455916303775835e-01 2.216262798019563718e-03
-1.929214330929394094e+01 3.029926281980117597e-01 1.145614883519829874e-04
-1.929055566250788800e+01 3.095668814499313304e-01 -2.738302339773124316e-04
-1.928857089658014701e+01 3.051968697497310923e-01 -4.169973799066362119e-04
-1.928685495754865187e+01 3.307225616832430992e-01 4.533098738970031683e-02
-1.929073257272454711e+01 3.155897189017055071e-01 6.279692815600146361e-03
-1.929339320999856255e+01 3.101030144086953655e-01 -4.919519623847734557e-03
-1.928798441019722176e+01 3.130596182632767732e-01 1.426496757181761055e-03
-1.929073257272454711e+01 3.155897189017055071e-01 6.279692815600146361e-03
-1.929292724342559850e+01 3.131140349287281355e-01 -2.047473430918711479e-03
-1.928794012444048178e+01 3.131443599017062485e-01 -8.691666321564706088e-03
-1.928047769688290458e+01 3.420680222451380481e-01 -4.745958531105687328e-02
-1.928735663467971406e+01 3.183018998536205069e-01 -8.298850259923495898e-04
-1.928207884010988948e+01 3.282429569204045050e-01 2.480589670039545780e-02
-1.929084981005001254e+01 3.059683698608394731e-01 -7.589854484124636258e-05
-1.928676464913876032e+01 3.247408342189237462e-01 -1.369329181597667144e-02
-1.928727952632851483e+01 3.180186527108941341e-01 -2.961065170620991172e-02
-1.927969984901693223e+01 3.317308360802746492e-01 2.050934510037427660e-01
-1.928026279379112395e+01 3.403055237679463718e-01 -1.010531765330220377e-01
-1.928831426678198824e+01 3.267641903174823836e-01 -4.568844664996785099e-02
-1.928176918871172774e+01 3.346551178634682988e-01 -2.592721814643605960e-02
-1.928971270905769586e+01 3.063612710695744479e-01 -8.699124059163843015e-05
-1.928816316429439226e+01 3.045922758131153762e-01 1.023620102969302614e-02
-1.928468604748462667e+01 3.154175118594211846e-01 -8.015685248571324806e-03
-1.928713667916757757e+01 3.181213403603297962e-01 -8.298627764895982750e-02
-1.928685495754865187e+01 3.307225616832430992e-01 4.533098738970031683e-02
-1.928659821831496757e+01 3.176931810728769734e-01 1.050460842622058522e-03
-1.928713403388417191e+01 3.200634773777057407e-01 3.764143949908294040e-02
-1.928452012397141146e+01 3.212755597701695276e-01 -1.035868347496360364e-03
-1.928752721343311549e+01 3.111519642567096566e-01 7.022452775062859587e-06
-1.929816417292161645e+01 2.972532821238565437e-01 7.614944685558899806e-04
-1.929848637561989477e+01 2.771064440365266779e-01 3.173137157095329286e-04
-1.928576703113359514e+01 3.197025835165982488e-01 -5.763387920894036398e-04
-1.927435433613482729e+01 3.394203281237589409e-01 -4.033865471884401366e-02
-1.929542731724133375e+01 3.025882079700971672e-01 5.882847412816971655e-03
-1.928047769688290458e+01 3.420680222451380481e-01 -4.745958531105687328e-02
-1.929071349541307967e+01 3.014970976122721136e-01 -1.038282824849301456e-03
-1.929339320999856255e+01 3.101030144086953655e-01 -4.919519623847734557e-03
-1.928670569789070655e+01 3.250064691593626542e-01 3.603812202950695820e-03
-1.929312778456056066e+01 3.029219482010918063e-01 -2.010339652582793235e-03
-1.928517783548328524e+01 3.200595913406696358e-01 -4.858044804723737897e-03
-1.928352044364675066e+01 3.283802661804910983e-01 5.581269882417649875e-02
-1.928774844524231824e+01 3.119800502773661943e-01 5.465765698974278664e-03
-1.928106763547166480e+01 3.287242495457805003e-01 2.660482453263912639e-02
-1.928383300117505783e+01 3.214483935310028517e-01 1.169706278615834094e-02
-1.928662468734307112e+01 3.032954509140502464e-01 -1.041322798546184814e-04
-1.929073257272454711e+01 3.155897189017055071e-01 6.279692815600146361e-03
-1.928517783548328524e+01 3.200595913406696358e-01 -4.858044804723737897e-03
-1.929542731724133375e+01 3.025882079700971672e-01 5.882847412816971655e-03
-1.928195273067500537e+01 3.095110512275527359e-01 5.455776854312865964e-05
-1.929363157947569007e+01 3.060503392553701740e-01 -1.350595660479791960e-04
-1.928195273067500537e+01 3.095110512275527359e-01 5.455776854312865964e-05
-1.929011497920870610e+01 3.096259704288514825e-01 2.940175937153455266e-03
-1.928195273067500537e+01 3.095110512275527359e-01 5.455776854312865964e-05
-1.928793474753952708e+01 3.212720030843848606e-01 -1.772059322602770326e-02
-1.928784640445242715e+01 3.375296362098029745e-01 6.706826890970525312e-01
-1.928559052471527835e+01 3.180905577813240570e-01 1.784018941024090310e-02
-1.928159467167857954e+01 3.280735018056455399e-01 1.070660376633281174e-02
-1.928658900522795250e+01 3.111527114609636824e-01 -3.628086558210563695e-04
-1.928467169600988029e+01 3.357057239232318913e-01 7.340342519827069978e-02
-1.928831426678198824e+01 3.267641903174823836e-01 -4.568844664996785099e-02
-1.929199734409889544e+01 3.236776308295055138e-01 2.344497612551228460e-01
-1.928277633863609353e+01 3.262192543681445844e-01 3.451605127109136362e-02
-1.929312778456056066e+01 3.029219482010918063e-01 -2.010339652582793235e-03
-1.928831426678198824e+01 3.267641903174823836e-01 -4.568844664996785099e-02
-1.928688744139694222e+01 3.139201638173813591e-01 1.201604136823042346e-02
-1.929492492447194252e+01 2.969387664435792495e-01 7.041914437109220160e-04
-1.929319997175299051e+01 3.080863582917473531e-01 -9.540251356781603853e-02
-1.928207884010988948e+01 3.282429569204045050e-01 2.480589670039545780e-02
-1.927490531612945546e+01 3.352245594100706771e-01 1.761505112573558129e-02
-1.928774844524231824e+01 3.119800502773661943e-01 5.465765698974278664e-03
-1.928989622090502820e+01 3.102053673521892319e-01 5.262241414802693029e-03
-1.928713667916757757e+01 3.181213403603297962e-01 -8.298627764895982750e-02
-1.929284731627127769e+01 3.116180184007150133e-01 7.137633991526559640e-03
-1.929141153176790624e+01 3.031696278494755425e-01 -4.569469422032179651e-04
-1.928727952632851483e+01 3.180186527108941341e-01 -2.961065170620991172e-02
-1.928979123528348083e+01 3.161519981064495055e-01 -1.320854933933479636e-02
-1.928141010933667232e+01 3.430543092434817920e-01 9.198602497199459549e-02
-1.928774844524231824e+01 3.119800502773661943e-01 5.465765698974278664e-03
-1.928774844524231824e+01 3.119800502773661943e-01 5.465765698974278664e-03
-1.928475134047956985e+01 3.266034620897907415e-01 1.611820820803600007e-02
-1.928727952632851483e+01 3.180186527108941341e-01 -2.961065170620991172e-02
-1.928763177676163920e+01 3.240612180620183747e-01 2.355908566914077795e-02
-1.929019920311575476e+01 3.152378773627828035e-01 7.076604117091322976e-02
-1.928753634707668141e+01 3.137520679607087581e-01 1.803583014726717337e-03
-1.928647088432266798e+01 3.029442395475859251e-01 -4.517203283423976146e-04
-1.928631317228272124e+01 3.118900458108023743e-01 6.974471328469178388e-06
-1.928670569789070655e+01 3.250064691593626542e-01 3.603812202950695820e-03
-1.928647088432266798e+01 3.029442395475859251e-01 -4.517203283423976146e-04
-1.929176340266776535e+01 3.214676848722290425e-01 4.121853642322181877e-02
-1.927788905490949745e+01 3.219333369549797763e-01 2.202690456847289369e-03
-1.928662527068441079e+01 3.166635194293112021e-01 -4.797156403195479424e-02
-1.928370068956511574e+01 3.259046666014280280e-01 -3.044977210306609727e-03
-1.928774844524231824e+01 3.119800502773661943e-01 5.465765698974278664e-03
-1.927435433613482729e+01 3.394203281237589409e-01 -4.033865471884401366e-02
-1.928568555641406945e+01 3.121757243838256812e-01 1.133349173288999978e-03
-1.928979123528348083e+01 3.161519981064495055e-01 -1.320854933933479636e-02
-1.928277633863609353e+01 3.262192543681445844e-01 3.451605127109136362e-02
-1.928609640573031569e+01 3.146162090490551844e-01 -8.311940727304567567e-03
-1.929098506501915011e+01 3.072876980728595497e-01 7.477345714675065480e-03
-1.929173378590235544e+01 3.186167666594377224e-01 3.061487463453493874e-02
-1.928377573562942260e+01 3.286408305236639404e-01 -6.039051708040965583e-02
-1.928468560693807987e+01 3.395079306620233939e-01 -8.372118869050193535e-02
-1.928816017230255753e+01 3.307169768058408899e-01 5.209075043020083839e-02
-1.928921329573927324e+01 3.300479728320109829e-01 -2.379708517500456200e-02
-1.929004221997396940e+01 3.198681587348227162e-01 1.217626610773336893e-02
-1.928370068956511574e+01 3.259046666014280280e-01 -3.044977210306609727e-03
-1.927584273696406569e+01 3.433119130154739240e-01 -6.314239302235891138e-02
-1.928751220860890925e+01 3.187505950364316609e-01 -2.501890681020608742e-01
-1.928559052471527835e+01 3.180905577813240570e-01 1.784018941024090310e-02
-1.928456250304560982e+01 3.171283191546966362e-01 1.251462086013788166e-04
-1.928961948769238433e+01 3.011020172399961892e-01 5.103920838811504268e-05
-1.928673150229858280e+01 3.160175431119372491e-01 -1.580426592097894378e-03
-1.928735663467971406e+01 3.183018998536205069e-01 -8.298850259923495898e-04
-1.928141010933667232e+01 3.430543092434817920e-01 9.198602497199459549e-02
-1.928662527068441079e+01 3.166635194293112021e-01 -4.797156403195479424e-02
-1.928691640308205280e+01 3.328325967651263317e-01 -2.588843848855848506e-02
-1.929381238715475178e+01 2.976363819263166954e-01 -6.824728471833685362e-04
-1.928378520585416211e+01 3.282244664835936576e-01 -1.907150758122599932e-02
-1.928475134047956985e+01 3.266034620897907415e-01 1.611820820803600007e-02
-1.928959993445389287e+01 3.245756553249113940e-01 1.606968913794659670e-02
-1.928638377641684798e+01 3.189660464550858054e-01 7.083648582817403394e-05
-1.928849642575294254e+01 3.129587628708243030e-01 -3.063904494964964087e-03
-1.928549997448455144e+01 3.249986924208126404e-01 -1.949004529178131051e-01
-1.928232553127552862e+01 3.249225509946162549e-01 5.102987369007938590e-02
-1.928384980605250476e+01 3.302359376463203655e-01 9.745539679989212445e-02
-1.928888706065870906e+01 3.125622524173886085e-01 -1.608614278039821599e-03
-1.929381238715475178e+01 2.976363819263166954e-01 -6.824728471833685362e-04
-1.929214330929394094e+01 3.029926281980117597e-01 1.145614883519829874e-04
-1.928670569789070655e+01 3.250064691593626542e-01 3.603812202950695820e-03
-1.929381238715475178e+01 2.976363819263166954e-01 -6.824728471833685362e-04
-1.928363230572312403e+01 3.232754191208138117e-01 1.300011137404610828e-02
-1.928835412104563574e+01 3.235136669555683242e-01 1.738683860399135028e-01
-1.928591502830373727e+01 3.191567759533034399e-01 3.916155503011764516e-02
-1.928670569789070655e+01 3.250064691593626542e-01 3.603812202950695820e-03
-1.928182564153980394e+01 3.203079475715701618e-01 -4.202001515320219482e-02
-1.928609640573031569e+01 3.146162090490551844e-01 -8.311940727304567567e-03
-1.927819994397152570e+01 3.350329659413816552e-01 1.337711254140270256e-01
-1.928715580329090429e+01 3.196805122796511633e-01 1.669857939520680290e-03
-1.929004221997396940e+01 3.198681587348227162e-01 1.217626610773336893e-02
-1.928633312587550108e+01 3.083225521740615149e-01 -1.828875049540434894e-03
-1.929492492447194252e+01 2.969387664435792495e-01 7.041914437109220160e-04
-1.929173378590235544e+01 3.186167666594377224e-01 3.061487463453493874e-02
-1.929492492447194252e+01 2.969387664435792495e-01 7.041914437109220160e-04
-1.927584273696406569e+01 3.433119130154739240e-01 -6.314239302235891138e-02
-1.929292724342559850e+01 3.131140349287281355e-01 -2.047473430918711479e-03
-1.928277633863609353e+01 3.262192543681445844e-01 3.451605127109136362e-02
-1.928853951657545451e+01 3.292351225905085776e-01 -1.126974025221272324e-02
-1.927657083449157227e+01 3.356142190324266084e-01 3.807988648494764483e-02
-1.928829682184417038e+01 3.202298440509208644e-01 -1.408014500365428745e-03
-1.928277633863609353e+01 3.262192543681445844e-01 3.451605127109136362e-02
-1.928676464913876032e+01 3.247408342189237462e-01 -1.369329181597667144e-02
-1.927899675965162984e+01 3.447138720801539158e-01 -3.565381338906563613e-01
-1.928727952632851483e+01 3.180186527108941341e-01 -2.961065170620991172e-02
-1.929011497920870610e+01 3.096259704288514825e-01 2.940175937153455266e-03
-1.928763177676163920e+01 3.240612180620183747e-01 2.355908566914077795e-02
-1.928979123528348083e+01 3.161519981064495055e-01 -1.320854933933479636e-02
-1.928727952632851483e+01 3.180186527108941341e-01 -2.961065170620991172e-02
-1.928534085831707046e+01 3.176160722888645704e-01 1.492312208453583366e-03
-1.928713403388417191e+01 3.200634773777057407e-01 3.764143949908294040e-02
-1.928840278403304964e+01 3.200535209323465691e-01 6.498839016715907135e-02
-1.928528114130166315e+01 3.409122085741947972e-01 5.190793440333856257e-01
-1.928865582104321064e+01 3.237800333928426699e-01 -3.180634822540051587e-03
-1.929012797222130260e+01 3.124153109510085513e-01 -5.182070675559824480e-02
-1.928571613677461372e+01 3.204999276493456506e-01 7.399287499836537663e-03
-1.927926217460239044e+01 3.342420522764716906e-01 -1.994528845925414018e-02
-1.928670569789070655e+01 3.250064691593626542e-01 3.603812202950695820e-03
-1.928571613677461372e+01 3.204999276493456506e-01 7.399287499836537663e-03
-1.929173378590235544e+01 3.186167666594377224e-01 3.061487463453493874e-02
-1.928086145108745697e+01 3.209770721528104054e-01 2.739187529892039841e-02
