-1.929997931070633399e+01 3.001229724355258255e-01 -1.333905248484881789e-03
-1.929997931070633399e+01 3.001229724355258255e-01 -1.333905248484881789e-03
-1.930014434480560936e+01 2.999391865618911690e-01 -5.071594131076662126e-04
-1.930012112949457759e+01 2.996759485409856150e-01 2.752597272734289002e-03
-1.929990230132226259e+01 3.000554192718771773e-01 3.892328528730948367e-04
-1.929996013323253834e+01 2.999951423574627740e-01 -7.910638944101655579e-05
-1.930000060638882431e+01 3.002363325558193297e-01 -2.981186684033729217e-03
-1.929996415497620887e+01 2.999466986466011176e-01 7.472975063152892394e-04
-1.930001545531602858e+01 2.996314247501510319e-01 4.638127832329447253e-03
-1.929999621017382339e+01 3.000394213219734763e-01 -1.765521223424937336e-04
-1.929999621017382339e+01 3.000394213219734763e-01 -1.765521223424937336e-04
-1.929981696204639974e+01 3.006079095525331368e-01 -7.005233829458334949e-03
-1.930001504815258073e+01 3.000231190634624068e-01 -3.069315064340855104e-04
-1.930011089637647359e+01 2.998273189184638143e-01 1.920052120808854457e-03
-1.930019315198400776e+01 2.996373705509752239e-01 3.374118296610439938e-03
-1.929990101831168658e+01 3.001387747495617986e-01 -1.070875777033145071e-03
-1.929997292959513899e+01 3.001511739565660974e-01 -2.100194463055135574e-03
-1.929985160562586088e+01 3.004500336195616295e-01 -4.412687759789590825e-03
-1.929995292217921232e+01 3.002512246888695002e-01 -3.115646933163948584e-03
-1.929997292959513899e+01 3.001511739565660974e-01 -2.100194463055135574e-03
-1.930011920057847519e+01 2.995977232708396110e-01 4.110513984260072418e-03
-1.930007268674024701e+01 2.999895701942761894e-01 -7.702993737397217933e-04
-1.929997873911353778e+01 3.000373028934906761e-01 -7.111013472863442209e-04
-1.930002001729231509e+01 2.998318188376093985e-01 2.461695851434825277e-03
-1.930004073538902887e+01 2.999400921813518139e-01 -1.692434088221284050e-06
-1.930008840857604469e+01 2.999383093631684538e-01 7.705265607918371229e-04
-1.930001923257532681e+01 3.001057749797788055e-01 -1.654604408695012352e-03
-1.929995840965517573e+01 3.001041598048740378e-01 -6.736954927508004287e-04
-1.929997813804689244e+01 3.000167164381610241e-01 -2.432869557451589060e-04
-1.930009991389936985e+01 3.001917445297200837e-01 -3.188912417534481292e-03
-1.930010645741768016e+01 2.996695570180106238e-01 3.216678215794049889e-03
-1.929986735381786289e+01 3.005240101741779579e-01 -5.082811629036218526e-03
-1.930012112949457759e+01 2.996759485409856150e-01 2.752597272734289002e-03
-1.930008296173751603e+01 2.999102122700083584e-01 4.171594220811758458e-04
-1.929997931070633399e+01 3.001229724355258255e-01 -1.333905248484881789e-03
-1.929990230132226259e+01 3.000554192718771773e-01 3.892328528730948367e-04
-1.930015153313474841e+01 2.996638546129968828e-01 2.933743485038248222e-03
-1.929976950461415797e+01 3.003413609676610641e-01 -3.206514997649706489e-03
-1.930001326297070463e+01 2.997611807900216196e-01 3.037985901633524777e-03
-1.930004505676357951e+01 2.997001868191204177e-01 3.537260054014695898e-03
-1.929995292217921232e+01 3.002512246888695002e-01 -3.115646933163948584e-03
-1.930004505676357951e+01 2.997001868191204177e-01 3.537260054014695898e-03
-1.929981638505575248e+01 3.004420738021096882e-01 -4.287649064357010320e-03
-1.930011529666982284e+01 2.998614091982153562e-01 7.675587102548148133e-04
-1.930004376068132999e+01 3.001362447397847855e-01 -1.715208812934715388e-03
-1.930019484295680243e+01 2.996139433205589064e-01 3.271331107297187346e-03
-1.929982365975628866e+01 3.003476578526805829e-01 -3.790707418469790868e-03
-1.929995773056799990e+01 3.000691604546890656e-01 -5.532478676309737775e-04
-1.929996415497620887e+01 2.999466986466011176e-01 7.472975063152892394e-04
-1.930015351392328427e+01 2.995993060181842416e-01 4.026941287710111839e-03
-1.929997813804689244e+01 3.000167164381610241e-01 -2.432869557451589060e-04
-1.930009866829428233e+01 2.996275258105727812e-01 3.775327671448600042e-03
-1.930004305081723359e+01 2.999908233367909460e-01 -5.885539148385715569e-04
-1.929993363927889050e+01 3.001885148878940535e-01 -1.738315707713419811e-03
-1.929996013323253834e+01 2.999951423574627740e-01 -7.910638944101655579e-05
-1.930004505676357951e+01 2.997001868191204177e-01 3.537260054014695898e-03
-1.930015351392328427e+01 2.995993060181842416e-01 4.026941287710111839e-03
-1.929995791301988817e+01 3.001337609529303729e-01 -1.212782471069762114e-03
-1.930001759789785609e+01 2.999996649766999424e-01 -8.607062465701975640e-04
-1.929997931070633399e+01 3.001229724355258255e-01 -1.333905248484881789e-03
-1.929996415497620887e+01 2.999466986466011176e-01 7.472975063152892394e-04
-1.930010483672263533e+01 3.000927124439042304e-01 -2.469060360678260180e-03
-1.930013393416709988e+01 2.996380803124456538e-01 3.482425605131789226e-03
-1.929994620815415018e+01 2.997915004615704926e-01 3.057194644670746531e-03
-1.930004073538902887e+01 2.999400921813518139e-01 -1.692434088221284050e-06
-1.930014434480560936e+01 2.999391865618911690e-01 -5.071594131076662126e-04
-1.929997813804689244e+01 3.000167164381610241e-01 -2.432869557451589060e-04
-1.930021522011777435e+01 2.995614785079225295e-01 3.827545573738211360e-03
-1.929979401819482021e+01 3.004817907458445236e-01 -4.699075168026464744e-03
-1.930009866829428233e+01 2.996275258105727812e-01 3.775327671448600042e-03
-1.929995791301988817e+01 3.001337609529303729e-01 -1.212782471069762114e-03
-1.930000454739854021e+01 3.000320457383263695e-01 -3.684144047313986370e-04
-1.930019701143849531e+01 2.998127091356102558e-01 6.271750742303100479e-04
-1.930007268674024701e+01 2.999895701942761894e-01 -7.702993737397217933e-04
-1.929999578749531608e+01 2.998583832340652178e-01 1.857644115891315950e-03
-1.930009866829428233e+01 2.996275258105727812e-01 3.775327671448600042e-03
-1.929993363927889050e+01 3.001885148878940535e-01 -1.738315707713419811e-03
-1.929996969655934080e+01 3.000353762670026625e-01 -2.088839072359321980e-04
-1.930011529666982284e+01 2.998614091982153562e-01 7.675587102548148133e-04
-1.929999416497509657e+01 3.000002516859176516e-01 -8.737505906142306600e-05
-1.929995773056799990e+01 3.000691604546890656e-01 -5.532478676309737775e-04
-1.929995055900178613e+01 3.001754997819097714e-01 -1.635528146530673688e-03
-1.930010500735351187e+01 2.998767775896303278e-01 2.973529231850152721e-04
-1.929981147227561777e+01 3.004465390017365678e-01 -4.496123234673160551e-03
-1.930011529666982284e+01 2.998614091982153562e-01 7.675587102548148133e-04
-1.929995055900178613e+01 3.001754997819097714e-01 -1.635528146530673688e-03
-1.930004073538902887e+01 2.999400921813518139e-01 -1.692434088221284050e-06
-1.930010326141949761e+01 2.998965515999921227e-01 9.525703704139493189e-04
-1.929995791301988817e+01 3.001337609529303729e-01 -1.212782471069762114e-03
-1.929999578749531608e+01 2.998583832340652178e-01 1.857644115891315950e-03
-1.930024838402802345e+01 2.997338629814104705e-01 1.131771455808033844e-03
-1.929996415497620887e+01 2.999466986466011176e-01 7.472975063152892394e-04
-1.930001759789785609e+01 2.999996649766999424e-01 -8.607062465701975640e-04
-1.930025798857196406e+01 2.991404280729537679e-01 8.408349146057300660e-03
-1.929999578749531608e+01 2.998583832340652178e-01 1.857644115891315950e-03
-1.929993765541237494e+01 3.001683926878761510e-01 -1.849204787295777308e-03
-1.930001923257532681e+01 3.001057749797788055e-01 -1.654604408695012352e-03
-1.930008068430773349e+01 3.002006327609441083e-01 -3.354210006957347723e-03
-1.929980209660329393e+01 3.002664043226718205e-01 -1.719294166205170837e-03
-1.930000000578448294e+01 2.999886852241152591e-01 1.294635081537098831e-04
-1.929999621017382339e+01 3.000394213219734763e-01 -1.765521223424937336e-04
-1.930002032592685168e+01 2.999746590205296104e-01 -7.701664515774586661e-05
-1.929997931070633399e+01 3.001229724355258255e-01 -1.333905248484881789e-03
-1.929997292959513899e+01 3.001511739565660974e-01 -2.100194463055135574e-03
-1.930008285187883388e+01 2.999177916923222997e-01 9.181799821751657209e-05
-1.929990101831168658e+01 3.001387747495617986e-01 -1.070875777033145071e-03
-1.930003906038933792e+01 3.000124247672207312e-01 -7.341397239443575584e-04
-1.930012642684897983e+01 3.000132783827614280e-01 -1.301918403615057174e-03
-1.930010500735351187e+01 2.998767775896303278e-01 2.973529231850152721e-04
-1.930007268674024701e+01 2.999895701942761894e-01 -7.702993737397217933e-04
-1.930009866829428233e+01 2.996275258105727812e-01 3.775327671448600042e-03
-1.929994037793742123e+01 3.001130315612234867e-01 -1.170996520272082897e-03
