2.364313842672833399e+00 -1.580313291557211741e+01
1.826993786449123469e+00 7.088240739808881585e+00
1.217888582325605595e+00 -1.764283458636897350e+01
1.069981440875777956e+00 -8.794778297365837716e+00
1.018352036161829677e+00 -3.587703819867279265e+00
1.339835524279772150e+00 -1.615491881157011633e+01
1.201126919741545951e+00 -8.320898492924403200e+00
1.055725765939401262e+00 -1.782506674518320011e+00
1.012481374582977489e+00 -2.395461906505546779e+01
1.033741128592837732e+00 -1.485851928785145581e+01
1.024667257769256601e+00 -9.168399055414072407e+00
1.011482285678819037e+00 -1.993863779971236738e+01
1.070364953408472930e+00 -1.434313452725158555e+01
1.000799965550764004e+00 -2.446803351102893131e+01
1.001364150771213879e+00 -1.145151090187537157e+01
1.000087315859376824e+00 -1.213368923064997773e+01
1.000132932938146313e+00 -1.654756854303529323e+01
1.097011716471952392e+00 3.448946833056716343e-01
1.000180839834304392e+00 -7.832572136993380951e+00
1.089762128891177850e+00 -1.455110313741171346e+01
1.000081578313887443e+00 -9.843913575670509175e+00
1.000065161655800505e+00 -1.775948948115946990e+01
1.000008107434265270e+00 -1.599780300829202773e+01
1.000161793039279878e+00 -8.857534845079158004e+00
1.004470362258658378e+00 -8.524633274752027035e+00
1.000001647693865792e+00 -1.248597438767968804e+01
1.200056808308305190e+00 -1.105650595626334365e+01
1.001564005487688869e+00 -1.859488878433208825e+01
1.014935375574981036e+00 -2.081932301677340647e+01
1.001130053921622132e+00 -8.270191518974126410e+00
1.001705766585224477e+00 -1.036007531173948060e+01
1.005472763871455344e+00 -1.346421639932468040e+01
1.000478080964349425e+00 -1.708081173782067452e+01
1.034125459692025961e+00 -5.629597927212863340e+00
1.000003897907076000e+00 -1.431737824901018818e+01
1.071710350676175816e+00 -1.544788761780234587e+01
1.156520517362291445e+00 -1.427321120430424628e+01
1.000016862143991325e+00 -2.312741248298690522e+01
1.000001705250266770e+00 -9.515935900762178434e+00
1.000000175838618111e+00 -2.255527843910852326e+01
1.944201126087030440e+00 -4.054260258859070376e+00
1.000563345972574902e+00 -1.713762558616323872e+01
1.000001440762164906e+00 -1.633508696511039915e+01
1.000171116661026760e+00 -2.201261871157366912e+01
1.005624378558443111e+00 -6.010156594428551102e+00
1.000000506228033270e+00 -1.283708088182347495e+01
1.000000599975539695e+00 -2.091899276297821686e+01
1.000004333966024506e+00 -1.978644877940810431e+01
1.000036625657193534e+00 -3.898066581178159851e+00
1.000074125208379572e+00 -2.164035949064084363e+01
1.000214480525627447e+00 -1.614326010680197143e+01
1.001061333947779186e+00 -2.442409847748380969e+01
1.000055371870733456e+00 -2.476377676028194230e+01
1.000430289885692048e+00 -6.454936858636365571e+00
1.000841384910275300e+00 -2.309329276956858479e+01
1.001863582001800923e+00 -2.272137862435347344e+01
1.001432072191941636e+00 -1.539253759698856427e+01
1.000000632783955901e+00 -1.794378569640512922e+01
1.000000222515853299e+00 -1.367864478634595393e+01
1.000079384997845100e+00 -1.533272588842400275e+01
1.000574185170201469e+00 -1.168503252208288146e+01
1.000001729517864257e+00 -1.690692465210441853e+01
1.000008989015890748e+00 -1.343903578693744727e+01
1.000004812131301213e+00 -1.854887431173455425e+01
1.000661724073678371e+00 -2.219393903445499205e+01
1.000000135509072630e+00 -2.466722965702618708e+01
1.000499596231325672e+00 -1.381250247837703782e+01
1.000000585375961704e+00 -2.077688327434977467e+01
1.000168337679064878e+00 -1.748296554804976211e+01
1.000559016453483441e+00 -1.985094059227435537e+01
1.000133733360292654e+00 -1.915826879849239361e+01
1.000094208669239704e+00 -1.641812854190184012e+01
1.000396922088218510e+00 -1.269360658138490550e+01
1.000238483464528150e+00 -4.117528067704107286e+00
1.000064108331395696e+00 -1.633152100654838890e+01
1.098158065098824743e+00 -1.866020879076266326e+01
1.000061778290525449e+00 -1.666445412764706901e+01
1.101192120151898823e+00 -2.439784548006328535e+01
1.566103727453957095e+00 -1.473742334327281966e+01
1.000548996809214053e+00 -1.680871286159354838e+01
1.000056703151353865e+00 -1.242799619404391365e+01
1.000431143526845590e+00 -1.283116907153453568e+01
1.000000002566464374e+00 -1.960796637100391493e+01
1.000861736835870985e+00 -1.465973587680168144e+01
1.001738412533398126e+00 -1.080052995024766105e+01
1.000004764438536808e+00 -1.420862182486381009e+01
1.000000005483377308e+00 -2.476627966901562772e+01
1.000000005526009428e+00 -2.128463974099793887e+01
1.000000167260178818e+00 -1.718045954418804300e+01
1.000000079907763517e+00 -2.351495407828723216e+01
1.000017764788878383e+00 -1.324876096924736579e+01
1.000000016173260287e+00 -1.721685475712217439e+01
1.000000020261605060e+00 -2.057116993216930823e+01
1.000031095069078280e+00 -1.210843708788048900e+01
1.000000013208097061e+00 -2.441929938100233244e+01
1.000000001395961569e+00 -2.179654636714974814e+01
1.000000000883134010e+00 -2.303888535723881148e+01
1.000000001448804632e+00 -2.282151576805585336e+01
1.000000001474649958e+00 -2.109961825367525989e+01
1.000000024065853976e+00 -1.845210682562321480e+01
1.000000000647363940e+00 -2.054878643040947850e+01
1.000000000555562707e+00 -2.368737549507864770e+01
1.000000000766818609e+00 -2.083581171268881249e+01
1.000000230590196049e+00 -2.196359371686167705e+01
1.055993406679183177e+00 -1.376182570945119110e+01
1.000000606237100076e+00 -1.825977011935258076e+01
1.000000000540216316e+00 -1.955944759196330196e+01
1.000000265353320872e+00 -1.657908142825765196e+01
1.000000023717486419e+00 -1.650010351829264010e+01
1.000000073034194470e+00 -1.597748118507429460e+01
1.019931987733155632e+00 -1.092687530137578200e+01
1.000000000001403544e+00 -2.450491216547331064e+01
1.000000000365525388e+00 -2.146072137700455329e+01
1.003402469271286845e+00 -1.782813545156094648e+01
1.000000000664564404e+00 -2.189784351006178298e+01
1.000000000656386279e+00 -2.065515763834869034e+01
1.032806516201834057e+00 -1.398030606154456557e+01
1.004969026574951352e+00 -2.001793952525075326e+01
1.000000000468721728e+00 -2.473614218049327818e+01
1.000000000009575896e+00 -2.428722979921023395e+01
1.000000099964573952e+00 -2.309002041837489472e+01
1.000017312288119520e+00 -1.724473394631206347e+01
1.000676622010862937e+00 -1.061763989650958706e+01
1.000158544738619648e+00 -1.668219926016181986e+01
1.001187294519885640e+00 -8.948443491686816742e+00
1.003159244813691009e+00 -3.861650332002135144e+00
1.073839301824463632e+00 -2.440666884749965959e+01
1.296692416323093067e+00 -1.478570085919305654e+01
1.005806099430590184e+00 -1.028223196017543728e+01
1.743930197495992873e+00 -1.674952729433634602e+01
1.000000654361633767e+00 -2.000376460873327034e+01
1.000029318138392354e+00 -1.800942992090370964e+01
1.029387355302441076e+00 -1.623128139046145790e+01
1.000000000127244881e+00 -2.027241449949474728e+01
1.000017948531633616e+00 -2.247088020030989597e+01
1.000490302711820378e+00 -1.438677078496393413e+01
1.000000000266382916e+00 -2.403807407276329400e+01
1.000012729876561979e+00 -1.133792760147912482e+01
1.000000032705186781e+00 -1.963614543966709292e+01
1.000000038824995219e+00 -2.438175165219329443e+01
1.309374356464773514e+00 -1.911286319043643545e+00
1.000000009741181195e+00 -2.225825618411278128e+01
1.000000001772599845e+00 -2.315360223356552183e+01
1.086254988171652114e+00 -1.939676749500971553e+01
1.986890123538867403e+00 -2.334953472226358784e+01
1.000071131587350948e+00 -2.171827406596521115e+01
1.000000000500756547e+00 -2.328150134117251469e+01
1.000000000743660911e+00 -2.130616439370952975e+01
1.000429997512183977e+00 -8.560306661059549072e+00
1.000000000216463070e+00 -2.128378698279477632e+01
1.000000001526951898e+00 -2.383734135312724334e+01
1.000000001584239628e+00 -2.436081342847812437e+01
1.000000163924133378e+00 -2.136613113949761456e+01
1.000000008216669789e+00 -2.426422591922258931e+01
1.000000001353390955e+00 -2.111885468102762076e+01
1.000000001353394508e+00 -2.366168032686950085e+01
1.000000002372167573e+00 -1.716766650286504259e+01
1.000000007245018807e+00 -2.358323797611703299e+01
1.000000001320567655e+00 -2.213675839994451877e+01
1.000058512096806629e+00 -1.388480737710704460e+01
1.000000000536557021e+00 -1.925386072824888117e+01
1.000000009350074048e+00 -1.706768319421395219e+01
1.000000000015410784e+00 -2.218308904526057290e+01
1.000000000456402249e+00 -1.930922060527294093e+01
1.000000011556440249e+00 -2.111806422248374915e+01
1.000000000457865745e+00 -2.188698000423786638e+01
1.000408243453929424e+00 -1.848519037752283722e+01
1.000000000121467725e+00 -2.305357370147591567e+01
1.000000001373356984e+00 -2.480815790845568003e+01
1.107401392410211960e+00 -2.052069566892676278e+01
1.000000000573185277e+00 -2.465324549650949137e+01
1.000000000031309400e+00 -2.312652633255028789e+01
1.000000680503843276e+00 -2.304355671866662547e+01
1.000054494046780595e+00 -1.898424601946467050e+01
1.000073254952241530e+00 -2.481919605854318434e+01
1.000000132501208228e+00 -2.062119351503550035e+01
1.000002399596162439e+00 -1.988835483274210247e+01
1.000000000011238344e+00 -2.387614764619439711e+01
1.000000000012295054e+00 -2.429431071969507272e+01
1.000436366227472229e+00 -2.102862189816493554e+01
1.979352312211120513e+00 -3.388609752277339737e+00
1.190207358273273952e+00 -2.184440682137075385e+01
1.485452743358923522e+00 9.305615750073187087e+00
1.008823158877943937e+00 -1.893845512437997058e+01
1.003245494742662558e+00 -4.142318028339737168e+00
1.003466495832683103e+00 -1.147104238820662481e+01
1.004414296687268671e+00 -2.411773880589626629e+01
1.000000000007525758e+00 -2.487091340332498746e+01
1.000002016338134903e+00 -1.774951316836544279e+01
1.000423543963322004e+00 -1.090929918866383730e+01
1.000012133382018886e+00 -8.143944174430359340e+00
1.000000003463712206e+00 -2.070069858037976829e+01
1.000000014062716991e+00 -2.336442156938016623e+01
1.000000010402575246e+00 -1.990907343338546909e+01
1.019185284138637071e+00 -1.029551969056840832e+01
1.000000000866825056e+00 -2.194849811765040215e+01
1.000000029073947250e+00 -2.025415740620272942e+01
1.000000097209322369e+00 -1.705105651364141650e+01
1.001161534873751036e+00 -1.264404901696007144e+01
1.000000001115550541e+00 -2.361361418985300631e+01
1.000000001070470601e+00 -2.030352505297014076e+01
1.000647270325260685e+00 -2.468312318930773941e+01
1.000655360327390442e+00 -2.101442174764398985e+01
1.000000032339773304e+00 -2.378260690500008323e+01
1.028470610326583268e+00 -2.292271254389060076e+01
1.000000098923045755e+00 -2.073549829094555363e+01
1.414369309423802790e+00 -1.891529288224886329e+01
1.000001233212715945e+00 -1.846360526233454280e+01
1.023167287734171982e+00 -3.955862433609283357e+00
1.000717577056406959e+00 -1.908238497354780350e+01
1.016192712978218227e+00 -2.211175777698629474e+01
1.000000009140173729e+00 -1.927569109373246903e+01
1.000000000454489113e+00 -2.486436229021686373e+01
1.000000011231195751e+00 -1.748438575733516132e+01
1.000000000443391768e+00 -2.461399890920076317e+01
1.000016207572754556e+00 -1.462975756174645525e+01
1.081119218465304455e+00 -1.018107788899816590e+01
1.000000000873902062e+00 -2.375761906840556037e+01
2.428537650325602204e+00 -1.585968553396315173e+01
1.000244917717440840e+00 -2.171777181993431327e+01
1.000000185594198232e+00 -1.405269164699347684e+01
1.000000511778737611e+00 -2.069673486705924859e+01
1.089120322952030762e+00 -1.122667870410551672e+01
1.000000007835586624e+00 -1.800279658095207580e+01
1.000036913751422230e+00 -1.273041124985594585e+01
1.000000094568977316e+00 -1.620897626121229607e+01
1.000000015685883481e+00 -2.133573439745213918e+01
1.711944323279839919e+00 -9.849173038367647237e+00
1.000006805620407668e+00 -1.449696461239287792e+01
1.013265968494067248e+00 -2.488780065247514273e+01
1.000061632140633261e+00 -1.753206348048465557e+01
1.000004899830889915e+00 -2.305612074665219424e+01
1.003202805482217963e+00 -2.171840671105233511e+01
1.000906701465654747e+00 -2.232092673511318992e+01
1.000000000046403326e+00 -2.251800181933673528e+01
1.000000000127422073e+00 -2.284111429352950751e+01
1.000759200653507097e+00 -1.454363517505254677e+01
1.000000000169046555e+00 -2.496797849622420173e+01
1.022449860765513918e+00 -1.970783192000842732e+01
1.000116522004067532e+00 -1.867000668944179864e+01
1.000412457109710163e+00 -7.970633588507467948e+00
1.000000000046683768e+00 -2.471004903890028359e+01
1.000000010550224028e+00 -1.893208342429548097e+01
1.000000008036912247e+00 -1.774759975288645819e+01
1.000000036011279958e+00 -1.886621496310590373e+01
1.000000000003789857e+00 -2.445035706993836655e+01
1.000000031819237023e+00 -2.299438168832359608e+01
1.000000033673038802e+00 -1.855923158385260407e+01
1.000000015510991158e+00 -2.246465986799196912e+01
1.001176731385062801e+00 -1.198404645373578958e+01
1.000564285943826848e+00 -1.446873952977071731e+01
1.000000000010689671e+00 -2.379276255347819813e+01
1.000000000012094770e+00 -2.497891258765394085e+01
1.000000000025693669e+00 -2.136336584979205355e+01
1.000000354039089379e+00 -1.392719199540655595e+01
1.000000000665034694e+00 -2.198564286434458026e+01
1.005812507477121365e+00 -6.802371867265833316e+00
1.000000205722378910e+00 -2.175597935496838531e+01
1.000000000931350774e+00 -2.008483549979061067e+01
1.000108895778564877e+00 -1.743988187988505700e+01
1.000000000342904594e+00 -2.415545006485408308e+01
1.000000000628360475e+00 -2.445075502497956421e+01
1.000000013425718537e+00 -1.871952420361102298e+01
1.009139191691154736e+00 -1.274043178287918288e+01
1.000000000993511939e+00 -2.366945651622637570e+01
1.000000001064854427e+00 -2.147543026632411411e+01
1.000000001058203081e+00 -2.356359793119352375e+01
1.000140006232030920e+00 -2.392842878580312416e+01
1.000004562454003931e+00 -1.288447025704464188e+01
1.003907329654267988e+00 -2.485446804681899735e+01
1.000064981412665199e+00 -8.291613159928129306e+00
1.000000003074975163e+00 -2.158843354106349466e+01
1.000000003061878751e+00 -1.916025686113522397e+01
1.000000000376600084e+00 -2.498945722829417448e+01
1.000000002007906730e+00 -1.670439382102595971e+01
1.152459948818429503e+00 1.362058799846440849e+00
1.000000000104076081e+00 -2.353411900263331802e+01
1.000000000494063013e+00 -2.165167480636207387e+01
1.000000000659552635e+00 -2.166485240499313036e+01
1.000000000989168969e+00 -2.489660901797314096e+01
1.000001310426017920e+00 -1.444338474788336057e+01
1.000002600907162753e+00 -1.688236213303732569e+01
1.000002171533547646e+00 -1.616552658630243045e+01
1.000000000270714340e+00 -2.120854566155975363e+01
1.000000000013617996e+00 -2.413688053988516558e+01
1.000000076291501339e+00 -1.878778505639068541e+01
1.000000000024683589e+00 -2.397737952976599018e+01
1.000000492753961412e+00 -1.750453645031155858e+01
1.000000169065925482e+00 -1.807867375483395733e+01
1.000000558231586512e+00 -2.002333813415893715e+01
1.032324319521235489e+00 -8.548385370401025085e+00
1.000000001434267594e+00 -2.445754641449277145e+01
1.000000211355049240e+00 -2.241406959739947524e+01
1.000000056209803700e+00 -2.129225938263340367e+01
1.000013649717272912e+00 -1.756746103106878820e+01
1.000188417663569806e+00 -1.793395273969312242e+01
1.101786818509433274e+00 -1.982407836961960257e+01
1.000000001213088519e+00 -2.414069067293004522e+01
1.000000005938916914e+00 -1.930946523278103300e+01
1.021184937702664053e+00 -2.185836155095694977e+01
1.015483593520936756e+00 -8.288332924984224803e+00
1.004458377049959994e+00 -1.645980060309803150e+01
1.944532414002293486e+00 -1.530972450630095238e+01
1.000000001330308974e+00 -2.458712877507134920e+01
1.095825173104521877e+00 -2.145305158972234238e+01
1.000000001346690981e+00 -1.939694187100874245e+01
1.025425201228777228e+00 -2.139462355700386098e+01
1.006333596335333258e+00 -1.969997109114869005e+01
1.012294711291828575e+00 -2.378070241795774464e+01
1.000029690474141697e+00 -2.026980781620876826e+01
1.000170972587605123e+00 -2.187923038576720813e+01
1.002928401998015362e+00 -1.094934282504218359e+01
1.094032622075644667e+00 -2.295158198625281543e+01
1.000000031912547493e+00 -2.113675321193787937e+01
1.192458236433579621e+00 -8.335832403931281220e+00
1.000000169385341753e+00 -1.485423248362444859e+01
1.000022438982753670e+00 -1.156524948506341133e+01
1.000021978434755932e+00 -2.385952908059650923e+01
1.000000415290328792e+00 -1.901237223769017959e+01
1.945092553059901475e+00 -4.473339076770905365e+00
1.000003173572661330e+00 -1.191243035310666620e+01
1.000002170951987734e+00 -1.951518670935164934e+01
1.001065679832885857e+00 -2.058402425216612741e+01
1.003259164523050417e+00 -2.178662289647143524e+01
1.000001434824248969e+00 -1.784778533581399174e+01
1.000758149531322694e+00 -1.076542820385888710e+01
1.007241956683005535e+00 -1.825954794673090120e+01
1.285633609488694207e+00 -1.028715918936230267e+01
1.001045431800348329e+00 -1.451326329468431808e+01
1.910573499841387024e+00 -5.200061247455323610e+00
1.000002369966036753e+00 -1.766399096711609928e+01
1.347760107415766351e+00 -1.429539339189566505e+01
1.000001962361356744e+00 -2.137897581400119762e+01
1.000550030936119716e+00 -1.059437070642321999e+01
1.000003448117752658e+00 -1.573272487712678647e+01
1.000174401417105674e+00 -2.212612012114344040e+01
1.000005226442426842e+00 -1.774361694806776768e+01
1.001574069501885322e+00 -2.130884823743517131e+01
1.000001076102898567e+00 -1.284528586748154666e+01
1.001771030843818355e+00 -8.373170826754115836e+00
1.000000261603722240e+00 -2.073900472373920323e+01
1.000000268675940607e+00 -1.912881268203522822e+01
1.000000268660917291e+00 -1.940548436623107875e+01
1.032469059621027752e+00 -1.783454199979616916e+01
1.187686309533726670e+00 -2.254269274806838652e+01
1.020103376280454333e+00 -1.665929137441676744e+01
1.021729333218541980e+00 -1.591876942222963009e+01
1.000015281304915238e+00 -1.926241963781823685e+01
1.003673223248416901e+00 -2.147903156449473627e+01
1.000001076481676243e+00 -2.083191994316390350e+01
2.704228439189640287e+00 -1.291350616389363104e+01
1.230000652482603485e+00 -2.373474593593012827e+01
1.002979643864487791e+00 -6.247589259108430326e+00
1.000000009817017199e+00 -1.848734013468865811e+01
1.000000150001372212e+00 -2.449209046995394701e+01
1.000064343608075612e+00 -1.533721528638755949e+01
1.000000033349515594e+00 -2.499819027908073465e+01
1.000000047873216502e+00 -1.773623227333527907e+01
1.000000007797877677e+00 -1.969093270120265515e+01
1.000000021858723276e+00 -1.973085180243565873e+01
1.000000014974124385e+00 -1.866824715773588750e+01
1.000000081559639487e+00 -2.006315845523971930e+01
1.000000081489673898e+00 -1.843380204413729828e+01
1.000000091490585996e+00 -2.139131366251469402e+01
1.000000002158617729e+00 -2.435806973348579874e+01
1.000000000266971778e+00 -2.066634580117348463e+01
1.000001792557543956e+00 -2.324720301716662973e+01
1.000001339582135218e+00 -1.764656787693419560e+01
1.000001489593655091e+00 -1.861963679265151228e+01
1.000000000544414291e+00 -2.344473758060119195e+01
1.000000000169382064e+00 -2.414126690133091557e+01
1.000000000149794843e+00 -2.334305031515175344e+01
1.000000000086736840e+00 -2.153293176519953533e+01
1.000000000090189189e+00 -2.409993731051245547e+01
1.000000000203254968e+00 -2.441961711784213662e+01
1.000018258155501050e+00 -2.087041356354689370e+01
1.000076293362504032e+00 -8.922654413784712801e+00
1.000003613893809096e+00 -2.421050201889843834e+01
1.000000000478551421e+00 -2.106591996354730156e+01
1.000000001756940815e+00 -2.204754225455550554e+01
1.000000000953791712e+00 -2.343479468569015012e+01
1.000000000306923820e+00 -2.151975062681362516e+01
1.000000000774355247e+00 -2.001640629137279959e+01
1.000410403921140112e+00 -1.960082284667592845e+01
1.000000000025860647e+00 -2.339672178483376896e+01
1.000000000110019771e+00 -2.185174561671505344e+01
2.440900323363297986e+00 2.332280533913407794e+01
1.160064720766968760e+00 -1.247417423863059227e+01
1.000000000016290302e+00 -2.482068680930900939e+01
1.000000019996458045e+00 -2.280102568737754254e+01
1.000000031338008855e+00 -2.069960502637946220e+01
1.000000000019884761e+00 -2.428791955085386078e+01
1.000000000009971579e+00 -2.489816443149529945e+01
1.000000000014582779e+00 -2.497848696376295408e+01
1.000063816150012164e+00 -2.132921174181256063e+01
1.000102743011719308e+00 -1.030420841082786687e+01
1.000035803356252639e+00 -1.986556328767253277e+01
1.000040123876609011e+00 -1.995905209732341845e+01
1.000002379690645871e+00 -1.819966239099109018e+01
1.000002083609364600e+00 -1.038148919962061534e+01
1.000000000012147616e+00 -2.373985079352840444e+01
1.000007671834770573e+00 -2.487768005130370241e+01
1.000046755914988372e+00 -1.141820673897627891e+01
1.000000001090205926e+00 -2.090223608040081515e+01
1.000000000003846701e+00 -2.356855616646722140e+01
1.000000000092528651e+00 -2.181690678610570799e+01
1.000000000003511857e+00 -2.439871041383106132e+01
1.000000000118051124e+00 -1.978380577624422543e+01
1.098808110616356304e+00 -9.777547070077616809e-01
1.000000012018454010e+00 -2.317431919196009460e+01
1.000000006442973932e+00 -1.893576423199641923e+01
1.040584469410610113e+00 -1.875621605464522190e+01
1.123612414842884988e+00 -2.211382553367268144e+01
1.242075285340475732e+00 -1.934692352561648931e+01
1.000000007100548371e+00 -2.155695909401262966e+01
1.000000006354229143e+00 -1.802065807730634006e+01
1.000000006781716300e+00 -1.891106186003955258e+01
1.000000000228484565e+00 -2.284013095376689861e+01
1.000000000167242664e+00 -1.819596030626122030e+01
1.000000000169553482e+00 -2.091732663138022019e+01
1.000000041229010872e+00 -1.582964575477957148e+01
1.000091307385955419e+00 -2.045064938869718674e+01
1.000000010477273937e+00 -1.992926646067559560e+01
1.000177768657239064e+00 -1.353069354829997373e+01
1.000000008748004099e+00 -2.326730503751574730e+01
1.002966940549959052e+00 -1.239908457539490882e+01
1.051148312046585875e+00 -7.110367197138685924e+00
1.000000001790891435e+00 -2.233545080632832125e+01
1.006784933845161767e+00 -1.315246307372826884e+01
1.000000000476222173e+00 -2.317198084784238432e+01
1.031950336550950365e+00 -2.365489184595750416e+01
1.087313669404080363e+00 -2.369942604289912325e+01
1.166854199352966859e+00 -1.719914362337885549e+01
1.000000000536668043e+00 -1.939985890619599829e+01
1.000000065691652784e+00 -2.063845713110825386e+01
1.000013974864553123e+00 -1.883227988395817221e+01
1.000000001385604742e+00 -2.193936642335587450e+01
1.000666674315702664e+00 -1.269261433501955949e+01
1.000000741272328408e+00 -2.336346423336623701e+01
1.000000001077378409e+00 -2.432500665094881143e+01
1.417133266607409237e+00 -8.911385155448048323e+00
1.000060572164981343e+00 -1.354356246109991524e+01
1.000000000061951111e+00 -2.401134693885038729e+01
1.000006347155644626e+00 -2.278694595376794041e+01
1.000005350560267958e+00 -2.424594274910242575e+01
1.094022292418579179e+00 -5.790014422077735645e+00
1.000103437983779209e+00 -2.332231217780101318e+01
1.000000000007729817e+00 -2.204636531893223861e+01
1.001448045455609392e+00 -1.137672691689124527e+01
1.001272362089771883e+00 -9.578346582227041495e+00
1.000315343037621263e+00 -1.613061119582836511e+01
1.000000000001626033e+00 -2.361469689438855823e+01
1.007584475715951555e+00 -1.524999506905793289e+01
1.216215378204360320e+00 -1.655933358312903536e+01
1.000059235707040362e+00 -1.582963322752942759e+01
1.000372749235636460e+00 -1.904146315070043372e+01
1.002170174779842604e+00 -6.115244451921313384e+00
1.000175126444229790e+00 -6.187271258133876017e+00
1.001910150097551355e+00 -1.975636570334199149e+01
1.000629396709410202e+00 -2.498958033392425548e+01
1.175235808083436861e+00 -1.016738623142881082e+01
1.000156612177284687e+00 -2.055476459535394440e+01
1.014312036525972349e+00 -8.221798959119865913e+00
1.406411476194812993e+00 -7.499043940458065549e-01
1.718886525107056196e+00 4.267790125535377399e+00
1.000000000029981573e+00 -2.357727181398682959e+01
1.088110525426368547e+00 -1.270250722194702853e+01
1.014921852160840521e+00 -7.687222474084741464e+00
1.302056616014769519e+00 -2.324419783790413518e+01
1.001192166793772653e+00 -1.121204871687783999e+01
1.000000000114757759e+00 -2.103163499742503006e+01
1.000000000690268287e+00 -2.218272339104550994e+01
1.010287156692595723e+00 -7.364788528629091502e-01
1.005538275682964722e+00 -2.265292413293362017e+01
1.001737504841520465e+00 -6.582670818615053321e+00
1.000013863093743183e+00 -1.625706660304894058e+01
1.000002898519068983e+00 -2.139928111156784851e+01
1.000109744039511916e+00 -7.475001953010441014e+00
1.000000796311014239e+00 -1.288802610150580819e+01
1.000042082310353742e+00 -2.479105649085116525e+01
1.000001337021054537e+00 -1.788351149924061190e+01
1.000622449180612605e+00 -2.235910194998576728e+01
1.000000140064841725e+00 -1.743464729751739029e+01
1.000000110965663991e+00 -1.888259789192045801e+01
1.000000132781502016e+00 -2.088957490949420759e+01
1.000048252280814731e+00 -2.181820113185393950e+01
1.000000520049475039e+00 -1.535636128179019622e+01
1.000000389252703625e+00 -1.438531710032340172e+01
1.000000010953758789e+00 -2.060078879859484502e+01
1.002998730208781941e+00 -1.157788456493270601e+01
1.000000008136182172e+00 -2.378157565787670435e+01
1.046737977270616016e+00 -1.377688490372606900e+01
1.147647237280889909e+00 -1.021830625693796080e+01
1.000000001509839143e+00 -2.256955925269351582e+01
1.053188146051232899e+00 -9.975927499661107589e+00
1.605769725301002371e+00 -1.320345247862451110e+01
1.000000019922773431e+00 -2.378360785394350074e+01
1.023141218539231456e+00 -2.085050532424491720e+01
1.000000001117051340e+00 -2.142624146542216224e+01
1.000064962950286462e+00 -1.077047522678672919e+01
1.028321932963005114e+00 -1.201900668582820764e+01
1.000000005827250904e+00 -2.278133590720206669e+01
1.000000004160907396e+00 -2.440481914038318578e+01
1.003735835923531328e+00 -3.823698015935658390e+00
1.000000010944908313e+00 -2.029277412500123745e+01
1.000617728039531862e+00 -2.477816850856689257e+01
1.000001317148694779e+00 -2.498988022933739828e+01
1.001621316753309232e+00 -1.954863178962637704e+01
1.000000066055705128e+00 -1.872228135546755468e+01
1.000000003256291681e+00 -2.253477990190169677e+01
1.000000024661079845e+00 -1.652444052334772095e+01
1.000000055193397852e+00 -1.751359458773359989e+01
1.000000002351552952e+00 -2.126502337386363450e+01
1.000000000090631280e+00 -2.176141840053216825e+01
1.000000003425262074e+00 -2.445347939868950249e+01
1.000016191117974573e+00 -1.682103720721425688e+01
1.000000000164417369e+00 -2.057764027707895949e+01
1.000002093372773793e+00 -2.479479375015656117e+01
1.000000000947517176e+00 -2.269490994270763906e+01
1.000000000490986807e+00 -2.164807393398125512e+01
1.000000001196442723e+00 -2.237570300656026134e+01
1.000000000167559300e+00 -2.232925663786569359e+01
1.000000000011918688e+00 -2.424412491082194876e+01
1.000000000016836088e+00 -2.264531905539274348e+01
1.000000000008857803e+00 -2.485060549527798912e+01
1.000000013471188831e+00 -1.811468311560901157e+01
1.000000000156336277e+00 -2.350455950829156038e+01
1.000000000008132828e+00 -2.422241112244511640e+01
1.000016724749447805e+00 -1.888371029777854204e+01
1.000000000010230705e+00 -2.314607215120209105e+01
1.000000000010200285e+00 -2.499044240835731046e+01
1.000000000091341823e+00 -2.031971496918850661e+01
1.000000317656618787e+00 -1.292958529427346726e+01
1.000000000010169643e+00 -2.365723745306815218e+01
1.000000000026775027e+00 -2.367533359049031816e+01
1.000000022560296742e+00 -1.962005244866944764e+01
1.000000000012821078e+00 -2.444962301810997829e+01
1.000000000020278002e+00 -2.156364247477956297e+01
1.001239575791646130e+00 -1.102601892195226974e+01
1.000000000020983659e+00 -2.442007785656670649e+01
1.000000000111560539e+00 -1.791859729634385445e+01
1.000135253496583942e+00 -1.754041172168415486e+01
1.000000000055202287e+00 -1.999999692010482732e+01
1.000000000428755476e+00 -2.289619273607422656e+01
1.000000010874516843e+00 -2.381434651736266161e+01
1.000000000086306962e+00 -1.800113143555263662e+01
1.000000015822996469e+00 -1.965849896203081215e+01
1.000000000017985835e+00 -1.945341542140885238e+01
1.000000009250874067e+00 -2.056456649363821043e+01
1.002177226305939417e+00 -1.358804492223933558e+01
1.000323207183543062e+00 -8.346879445197124880e+00
1.000000002090251749e+00 -2.362793874317035048e+01
1.000000002431058910e+00 -2.357028128652403254e+01
1.000000093652637201e+00 -1.486620262201235931e+01
1.000000099226776351e+00 -2.467977727703597068e+01
1.024445885644394538e+00 -6.820947149844911905e+00
1.000000129989267572e+00 -2.237475963607970186e+01
1.060446921112991214e+00 -2.397370140468013489e+01
1.001515244902782875e+00 -2.400465845947777055e+01
1.001131986929676421e+00 -2.092118443004535067e+01
1.041287224172271930e+00 -6.295994365670466664e+00
1.833087649301423427e+00 9.903998458201492383e+00
1.011058659241866664e+00 -1.378598731939292144e+01
1.094512815214876200e+00 -1.068051258606462284e+01
1.000012167956833009e+00 -2.162910056155846661e+01
1.000734541165076763e+00 -1.340250813160692545e+01
1.010062314825649343e+00 -2.196484623734458808e+01
1.001467010993620788e+00 -1.975409609801178235e+01
1.046882170190983619e+00 -1.237014477254773226e+01
1.000438347877970813e+00 -1.800433561104929936e+01
1.000215257919719658e+00 -1.088115034111655710e+01
1.284331403435573282e+00 -2.429168386683331704e+01
1.004827406534640533e+00 -4.051022386212565607e+00
1.000065571968528522e+00 -1.572824174383556617e+01
1.000002173208509815e+00 -1.421669273250308763e+01
1.002309237880333770e+00 -1.505202060188089774e+01
1.057382820978997495e+00 -1.331160006314249422e+01
1.002430664154520867e+00 -2.030475877363731030e+01
1.000000000355469876e+00 -2.201168692241550673e+01
1.000043987672766033e+00 -8.478103363630289380e+00
1.000026344424815639e+00 -2.028478679047558231e+01
1.000000614485890615e+00 -2.496795914880968681e+01
1.000000002059895143e+00 -1.943293658351591446e+01
1.002147975188963480e+00 -1.660399799842477364e+01
1.513758610365514512e+00 -1.839960999152225440e+00
1.066951622244414644e+00 -2.334096702246084476e+01
1.000000241026387071e+00 -1.757841361005911196e+01
1.082773764437970021e+00 -2.473035995337315285e+01
1.000001038441243884e+00 -2.029324902574375500e+01
1.000000906199540074e+00 -2.255795900055704806e+01
1.000023530977678377e+00 -9.150678963141084310e+00
1.000005014368231748e+00 -1.295462693316262559e+01
1.000001820787115303e+00 -1.535317286254616498e+01
1.000000665913844511e+00 -2.242137240607666726e+01
1.000000304205370005e+00 -2.487788082817777635e+01
1.000000059032483790e+00 -2.481226692837241643e+01
1.000067315531963485e+00 -1.368374958955450893e+01
1.000000160237096924e+00 -1.412768708301248566e+01
1.000000178502661541e+00 -1.410076092175278895e+01
1.000000008317361910e+00 -1.910152736171703935e+01
1.008807152216011582e+00 -1.889196419885762523e+01
1.000000000504590814e+00 -2.365473779751032879e+01
1.009897531718855213e+00 -1.032869592637458389e+01
1.000000013685846234e+00 -2.194646273623274269e+01
1.000000005859988494e+00 -2.167390033272736716e+01
1.000000009185160188e+00 -2.397178950033030631e+01
1.000501274725445144e+00 -1.279532382579704652e+01
1.000000010138898832e+00 -2.205622507451943193e+01
1.000000001080443512e+00 -2.434190681449195637e+01
1.000000000650378196e+00 -2.379652040710222138e+01
1.000000000723891391e+00 -2.269712819197784270e+01
1.000000000032903680e+00 -2.424915196895115344e+01
1.000000000078441920e+00 -2.393600506841760378e+01
1.000000007208608377e+00 -2.088850812160395876e+01
1.000000002059224347e+00 -2.044696222031686617e+01
1.000000000012634338e+00 -2.420629289548793395e+01
1.000000000012634560e+00 -2.497863261451675143e+01
1.000000000012634560e+00 -2.461074165862383722e+01
1.000000000024650282e+00 -2.348027380456887769e+01
1.000000000000362377e+00 -2.413577634800925864e+01
1.000000000000362377e+00 -2.418926667027051991e+01
1.000000000005531353e+00 -2.268764600506423790e+01
1.000000000055392801e+00 -2.303954376085499689e+01
1.000000000064874328e+00 -2.430388716734170984e+01
1.000000000023402391e+00 -2.186420663083497118e+01
1.000000000139653844e+00 -2.177513734574223392e+01
1.000000000050123461e+00 -2.256247822962477656e+01
1.000002455315416094e+00 -1.151764577720868665e+01
1.000000000004136025e+00 -2.427009558280296986e+01
1.000000000005627943e+00 -2.398925881430133700e+01
1.000000000005583090e+00 -2.354601720158673217e+01
1.000000000003433254e+00 -2.302292395915411660e+01
1.000000000019219071e+00 -2.377925073266574785e+01
1.000000000284035018e+00 -2.321451687283853360e+01
1.000000000892299123e+00 -2.373249955429482227e+01
1.000000000711668946e+00 -2.387448304772913943e+01
1.000000000156142876e+00 -2.344321602847833930e+01
1.000000046531293485e+00 -2.401784810894782751e+01
1.000000000208161044e+00 -2.081112127614217044e+01
1.000000015095781736e+00 -1.515274448157427933e+01
1.001123857207237400e+00 -2.430743409155546075e+01
1.000137495293468071e+00 -1.336987811339176702e+01
1.000000001197184796e+00 -1.914271849097277212e+01
1.000000200776587800e+00 -1.189899574287771067e+01
1.548479862355929271e+00 -1.095689224115464100e+01
1.000001080740377635e+00 -2.249423852375864641e+01
1.007594118433235320e+00 -7.928795818170350174e+00
1.002109820723256828e+00 -1.688919450023029967e+01
1.340248257075104199e+00 -1.828716338513352468e+01
1.591130254403435140e+00 -9.842892259972469304e+00
1.000000047079281806e+00 -1.765267187062835674e+01
1.000000175327676821e+00 -2.278859222872966939e+01
1.000000115224320085e+00 -2.362131460738442357e+01
1.000000068698852829e+00 -1.373088108768331139e+01
1.000000000113443255e+00 -2.296108114782532894e+01
1.000000755524537599e+00 -1.979592770202598828e+01
1.009182461542436959e+00 -2.039923351422843467e+01
1.506050589511622739e+00 -1.049298408152335327e+01
1.620961627913986014e+00 -8.891381786783973951e-01
1.000002302977868407e+00 -1.283844718915395511e+01
1.000000000423020508e+00 -2.119141645807432184e+01
1.000000000063743233e+00 -2.299268713495326466e+01
1.000000000064044103e+00 -1.999956554869130798e+01
1.000000000133853373e+00 -2.131272921943435961e+01
1.000007642183088130e+00 -1.944765450732661094e+01
1.000122815158624778e+00 -2.027415828588519631e+01
1.004444151983062028e+00 -1.903426593779415299e+01
1.000341705355882738e+00 -1.745759828205857644e+01
1.000000536007437324e+00 -1.883239941738891332e+01
1.083257152047050420e+00 -1.540853125331446627e+01
1.000109271106763176e+00 -1.075456967678844578e+01
1.000000065571397201e+00 -1.684393378782940331e+01
1.000000673394132233e+00 -1.950700774588848674e+01
1.000000042027327396e+00 -2.394049520002479170e+01
1.000000056977789153e+00 -1.799019458744422195e+01
1.000000018305630789e+00 -1.608778082444345614e+01
1.000000872444383404e+00 -2.028100780301066663e+01
1.000000009624136155e+00 -2.175423524587701252e+01
1.024150983470178744e+00 -1.900130591777933731e+01
1.000000019126367379e+00 -2.135968639530290503e+01
1.000000004746814275e+00 -2.371120889125461062e+01
1.000000000418433288e+00 -2.108417063391372892e+01
1.000026128747032228e+00 -8.929013695313507526e+00
1.000000000104039888e+00 -1.954432469014114204e+01
1.000000000054541927e+00 -2.162627807062661489e+01
1.000000000453548532e+00 -2.406846698858501199e+01
1.217918076644619818e+00 -1.283016405880357524e+01
1.000178063754839863e+00 -9.396761676560624110e+00
1.000000002459478399e+00 -1.873887270607675148e+01
1.000000001869959965e+00 -2.248653201654919798e+01
1.000000001212185019e+00 -1.939637100558829985e+01
1.000000001691883078e+00 -2.457478769929947404e+01
1.001000735278178899e+00 -9.490334814873607527e+00
1.359399660176147995e+00 2.013868867736674417e+01
1.048392247782303333e+00 -2.295423121690170021e+01
1.000000051716783744e+00 -1.871643132235160323e+01
1.000000008618171732e+00 -2.422369634484027756e+01
1.000000090552166432e+00 -1.931562756424958849e+01
1.000000123666384466e+00 -2.247553378765464061e+01
1.000000230559043635e+00 -1.789976410791448913e+01
1.000000000930770794e+00 -1.830843853015527500e+01
1.008349280308096896e+00 -7.966474435909034923e+00
1.146321561963000280e+00 9.550918145112298419e+00
1.000000003038931995e+00 -2.472155680019993795e+01
1.011116395754399155e+00 -1.066735716802108414e+01
1.000000007458747842e+00 -2.207089578326049661e+01
1.000451090950194910e+00 -2.314303817086695503e+01
1.346320152882421572e+00 -8.554741403655341969e+00
1.000000018316814510e+00 -2.290429662609097150e+01
1.000000057197492964e+00 -1.871802845394531545e+01
1.000000032535572680e+00 -2.360348839962195555e+01
1.294801997468564281e+00 2.456250832755672775e+01
1.000001272252744711e+00 -1.607695013662873151e+01
1.000000000011214363e+00 -2.432271263684608797e+01
1.000130402495463811e+00 -2.098140191708615987e+01
1.000001050661210478e+00 -1.366743127555744408e+01
1.000000229081721370e+00 -2.076197871293971886e+01
1.000000019946277074e+00 -1.917912653824384961e+01
1.000607475821913450e+00 -1.303971655309648447e+01
1.000001397768232936e+00 -1.492422151384244700e+01
1.000001081995486540e+00 -1.991542045153967777e+01
1.000000353884408888e+00 -2.421275473665637890e+01
1.315286023436671448e+00 -4.761556696263191668e+00
1.000000000126922473e+00 -2.354668035080628741e+01
1.000000688762884948e+00 -1.252188684676716157e+01
1.006734371475578760e+00 -2.140392737146480684e+01
1.039812408339096939e+00 -9.912017843411760509e+00
1.000000113116804368e+00 -2.140155372289562408e+01
1.000002906319634510e+00 -2.113115631438394715e+01
1.000090987405135801e+00 -9.279937434846253552e+00
1.002278429899621015e+00 -1.179941053438266430e+01
1.000000001504467884e+00 -2.203013324514335025e+01
1.000003921600835843e+00 -2.353824638701826899e+01
1.000000000026907143e+00 -2.208835635989785118e+01
1.000000001161949204e+00 -2.092910107291724131e+01
1.000019182089340264e+00 -2.343776912138604018e+01
1.000033894488687292e+00 -1.040590582602286318e+01
1.000000123368406157e+00 -2.183328417812942490e+01
1.001898407101867949e+00 -1.990873207084874252e+01
1.000000093040399385e+00 -1.782572231103488747e+01
1.000000175721329487e+00 -1.757018953695078523e+01
1.000000012204806277e+00 -1.778585295329247629e+01
1.000000014480903809e+00 -1.942437574530570288e+01
1.000000001925117621e+00 -2.180784952330015614e+01
1.000000010248059956e+00 -2.423671024053968992e+01
1.036087997778642578e+00 -1.220133109401499993e+01
1.000000002993718384e+00 -1.702616727035378474e+01
1.004514524566420208e+00 -1.477807034445963552e+01
1.000000001151190476e+00 -2.000806526639813754e+01
1.099131826457891981e+00 -4.135589393930260371e+00
1.359745253604843551e+00 -1.914448754537816200e+01
1.000000021883561629e+00 -2.063447825625148013e+01
1.010288303647000507e+00 -1.878793508774640841e+01
1.002113393895449844e+00 -1.692637427882251089e+01
1.000000000017212454e+00 -2.444235372186015098e+01
1.000000000002004175e+00 -2.422018991658119091e+01
1.079240765290771620e+00 -8.809353306001881379e+00
1.000000000002680522e+00 -2.338066799982468069e+01
1.000000000007364109e+00 -2.384839542531044998e+01
1.000615735539977402e+00 -2.411369365630388018e+01
1.315994869118615629e+00 -1.397154973004297318e+01
1.000000000046368021e+00 -2.207512475147974484e+01
1.358160557518968581e+00 -1.175791206076831408e+01
1.000000054849926823e+00 -1.449188311636772397e+01
1.000000001992006116e+00 -2.129221127972471450e+01
1.000000030611483570e+00 -2.330091330722537890e+01
1.004445763272300507e+00 -2.083216777858839208e+01
1.000001314222159543e+00 -1.655653658240896675e+01
1.000001991375226051e+00 -1.327127316645128907e+01
1.000000473536218681e+00 -1.387964760192878977e+01
1.000000000039412473e+00 -2.330075791859367484e+01
1.000000000039124703e+00 -2.322466564454097693e+01
1.000000011603618288e+00 -2.126536748792226561e+01
1.000005039427102949e+00 -2.081454854533346932e+01
1.004364219060543295e+00 -1.516481317680619334e+01
1.000024168493385490e+00 -5.863700177504220790e+00
1.000138713865317053e+00 -1.372879597385245276e+01
1.000000000282847967e+00 -2.101526197301044263e+01
1.000000000476855444e+00 -2.380218649375900952e+01
1.000000000326912275e+00 -2.046169709763563205e+01
1.597298515865242408e+00 -7.767940639959586946e+00
1.000000001487343138e+00 -2.337444220937871364e+01
1.000186896000696990e+00 -2.416197750055558302e+01
1.000000000165204295e+00 -2.410172644776068296e+01
1.000001881871895204e+00 -1.759820255410805245e+01
1.000002659926999549e+00 -2.014057124716329739e+01
1.000000000093758556e+00 -2.408016228437795903e+01
1.000000232399242739e+00 -1.570120216177774175e+01
1.000000092238565674e+00 -2.375146669275418532e+01
1.000000040097542398e+00 -2.259271993831695724e+01
1.000033376102830163e+00 -1.348345145536127987e+01
1.011453976325099147e+00 -1.459915929613564067e+01
1.000000015513620610e+00 -2.235254617123332466e+01
1.000000007639421318e+00 -2.042994767743121542e+01
1.000005624113734060e+00 -2.244957529756203130e+01
1.000010444883841165e+00 -1.290645111846458448e+01
1.000000014278897398e+00 -2.318180274774766758e+01
1.000000027209049458e+00 -2.460625836961635216e+01
1.000592156242655184e+00 -9.721954061342669817e+00
1.000000002460940118e+00 -2.269290156913288570e+01
1.000000000992003590e+00 -2.235673764957441989e+01
1.000000294307824333e+00 -1.358420583626057621e+01
1.010634666057354858e+00 -1.104085553284525112e+01
1.000000002582483782e+00 -1.995772824643581345e+01
1.567714104525942620e+00 -7.666905334474133582e+00
1.078024168176885622e+00 -1.431271675643115060e+01
1.000000000456232163e+00 -2.478021774827072221e+01
1.000000001370594527e+00 -2.096153358105833320e+01
1.000018717230918064e+00 -2.275494014190337921e+01
1.000000030328258571e+00 -2.304791761445130760e+01
1.000000000137831524e+00 -2.346205535438314271e+01
1.000000000839255110e+00 -1.664188155497549104e+01
1.000018480296681833e+00 -1.634626465681889940e+01
1.000000000034528602e+00 -2.345789145230001083e+01
1.000000000024526603e+00 -2.429191292777053590e+01
1.153537182075789813e+00 -1.498002436246809488e+01
1.000000000005322853e+00 -2.405887369467716397e+01
1.000000028723949441e+00 -2.150501420346119019e+01
1.907614920337949549e+00 -8.101315412915560898e+00
1.019256337802209256e+00 -1.571416613075452773e+01
1.000000001105852077e+00 -1.930093491440199927e+01
1.000081750246718304e+00 -2.016473576862706096e+01
1.000000001922810799e+00 -2.101255252413677255e+01
1.000000000426261693e+00 -2.278320027616653221e+01
1.000000003573053409e+00 -1.774763765206772703e+01
1.537880207713518743e+00 -1.328889251341427702e+01
1.000022388215272340e+00 -1.927624008162356262e+01
1.000602318323066786e+00 -1.251007345287148098e+01
1.000000001324674148e+00 -2.224757279358298945e+01
1.000000000372051279e+00 -2.302827717418429998e+01
1.000000217963590954e+00 -2.406669965358353025e+01
1.000000000359467123e+00 -2.414559090379192341e+01
1.000000117867301919e+00 -1.733773595237421716e+01
1.000000000489135843e+00 -2.388570495968203033e+01
1.001723617028166258e+00 -2.354285711296868655e+01
1.000000050779902505e+00 -1.555839775806772884e+01
1.000000000495178565e+00 -2.444369040709543484e+01
1.000000000373179931e+00 -2.338306543425428075e+01
1.000000001340420663e+00 -2.366817945862248962e+01
1.000000001735747768e+00 -2.042899287458005730e+01
1.000000117065428462e+00 -2.251260406330526820e+01
1.000000004257969310e+00 -2.139552272076684503e+01
1.000000005305159645e+00 -2.029811879070581071e+01
1.000000004415845911e+00 -2.254277952844224941e+01
1.000000002321624004e+00 -2.304917400371680003e+01
1.000000102641334099e+00 -1.691272883144449324e+01
1.000000022821746271e+00 -2.320973302774781644e+01
1.032952885306192448e+00 -9.490041984572627598e+00
1.000000014394153203e+00 -2.266247976652206830e+01
1.006808119835462811e+00 -1.722069430621778707e+01
1.017875916931653135e+00 -1.438397055337460273e+01
1.000000002794630527e+00 -1.922072238850177328e+01
1.000756054018514973e+00 -5.267910313680665979e+00
1.000000035238098439e+00 -1.586418988400303931e+01
1.000000098334303367e+00 -1.625994497983030840e+01
1.000004079534624113e+00 -1.723092638637441709e+01
1.000065020767744617e+00 -8.686632519930626017e+00
1.000000000006815437e+00 -2.407437621961204499e+01
1.000004406677905910e+00 -1.967140940915195912e+01
1.000000000000573097e+00 -2.384316681010442096e+01
1.000000000022021718e+00 -2.363164256496309079e+01
1.000000000016599833e+00 -2.284921544912570823e+01
1.000004979068527700e+00 -2.455261875150539552e+01
1.000001080202258086e+00 -2.090987087819058488e+01
1.001231250118570504e+00 -1.445720677222840500e+01
1.055965620536125638e+00 -1.564410553776938961e+01
1.000000263039403592e+00 -1.700180443513500705e+01
1.000159339635350308e+00 -9.169523695840998911e+00
1.000000000040225823e+00 -2.385203899787476800e+01
1.000792485207153915e+00 -1.044769669946278512e+01
1.440247967143576391e+00 9.509412890257024742e+00
1.114648221503545589e+00 -7.086384876082753692e+00
1.211752818564078016e+00 -1.980845237463396558e+01
1.000604880276789732e+00 -1.220353143751231784e+01
1.000000000009597656e+00 -2.326855668908617147e+01
1.111903710027082326e+00 -1.279155135087186856e+01
1.000003589308893437e+00 -2.236388039363601266e+01
1.000000029568411719e+00 -1.729692145537796222e+01
1.000000011326186655e+00 -2.342838338622508942e+01
1.013652022732036695e+00 -2.042070574837534735e+01
1.045728362513362875e+00 -1.396135949019299716e+01
1.000185420589540408e+00 -1.367764427360994439e+01
1.000000000002382539e+00 -2.306348132518512273e+01
1.035797171684947449e+00 -1.844953634287485755e+01
1.000301472100104228e+00 -1.559578675477256660e+01
1.000000000013693269e+00 -2.460804999791804093e+01
1.000094844873204769e+00 -1.080243245796086526e+01
1.000000006968315924e+00 -2.059335937736433664e+01
1.000000282641770433e+00 -1.992622428982579663e+01
1.000693183020324950e+00 -1.646748009563334847e+01
1.000000000015659474e+00 -2.463343301201632229e+01
1.001792483068914885e+00 -1.314962505894038536e+01
1.000000006772713501e+00 -2.416834444525215275e+01
1.301918496432102668e+00 -2.362037284585472818e+01
1.000000038770767263e+00 -2.025017486788888021e+01
1.019699751490343642e+00 -1.312665324806135203e+01
1.000000061070348334e+00 -1.923030762042384012e+01
1.000000000260858002e+00 -2.267074030569045107e+01
1.000000234299449842e+00 -2.455950865987672316e+01
1.000000395290923993e+00 -1.355333946516079990e+01
1.000000000110006004e+00 -2.078790336386704141e+01
1.000000000107805986e+00 -2.252475603114217506e+01
1.000000015784727303e+00 -2.379337967734702985e+01
1.000013844634450644e+00 -2.485453647746259875e+01
1.000009554123961752e+00 -1.005549450396636324e+01
1.000000005720736551e+00 -2.154530767991045792e+01
1.000000001001537075e+00 -2.176980116412157784e+01
1.000000002268750077e+00 -2.068200644951093992e+01
1.000000001252603132e+00 -2.336968286971095310e+01
1.000000000004680256e+00 -2.454372857971763011e+01
1.000000002163111024e+00 -2.153262431149762435e+01
1.072263426063420511e+00 -1.230966072620249818e+01
1.000000055284759881e+00 -2.356346425947339185e+01
1.029588800372740032e+00 -2.346763654714035496e+01
1.000000053078732742e+00 -1.682347940615657222e+01
1.000000000006898926e+00 -2.405788975582682809e+01
1.000000274710473480e+00 -2.390232422362420550e+01
1.000640034739263218e+00 -1.154071394479036705e+01
1.000026873180294595e+00 -1.747070003783858638e+01
1.001412849000237193e+00 -2.388605987215105131e+01
1.000000007519673106e+00 -1.926397103174857861e+01
1.000002192869927864e+00 -1.075935570080087089e+01
1.000000000003272493e+00 -2.203354471802878933e+01
1.000000000121705979e+00 -2.406905174301501660e+01
1.001011917091146008e+00 -7.891388456246900773e+00
1.000000000067724715e+00 -1.836343036617547497e+01
1.000000700666788367e+00 -2.363804997075602543e+01
1.000077401796540810e+00 -1.296051784397401363e+01
1.000000003495292944e+00 -1.910222384896836800e+01
1.000000000000573541e+00 -2.383661183196579358e+01
1.000142214112789807e+00 -2.414039733612462513e+01
1.000002296368879939e+00 -1.383987543380307272e+01
1.000493013451041024e+00 -1.538097357769715323e+01
1.000052390242422318e+00 -1.506084038915205170e+01
1.000085495477164965e+00 -1.040648715403000324e+01
1.076051486781653299e+00 -6.524098834636859578e+00
1.000951940558105546e+00 -1.377722616586981630e+01
1.221623806261570522e+00 -2.311333950974613316e+01
1.014080671983748516e+00 -2.130936361121289480e+01
1.004057139700761159e+00 -2.497224288263250003e+01
1.000011079819149939e+00 -9.042412277772356788e+00
1.000000001173781294e+00 -1.979738715924856862e+01
1.041825613014173424e+00 -5.501531395852353512e+00
1.029166474822627464e+00 -2.306856705879810221e+01
1.000000000245519827e+00 -2.286922062637435360e+01
1.001032337581853060e+00 -2.007361331178582731e+01
1.000000001069410560e+00 -2.148955922885799552e+01
1.000000001004590855e+00 -2.464644677585856058e+01
1.000000005545512272e+00 -1.915017544423944784e+01
1.006327515704648734e+00 -1.931487161523197571e+01
1.000000002677717381e+00 -2.121153806087908222e+01
1.001271188344392993e+00 -2.111545584889499239e+01
1.006158792089193010e+00 -8.406175291513967807e+00
1.000000061303500054e+00 -2.264852500092696630e+01
1.031410363132973629e+00 -2.229003539377285747e+01
1.019432798102557713e+00 -1.988343164219071468e+01
1.000000038212725206e+00 -1.909800607184018517e+01
1.008637376534998076e+00 -2.249702661393400760e+01
1.047211928284581761e+00 -2.008081113848049171e+01
1.014136347278536521e+00 -1.581543935531654022e+01
1.010542399349024345e+00 -1.646104088910973218e+01
1.000033048738219188e+00 -2.182376568784130200e+01
1.000003192628462045e+00 -2.342796949094051584e+01
1.000005249105792471e+00 -1.959913897136229721e+01
1.000063113220826194e+00 -1.420076270408928920e+01
1.008197595478979025e+00 -5.091522406874592122e+00
1.002162572132021978e+00 -1.601631870983631600e+01
1.000000010508166337e+00 -2.361393682513045889e+01
1.000000145713759281e+00 -1.814183584807637217e+01
1.000000011830179059e+00 -2.492517948351942891e+01
1.121682841329766145e+00 -7.759492472234228444e+00
1.000335811023224775e+00 -1.229399979176401025e+01
1.000000012178750675e+00 -2.383154278443416274e+01
1.000000429600495844e+00 -1.366700846577950301e+01
1.000163220917903883e+00 -1.099918513349253146e+01
1.113284763666966715e+00 -6.757763615812027780e+00
1.126879384136064033e+00 -7.704244276767013844e-02
1.000002376836299556e+00 -2.341341565715416095e+01
1.262391239857659331e+00 -1.932409709025227684e+01
1.000507866369724885e+00 -2.430098509093410541e+01
1.000376245795850272e+00 -8.095329225907683224e+00
1.007073499803421868e+00 -2.033310572552766260e+01
1.001071806379105977e+00 -1.564767043329841201e+01
2.424586814642210708e+00 1.562271723017638436e+01
1.003403029378630906e+00 -7.800522961766002794e+00
1.618232128862214569e+00 -2.226511797417855121e+01
1.006780057312039345e+00 -2.099790714694798055e+01
1.324354957658633536e+00 1.794903073174496910e+01
1.507800146312353373e+00 -4.549748468995282735e-01
1.079604279331920713e+00 -5.502749635582659948e-01
1.000001481503730361e+00 -2.188705592251004362e+01
1.006170288205077368e+00 -4.145816047609883981e+00
1.000566465374533642e+00 -1.715574367883284168e+01
1.000001578077391429e+00 -1.095325971549523736e+01
1.009533566383697956e+00 -6.307657038008517958e+00
1.003531345306450495e+00 -6.223230382626702806e+00
1.013930258180253174e+00 -1.595568361883173480e+01
1.000814706832256151e+00 -1.978568157901842284e+01
1.013025895864287262e+00 -2.063083810821960284e+01
1.000017511735724174e+00 -2.385847235872925154e+01
