1.000006380176280851e+00 6.413571798706925620e+00
1.000008126610021364e+00 2.671197211971518826e+00
1.000045856933817312e+00 4.918550552618638605e+00
1.000000062034574588e+00 -4.651430610169908775e+00
1.000004086295382955e+00 -4.029933250134429379e+00
1.000008571902466281e+00 -3.249275348137257602e+00
1.000006376079875414e+00 9.135834833679254530e+00
1.000003498187186368e+00 3.435259203381784587e+00
1.000003010118212243e+00 -4.409536951673206140e+00
1.000036013910375887e+00 2.597256652995739046e+00
1.000054355864985034e+00 5.884538902841132568e+00
1.000000658743679827e+00 5.679272711878777358e+00
1.000016779029049951e+00 -8.221878719549708947e+00
1.000023509402435229e+00 -3.440441091377266503e-02
1.000040197671320241e+00 -1.826721524792990436e+00
1.000008804299894249e+00 -8.600697900299008936e+00
1.000007299873303390e+00 6.902683977219261635e+00
1.000006376079875414e+00 9.135834833679254530e+00
1.000010315673879990e+00 -7.877621325653168860e+00
1.000010315673879990e+00 -7.877621325653168860e+00
1.000016775009537895e+00 8.672970543856962422e+00
1.000007299873303390e+00 6.902683977219261635e+00
1.000024008152397004e+00 -7.311154046461761702e+00
1.000009561892190701e+00 -6.683215927235856668e+00
1.000011830311390959e+00 3.665408559635565666e+00
1.000001488210938927e+00 -4.439773411280906856e+00
1.000022619214251618e+00 -3.474284609359105325e+00
1.000003498187186368e+00 3.435259203381784587e+00
1.000003179942732467e+00 7.630956750556350698e+00
1.000002126673733116e+00 1.049771700454073198e+00
1.000008126610021364e+00 2.671197211971518826e+00
1.000000410391040484e+00 6.429280192236962677e+00
1.000051614845285819e+00 -5.342684215759319066e+00
1.000031258741528983e+00 -5.750819733151469215e+00
1.000000661118090939e+00 -3.723387763011979601e+00
1.000000690138970638e+00 -3.011225492021656791e+00
1.000036919269406965e+00 6.772054410405480951e+00
1.000000106301091263e+00 -6.967860288653575651e-01
1.000001069974997492e+00 -6.974650604011296551e+00
1.000005430721997879e+00 -7.039254347086829178e+00
1.000015245780940587e+00 -4.346791470780871691e+00
1.000011830311390959e+00 3.665408559635565666e+00
1.000061000609271833e+00 -6.928578751086070575e+00
1.000000014006597437e+00 6.679307598011348546e+00
1.000001408114306267e+00 -5.649922950647827236e+00
1.000000001289559348e+00 2.261168509208950184e+00
1.000000996996461389e+00 3.898252484571557375e+00
1.000000543620821025e+00 -8.750204775612722585e+00
1.000012834487274960e+00 -3.557832287389679493e+00
1.000006328910116871e+00 9.550580790782493779e+00
1.000004892774625231e+00 8.680659134964507473e+00
1.000001186326790137e+00 -7.586324196466154746e+00
1.000002845853084743e+00 1.294581017035362436e+00
1.000046159700714643e+00 -5.393141323802908005e-02
1.000011741998522607e+00 5.589720777740103230e+00
1.000024008152397004e+00 -7.311154046461761702e+00
1.000042549688554105e+00 -3.045179940447557243e+00
1.000008640488877720e+00 -7.761824972360251707e+00
1.000031258741528983e+00 -5.750819733151469215e+00
1.000002607089201190e+00 -2.568331546605667093e+00
1.000002845853084743e+00 1.294581017035362436e+00
1.000003498187186368e+00 3.435259203381784587e+00
1.000002607089201190e+00 -2.568331546605667093e+00
1.000002607089201190e+00 -2.568331546605667093e+00
1.000011741998522607e+00 5.589720777740103230e+00
1.000000267156007316e+00 5.631914135185034809e+00
1.000007510513555298e+00 -1.128049400317779671e+00
1.000008571902466281e+00 -3.249275348137257602e+00
1.000006328910116871e+00 9.550580790782493779e+00
1.000001408409310732e+00 -9.473765106770839495e+00
1.000036312350330858e+00 -9.916872864258508002e+00
1.000006328910116871e+00 9.550580790782493779e+00
1.000009561892190701e+00 -6.683215927235856668e+00
1.000009561892190701e+00 -6.683215927235856668e+00
1.000008571902466281e+00 -3.249275348137257602e+00
1.000019938973667477e+00 -5.095463893177919701e+00
1.000015207813398144e+00 -4.836072478202488867e-01
1.000008804299894249e+00 -8.600697900299008936e+00
1.000019364345438033e+00 9.002143960588728788e-01
1.000018545296331718e+00 1.355956999956749343e+00
1.000000151734983689e+00 -6.545617954931183924e+00
1.000019364345438033e+00 9.002143960588728788e-01
1.000011741998522607e+00 5.589720777740103230e+00
1.000008126610021364e+00 2.671197211971518826e+00
1.000011741998522607e+00 5.589720777740103230e+00
1.000000773424412071e+00 1.997284059197683703e+00
1.000019021292793298e+00 -2.408832982510702436e-01
1.000010315673879990e+00 -7.877621325653168860e+00
1.000006380176280851e+00 6.413571798706925620e+00
1.000009561892190701e+00 -6.683215927235856668e+00
1.000003010118212243e+00 -4.409536951673206140e+00
1.000007510513555298e+00 -1.128049400317779671e+00
1.000006380176280851e+00 6.413571798706925620e+00
1.000004777470683059e+00 -7.696959450301251948e+00
1.000002131739273992e+00 6.799457641780168871e+00
1.000004892774625231e+00 8.680659134964507473e+00
1.000052298548069984e+00 -2.819130034389020878e+00
1.000008571902466281e+00 -3.249275348137257602e+00
1.000008126610021364e+00 2.671197211971518826e+00
1.000008640488877720e+00 -7.761824972360251707e+00
1.000012746976034927e+00 -1.325708050538414895e+00
1.000003498187186368e+00 3.435259203381784587e+00
1.000018545296331718e+00 1.355956999956749343e+00
1.000000106301091263e+00 -6.967860288653575651e-01
1.000036721627896696e+00 2.518380207351864186e+00
1.000028506067829559e+00 4.021498060118805284e+00
1.000002126673733116e+00 1.049771700454073198e+00
1.000007299873303390e+00 6.902683977219261635e+00
1.000012746976034927e+00 -1.325708050538414895e+00
1.000043608737152701e+00 3.353837472004865816e-01
1.000022619214251618e+00 -3.474284609359105325e+00
1.000007299873303390e+00 6.902683977219261635e+00
1.000012347835280480e+00 8.270048872164270648e-01
1.000019021292793298e+00 -2.408832982510702436e-01
1.000015168709735169e+00 9.802876977621771459e+00
1.000046159700714643e+00 -5.393141323802908005e-02
1.000008640488877720e+00 -7.761824972360251707e+00
1.000010315673879990e+00 -7.877621325653168860e+00
1.000006067891404893e+00 -6.632237148278825600e-01
1.000019364345438033e+00 9.002143960588728788e-01
1.000004540365495576e+00 -9.122530612716614584e+00
1.000008640488877720e+00 -7.761824972360251707e+00
1.000020065009472381e+00 -2.673648075135091062e-01
1.000008488489037228e+00 -4.981068003395940913e+00
