-1.953662976632904247e+01 8.838071839900656368e-01
-1.867157680347221671e+01 9.044912174905488378e-01
-1.899241921347764972e+01 9.716337314046480378e-01
-1.905643511894871978e+01 4.561814723100909297e-01
-1.901437834651368064e+01 3.180316341302233396e-02
-1.921095533711716286e+01 3.399750376917971550e-01
-1.921809889697825469e+01 3.887539134420431308e-01
-1.955808272099768885e+01 3.368015119329664242e-01
-1.928233152772173398e+01 3.332387918965230011e-01
-1.881233303069521412e+01 6.933498699620663785e-01
-1.934405690893881413e+01 2.411132745914398579e-01
-1.927892153646360285e+01 3.278971524584075037e-01
-1.930058731463213917e+01 3.438038499217324628e-01
-1.902790863150585920e+01 6.180382312187350236e-01
-1.945241750116549184e+01 2.308450257043866694e-01
-1.944308086658004342e+01 1.146915181371269687e-01
-1.928975075657777438e+01 3.010136238976021672e-01
-1.935851656103283247e+01 2.502381804494999140e-01
-1.924607969345819569e+01 3.251951031654233826e-01
-1.929267394731974861e+01 3.087450197213257308e-01
-1.914975985794322710e+01 3.979375751735171884e-01
-1.932155792225198354e+01 2.801404588377381377e-01
-1.929629088956425420e+01 2.858524867295642036e-01
-1.931454339227652284e+01 2.859662823036115964e-01
-1.893251775530729830e+01 7.066552083649719762e-01
-1.886948438123827998e+01 6.310844195513790611e-01
-1.930323087973887652e+01 2.965522093076104482e-01
-1.931707309495752511e+01 2.698129171575623375e-01
-1.930099916713217922e+01 3.101004162222793514e-01
-1.930431918768879029e+01 2.972154331161369067e-01
-1.930154361642744121e+01 2.968771426335855002e-01
-1.922180144672832114e+01 4.122550776592286415e-01
-1.930502018281522325e+01 2.959730793775301461e-01
-1.930535307950250257e+01 2.949596917317044986e-01
-1.930415201462879082e+01 2.963427138589177501e-01
-1.930339753195382002e+01 2.963465774893563331e-01
-1.930615629527722277e+01 2.874978649836800737e-01
-1.930631733737884304e+01 2.955685500420358602e-01
-1.930319454726169681e+01 2.967796708358406699e-01
-1.930481686726121993e+01 2.949572724978540283e-01
-1.931003196445685433e+01 2.875337037850084765e-01
-1.930408374732307308e+01 2.961061045695022598e-01
-1.930569204732199751e+01 2.945825434591345382e-01
-1.930339279689642495e+01 2.957484693618389060e-01
-1.930404140824546744e+01 2.958630811050916298e-01
-1.930481824242451694e+01 2.957852436421459785e-01
-1.931953357521410553e+01 3.040230778519714683e-01
-1.937247990525558450e+01 2.421185584575830385e-01
-1.936510148553259114e+01 2.703352860537062141e-01
-1.930166969958612455e+01 2.951705916802954133e-01
-1.932105844888227253e+01 3.228017591284157439e-01
-1.932587571988463537e+01 2.822965771705392979e-01
-1.930457875018133151e+01 2.961096871773731820e-01
-1.930361123209945262e+01 2.970643182736727450e-01
-1.951594750343793194e+01 1.627933101585831155e-01
-1.932046255727049200e+01 2.864458858815612796e-01
-1.930888430912355958e+01 2.870664326925664867e-01
-1.925685756117446701e+01 3.412986027080602836e-01
-1.930339796107202943e+01 2.963264262349741274e-01
-1.929511306001602478e+01 2.896997445158870366e-01
-1.930435888547002676e+01 2.958717780726136115e-01
-1.932219111224282670e+01 2.866313767261025047e-01
-1.930461923820815784e+01 2.955423003708023688e-01
-1.930424259688814104e+01 2.958998295504219889e-01
-1.932446733631356750e+01 2.691960668304875237e-01
-1.930354805979687072e+01 2.964343339156178536e-01
-1.930453812514308964e+01 2.946968436983264383e-01
-1.930407596059174224e+01 3.009800261190526127e-01
-1.927920817337659187e+01 3.113201018300523204e-01
-1.927033111449198444e+01 3.178412502678633622e-01
-1.830535926727276319e+01 7.168130509057419886e-01
-1.930411400970544022e+01 2.960712599479252138e-01
-1.924914091069339150e+01 3.403057516706042285e-01
-1.922036071261361556e+01 3.556248855800048236e-01
-1.930421149282733850e+01 2.959365282082387916e-01
-1.930428819990319411e+01 2.951784531153471836e-01
-1.930414421044309847e+01 2.960021752191667743e-01
-1.930416206888698483e+01 2.960271414869802831e-01
-1.930439211422336498e+01 2.958423484486098487e-01
-1.930375667841556009e+01 2.962753113027043472e-01
-1.930333870031516597e+01 2.964305830689634158e-01
-1.930432419891364049e+01 2.959405061110086943e-01
-1.930202257470739369e+01 3.003465544128803288e-01
-1.929693407402075422e+01 3.015519638638696209e-01
-1.930466215987253165e+01 2.956397359478552533e-01
-1.926679462514756125e+01 3.230347154338982230e-01
-1.930432164304742670e+01 2.959495065178119333e-01
-1.930430590856456163e+01 2.959301858036157973e-01
-1.930412323133331043e+01 2.961042953137426048e-01
-1.930536710574913073e+01 2.954689142482096464e-01
-1.930424425961716040e+01 2.959716557067734177e-01
-1.930417661817772768e+01 2.960046333441166966e-01
-1.930427530448584861e+01 2.959641320940065157e-01
-1.930493266623300386e+01 2.955777095037130375e-01
-1.930420074530922747e+01 2.959647432725416305e-01
-1.930207321546497568e+01 2.972387530952905754e-01
-1.930429377839603333e+01 2.959513077901088640e-01
-1.930416902608049767e+01 2.960142305042862132e-01
-1.930416790967797169e+01 2.960230986582447765e-01
-1.930706720146530486e+01 2.928290539300328343e-01
-1.925211498368285135e+01 3.391758954216544386e-01
-1.926579975945251633e+01 3.832879964107702708e-01
-1.930416493955329571e+01 2.960275559709982240e-01
-1.918314345746065186e+01 3.240162315828368778e-01
-1.930028925968863973e+01 2.971840505149571099e-01
-1.930416730495485922e+01 2.960406531667746366e-01
-1.930176619105133540e+01 2.974228869042716550e-01
-1.927060025200091076e+01 3.501699267192606158e-01
-1.930418987811241038e+01 2.960121962367404103e-01
-1.930417653295850400e+01 2.961589150470504417e-01
-1.908897842824695701e+01 2.476936767422799335e-01
-1.893984744395074671e+01 5.235895400930821175e-01
-1.930419923758593725e+01 2.960049634560049103e-01
-1.930422717129433607e+01 2.959507389686055201e-01
-1.930419891366115337e+01 2.960119611659260963e-01
-1.927065746680681357e+01 3.279565218110261360e-01
-1.930959372218471870e+01 3.136944411609612349e-01
-1.933846217728387273e+01 2.749785737346113201e-01
-1.930420085510836259e+01 2.960044587676614603e-01
-1.930419906257592544e+01 2.960052547081460927e-01
-1.930922634756371181e+01 2.958282441147229713e-01
-1.930419948086964155e+01 2.960052260067577157e-01
-1.930419953163636038e+01 2.960052252567478281e-01
-1.930419992589657596e+01 2.960048089890165435e-01
-1.930420505871776626e+01 2.960020357823703319e-01
-1.930419944967662715e+01 2.960050640580531578e-01
-1.930419987692289041e+01 2.960046877604856630e-01
-1.930419992033729315e+01 2.960040330134184328e-01
-1.930420159929754931e+01 2.960041584687984617e-01
-1.930421053475458137e+01 2.959976039521442503e-01
-1.905967800160681591e+01 3.387416008724290495e-01
-1.922714232876985108e+01 4.173448983400602774e-01
-1.930419944431751489e+01 2.960043499122166355e-01
-1.930419686559863024e+01 2.960061190198140513e-01
-1.930420069219767143e+01 2.960041413265826482e-01
-1.930413285010079250e+01 2.956636511388234245e-01
-1.930420061659323849e+01 2.960041165826344245e-01
-1.930420055124069023e+01 2.960041835021453016e-01
-1.930419882959875011e+01 2.960053756220892840e-01
-1.930420005367555447e+01 2.960045245644901679e-01
-1.930419804429831387e+01 2.960064792849443904e-01
-1.930419767514972307e+01 2.960057432572783531e-01
-1.930413464933886303e+01 2.960427033257307938e-01
-1.930419452953604065e+01 2.960125071668719410e-01
-1.930420203613152808e+01 2.960033782419295711e-01
-1.930420221300540362e+01 2.960033823294163646e-01
-1.930419860752443739e+01 2.960048562731090738e-01
-1.930416783836718864e+01 2.960303810992719331e-01
-1.930422732911222283e+01 2.961310424161857080e-01
-1.930419864092544202e+01 2.960054333895372758e-01
-1.930419755410939331e+01 2.960073675026349549e-01
-1.930419032779050426e+01 2.960192505106051253e-01
-1.930419926969400990e+01 2.960050584751552916e-01
-1.930276083130959108e+01 2.972238994038934878e-01
-1.930407976751684629e+01 2.960241212455712034e-01
-1.930457540882518330e+01 2.957290277552548363e-01
-1.930419574383557446e+01 2.960097713673121023e-01
-1.930419678091370983e+01 2.960580224642093694e-01
-1.930692647137626139e+01 2.905363333612759336e-01
-1.915742050887262593e+01 5.859444949967788085e-01
-1.920687351472576410e+01 3.609808961491971502e-01
-1.915580039969125892e+01 4.789375687630190170e-01
-1.914973181725650520e+01 3.998553763185994647e-01
-1.931315473277544115e+01 2.925274400994726798e-01
-1.930395638399269131e+01 2.962021807510605287e-01
-1.932941254164812506e+01 2.792268277536098520e-01
-1.931578727182374422e+01 2.897863417196280267e-01
-1.930421172989719381e+01 2.959962158907997187e-01
-1.930755949830237483e+01 2.942514192164790710e-01
-1.928231049906554873e+01 3.118579786013749300e-01
-1.953165859015754791e+01 1.788596324952860805e-01
-1.930413447510953162e+01 2.960148094494240434e-01
-1.930101975408382131e+01 2.993749342122298818e-01
-1.927970813700465058e+01 2.961747386116053704e-01
-1.930420093469690812e+01 2.962004119578191541e-01
-1.930410954986057348e+01 2.960939733570295829e-01
-1.932894233246156546e+01 2.841233000950602605e-01
-1.930412443007329060e+01 2.960284205968606308e-01
-1.932327803446884573e+01 2.800478919286457091e-01
-1.930757546490711718e+01 2.940737546890425658e-01
-1.942595938384545207e+01 1.691990348399849964e-01
-1.914727088598433014e+01 2.070114539275080268e-01
-1.930902726543958892e+01 2.992638112301532205e-01
-1.930471523092793973e+01 2.955590007670795272e-01
-1.930415093099079371e+01 2.959538499395853450e-01
-1.930422105047404102e+01 2.959779611027344992e-01
-1.929920684187280955e+01 2.986715085391279390e-01
-1.929890623282553008e+01 2.998263132822787114e-01
-1.929287654934599416e+01 2.999061299063669472e-01
-1.930475800043256385e+01 2.954533425426448812e-01
-1.930420243137812619e+01 2.960041279011150217e-01
-1.967086493067240482e+01 2.782326265899861747e-02
-1.930453197943529631e+01 2.964129161496398823e-01
-1.919049864016923479e+01 3.864804349335739242e-01
-1.971463279476238384e+01 2.211420855048685796e-01
-1.929436955733993386e+01 3.004066305093169298e-01
-1.922368013632097217e+01 7.116485333492141852e-01
-1.933993427121952990e+01 2.482003310183847622e-01
-1.930569131838704067e+01 2.945913656708611938e-01
-1.930412363490878036e+01 2.960597435482999473e-01
-1.930418841432799226e+01 2.960103758089542292e-01
-1.930418896060585254e+01 2.960131170074560836e-01
-1.930419327551361164e+01 2.960091628547072973e-01
-1.930415701715887522e+01 2.960673203657033792e-01
-1.937451500535054194e+01 3.232527528536546790e-01
-1.929803134657230856e+01 2.995922428210020527e-01
-1.932458418109908393e+01 2.899212563676458743e-01
-1.930419938644463329e+01 2.960051310093473886e-01
-1.930417136845884230e+01 2.960657416250464524e-01
-1.930418588069394659e+01 2.960188523940144867e-01
-1.930419933765126927e+01 2.960052115737994982e-01
-1.930421348378806456e+01 2.959979616626109977e-01
-1.930133196367189541e+01 2.973721043556178945e-01
-1.929886807121431502e+01 3.005027790046612135e-01
-1.930419717737721541e+01 2.960070379496806403e-01
-1.929750980724205078e+01 3.037405709778762120e-01
-1.915764372587889142e+01 3.717873842841473708e-01
-1.930419974508479442e+01 2.960044497400785013e-01
-1.930460678210759440e+01 2.955844515036430975e-01
-1.930413157921400114e+01 2.961376773757884440e-01
-1.930416493910042064e+01 2.960287532067583105e-01
-1.930419508084203173e+01 2.960115599787917495e-01
-1.930419595793226506e+01 2.960089670849511134e-01
-1.930419984357687824e+01 2.960049503683276351e-01
-1.929908803563144204e+01 3.070264757790081567e-01
-1.930423199510260446e+01 2.959820950821401286e-01
-1.930421272760186824e+01 2.959977951489009551e-01
-1.930420127043561251e+01 2.960034638684626018e-01
-1.926379420138860610e+01 3.655539739622542528e-01
-1.930543953031355997e+01 2.947636173360876355e-01
-1.928872683037069535e+01 3.123893091125773402e-01
-1.929982231316053642e+01 2.973368864981315585e-01
-1.930444739177988822e+01 2.958255510980811187e-01
-1.956680372905165299e+01 1.622237723355229311e-01
-1.930163130929121706e+01 2.977189543319438969e-01
-1.919804455480594285e+01 3.550577317764003760e-01
-1.935017796834507564e+01 2.505388283081980139e-01
-1.930437981748623244e+01 2.958258364753525993e-01
-1.930413599950330195e+01 2.960775866678836410e-01
-1.932254716694286145e+01 2.909932178051762297e-01
-1.930396813242026610e+01 2.961368329784250797e-01
-1.914456137159246651e+01 7.020860993374891112e-01
-1.930419317864619089e+01 2.960115226320274018e-01
-1.930106843866929722e+01 2.985165688917956195e-01
-1.930419488918278503e+01 2.960212642093878466e-01
-1.925097179318974838e+01 3.225828460084511073e-01
-1.952625507866968135e+01 1.587505244673836913e-02
-1.930418194589041647e+01 2.960171807296041457e-01
-1.930418192272492561e+01 2.960206683646945947e-01
-1.930418164554070870e+01 2.960164342545972826e-01
-1.930416718905176765e+01 2.960355049924696114e-01
-1.930422038502493010e+01 2.959828173749645130e-01
-1.926713712126888822e+01 3.061849768912130454e-01
-1.930409803824607096e+01 2.960797394973653240e-01
-1.930330307504095089e+01 2.881614075512851092e-01
-1.930283768256930443e+01 2.941815330352836044e-01
-1.929052342201904935e+01 3.070889551140723039e-01
-1.929457136889548252e+01 3.020904067980947905e-01
-1.930375655303519622e+01 2.963210652699295733e-01
-1.862923675143207092e+01 5.826144997363900124e-01
-1.930419438550610423e+01 2.960086067479265060e-01
-1.813163254725762386e+01 1.968425307246866041e-01
-1.934731087744600586e+01 1.744227074599721816e-01
-1.955624045803828182e+01 1.504102986280101417e-01
-1.934139912252927473e+01 2.179986149443066956e-01
-1.930419641123721775e+01 2.960077302470835448e-01
-1.929921707823246280e+01 3.001373796527985749e-01
-1.921546348150760508e+01 3.505079053669636902e-01
-1.930419561960897212e+01 2.960068007201604456e-01
-1.930421813270072917e+01 2.959918103074756224e-01
-1.930420123816405820e+01 2.960045101317629879e-01
-1.930389651201308965e+01 2.962457078109012598e-01
-1.930419722129472504e+01 2.960073128106717189e-01
-1.930378222376113584e+01 2.963409632510518588e-01
-1.930214442032145072e+01 2.954811433447774860e-01
-1.930421375554908536e+01 2.959948822582593175e-01
-1.930421529832852912e+01 2.960051780046647485e-01
-1.930421619923488663e+01 2.959944404363040737e-01
-1.926674182502900479e+01 3.306515607530181589e-01
-1.930420629806133093e+01 2.960007243388065867e-01
-1.930419974206828471e+01 2.959970183631298601e-01
-1.930514952690837305e+01 2.951390754365894042e-01
-1.930399123304877307e+01 2.960431918421646547e-01
-1.937068928175283844e+01 5.496396040761636348e-01
-1.930414527338426822e+01 2.959890122845292293e-01
-1.930299785670062818e+01 2.979729573294200851e-01
-1.921858711772388162e+01 3.732914773404954478e-01
-1.930438206549182212e+01 2.958838619931815628e-01
-1.930602669668806826e+01 2.952875938093592056e-01
-1.930474067057334153e+01 2.954326015858615428e-01
-1.930416852754614254e+01 2.960239807505117837e-01
-1.932285890364240188e+01 2.820717187560902173e-01
-1.930419286001435353e+01 2.960090981285244949e-01
-1.910322298931860274e+01 8.924303051183500868e-01
-1.930249571233838424e+01 2.971913140741129777e-01
-1.949881818795082111e+01 2.010151040355022678e-01
-1.952964365083693821e+01 8.754100464773271195e-01
-1.930967334927830947e+01 2.914636196875612373e-01
-1.930419818160092404e+01 2.960066256204883506e-01
-1.930419820593693458e+01 2.960062924178457622e-01
-1.934835068440348138e+01 2.445420181624440858e-01
-1.920598296197125521e+01 3.703436146273760277e-01
-1.938861084704980797e+01 2.292283892638097564e-01
-1.930422697104400243e+01 2.958748817117529684e-01
-1.930417260398001389e+01 2.960561964701204918e-01
-1.889610274273795909e+01 8.210661640462127986e-01
-1.921332839543338267e+01 6.552076475282460066e-01
-1.930298641448118246e+01 2.967361401404988719e-01
-1.911734016981596795e+01 5.165860742814833984e-01
-1.930416657822162918e+01 2.960719138296833974e-01
-1.930421852552776940e+01 2.959912277266589231e-01
-1.930458974252098869e+01 2.957580383510463595e-01
-1.930417350618773753e+01 2.960364553045808922e-01
-1.935741109675293714e+01 2.389142826020859978e-01
-1.930451188278589214e+01 2.958791226135881192e-01
-1.930419929218369290e+01 2.960053462193633078e-01
-1.930935698404047329e+01 2.896937966651001450e-01
-1.931150764196220138e+01 2.887269171135626866e-01
-1.930419932487150092e+01 2.960052214184788477e-01
-1.930419924840909474e+01 2.960050799239714592e-01
-1.930961724659379186e+01 2.917887743047531957e-01
-1.943524868615098455e+01 2.436752264421226111e-01
-1.930262997801703051e+01 2.970971165240745560e-01
-1.930413551779273007e+01 2.960915603679331043e-01
-1.930425631693535848e+01 2.968021420630466700e-01
-1.930097936056094099e+01 2.998579453002119810e-01
-1.930428743639813405e+01 2.959692934970151179e-01
-1.930464013137261503e+01 2.957575254764779893e-01
-1.930419748347273767e+01 2.960063850701130095e-01
-1.930419619188856828e+01 2.960041169907575709e-01
-1.930420031305999373e+01 2.960044074623960908e-01
-1.892710053816727722e+01 5.645949089181360181e-01
-1.930419935340745496e+01 2.960050939967818207e-01
-1.930419919784236527e+01 2.960050939423666261e-01
-1.930416666433151107e+01 2.959505173214242446e-01
-1.930419970274815000e+01 2.960048604536534844e-01
-1.930432164040605159e+01 2.959278039067241850e-01
-1.930426221713831580e+01 2.959625839253690605e-01
-1.930419951827228431e+01 2.960050545978862857e-01
-1.930431180816725956e+01 2.959485925257884786e-01
-1.930420280377692777e+01 2.960136589890097758e-01
-1.930418992232375075e+01 2.960103213780264642e-01
-1.930421812919753677e+01 2.959915606739891292e-01
-1.926576538443734066e+01 3.177474948734901883e-01
-1.930420321074544887e+01 2.960028110748511576e-01
-1.930420109204463586e+01 2.960036791167452996e-01
-1.930420118788662620e+01 2.960037741070079553e-01
-1.930419819652272295e+01 2.960050241320880127e-01
-1.930420014842950849e+01 2.960049649602120581e-01
-1.930420074601857650e+01 2.960039963462048895e-01
-1.930420040622972877e+01 2.960061565319044297e-01
-1.930421747720326309e+01 2.959911538723394298e-01
-1.934719505666466333e+01 2.832461529851346138e-01
-1.930419529302214343e+01 2.959921428769023422e-01
-1.930416573797920421e+01 2.960180278894050665e-01
-1.937637369593846515e+01 2.994846895107626250e-01
-1.914602346635919972e+01 3.923148417158644485e-01
-1.930419202912030130e+01 2.960121581655951184e-01
-1.930419231372036748e+01 2.960058191550337670e-01
-1.930419894890515664e+01 2.960055314289592454e-01
-1.929196656991089753e+01 3.004104183493231384e-01
-1.930419942616599727e+01 2.960093638091605972e-01
-1.930421113899285501e+01 2.960094872745506200e-01
-1.929430327015060342e+01 3.073243921849259652e-01
-1.932102313045787767e+01 2.788202007615762645e-01
-1.931013840190065878e+01 2.918169768452540946e-01
-1.930408811122618928e+01 2.959694392400958884e-01
-1.930387671426197826e+01 2.960510910350457880e-01
-1.930416658910247207e+01 2.960345531793708851e-01
-1.929278267011746806e+01 3.029619900598702342e-01
-1.930394676205442295e+01 2.961048222772914018e-01
-1.930483900981002776e+01 2.955152461178294776e-01
-1.930419048106254110e+01 2.960120356844055389e-01
-1.930437943488734831e+01 2.958347779467832561e-01
-1.930437511926668392e+01 2.958700006569117691e-01
-1.930446142764092698e+01 2.958238222661494499e-01
-1.884453128495328045e+01 9.610197093785739497e-01
-1.930422048532447832e+01 2.960106601383324931e-01
-1.930418670314623952e+01 2.960130234389572457e-01
-1.930420970200033892e+01 2.959975722675602383e-01
-1.930419347780215134e+01 2.960237011118149186e-01
-1.930419204222866369e+01 2.960106601649937219e-01
-1.938965551455741476e+01 2.737149427286458270e-01
-1.930595147689270163e+01 2.971774413608718191e-01
-1.929029662106578513e+01 3.052731119577113961e-01
-1.930403159876889774e+01 2.960183871139838718e-01
-1.930465011156566746e+01 2.956607564555398526e-01
-1.930459049192830889e+01 2.956205599644670667e-01
-1.932073845375519383e+01 7.168245530805956722e-01
-1.930419961628715697e+01 2.960049408983694286e-01
-1.930345071917478705e+01 2.967176010453481116e-01
-1.930327100964484899e+01 2.976817038222271949e-01
-1.930351168115473115e+01 2.961557454459814998e-01
-1.917643422295740407e+01 3.069716630803934754e-01
-1.915402975627273818e+01 3.809793575137796484e-01
-1.930848565501072045e+01 2.633581280686014270e-01
-1.923908909090096486e+01 3.216257102952649882e-01
-1.930398557396580017e+01 2.960595460794132050e-01
-1.932627711603411313e+01 2.841926036137506495e-01
-1.924414026203453787e+01 3.655420627429318836e-01
-1.930580210625538484e+01 2.954413814997588483e-01
-1.926502351429087767e+01 2.966909167018776383e-01
-1.930726897500388972e+01 2.937697597104077518e-01
-1.930390863921784117e+01 2.961796805252455700e-01
-1.930407066516658077e+01 2.961083598432684427e-01
-1.930417799374065169e+01 2.960293556689129191e-01
-1.930452729362941255e+01 2.950902568217005917e-01
-1.930374982112111226e+01 2.962485193548037299e-01
-1.930239758103265757e+01 2.950576096850945906e-01
-1.930243149344331144e+01 2.988587060762219472e-01
-1.930299539674314602e+01 2.973964389109149953e-01
-1.917247835323497185e+01 3.812906178435436777e-01
-1.930418905060868795e+01 2.960247107966985092e-01
-1.930419328933510315e+01 2.960065359610100089e-01
-1.991242408563972077e+01 9.012585370413006558e-01
-1.962144486751418881e+01 5.932339752756926599e-01
-1.935520564851934822e+01 2.281413938998344548e-01
-1.920782448971855061e+01 3.529589215910490241e-01
-1.930419119591932997e+01 2.960142934150157279e-01
-1.930426754157808489e+01 2.959448907107317117e-01
-1.930420060107483238e+01 2.960047469317026447e-01
-1.930415245370707567e+01 2.960375231840401966e-01
-1.931222846971314411e+01 2.922250805409707941e-01
-1.930542183279227331e+01 2.951214007927931982e-01
-1.930419902525753528e+01 2.960052061720578886e-01
-1.930419986306813485e+01 2.960046993474790833e-01
-1.933479394258106865e+01 2.023892679582773302e-01
-1.930420170545716729e+01 2.959987216745838534e-01
-1.909115044135661776e+01 5.876675346384230281e-01
-1.930420661094000678e+01 2.959990113224471586e-01
-1.913091318820850262e+01 4.421201197053202803e-01
-1.965342605920000096e+01 1.529178228749496493e-01
-1.930417592021262863e+01 2.959864558597115058e-01
-1.930409894630795264e+01 2.959332966207514071e-01
-1.930420968517921665e+01 2.959950789366646573e-01
-1.866303568759161990e+01 9.555564989771812012e-01
-1.931356289194078002e+01 2.897938051041148988e-01
-1.930419583319945431e+01 2.960101698205221399e-01
-1.930538524525013955e+01 2.951778926935905711e-01
-1.861451561178196812e+01 5.876810578647155836e-01
-1.930419562558334334e+01 2.960027148158391741e-01
-1.930420396122398685e+01 2.960525037915772706e-01
-1.930418136467812218e+01 2.960165279375656100e-01
-1.930492386638476887e+01 2.909234819961622476e-01
-1.928647043341306855e+01 3.037374661778239893e-01
-1.994682884531568590e+01 7.167220083085991400e-02
-1.934963450756083958e+01 2.788377012071752148e-01
-1.931790004826385143e+01 2.837698861265965378e-01
-1.931607857910169201e+01 2.944641043298245608e-01
-1.933704838516154112e+01 2.681095129312314751e-01
-1.930485923160047790e+01 2.954983147311588954e-01
-1.929244176022213253e+01 3.025482864583623477e-01
-1.928489344167538277e+01 5.873232965981651788e-01
-1.931161759153773616e+01 2.893279853553191172e-01
-1.930427514921211340e+01 2.959439904435191004e-01
-1.930331397404984273e+01 2.965500437391331290e-01
-1.930381098888867442e+01 2.962079362967569574e-01
-1.930404956079892642e+01 2.962280171284903396e-01
-1.930424066320970411e+01 2.959862491310841226e-01
-1.930427872901536190e+01 2.958296735515227316e-01
-1.930442432543523168e+01 2.959118503608698658e-01
-1.930423606956318849e+01 2.959722666112324929e-01
-1.930427266739274117e+01 2.959750378146864258e-01
-1.930412840698257781e+01 2.960546006131962726e-01
-1.930464088102061382e+01 2.958617263864228297e-01
-1.930417507818806300e+01 2.960055113481356859e-01
-1.930260969400542237e+01 2.965358047483152015e-01
-1.930420255879765890e+01 2.960020109429010171e-01
-1.930611513454222461e+01 2.965189276488545134e-01
-1.930194103200723887e+01 2.969455028431139954e-01
-1.930418814434955266e+01 2.960173100057799656e-01
-1.930392244115521194e+01 2.962102425524415494e-01
-1.931586445610934533e+01 2.796067984305725118e-01
-1.931173315331151485e+01 2.918291282246782137e-01
-1.894548748194524279e+01 6.870731279800016411e-01
-1.930417816935512221e+01 2.960208078953456279e-01
-1.930418178415848374e+01 2.960177716032585948e-01
-1.930418870262063891e+01 2.960158520629901369e-01
-1.930418542126702874e+01 2.960168068952163112e-01
-1.930418974774440954e+01 2.960131778292219296e-01
-1.930317481848801364e+01 2.968489382461906856e-01
-1.929854735562049228e+01 3.008008839592660744e-01
-1.930420563668494793e+01 2.959989919815209092e-01
-1.930419755623448097e+01 2.960065417965257462e-01
-1.931537653365590756e+01 2.930209188599545156e-01
-1.930657000871945073e+01 2.953842101034102052e-01
-1.930420093265123782e+01 2.959966561430088516e-01
-1.927256839033144686e+01 3.089653906841138276e-01
-1.930413797701210754e+01 2.960497289129606080e-01
-1.930420027669088157e+01 2.960043277199368994e-01
-1.926959863933439365e+01 3.242879253545157270e-01
-1.930420597389034754e+01 2.960004309960145297e-01
-1.930420006498525609e+01 2.960043630204325926e-01
-1.930426388948272987e+01 2.958558301780044308e-01
-1.930420059142780786e+01 2.960041651872880042e-01
-1.929413271462213686e+01 3.191528470187557920e-01
-1.936435897003195805e+01 2.576657946377104436e-01
-1.930420926522374359e+01 2.960027108533880291e-01
-1.930423201412416034e+01 2.959547311322859309e-01
-1.930421909144976667e+01 2.959776064507064208e-01
-1.930419230693767219e+01 2.960197843265592321e-01
-1.932356073608249147e+01 2.655572509346715848e-01
-1.930420328461928037e+01 2.960096038313119182e-01
-1.931027974293855820e+01 3.321235325143063188e-01
-1.933395178903460376e+01 2.688246882225275303e-01
-1.930494036273130121e+01 2.960306027944866192e-01
-1.930419701210723105e+01 2.960077329522383116e-01
-1.930064657662445171e+01 2.996428843793378372e-01
-1.920455525791899376e+01 3.606906531611401845e-01
-1.929011176488364043e+01 3.072273354001640033e-01
-1.930894406884733883e+01 2.928025189606145440e-01
-1.930552875985276629e+01 2.952471706312384536e-01
-1.953789795457846523e+01 1.009701318448833207e-01
-1.908914852003641727e+01 8.216806325883720952e-01
-1.931174488927178601e+01 2.924512555538206215e-01
-1.930418662389606510e+01 2.959704171215822299e-01
-1.930323965268774344e+01 2.967928091933640933e-01
-1.930412478727184222e+01 2.960593557333555670e-01
-1.930424233429484460e+01 2.958933410930169594e-01
-1.930424336916213335e+01 2.959963918280038020e-01
-1.936200008126080618e+01 2.543261718597593091e-01
-1.936366013646522788e+01 2.155492534282506534e-01
-1.930419603498622649e+01 2.960024065221871781e-01
-1.930417047799687680e+01 2.960558223137274569e-01
-1.928125820907622412e+01 3.068768085721752525e-01
-1.926488441986219868e+01 3.293082947621995271e-01
-1.930420192131121837e+01 2.960028240486325402e-01
-1.923068881483460757e+01 3.605605541088154342e-01
-1.930351603938806093e+01 2.971251818706370784e-01
-1.930388826057442841e+01 2.964193826400156606e-01
-1.936830070911282675e+01 2.759276256428873086e-01
-1.925730157416266408e+01 3.245007090849056364e-01
-1.930466395580226546e+01 2.956972846930766008e-01
-1.930429940443610803e+01 2.956152178231082894e-01
-1.931286273812467869e+01 2.846063098652264478e-01
-1.930317263664071348e+01 2.958492460830594584e-01
-1.805533395987643175e+01 2.293018203738658167e-01
-1.930377912183916678e+01 2.964802436723007473e-01
-1.930451073809648221e+01 2.962193965658703187e-01
-1.930414336975224998e+01 2.960579875632457503e-01
-1.930420094679371701e+01 2.960111353750297103e-01
-1.930418350438550235e+01 2.960167222477028126e-01
-1.930426371381811279e+01 2.959311068158916314e-01
-1.930442958897252126e+01 2.959704695198862590e-01
-1.930477003674453229e+01 2.975707363525554872e-01
-1.929132400247057788e+01 2.984179196089422059e-01
-1.930419170794353434e+01 2.960048345227894173e-01
-1.930549684442498304e+01 2.952580763349335058e-01
-1.930347354373683544e+01 2.953414730384723019e-01
-1.931550432752647239e+01 5.474565500311305843e-01
-1.929890732392864550e+01 3.037228465904293073e-01
-1.930407725339641445e+01 2.961094076990158919e-01
-1.925201181194207933e+01 3.266188096731020285e-01
-1.930419986460797688e+01 2.960049283278591292e-01
-1.930420003398540274e+01 2.960049502577267733e-01
-1.939977323789444696e+01 2.014954284109944926e-01
-1.930419975801457610e+01 2.960049189773840683e-01
-1.930420093444916319e+01 2.960043610969618211e-01
-1.931860129847346741e+01 2.578806635932566205e-01
-1.930419951138856405e+01 2.960050447504866122e-01
-1.930420130765404707e+01 2.960036899507715868e-01
-1.930656483081201813e+01 2.945277344572256872e-01
-1.930420252074347331e+01 2.960036677595835886e-01
-1.931686365623879453e+01 2.882120684402585953e-01
-1.930419977416541855e+01 2.960047456079302197e-01
-1.930420454423244436e+01 2.960057389571641995e-01
-1.930419963091979696e+01 2.960046738437653868e-01
-1.930419952209006240e+01 2.960049562970856751e-01
-1.930420453327159080e+01 2.960019263827049496e-01
-1.933675952360813710e+01 2.702953567180643724e-01
-1.930420163033305059e+01 2.960082780664050617e-01
-1.930326046556077557e+01 2.754860356014749434e-01
-1.930420497991459783e+01 2.960019122533329439e-01
-1.930418499734496507e+01 2.960175184706145823e-01
-1.930419444005163854e+01 2.960162614462981678e-01
-1.930422133056000433e+01 2.960136934073721582e-01
-1.930420252413344784e+01 2.960025212892286040e-01
-1.930420672951875005e+01 2.960030835621660916e-01
-1.919098859634222976e+01 4.430746135386899875e-01
-1.930422701766751814e+01 2.959810466267360218e-01
-1.930497174631444324e+01 2.954999319032682870e-01
-1.926613874084877764e+01 3.073417795253096108e-01
-1.930419975721308390e+01 2.960049800146856147e-01
-1.929059224026226715e+01 3.535740509542518728e-01
-1.928161714869155929e+01 3.125430924893782270e-01
-1.912131274421026461e+01 4.719328106306542869e-01
-1.930417278334093112e+01 2.960272596206522389e-01
-1.930417715662764522e+01 2.960235582165021140e-01
-1.927941103904981190e+01 3.147581462159769750e-01
-1.930418584589611797e+01 2.960174392532594068e-01
-1.934001765619474966e+01 2.801127609508781702e-01
-1.930390083968151416e+01 2.963157983455599331e-01
-1.931672576730032631e+01 2.873921262440067848e-01
-1.927471299328371757e+01 3.101573711344763340e-01
-1.951377229896669263e+01 2.021290747456832293e-01
-1.930536155099137474e+01 2.954498027962336737e-01
-1.934006319097787596e+01 2.733483743267727251e-01
-1.940838433231183302e+01 2.957777328850558218e-01
-1.924900138030633201e+01 3.556007324402132297e-01
-1.930970210340503712e+01 2.519402033239575567e-01
-1.930436269323104526e+01 2.958352349623187272e-01
-1.930558378842750145e+01 2.956160450725114908e-01
-1.930446004995152975e+01 2.955920032758152516e-01
-1.933197410467934674e+01 2.763988563020053357e-01
-1.939027875064649820e+01 2.800055003390828356e-01
-1.931673094327128837e+01 2.904195482224018465e-01
-1.930569657571256670e+01 2.959989629029747826e-01
-1.932100680200678511e+01 2.873015046158912122e-01
-1.930128109637903933e+01 2.986813369103536453e-01
-1.928994057662622552e+01 3.090246303497784508e-01
-1.927658247063825669e+01 3.249483346355213631e-01
-1.922538794025146558e+01 3.479813338049911886e-01
-1.930632683986727471e+01 2.950522822160052683e-01
-1.930537265383570045e+01 2.956700664751640284e-01
-1.930416631070333011e+01 2.959799594444509352e-01
-1.931632675756001305e+01 2.916913345997764195e-01
-1.932104617959254256e+01 2.871905721965533065e-01
-1.930330956210174165e+01 2.964212610371454448e-01
-1.927362186538813305e+01 3.229360867105863786e-01
-1.901249665301702407e+01 4.253285900499909067e-01
-1.931691835798901735e+01 5.922196587805262924e-01
-1.930429500501800888e+01 2.961154519306470334e-01
-1.930244711182076145e+01 3.086987772499195648e-01
-1.930352774093767820e+01 2.962096460936101128e-01
-1.930425863941094988e+01 2.957209281735447837e-01
-1.930419514358719013e+01 2.960368003402130133e-01
-1.930414323842169111e+01 2.960867886170642227e-01
-1.917266271108979225e+01 4.499273598050597123e-01
-1.930417879831643901e+01 2.960201171913315332e-01
-1.948795168963739144e+01 2.313092442160967765e-01
-1.930419951862401717e+01 2.960047439341758624e-01
-1.930419944301027613e+01 2.960050252280954641e-01
-1.930419936612579335e+01 2.960050920879557235e-01
-1.930477947442357234e+01 2.956052399047172652e-01
-1.900379520489751783e+01 4.751000667724157300e-01
-1.930420833801591840e+01 2.960084061606514938e-01
-1.930530295705737132e+01 2.953900965363316367e-01
-1.930662399364065251e+01 2.946442907453578064e-01
-1.930419764254387260e+01 2.960043531946673911e-01
-1.930347265596851614e+01 2.953581598351200932e-01
-1.932174677452600875e+01 2.839196145659983461e-01
-1.930419794435639602e+01 2.960063762587467617e-01
-1.930386112421438582e+01 2.961741954298666712e-01
-1.930380176273058623e+01 2.962866076209053623e-01
-1.930415911319424538e+01 2.960252255206144434e-01
-1.930420041072930104e+01 2.960044161886251635e-01
-1.930419905772395595e+01 2.960052283717283239e-01
-1.930419949781025934e+01 2.960048533781882707e-01
-1.930355443159590578e+01 2.965544839492023632e-01
-1.944806712262377602e+01 4.397383788459690024e-01
-1.930419784591520127e+01 2.960048849925200898e-01
-1.930420090331974237e+01 2.960045669767626952e-01
-1.929061766126724464e+01 2.600345982798870637e-01
-1.930420128861333140e+01 2.960042551379482578e-01
-1.929305681526973970e+01 3.089280763922344630e-01
-1.930418819161552335e+01 2.959788131362411923e-01
-1.938235993406041047e+01 2.653306342204474477e-01
-1.929943357816721772e+01 3.038620984626782540e-01
-1.930409706565558281e+01 2.960562377301821924e-01
-1.930468943433568541e+01 2.958074380994330510e-01
-1.930419944535007204e+01 2.960047849609682702e-01
-1.924808515249305785e+01 3.382016606069868092e-01
-1.932010923153392312e+01 2.704731093721206570e-01
-1.861858262737588987e+01 9.767361287735396580e-01
-1.930419695717676731e+01 2.960078099540460750e-01
-1.930438647138889863e+01 2.955945730920824244e-01
-1.930418008682567432e+01 2.960312628788388523e-01
-1.930418386663490082e+01 2.960168200292255802e-01
-1.913753096865342229e+01 4.637752574960027907e-01
-1.930420231647326190e+01 2.960008322922068613e-01
-1.931687963004240061e+01 2.862407150807641520e-01
-1.930419500667072086e+01 2.960111329512449818e-01
-1.930417377525794009e+01 2.960337305286725451e-01
-1.930422642270906763e+01 2.959982987288358736e-01
-1.930421043274399295e+01 2.959975769628108155e-01
-1.934187492671603081e+01 2.838903641144725487e-01
-1.923634637251470636e+01 3.614041686617520677e-01
-1.933914962654372260e+01 2.727841054875698723e-01
-1.930352710464077859e+01 2.965400817077883944e-01
-1.950822943824088895e+01 1.915834693077493600e-01
-1.930423191245069958e+01 2.959748608943332249e-01
-1.930421328362061573e+01 2.959883946624538020e-01
-1.920982615647834990e+01 3.766421631157034766e-01
-1.923691174338795662e+01 5.141046533895119452e-01
-1.930129876842156023e+01 2.973987295344172610e-01
-1.926804472807846480e+01 3.232250582418377816e-01
-1.930420054388553908e+01 2.960043908409695779e-01
-1.930317202181637981e+01 2.969753652395061283e-01
-1.930420157982779372e+01 2.960042252652381189e-01
-1.930421110740571677e+01 2.959973692538953038e-01
-1.930435240252444729e+01 2.958915676773226644e-01
-1.930287802109259943e+01 2.804181130561392288e-01
-1.930182761737066244e+01 2.976296166378025743e-01
-1.928470161917417158e+01 3.125029966950667037e-01
-1.930420104436286621e+01 2.960037379928208146e-01
-1.930417313646063349e+01 2.960825742958386741e-01
-1.930431168198565217e+01 2.958723785792267136e-01
-1.930420295513556894e+01 2.960037951792208744e-01
-1.930302023750324381e+01 2.969187295673546556e-01
-1.930329267535699245e+01 2.965842231382166405e-01
-1.930301155513505762e+01 2.964623067494862041e-01
-1.929700645748610555e+01 3.092254981272121173e-01
-1.977987178494862874e+01 5.739685267473061403e-01
-1.803417325980447927e+01 3.931021000814792776e-01
-1.930386489652610393e+01 2.962680831136531023e-01
-1.930408092889017269e+01 2.961322024035338840e-01
-1.892197496971616744e+01 7.280421013445153022e-01
-1.930416439819260788e+01 2.960413838777091189e-01
-1.930465891097735920e+01 2.954613090288775168e-01
-1.930679124376839795e+01 2.907446752940840984e-01
-1.930563012548057955e+01 2.948502731391061116e-01
-1.925353320402886581e+01 3.240850253715027995e-01
-1.929772936543545470e+01 3.000131473348254807e-01
-1.866573354710562427e+01 6.303308046114892704e-01
-1.930419692797308073e+01 2.960174708423553014e-01
-1.988955733298345052e+01 3.170068441782286084e-01
-1.932764799463869210e+01 3.599114266336208012e-01
-1.930419028097309564e+01 2.960088451670778720e-01
-1.936432193276196756e+01 2.603209576845069151e-01
-1.930413282255668861e+01 2.961524737958735054e-01
-1.930401881523933838e+01 2.961054684994880448e-01
-1.930986517482982379e+01 3.074719546624002930e-01
-1.930419745768411488e+01 2.960059769025837340e-01
-1.917986610215536558e+01 3.877029411256731617e-01
-1.930420114413104571e+01 2.960045647081953613e-01
-1.930419734591670888e+01 2.960054201632490445e-01
-1.930420093082634025e+01 2.960038644382974038e-01
-1.929447833103416343e+01 2.954807627241842760e-01
-1.930419881862304976e+01 2.960049842689039812e-01
-1.930420034756409464e+01 2.960043961349875796e-01
-1.930308549245307148e+01 2.987646616042669567e-01
-1.930413987641840379e+01 2.960178162617039255e-01
-1.930121448431568609e+01 2.982325775382978494e-01
-1.930419535184219626e+01 2.960085723370393107e-01
-1.930419095804519358e+01 2.960096936689965985e-01
-1.930419980928215296e+01 2.960047204599097759e-01
-1.913750733435156448e+01 4.342046260515262102e-01
-1.942926454419688653e+01 1.979404274055258095e-01
-1.930414271521877367e+01 2.960468040021358993e-01
-1.930419903339207366e+01 2.960043305327691998e-01
-1.930403522044828790e+01 2.960221079936074529e-01
-1.930418768921105865e+01 2.960113037156468230e-01
-1.930357658779982799e+01 2.964970428848882622e-01
-1.930419397152986605e+01 2.960128037877337581e-01
-1.930421739758807931e+01 2.959914718382197774e-01
-1.930419970144648900e+01 2.960045762625608812e-01
-1.930484457302122436e+01 2.953742078258179138e-01
-1.930419979396540242e+01 2.960049678433337439e-01
-1.930420551278160701e+01 2.959950778635159208e-01
-1.930424119902793834e+01 2.959723000860327025e-01
-1.931424095047293576e+01 2.881010031533930427e-01
-1.930425025611517498e+01 2.959612875508209617e-01
-1.930420812731604130e+01 2.960029578360671154e-01
-1.931107299555668533e+01 2.912494092779029375e-01
-1.931248940695793692e+01 2.934631202687749130e-01
-1.930419700256560134e+01 2.960076090888200118e-01
-1.930419749163874954e+01 2.960064134650162715e-01
-1.930419964654899090e+01 2.960046457407989884e-01
-1.930270247937173878e+01 2.979640819300617416e-01
-1.930419998991837360e+01 2.960041949719551257e-01
-1.930419930405317785e+01 2.960048407671507231e-01
-1.922082609313314450e+01 3.138017047072089172e-01
-1.930420105991501245e+01 2.960039404568883259e-01
-1.930424634817216756e+01 2.959724225268129394e-01
-1.930430593148602725e+01 2.959429912639790494e-01
-1.930417116336669636e+01 2.960268935407561197e-01
-1.930419882436555312e+01 2.960050741696391707e-01
-1.910084008304729153e+01 6.021005678497212132e-01
-1.930419846326999078e+01 2.960085488087956240e-01
-1.930413517640808152e+01 2.960133770267219244e-01
-1.930419939670460749e+01 2.960047274465692491e-01
-1.930420210205898357e+01 2.960032519508977167e-01
-1.930419448627188217e+01 2.960009651381422247e-01
-1.930419617568075807e+01 2.960067117932213554e-01
-1.930423717482200274e+01 2.959744395876461875e-01
-1.931109063302037399e+01 2.939328064770785343e-01
-1.908616828861756431e+01 5.119493731419797466e-01
-1.930246815291560836e+01 2.996884336448931152e-01
-1.932105139051474652e+01 2.888974722236759551e-01
-1.932639850599347753e+01 2.866706697698109263e-01
-1.922854169275179359e+01 3.316463677673561761e-01
-1.932128838166396889e+01 2.999282317629381467e-01
-1.947110128810029295e+01 2.056377794845445917e-01
-1.932745175578157415e+01 2.748401441888071450e-01
-1.930418378624261777e+01 2.960134051491480345e-01
-1.930432445057132895e+01 2.959147042369812408e-01
-1.930413501043481617e+01 2.960338757434962664e-01
-1.936785351764063989e+01 2.965145881490830471e-01
-1.930414922760481389e+01 2.960898508692583753e-01
-1.915288007767973610e+01 2.975685001030977661e-01
-1.930420511832209129e+01 2.959993307438995580e-01
-1.930419916037298833e+01 2.960063139654636744e-01
-1.930420358486498600e+01 2.959951343080775010e-01
-1.930420729786629508e+01 2.959993893097461748e-01
-1.930533447001964475e+01 2.969404424998818293e-01
-1.930419941602667677e+01 2.960053200332033452e-01
-1.930419860572706625e+01 2.960061156231793555e-01
-1.932878639001025789e+01 2.790466028378396635e-01
-1.949577814436054268e+01 1.486595146238824106e-01
-1.845012303188704550e+01 8.894469613838490440e-01
-1.930335082117019496e+01 2.970266748605035478e-01
-1.930419851202082171e+01 2.960006072393864818e-01
-1.994053979614419703e+01 9.256701436435772479e-01
-1.930418140550315087e+01 2.960508979030315180e-01
-1.930423497869366045e+01 2.959015046503836177e-01
-1.930427153768168935e+01 2.959656983177570422e-01
-1.916420241913087708e+01 4.280417093943570950e-01
-1.937434159760447727e+01 2.491497443801132250e-01
-1.930693424547066073e+01 2.939119178457280657e-01
-1.930419287527772099e+01 2.960185689316356394e-01
-1.930419303478565851e+01 2.960074888135478255e-01
-1.925964392303089312e+01 3.227998615540725869e-01
-1.948440695759139629e+01 2.179983197222705171e-01
-1.929738925226814317e+01 3.077737582981610043e-01
-1.937325282364271217e+01 2.822219363023853456e-01
-1.857851114251198155e+01 7.509494885330585401e-01
-1.927405945012583288e+01 3.094811057935576426e-01
-1.931316386684017417e+01 2.949100728185012898e-01
-1.930688669102351440e+01 2.949449935822953117e-01
-1.930639807793223284e+01 2.955885288889693596e-01
-1.930402063267357349e+01 2.961531981097314525e-01
-1.930345587804576368e+01 2.935072485683287158e-01
-1.930327003494371141e+01 2.976653097549010196e-01
-1.927472911438970016e+01 3.941576453757338894e-01
-1.929772247741612290e+01 2.985360405128062999e-01
-1.930419101377359326e+01 2.960109959756616616e-01
-1.930419900990949245e+01 2.960183523532493033e-01
-1.930419537402520191e+01 2.960082971227931958e-01
-1.930419837099568880e+01 2.960050018176872411e-01
-1.930092687104923144e+01 2.950962116052640583e-01
-1.930422239370225412e+01 2.960539802690874689e-01
-1.934182993352266422e+01 2.707603309859494822e-01
-1.930428627860812441e+01 2.959832252539653652e-01
-1.925799137420443330e+01 3.096471868864527077e-01
-1.930419945255756176e+01 2.960047961736240185e-01
-1.930260317261148018e+01 2.972802880934591885e-01
-1.930355369253751974e+01 2.964190445307743893e-01
-1.930430134742323744e+01 2.959750415058254869e-01
-1.937077419885272533e+01 2.747073830867305944e-01
-1.930420071598530996e+01 2.960041219693264058e-01
-1.930324098966975299e+01 2.970750970982762307e-01
-1.930619089444391534e+01 2.955965718484308558e-01
-1.930312878952987177e+01 2.965227505778294526e-01
-1.930420423817253806e+01 2.960015430236925260e-01
-1.930416273820812734e+01 2.961128875313414066e-01
-1.930416088706022038e+01 2.960223996553461578e-01
-1.930421450839718389e+01 2.959974082706791632e-01
-1.930436851810030774e+01 2.959184877221237020e-01
-1.930277931161957738e+01 2.975044837078048010e-01
-1.930420957657426229e+01 2.959983470972514796e-01
-1.931206861592896473e+01 2.916472129212456799e-01
-1.926273360720464467e+01 2.956020269095923636e-01
-1.930420051288430372e+01 2.960042179479926983e-01
-1.931727456355456951e+01 3.675950416253613851e-01
-1.930421939377276885e+01 2.959607160070165111e-01
-1.934384822640606671e+01 3.153662173808198799e-01
-1.930412298530223936e+01 2.960636805283757278e-01
-1.930431012700707427e+01 2.959644332444552051e-01
-1.955050735644596571e+01 2.131349556530668377e-01
-1.929266991763522654e+01 2.911273872758007863e-01
-1.930420191284814280e+01 2.960034815422889487e-01
-1.930419889420231883e+01 2.960054970096188676e-01
-1.930419892682048300e+01 2.960051823437699903e-01
-1.930617301808021224e+01 2.948587582609702440e-01
-1.931891906968910888e+01 2.854775483816618942e-01
-1.930810404890420884e+01 2.933927513410105603e-01
-1.930419860944133958e+01 2.960085959677610234e-01
-1.930914103808106219e+01 2.904335190203078954e-01
-1.930420158034567635e+01 2.960088385987625914e-01
-1.911173040738150775e+01 4.941834216383241829e-01
-1.946162274803283054e+01 1.935683092295826802e-01
-1.930420831299144169e+01 2.959962573981889666e-01
-1.930378384757686305e+01 2.963019754491048041e-01
-1.930421030509087288e+01 2.959973182722751006e-01
-1.934624739592753428e+01 3.369988132454144747e-01
-1.901903843451294662e+01 3.475178824288359114e-01
-1.931058069468880589e+01 2.945341896249121239e-01
-1.930640384598916626e+01 2.946788708691388536e-01
-1.929993445316437928e+01 2.992042508645741394e-01
-1.929737207269625898e+01 3.001018737553934335e-01
-1.931032206367905957e+01 2.911176667236577975e-01
-1.917611891595769080e+01 4.864638115587162637e-01
-1.930190828912966339e+01 2.984414759970794306e-01
-1.927021145342819963e+01 3.358324233231096967e-01
-1.930525993393242956e+01 2.944322738400071970e-01
-1.930420020614805665e+01 2.960042510993963760e-01
-1.930415440559610474e+01 2.960513075233613400e-01
-1.930419615551431178e+01 2.960881243353470915e-01
-1.930421807028479719e+01 2.960330802101336367e-01
-1.930419917925420847e+01 2.960048660199550707e-01
-1.930419927622059006e+01 2.960048753937895016e-01
-1.930419993597376305e+01 2.960007845238757374e-01
-1.930479555178340334e+01 2.957594787913555012e-01
-1.930392328151439330e+01 2.962140073949670049e-01
-1.932183739787737764e+01 2.860064439598283270e-01
-1.930406478110688795e+01 2.961760098683701714e-01
-1.939239000651585343e+01 2.525627874326006328e-01
-1.930414819884990507e+01 2.960525534933994840e-01
-1.930298445076216396e+01 2.967434735662470846e-01
-1.930224699416341139e+01 2.965973386867068462e-01
-1.930410700917673239e+01 2.960916770508679741e-01
-1.930420673919632790e+01 2.960025300356006750e-01
-1.930403673100767037e+01 2.961670451454286312e-01
-1.930426172677232799e+01 2.957948094218382784e-01
-1.930255874572265284e+01 2.969569990632678347e-01
-1.930413200688292363e+01 2.959103874133068302e-01
-1.930396804530279908e+01 2.961087845240234495e-01
-1.930415362297255299e+01 2.962185185474182636e-01
-1.930209798054161396e+01 2.957196116449500312e-01
-1.930396929749561608e+01 2.961929719027830976e-01
-1.930421487421925519e+01 2.959923040926177862e-01
-1.930491661966770423e+01 2.955124223246241577e-01
-1.921948958718275335e+01 3.126493251668805984e-01
-1.931354916745719663e+01 2.907679268754587709e-01
-1.930417826371697032e+01 2.960144436281327840e-01
-1.930420421499879780e+01 2.960013067240048201e-01
-1.931746658401871031e+01 2.843797076975690952e-01
-1.934257602147512500e+01 2.668461350934498433e-01
-1.931442909854815326e+01 2.877879986259290201e-01
-1.930337946675460259e+01 2.975460755402415391e-01
-1.930419789259371299e+01 2.960057673622915608e-01
-1.930495904991995815e+01 2.997069578118661815e-01
-1.930422514751283458e+01 2.959932605687440321e-01
-1.930419808087844302e+01 2.960061050589750109e-01
-1.930259753115079491e+01 3.026838748875649299e-01
-1.930429241513230210e+01 2.959553057357130479e-01
-1.905312112795359170e+01 5.509803755898884381e-01
-1.890756536055179282e+01 1.655518942815205619e-01
-1.930429745825993493e+01 2.959071196045525709e-01
-1.930434980110415211e+01 2.958711119358433672e-01
-1.930416099746654623e+01 2.960244478450999028e-01
-1.914549697712637055e+01 4.603338988130481479e-01
-1.933359282635196053e+01 2.864018833565458166e-01
-1.930424991271977930e+01 2.959545918025645594e-01
-1.930419724624768207e+01 2.960078428687467622e-01
-1.927784353012876650e+01 3.249151598030761701e-01
-1.933090039107072400e+01 2.727012680153401147e-01
-1.926851059558462964e+01 3.492444341883448322e-01
-1.930918756803715652e+01 2.913515587670745255e-01
-1.882454365421471465e+01 6.634674285531820814e-01
-1.930417420327822242e+01 2.960163358705533709e-01
-1.931147270153359941e+01 2.882629794479988905e-01
-1.929112642920613396e+01 2.701958571934915954e-01
-1.930419740185401523e+01 2.960071286695925008e-01
-1.936867909233535912e+01 2.814215118741367760e-01
-1.930415910674213720e+01 2.960397246593138854e-01
-1.930412860750117332e+01 2.960944292525063415e-01
-1.930419890175879161e+01 2.960052134618276209e-01
-1.930425056467560552e+01 2.959776588576554790e-01
-1.930420043514181216e+01 2.960042181058938904e-01
-1.930419131703538227e+01 2.960080762653669595e-01
-1.930421034968762939e+01 2.959946273532384486e-01
-1.928787564483271311e+01 2.928040257060652851e-01
-1.930419075081258740e+01 2.960178314295698887e-01
-1.930418900059503784e+01 2.960150661402926597e-01
-1.930418162510587976e+01 2.960074541030414119e-01
-1.930415061868297144e+01 2.961208560749408192e-01
-1.930420715064520820e+01 2.960014016314683194e-01
-1.930419934643961000e+01 2.960040547227861807e-01
-1.930416654936761134e+01 2.963420392853276519e-01
-1.930419323215339489e+01 2.960283446469275659e-01
-1.906610357439121017e+01 5.138087354351543734e-01
-1.930422948113169213e+01 2.960171661811334953e-01
-1.930333256410205323e+01 2.960474118472140592e-01
-1.935716538573975498e+01 2.156352204323139232e-01
-1.930333741007649451e+01 2.963700084841172644e-01
-1.930602716011116726e+01 2.941493021231327831e-01
-1.930440290074101028e+01 2.958513984636005345e-01
-1.930390120528441500e+01 2.958811169417135956e-01
-1.930420161242543742e+01 2.960040625045692875e-01
-1.930420816397099415e+01 2.959652831803499251e-01
-1.836193443399126579e+01 4.291569101332912695e-01
-1.930411307099042872e+01 2.962051909161498853e-01
-1.921224299710127781e+01 3.623508865385860478e-01
-1.930860637080726150e+01 2.941960793039498645e-01
-1.930787283643852703e+01 2.955230367279216286e-01
-1.930079097897113627e+01 2.680081481462702198e-01
-1.930420078969213904e+01 2.960039862133662658e-01
-1.931546697326387729e+01 2.966038352425381941e-01
-1.928684016963488901e+01 3.130490817574227980e-01
-1.929947342069384675e+01 2.951881319605731413e-01
-1.930401997306916684e+01 2.961123028916127775e-01
-1.930610704066893746e+01 2.947479461155959601e-01
-1.930420766058755078e+01 2.960110324121231762e-01
-1.930419434746775664e+01 2.960105609921718228e-01
-1.939974481967538722e+01 5.316380084461093114e-01
-1.927951221399860771e+01 3.147246448714388078e-01
-1.918682987413212970e+01 4.111553722197690552e-01
-1.930521643716938840e+01 2.950455276172604946e-01
-1.926128983539918238e+01 3.284212124625922602e-01
-1.838233878299789126e+01 2.436042553533033228e-01
-1.930407896591561112e+01 2.959975437303747903e-01
-1.931388684838842096e+01 2.793071081814738066e-01
-1.951549799735112245e+01 2.132682946457822304e-01
-1.977224476462311031e+01 7.804218850277611086e-01
-1.930417125526163602e+01 2.959990164550870828e-01
-1.930394362415280796e+01 2.960455986791866723e-01
-1.930417756884467195e+01 2.960192838400309001e-01
-1.930427075697160078e+01 2.958629787041810455e-01
-1.930439853947993711e+01 2.958514508871264992e-01
