-1.941381161170237135e+01 1.678266258771156649e-01 9.947063417035835187e+00
-1.983354592933989480e+01 5.629079966465315721e-01 -7.507171106035383623e+00
-1.912155354205906121e+01 9.263484156284597024e-03 9.473791632135263541e+00
-1.974482663742157840e+01 4.562282197190067889e-01 3.749503249666325644e+00
-1.875449556066139678e+01 7.999706010533585987e-01 3.754422186765399516e+00
-1.926981236209339698e+01 9.019738981988510707e-02 -7.464096904747671068e+00
-1.939922505865329683e+01 2.392241693247648404e-01 5.339638317097843867e+00
-1.919475947009457428e+01 7.262030404237379555e-01 7.191852198936270923e+00
-1.931719672649956721e+01 1.404504170856133993e-01 -4.504849648141714624e+00
-1.851096293552980399e+01 5.909794087003085172e-01 8.345968524979959113e+00
-1.927883606572622810e+01 2.833247494130607391e-01 -9.395261319467103078e-01
-1.933178244077906527e+01 1.659177996275900124e-01 -2.150279126098981308e+00
-1.934120072300527582e+01 5.071702829718274103e-02 6.925107837564020485e+00
-1.924775375554011703e+01 2.778569577703715598e-01 -1.187219617915836523e+00
-1.918174900258130222e+01 3.856619882204289640e-01 -3.513857293109445834e-01
-1.916707015206299047e+01 5.483203301850116951e-01 -9.494286933774430892e+00
-1.929506970353346418e+01 3.042195555056756429e-01 -7.920963973669241653e-01
-1.929958735227128841e+01 2.917368837995871211e-01 6.278031587433066107e-01
-1.933818059852962890e+01 4.594294097750743766e-02 -5.891951583923368041e+00
-1.929468488011974969e+01 4.362264179705389600e-01 1.718235852660802365e+00
-1.911007013445127356e+01 2.040505584508968961e-01 3.995780996848012023e+00
-1.926472578688938952e+01 4.554639139576988072e-03 -4.015570740517678594e+00
-1.923972054189018621e+01 7.650718746123048586e-01 4.095549509386467335e+00
-1.970660422024486635e+01 1.383254731423324557e-01 -4.953626149076590934e-01
-1.859761890987207167e+01 1.351806819070411336e-02 -4.968415008972582925e+00
-1.932456332943754518e+01 2.005794440931457923e-01 -1.381107982888027053e+00
-1.931735532999130811e+01 2.178977983666706697e-01 -6.834026680930556097e-01
-1.930166594357299203e+01 2.161364925271697934e-01 -1.800055722594823493e+00
-1.929824142130973286e+01 1.683188384479423760e-01 -3.123551318126605025e+00
-1.931922313126526092e+01 1.778582193956043944e-01 -2.117868075698288166e+00
-1.929716606277578350e+01 1.676201088974320630e-01 -3.653431486409323803e+00
-1.930850155983219452e+01 2.098049638945014561e-01 -1.445125227406144575e+00
-1.930135921084699646e+01 2.161410442129872989e-01 -1.365577606496261254e+00
-1.932358635058634633e+01 1.665181435526962295e-01 -1.571334639006987999e+00
-1.929164707502784282e+01 2.491756482195157663e-01 -6.084901908610031995e-01
-1.930678370878590044e+01 2.631349211169723978e-01 -3.126842713040804966e-01
-1.924274822793196904e+01 8.358476227110669399e-01 -7.633824379471882970e+00
-1.932222626664986720e+01 1.728213225122950392e-01 -1.416430546665988999e+00
-1.930565683016216738e+01 2.167927814456878377e-01 -1.190642976620218008e+00
-1.930838360407726384e+01 2.131612065332574857e-01 -1.338153189082735395e+00
-1.934269696395277549e+01 1.106147775286589752e-01 -3.918566664282581158e+00
-1.932821751006600408e+01 1.666393556141899102e-01 -6.410822787995389405e-01
-1.926832329701244362e+01 3.359219947492023128e-01 6.257123475259405154e-01
-1.933546298914656703e+01 1.357061728581539506e-01 -2.866559971578429789e+00
-1.929485228684036713e+01 1.925809280922544386e-01 -1.970999907070094537e+00
-1.930026021317020479e+01 5.497907024620432015e-01 9.792847074262287066e+00
-1.936826867439835809e+01 5.414345494492456279e-01 8.432670994793809882e+00
-1.931220845286370036e+01 2.280779055865090055e-01 -6.585893293320115305e-01
-1.930359345983181640e+01 2.296541198331273903e-01 -8.997988896037085738e-01
-1.936235938139966706e+01 1.817993454764389380e-02 -9.514347061897090896e+00
-1.939753987588506590e+01 2.828699211376865461e-02 -6.974836141248637489e+00
-1.937388368223416535e+01 4.105025907960421078e-02 -7.332995949196824625e+00
-1.931420538702435508e+01 2.058289694726902763e-01 -6.858883985148729323e-01
-1.945104541967239342e+01 8.574274723614336291e-02 -2.120587876870132504e-01
-1.934580222993346865e+01 1.004966004254305434e-01 -5.250064285260345187e+00
-1.931972102045686412e+01 2.164905426913541764e-01 -8.035799914019410295e-01
-1.914193147200372280e+01 3.869515255600881609e-01 -5.131307844863250978e-01
-1.882170439648475124e+01 6.893106689020632727e-01 -9.729978951423015943e+00
-1.919159201059601827e+01 5.690760511451828929e-01 -2.193560754987693429e+00
-1.945950597473078858e+01 6.923933158108347419e-02 -3.954548306160109661e+00
-1.930838245929185959e+01 2.077201254884437909e-01 -1.385060317838304300e+00
-1.926276186358539277e+01 1.214064986157674109e-01 -6.282090812607634689e-01
-1.931055151059672070e+01 2.030604879557929565e-01 -1.545572237417230710e+00
-1.930907716568828292e+01 2.054852788514375250e-01 -1.457900520642921194e+00
-1.931025643399931013e+01 2.079580385765860406e-01 -1.448358595473679955e+00
-1.931383429470697166e+01 1.854902463500847920e-01 -1.951122090995401237e+00
-1.931126198345097933e+01 1.959502381986403252e-01 -1.770094240487718906e+00
-1.931360308761112421e+01 1.895744974645610093e-01 -1.848431560642184834e+00
-1.931519190176761569e+01 1.955107312691977683e-01 -1.637903935914758691e+00
-1.935770833665388224e+01 3.683589568804153114e-01 5.174962763534594501e+00
-1.931039261010012353e+01 1.988027527653348780e-01 -1.603401896772560065e+00
-1.931259643213243749e+01 1.964540931903880905e-01 -1.644940634168328586e+00
-1.931495846341804068e+01 1.925925248350500996e-01 -1.743531260396839144e+00
-1.931359724646911857e+01 1.899216996652170197e-01 -1.677149065635552105e+00
-1.930219787680960408e+01 2.039884831154566980e-01 -1.766970277559474667e+00
-1.931486260549105793e+01 1.905845083180117416e-01 -1.766320209312370437e+00
-1.931275501096836678e+01 1.957899061200067681e-01 -1.614086540819666737e+00
-1.931402451804944675e+01 1.919402650776022567e-01 -1.756719182501248255e+00
-1.930106817050193513e+01 2.109253676543502987e-01 -1.432883287097338254e+00
-1.931444182289392941e+01 1.921284266219223102e-01 -1.755772321855451068e+00
-1.931928363796023618e+01 1.772169618158706550e-01 -2.042485541867856469e+00
-1.931463091604574345e+01 1.915374718929133691e-01 -1.754823016387211609e+00
-1.931472968179851435e+01 1.957589799691023813e-01 -1.641326205879966693e+00
-1.930962179947784207e+01 2.016527224383961592e-01 -1.259634258701696652e+00
-1.930533911946713488e+01 2.387338305122717608e-01 -9.006825971128016306e-01
-1.931398460690369845e+01 1.943374718747254704e-01 -1.660031137747585817e+00
-1.931040820161651439e+01 1.866032411688768045e-01 -2.596361994260927730e+00
-1.931409057645622696e+01 1.930421320644784555e-01 -1.702768461752665274e+00
-1.931352100356303936e+01 1.947623342102606236e-01 -1.677440382613525571e+00
-1.906763580620040699e+01 8.276158529979169565e-01 -1.890540612621755656e+00
-1.931341887212474262e+01 1.947753232509779053e-01 -1.677139283397110603e+00
-1.931354610380581605e+01 2.105908283090487665e-01 2.314283344190926073e-03
-1.928989510967974397e+01 3.236658871425024397e-01 -1.506198120614996583e-01
-1.931362818409363769e+01 1.940578682366052576e-01 -1.685799054718128076e+00
-1.931361721267672138e+01 1.954099787617301076e-01 -1.656294239911680677e+00
-1.949775364060511862e+01 5.250163144273743976e-01 9.871264776824226317e+00
-1.918141894407638759e+01 5.765329882830457775e-01 2.817550872369791293e+00
-1.931385940204733842e+01 1.933700199375580908e-01 -1.706620694999115173e+00
-1.913184278111047476e+01 6.057143404119357255e-01 -4.710769141807806371e+00
-1.927161503252686003e+01 2.899546664687009390e-01 -5.128610226509897174e+00
-1.932219162367660914e+01 1.458707557438636004e-01 -3.224944268765572275e+00
-1.931386705650671587e+01 1.933728732423366792e-01 -1.713420668033704075e+00
-1.931375865290856098e+01 1.938156850898039851e-01 -1.693951481700080919e+00
-1.931379204098893609e+01 1.934200703612231342e-01 -1.698154817841430742e+00
-1.931391616734267203e+01 1.934869530064519949e-01 -1.697458434879889566e+00
-1.931379147905238725e+01 1.935925201353412006e-01 -1.699605829080940822e+00
-1.931373940403053879e+01 1.938869348415479255e-01 -1.693016121188646750e+00
-1.931379436134993455e+01 1.937304934512781573e-01 -1.697464643506775062e+00
-1.931485212972480525e+01 1.879226011397367446e-01 -1.859656294730552162e+00
-1.934968848742663994e+01 4.109894629245695874e-02 -8.284928589636869845e+00
-1.931374327545807645e+01 1.938640713601522680e-01 -1.693860726229727831e+00
-1.931540244523863592e+01 1.874658728889547488e-01 -1.882250318125230137e+00
-1.931360611241564129e+01 1.941466813404151837e-01 -1.686491966533143483e+00
-1.932630745315789866e+01 1.117789115264623961e-01 -6.384131446173578084e+00
-1.931371841429886516e+01 1.931179679916689707e-01 -1.715121183710330399e+00
-1.931362881408446341e+01 1.940903782711219938e-01 -1.691273168322963372e+00
-1.931435164892823764e+01 2.314614939856414477e-01 -5.068481540111449135e-01
-1.931406536819362785e+01 1.932052953272563600e-01 -1.701545126136306152e+00
-1.931376123350559126e+01 1.938366245166280033e-01 -1.694490775256406678e+00
-1.931375892907234615e+01 1.928256530222123011e-01 -1.728680784042246898e+00
-1.931375205439249498e+01 1.938480850789473242e-01 -1.694230815261924761e+00
-1.918717037630287692e+01 3.570955552388008769e-01 -6.062893368144628425e-01
-1.931088804126550329e+01 2.017321882004535216e-01 -1.582403861683168600e+00
-1.931064210977415030e+01 2.035361962839611905e-01 -1.527045455323094103e+00
-1.932406467996288058e+01 1.511247914300591078e-01 -2.609976403548555979e+00
-1.931375121886205903e+01 1.939131525127706090e-01 -1.692563533500242912e+00
-1.931188729181662822e+01 2.021901328022173150e-01 -1.485598876959510761e+00
-1.930916068324984991e+01 2.046744048775276104e-01 -1.510122801239830892e+00
-1.931115269811453317e+01 2.084850569226627537e-01 -1.317873054287032275e+00
-1.938331770021373401e+01 8.905740041560038511e-01 8.011217339255999548e+00
-1.931213089955795681e+01 2.046128415537858403e-01 -2.166070341637046148e+00
-1.931373604425780144e+01 1.938921730394879694e-01 -1.693072848811942421e+00
-1.931374198872929426e+01 1.939029308266951301e-01 -1.693122085251181019e+00
-1.931385025603029248e+01 1.935351207374639559e-01 -1.701282225392915848e+00
-1.931385129684160518e+01 1.934891095425717578e-01 -1.700916725032113774e+00
-1.931370580671666559e+01 1.940326189617896102e-01 -1.690158573855553570e+00
-1.931382388320698595e+01 1.933309247438830814e-01 -1.708899823528392758e+00
-1.931422326902172415e+01 1.918488112958224301e-01 -1.741401465528008785e+00
-1.931371267952662762e+01 1.940052670350641550e-01 -1.689370949774048114e+00
-1.931377032429881169e+01 1.938761267846835779e-01 -1.692960367403790301e+00
-1.918614618365748115e+01 1.239860943623668776e-01 -1.734587157384490652e+00
-1.931374341728615107e+01 1.939526040758556280e-01 -1.691125553218256528e+00
-1.916844651741009287e+01 3.621401760437661932e-01 -4.617650465692260120e+00
-1.931375003309614513e+01 1.939601537110595686e-01 -1.690358362171737738e+00
-1.931375928962717481e+01 1.938293467103129886e-01 -1.694753965654339112e+00
-1.932669608106963821e+01 2.009160374546366257e-01 -1.558914655011335526e+00
-1.931369255277174446e+01 1.941189388105887814e-01 -1.689577990439937949e+00
-1.931379694412761339e+01 1.938411133807579623e-01 -1.718004588381928599e+00
-1.931365398844884851e+01 1.943298928329974251e-01 -1.677406463419567118e+00
-1.931375984512542487e+01 1.938335178401985048e-01 -1.694602879175404198e+00
-1.931405051556716401e+01 1.962997123132670385e-01 -1.634985874936903727e+00
-1.931383214234586987e+01 1.971942774215476035e-01 -1.621718689097333410e+00
-1.931378338647840565e+01 1.934698490982494357e-01 -1.701549326206837520e+00
-1.931644434253647091e+01 1.849045706500804520e-01 -2.074639647454480595e+00
-1.931400196217305520e+01 1.916183981159034211e-01 -1.751167950894103598e+00
-1.931368808875282639e+01 1.941301798824101033e-01 -1.686934830132907237e+00
-1.931367815121579312e+01 1.941084842699352941e-01 -1.688406647078167566e+00
-1.931188927532916466e+01 1.973394265501697553e-01 -1.631918331138358269e+00
-1.931998522162653487e+01 1.333034049119993791e-01 -3.610178782178934398e+00
-1.931262756129384783e+01 2.039025252828703949e-01 -1.499989385169367750e+00
-1.931382395842275201e+01 1.933707553311682370e-01 -1.711662867789629061e+00
-1.931372810215755820e+01 1.933921434860434441e-01 -1.706377914984232191e+00
-1.931374283626796284e+01 1.938794475413911367e-01 -1.694198432279405253e+00
-1.930021632802233711e+01 2.460915086372726934e-01 -6.969421033250657871e-01
-1.927912049000960337e+01 4.592200663638317804e-01 4.177853356024236575e+00
-1.931374283795786440e+01 1.938779781849776784e-01 -1.693600173429583577e+00
-1.922532025040632320e+01 7.213666005204277809e-02 -4.054298960733464519e+00
-1.931372192592845849e+01 1.938966808732158764e-01 -1.693664420790337743e+00
-1.925174379845185157e+01 2.321292610239824861e-01 -4.804699281472552208e+00
-1.931376621949884154e+01 1.940311334289369360e-01 -1.682923012387082196e+00
-1.931362961602478023e+01 1.942350215640937794e-01 -1.676621831600943580e+00
-1.931389274762368302e+01 1.949506138863802973e-01 -1.711442009402976083e+00
-1.921174125099178553e+01 5.695611493739758391e-01 3.482737402643284241e+00
-1.931376636168743133e+01 1.938862532514939174e-01 -1.692233361827369720e+00
-1.921309790119198269e+01 4.616329706429353474e-01 1.046864926174503552e+00
-1.925661899304333247e+01 2.848518937307575327e-01 -5.353769361329465681e-01
-1.931906618433182032e+01 1.799269398550674415e-01 -2.170046805090983355e+00
-1.929409795626453317e+01 2.552336822746196776e-01 1.102269492363792125e-01
-1.931177981671025634e+01 1.713083579776377152e-01 -2.622572594608254093e+00
-1.930105647427336635e+01 2.960329773466032210e-01 1.088526395025835924e+00
-1.931340166982767670e+01 1.951859645698419965e-01 -1.654790684750462759e+00
-1.931293374071714197e+01 1.891106110371744975e-01 -1.866417122747378698e+00
-1.931589344266519603e+01 1.882852114700125090e-01 -1.838657436905851483e+00
-1.923012515844227721e+01 3.729810202829678123e-01 -2.860719090326480085e-01
-1.931372437014630705e+01 1.940361719076126590e-01 -1.689975680963529570e+00
-1.931425581479643228e+01 1.922540141813263159e-01 -1.725883579120315758e+00
-1.931371602692834344e+01 1.939584847200669093e-01 -1.692070853167782829e+00
-1.931402103634598433e+01 1.924359348222982879e-01 -1.732081512474737295e+00
-1.930919041082331589e+01 2.102749855397045009e-01 -1.372964370987029170e+00
-1.931408168551575955e+01 1.917144825204267489e-01 -1.745375322647321426e+00
-1.931373438988035218e+01 1.939464387977960225e-01 -1.692107023191033122e+00
-1.930823058880658394e+01 2.132670309301364087e-01 -1.208255755277329868e+00
-1.931372744940147612e+01 1.939812197585494558e-01 -1.691263559649014425e+00
-1.931343359216809219e+01 1.942525325735147412e-01 -1.690939065341247272e+00
-1.931375177959868239e+01 1.939817929315220679e-01 -1.694912934201612487e+00
-1.931373094118741918e+01 1.939443046037216400e-01 -1.692030237856162245e+00
-1.931374258161055479e+01 1.939333387438674783e-01 -1.691683651600060401e+00
-1.931381670380170235e+01 1.939460232302558373e-01 -1.683635308367486871e+00
-1.931374881697716006e+01 1.939350159412630281e-01 -1.691975794335137451e+00
-1.932608889239581274e+01 2.611724707892618680e-01 1.024667351823481454e+00
-1.931372625611489369e+01 1.940145041229522083e-01 -1.689282770816051382e+00
-1.931461146916012694e+01 1.918431783351696729e-01 -1.696908256379824564e+00
-1.930842009384284808e+01 2.126894473913430450e-01 -5.306225804342403762e-01
-1.931404296973816059e+01 1.896186561445789565e-01 -1.837069850493346479e+00
-1.931230582331287593e+01 2.318406095471266526e-01 -4.707136516182632846e-01
-1.932346566306816982e+01 1.600198112096429537e-01 -2.519154735974413306e+00
-1.931359950700531414e+01 1.912737699180160622e-01 -1.771194576667435072e+00
-1.931336088956490826e+01 1.954369961830343672e-01 -1.650334796150284333e+00
-1.931391763617434165e+01 1.947450013615923403e-01 -1.656856087266858069e+00
-1.931552786026253798e+01 1.893533485890735724e-01 -1.795238194251227881e+00
-1.931692614336037295e+01 1.787811007658179074e-01 -2.093782499697745436e+00
-1.932227669380969104e+01 1.551401773086890923e-01 -2.790322018151773165e+00
-1.931287293488217571e+01 1.917562583535774023e-01 -1.778038479111636150e+00
-1.935032220197948405e+01 3.990824986838603650e-01 5.247455924143942241e+00
-1.930693406210620466e+01 1.887037241855354375e-01 -1.834783050914653657e+00
-1.917462327775102437e+01 5.886640003846461688e-01 4.345773704128321313e+00
-1.931493553775332117e+01 1.905645652384235500e-01 -1.755569796965930962e+00
-1.931481458506777571e+01 1.909086218633517518e-01 -1.755503086492845810e+00
-1.934127742074408474e+01 9.201546760708395611e-02 -3.402819172328607422e+00
-1.932266648302680778e+01 1.682302648834056724e-01 -2.302279400948807009e+00
-1.931367062607090546e+01 1.944348792848875906e-01 -1.681392052373468005e+00
-1.931356597931765506e+01 1.950121453454134735e-01 -1.666027227897618701e+00
-1.934162548001491544e+01 7.836551245498046825e-02 -1.861972042981106412e+00
-1.930646848960840600e+01 2.021874668794389485e-01 -1.556531762020654241e+00
-1.930392578308373785e+01 2.067729251508885757e-01 -1.548563802622524577e+00
-1.931142948154193917e+01 2.232402056037609828e-01 -6.021658358639978559e-01
-1.931342692797604954e+01 1.947941505313365296e-01 -1.678803519775181385e+00
-1.930122248110207295e+01 2.211253334077517008e-01 -1.002794631592333729e+00
-1.896350181081906072e+01 5.987830446209574387e-01 3.692579450096985738e+00
-1.931355517867499572e+01 1.945872846509118237e-01 -1.678873598578249471e+00
-1.931428590160482983e+01 1.927502153977469213e-01 -1.736543999164100072e+00
-1.931358073526717689e+01 1.926138745621203407e-01 -1.719865998019631803e+00
-1.934614515347328023e+01 6.962894152780302326e-02 -5.793407438205655069e+00
-1.931353124046240310e+01 1.941127796225812496e-01 -1.698261003265429281e+00
-1.931400463247103971e+01 1.941014551857105364e-01 -1.699009359682497333e+00
-1.928012425799083829e+01 5.046797669991598401e-01 3.385314608140920001e+00
-1.940905790215908411e+01 9.728334383202247304e-02 -1.962034414794654680e+00
-1.981653209498007229e+01 9.467201108791545305e-01 -8.480119600547741499e+00
-1.922784767113985893e+01 3.080741986029411073e-01 2.679138690637202558e+00
-1.939552193045010853e+01 8.624822216490427018e-02 -5.958971666868233541e+00
-1.931167817887855875e+01 1.997835910071826260e-01 -1.540889287756870729e+00
-1.931251582673356637e+01 2.009269084622332668e-01 -1.532787437656525142e+00
-1.927709137091387959e+01 4.347041590563973656e-01 -2.006410132178551464e+00
-1.923593382254233219e+01 4.276709050887104180e-01 1.400928265103269510e+00
-1.930948264875489429e+01 2.066268119603542064e-01 -1.602306224952577907e+00
-1.925225332486030894e+01 2.519542029180120712e-01 -7.162055283466095545e-01
-1.929663612823877372e+01 2.482297337431763895e-01 -5.185061381035662720e-01
-1.931369996603386952e+01 1.958760390885463665e-01 -1.623694489671621000e+00
-1.937256621067270146e+01 5.008048262552657059e-02 -8.620127827503395679e+00
-1.934630401433672375e+01 8.066883446341734099e-02 -4.151756641372217338e+00
-1.931346799296301597e+01 1.941505437671801337e-01 -1.681962207799065467e+00
-1.931391251204903270e+01 1.938588881403427167e-01 -1.686301780905424152e+00
-1.930664046578430160e+01 2.303356099865038475e-01 -1.196669557979124221e+00
-1.930822163777981260e+01 2.255271853391798420e-01 -9.026351760906514698e-01
-1.931370554416858454e+01 1.940368136145301514e-01 -1.690071395755103012e+00
-1.931421709109856977e+01 2.226969769359909701e-01 -4.625070690194199585e-01
-1.931372400042817006e+01 1.940285908190153008e-01 -1.690609720923236026e+00
-1.918169587646883656e+01 9.105964021558565769e-02 -7.243920034500733962e+00
-1.930631484704859702e+01 2.345082828813508380e-01 -7.892405559016317795e-01
-1.931376228258920946e+01 1.940301012113334334e-01 -1.688247176504411584e+00
-1.931365977498105480e+01 1.941961190593875508e-01 -1.686780582072945123e+00
-1.897387278863525140e+01 2.302590146800342907e-01 -2.827332560610658518e+00
-1.924786119917877514e+01 5.055240628952433202e-01 1.454115700459654548e+00
-1.928464399029196130e+01 3.314160675407449852e-01 2.416747563561273182e+00
-1.925036366126662912e+01 5.464152143550267127e-01 9.898237136290717331e-01
-1.908311939656088896e+01 8.421187876772053826e-01 7.065688091392857473e+00
-1.930996149638479764e+01 2.664687504863543221e-01 5.864763838921671635e-01
-1.931365743129359203e+01 1.943334166708196864e-01 -1.683884879980118043e+00
-1.931243123101112857e+01 2.016998553219290502e-01 -1.524506161628650602e+00
-1.883733072446153756e+01 6.410169117740415201e-01 -9.673895802948262457e+00
-1.931189499025579792e+01 2.017826483477987431e-01 -1.558905923642026181e+00
-1.931408202702381161e+01 1.930025989175172541e-01 -1.707644336644934313e+00
-1.931131588768871765e+01 2.032450450609150361e-01 -1.515043188896754600e+00
-1.931385013529333250e+01 1.935695601833072321e-01 -1.699825905080791344e+00
-1.931279794989755416e+01 2.009380213309535645e-01 -1.500549241584494098e+00
-1.931112669964470285e+01 1.988673896930015228e-01 -1.574864049967601431e+00
-1.931381058719290067e+01 1.935767921129401825e-01 -1.700548806073536312e+00
-1.929667830265316653e+01 2.446358619176487725e-01 -3.180299165111772908e-01
-1.931375138517804757e+01 1.939131832569423730e-01 -1.694221100279875714e+00
-1.931196173785924231e+01 1.988262271049887064e-01 -1.583232661944393271e+00
-1.931378530158113094e+01 1.936323371298863116e-01 -1.699755903765973741e+00
-1.931044201149240180e+01 2.014477514331081964e-01 -1.533394698806805678e+00
-1.931151048067654941e+01 2.007682559304317937e-01 -1.573466291191701671e+00
-1.931350083380175775e+01 1.937488760432687362e-01 -1.706355678792107256e+00
-1.931374096102673477e+01 1.939146419488922968e-01 -1.692483535290925545e+00
-1.931318707209604923e+01 1.945967180220804227e-01 -1.645648348754107815e+00
-1.931336111764969488e+01 1.956687220502973668e-01 -1.654241631664737255e+00
-1.931373314020330412e+01 1.939303475369386076e-01 -1.692308507672631634e+00
-1.931372667757507244e+01 1.951154609321953115e-01 -1.661335367711506805e+00
-1.932463938301524564e+01 1.572827085330851249e-01 -2.546410860354370698e+00
-1.931373317798989930e+01 1.939228953460739591e-01 -1.692387706946240300e+00
-1.931373000291528541e+01 1.939220033777509233e-01 -1.692438709535421637e+00
-1.931377893367352883e+01 1.937753979546644745e-01 -1.695789809928392344e+00
-1.931365162832544158e+01 1.943201609602804858e-01 -1.679140869200539399e+00
-1.931364691392484190e+01 1.942253398617618809e-01 -1.683540357831709855e+00
-1.931328076394181181e+01 1.953259904859033225e-01 -1.665845899427667476e+00
-1.931370071849547188e+01 1.943911394024825934e-01 -1.682400969458718976e+00
-1.931377437876676950e+01 1.937860144960721065e-01 -1.695333212970387748e+00
-1.931373917517562333e+01 1.943267715613967717e-01 -1.675680182830227238e+00
-1.931376158492639661e+01 1.938518286766079957e-01 -1.694054134439115344e+00
-1.931375523633674618e+01 1.939286846548853027e-01 -1.691710898679257724e+00
-1.931376432415651578e+01 1.938258638716488791e-01 -1.694379139454802896e+00
-1.930921454494977141e+01 2.613252020268212461e-01 -1.589221701389824659e-01
-1.931377047310252948e+01 1.938793994774928031e-01 -1.693594492965837972e+00
-1.931373054264757982e+01 1.939732117680707246e-01 -1.690795493076048928e+00
-1.931271908571551066e+01 2.252427441335241032e-01 -9.156037470266653600e-01
-1.932005789937760554e+01 1.751735579546559729e-01 -2.129497224065568517e+00
-1.931375371768246652e+01 1.939338700081678912e-01 -1.692038457771872118e+00
-1.931294285638318442e+01 1.657915417637927380e-01 -4.445516201347751384e+00
-1.922422254173708822e+01 2.925655928439609976e-01 -2.620908805900289629e+00
-1.931392005099894504e+01 1.929262854112877013e-01 -1.713879595639312470e+00
-1.931374745671599769e+01 1.939075997235258642e-01 -1.692444991793632170e+00
-1.931374830356926253e+01 1.938930134115156023e-01 -1.692692517522365492e+00
-1.931402062135467546e+01 1.929449106150274151e-01 -1.713966867071450295e+00
-1.931375003849403527e+01 1.938734317968942855e-01 -1.694055702210533809e+00
-1.931375385906803288e+01 1.938561135580497974e-01 -1.694026121300197474e+00
-1.932713357071355631e+01 1.012669250795868309e-01 -4.901743633444433534e+00
-1.931363493511303986e+01 1.938243109284631116e-01 -1.698082418649301317e+00
-1.931375812886118482e+01 1.938455398074148961e-01 -1.692224598063321039e+00
-1.931366206196721080e+01 1.940177524150731581e-01 -1.692522134044899929e+00
-1.931373065440632431e+01 1.939211987311668106e-01 -1.693049600228913931e+00
-1.931153193766862586e+01 2.037156265933756927e-01 -1.455795669857552710e+00
-1.931374824194599427e+01 1.939644359717301869e-01 -1.691181187533979724e+00
-1.931413392056250444e+01 1.931489159292768543e-01 -1.684570700075878946e+00
-1.931451104156294463e+01 1.916748997390231024e-01 -1.755254234353095910e+00
-1.930007680422166061e+01 2.460355510605173324e-01 -6.355376692070304756e-01
-1.931375043151620119e+01 1.939781596274710862e-01 -1.690726832646312516e+00
-1.931374680905807395e+01 1.938985430065472138e-01 -1.692489831750565443e+00
-1.931373347231070170e+01 1.939374844778345153e-01 -1.692040939480133233e+00
-1.931438987558897580e+01 2.045932852252349277e-01 -1.384082793723825588e+00
-1.931373932940006455e+01 1.939313688647548994e-01 -1.691939323755839553e+00
-1.931367547700656218e+01 1.939577233079856633e-01 -1.695691209572594005e+00
-1.914690188330081355e+01 7.139825105805631678e-01 6.132314787849498572e+00
-1.931384395861049086e+01 1.940592546421461839e-01 -1.688893735875055313e+00
-1.931294466468225934e+01 1.998158885002502272e-01 -1.583273239407958499e+00
-1.931393389186973053e+01 1.926925082564030500e-01 -1.719937682116810862e+00
-1.931422055968729623e+01 1.923625983520325378e-01 -1.721527676294293485e+00
-1.931372909936970927e+01 1.939704365869503733e-01 -1.693785522339100069e+00
-1.927386020184734861e+01 4.300320724593028054e-01 4.630407331944407900e+00
-1.931356974844605645e+01 1.947910740740542435e-01 -1.671256754600815242e+00
-1.930893066574687111e+01 1.985689713834838110e-01 -1.703987197271647602e+00
-1.931355861208519897e+01 1.921538940738529710e-01 -1.734540499570087491e+00
-1.931382654548798428e+01 1.947323527338415960e-01 -1.655264204005817419e+00
-1.931316354390608581e+01 1.950551503601121450e-01 -1.670361326863540441e+00
-1.931366910774903545e+01 1.945255313616486570e-01 -1.672013439270559232e+00
-1.931356939110122184e+01 1.946078089395734956e-01 -1.674490755427498812e+00
-1.931351165212587517e+01 1.947167476851142665e-01 -1.673069262904929744e+00
-1.931431353879833068e+01 1.918099227064054280e-01 -1.733786199834007391e+00
-1.931368479505276881e+01 1.948462657709114365e-01 -1.657303128531092185e+00
-1.926871655765206626e+01 2.271825672445198785e-01 -6.416546842653350069e-01
-1.931358688410550783e+01 1.943307373470949950e-01 -1.685388393022849485e+00
-1.925400283564846404e+01 2.359093270009081089e-01 6.014622209009949927e+00
-1.931750868993721681e+01 2.606632896693795165e-01 4.008497136030921837e-01
-1.863109937620260936e+01 8.246873577174422820e-01 2.248169270264661179e+00
-1.923957506883425594e+01 2.838775278691695880e-01 -3.463465916744345563e+00
-1.842218936436490040e+01 9.681530072813530063e-01 -7.426742917405236177e+00
-1.931303725228915980e+01 2.056526489421967863e-01 -1.375816371177558395e+00
-1.931577560544225847e+01 2.529767848421899945e-01 -1.106795341450601100e+00
-1.931265121876310786e+01 2.009970191172118503e-01 -1.509968862482690355e+00
-1.930570040350027483e+01 2.377997521175624629e-01 -5.507336920373884226e-01
-1.926346098498720139e+01 5.240936660897227428e-01 2.465363290450799383e+00
-1.931294178952314056e+01 2.017697360781027793e-01 -1.590929600352222195e+00
-1.931147554844890024e+01 2.015356311868626571e-01 -1.490270565323140062e+00
-1.931140184691631134e+01 2.023630527091748177e-01 -1.471639848104798531e+00
-1.994027721032362876e+01 9.045391353842963111e-01 4.884839631910809388e+00
-1.931257437755007800e+01 1.990537059002077114e-01 -1.576658755451729732e+00
-1.931330244223671144e+01 1.935531137232553434e-01 -1.803509032486971364e+00
-1.933938457376492082e+01 1.462303639326283933e-01 -1.398659646247399024e+00
-1.893259899976153804e+01 9.479212491458748335e-01 -6.293527091941736984e+00
-1.931394713435649990e+01 1.931805415921115932e-01 -1.710111618049660720e+00
-1.935304014099645897e+01 9.583390851330635118e-02 -3.856572356618067410e+00
-1.931650581948054324e+01 1.859772074233636829e-01 -1.871209053239994091e+00
-1.933287574059511371e+01 1.184915596596249898e-01 -3.938336930530827118e+00
-1.931424014995064198e+01 1.927311333937044013e-01 -1.709642089148260879e+00
-1.931885792020128534e+01 1.785119826787477937e-01 -2.034684025686791742e+00
-1.930978711568670647e+01 6.272626348901456650e-01 4.980185828281525673e+00
-1.931450955347671083e+01 1.671592943452593905e-01 -2.367199184701105352e+00
-1.931838342022405897e+01 2.090289842591308012e-01 -1.092866429304347520e+00
-1.933165714525822310e+01 5.547265220568065730e-02 -3.829932300487305596e+00
-1.930327558435058677e+01 2.405495525463403617e-01 -5.910016719150714692e-01
-1.938549423920002468e+01 7.344827783330908078e-02 -2.831833393667693599e+00
-1.930939397987740946e+01 2.096688579571087119e-01 -1.356017364053489160e+00
-1.936197922241936809e+01 1.111390073771952869e-01 -4.477021452603796803e+00
-1.926925189233909208e+01 5.855261240431054448e-01 7.100267144569532007e+00
-1.931404667678817688e+01 1.928805984716238375e-01 -1.725267154796421565e+00
-1.931031452462572418e+01 2.029478269736165741e-01 -1.536429739692312779e+00
-1.931400069886064585e+01 1.931956463922039902e-01 -1.705205422328326392e+00
-1.931394964604278996e+01 1.931132178101169772e-01 -1.712158779269689290e+00
-1.931393855990759789e+01 1.932062850894354367e-01 -1.703971135015397209e+00
-1.922093045675654110e+01 6.815220406086114346e-01 4.328402247760761767e+00
-1.931556030732918927e+01 1.926942383206042553e-01 -1.698186561467172950e+00
-1.930717427733760871e+01 2.118348464968282385e-01 -1.380951775234072088e+00
-1.931161103127944756e+01 2.121259441846363447e-01 -1.141666850653681564e+00
-1.931496100033450958e+01 1.917553608517589825e-01 -1.766884665844067115e+00
-1.931443256739615322e+01 1.947694666626990645e-01 -1.656698813380369728e+00
-1.931347358675176906e+01 1.948157043789682241e-01 -1.682568101215542455e+00
-1.931091389621909116e+01 2.298127366509802594e-01 -1.021487554386137475e+00
-1.930101687725161952e+01 2.169035831625600041e-01 -1.235932805531508194e+00
-1.931634261271457120e+01 1.857836291584804844e-01 -1.879977688928532231e+00
-1.931366977971910970e+01 1.941370290311095759e-01 -1.687797622556455934e+00
-1.931371627517205525e+01 1.949086544082340444e-01 -1.677821959935581475e+00
-1.926694074400941759e+01 1.378082949271546287e-01 -2.822951164624426745e+00
-1.975911758348073022e+01 2.188644764032083856e-01 -6.258678934435771168e+00
-1.931343344568920628e+01 1.947208476116414899e-01 -1.669840114897331418e+00
-1.924128874558401847e+01 2.759190723804281209e-01 -7.153768408177502813e+00
-1.931358256196352485e+01 1.943372605941117159e-01 -1.686034676192484483e+00
-1.931373727981630140e+01 1.939129893440393604e-01 -1.692507801647934684e+00
-1.931369429000729454e+01 1.940655313197997001e-01 -1.688727952993307468e+00
-1.932480600407775029e+01 1.944987178245032311e-01 6.515616817538418815e+00
-1.931374964641354453e+01 1.939277236741772659e-01 -1.691751113092459846e+00
-1.931365118910637690e+01 1.942231144658378705e-01 -1.686404967907311203e+00
-1.939187176406143820e+01 2.214591550124685171e-02 -8.709732578073097642e+00
-1.931369308679820307e+01 1.942207352286357547e-01 -1.678926717426996618e+00
-1.931361242394083533e+01 1.943202056518390508e-01 -1.682828692252417824e+00
-1.931346998151740735e+01 1.943146098647365871e-01 -1.697174439127065781e+00
-1.931362686075351576e+01 1.943856115985685140e-01 -1.685019164815781068e+00
-1.932383427655768671e+01 1.556777741212528876e-01 -2.770938955196800002e+00
-1.931368243743291657e+01 1.940947103790661710e-01 -1.688347357535723958e+00
-1.931349568208461420e+01 1.944097526123484410e-01 -1.688000862108275157e+00
-1.931368268900187957e+01 1.940100488176058346e-01 -1.691228219929064025e+00
-1.931466334568832366e+01 1.739577071580460099e-01 -2.350788686369482683e+00
-1.931374705738181774e+01 1.939309768127158162e-01 -1.692238341835860638e+00
-1.931858144793896059e+01 1.779015335442979129e-01 -2.149809246089013470e+00
-1.931183222483344863e+01 2.001464918598299947e-01 -1.546756834519829482e+00
-1.931375160298798832e+01 1.938802442860726172e-01 -1.693502407325649273e+00
-1.931349976164826998e+01 1.984565244053107247e-01 -1.463168078591907673e+00
-1.931003291672583089e+01 2.036737335068146137e-01 -1.476577703751301485e+00
-1.931375727467181136e+01 1.938838891766836992e-01 -1.693015856519904716e+00
-1.931850563990398939e+01 1.744542490395402934e-01 -2.096281084253060811e+00
-1.931373390700958836e+01 1.939171576942348985e-01 -1.693199615116606438e+00
-1.929396984115934899e+01 2.661996506429079590e-01 -3.965523186619606122e-01
-1.930989494563710451e+01 2.087661971612398693e-01 -1.359765315072761993e+00
-1.838481037059622025e+01 4.848773454770665126e-01 6.596705893055172965e+00
-1.931372177392832157e+01 1.939646552129363488e-01 -1.692098519725147909e+00
-1.931372838282286608e+01 1.939750336344583104e-01 -1.690964372071777078e+00
-1.931373593901943408e+01 1.939548453243060133e-01 -1.691730268145471783e+00
-1.941427473530083603e+01 1.521298807884063076e-01 -9.925133054091382689e+00
-1.931373408763226962e+01 1.939842169553431250e-01 -1.690599143091905177e+00
-1.931377052977487097e+01 1.939763202645108098e-01 -1.690278576023027668e+00
-1.945541109538130797e+01 3.431681542131742590e-01 -1.686547748909472233e+00
-1.931376690155885356e+01 1.938926049044832622e-01 -1.692228988080399787e+00
-1.918008550290571890e+01 7.249220351105587490e-01 -5.275445221339405855e+00
-1.978562785455769557e+01 2.823293425713647165e-01 -3.547233483141720711e+00
-1.931073680648154678e+01 2.052231576275615754e-01 -1.450241923734960636e+00
-1.931395293401140023e+01 1.935998007149987710e-01 -1.704218409518908572e+00
-1.920942883841616933e+01 5.360771302741856870e-01 4.535465756975487039e+00
-1.931387599360174789e+01 1.935788705732769677e-01 -1.696792972103477126e+00
-1.931274267394982402e+01 1.994949794449902003e-01 -1.553736649764189792e+00
-1.931368188642204231e+01 1.942196256591554593e-01 -1.686489624362643269e+00
-1.931364704577088887e+01 1.940881146000031643e-01 -1.693877960423117557e+00
-1.939429628527997096e+01 1.073761831549163714e-01 -1.849559614908597993e+00
-1.931355207900674031e+01 1.940823432466521059e-01 -1.692705067597740864e+00
-1.927707723239395321e+01 2.587702422023872018e-01 -1.399003860207667316e+00
-1.931221069798440837e+01 2.059624391465758875e-01 -1.211215616251656968e+00
-1.930894442975948166e+01 2.116330424850488001e-01 -1.012608617312574566e+00
-1.930125270912071400e+01 2.430296717099545700e-01 -9.452468500593518286e-01
-1.931410274415377515e+01 1.936019263893078157e-01 -1.689914727146655693e+00
-1.929836680046430786e+01 2.365640246509175537e-01 -1.045320570364152601e+00
-1.931408524994312614e+01 1.924934251597489043e-01 -1.733562446482206809e+00
-1.931376808383714305e+01 1.939112820214502486e-01 -1.691899415753475466e+00
-1.931316970959257873e+01 1.955450087554723160e-01 -1.651453469243906014e+00
-1.931401974637294572e+01 1.926825495650575093e-01 -1.732341603693832610e+00
-1.930426065724206808e+01 2.239581367996248407e-01 -1.146933741070785828e+00
-1.931443272262944433e+01 1.928477912807658179e-01 -1.724178673064988843e+00
-1.931329458752865946e+01 1.958040873302802631e-01 -1.661867404246784474e+00
-1.931376269641600629e+01 1.939914850533143442e-01 -1.688931191414408062e+00
-1.931419971834692362e+01 1.930755885782960146e-01 -1.698969930330676448e+00
-1.931238616079376769e+01 1.981973218883376908e-01 -1.602605504716180462e+00
-1.927696726441083541e+01 6.078849414781589688e-01 6.759316505878960157e+00
-1.931378443827433955e+01 1.948584479716180817e-01 -1.620032162690762334e+00
-1.931377672052484584e+01 1.938389443328192296e-01 -1.693773570468136924e+00
-1.931377806393687280e+01 1.938172100315002644e-01 -1.694397767575708258e+00
-1.918106313060942725e+01 6.331385606441654046e-01 2.930952585666426913e+00
-1.917116998360244651e+01 6.253079551411903081e-01 4.909610604227356845e+00
-1.928388871581397268e+01 2.799238890109658762e-01 8.514452901672449059e-01
-1.931381662346410266e+01 1.975996013365205195e-01 -1.588992590152018991e+00
-1.931382423802468296e+01 1.934367876221796956e-01 -1.705633835485981464e+00
-1.931383451282618680e+01 1.936639901881390402e-01 -1.696226364938864251e+00
-1.930342323000278171e+01 1.401383006698395661e-01 -3.722093230715580958e+00
-1.916326258380029302e+01 5.121948020758028131e-01 2.532953162902037647e+00
-1.931378768266035451e+01 1.937363874497206595e-01 -1.696836658661124986e+00
-1.931378687256462712e+01 1.936721266724446278e-01 -1.698226418037995344e+00
-1.923855525342301576e+01 4.364273800985074003e-01 3.904330442654794453e+00
-1.931380067161014935e+01 1.939230999169319625e-01 -1.688907242902583761e+00
-1.931378911806275767e+01 1.938447444294807698e-01 -1.693861382874311872e+00
-1.931674087205428236e+01 1.829362278166702938e-01 -1.838296606465325667e+00
-1.931804623531228415e+01 1.845545840653224634e-01 -1.906852799063704751e+00
-1.931536225685657726e+01 1.884100094123247471e-01 -1.850569559591273006e+00
-1.931461089354148797e+01 1.904247749060732631e-01 -1.773386428836522200e+00
-1.931405668159970901e+01 1.931170940420078308e-01 -1.710159250260279151e+00
-1.931603527707566315e+01 1.817780562557823887e-01 -1.939648868991076469e+00
-1.930342856062060264e+01 2.118870072770341062e-01 -1.372407324413837060e+00
-1.931377637574226824e+01 1.937902555457217679e-01 -1.695575312105191301e+00
-1.931388220201717587e+01 2.068826145769520342e-01 -1.444624812923041901e+00
-1.931394418835479243e+01 1.934299843390632490e-01 -1.701611329568041953e+00
-1.931436589321096164e+01 1.970939265282258268e-01 -1.611128531702298972e+00
-1.927384274580805723e+01 2.037180627243951325e-01 -3.502389663962278021e+00
-1.931391207356665873e+01 1.932528999720524998e-01 -1.719888571060286253e+00
-1.898320646183899996e+01 9.043005628263933726e-01 -7.520475194314739653e+00
-1.931373849617510530e+01 1.939427007940939807e-01 -1.691930944942342308e+00
-1.902752630885435181e+01 9.269436745224581831e-01 8.749918871233823836e+00
-1.931387218961708641e+01 1.931685242254334023e-01 -1.705163552595973186e+00
-1.932636016741277984e+01 1.207162835071802082e-01 -4.949806848283553329e+00
-1.931374789425408878e+01 1.939628206554319945e-01 -1.687806763734306159e+00
-1.931374235784392468e+01 1.939508961095190442e-01 -1.689742432529907745e+00
-1.931373582009220513e+01 1.939305547132899599e-01 -1.692008210291238157e+00
-1.931371329051338748e+01 1.940195304333107718e-01 -1.690328375985920673e+00
-1.938617508348482588e+01 3.524865765450139743e-01 -5.316665109394640432e+00
-1.812870005754230007e+01 2.359915106331428591e-01 8.579675701803225252e+00
-1.930446667557103169e+01 1.714348938401115130e-01 -5.071810650754624561e-01
-1.927110698224120711e+01 3.848408815229003022e-01 -7.768214238563651008e-01
-1.935333724655725263e+01 1.716196935111357624e-01 -1.050859363243921152e+00
-1.931564009919004477e+01 2.236229672951462744e-01 -7.389892701899292149e-01
-1.929440109269505754e+01 2.704197068089163603e-01 -3.103815402071976592e-01
-1.929963733738867404e+01 2.836383018710212922e-01 8.319955523672515341e-01
-1.931376521140220959e+01 1.938781109685527582e-01 -1.693104726532304483e+00
-1.932315482544634122e+01 2.206513102912784352e-01 -8.306761578434613824e-01
-1.931156079707521300e+01 2.039291492748703805e-01 -1.564901646987234329e+00
-1.931505147489646390e+01 2.032515282906486309e-01 -1.408839089463929994e+00
-1.938149630390386946e+01 2.767454742708733151e-01 -3.628120340046585568e-01
-1.931018620628853810e+01 2.133226057062369840e-01 -1.196771038847838753e+00
-1.931376559217125433e+01 1.938778202266593087e-01 -1.692875187749082855e+00
-1.978565206600797666e+01 3.978482215033097430e-02 4.919102540280098523e+00
-1.931362365025526984e+01 1.942035025981481977e-01 -1.692167174245906125e+00
-1.930900790134461786e+01 1.976625836831242822e-01 -1.745373515987841628e+00
-1.930771928867910603e+01 1.939075855833612139e-01 -2.326936196610004615e+00
-1.931409922248213107e+01 1.932969162811713215e-01 -1.770133292986093565e+00
-1.931338934193521695e+01 1.921256909530296986e-01 -1.737225333065699928e+00
-1.904941796651863939e+01 6.962596781590342232e-01 7.700234374668145421e+00
-1.931132461074304985e+01 1.990869495492945118e-01 -1.598553281667452808e+00
-1.932205173295694323e+01 3.094067176552829923e-01 2.457782944619779641e-01
-1.931211955130267555e+01 2.038377948079450608e-01 -1.470843102532921165e+00
-1.927510282375623518e+01 2.727001788581880914e-01 -6.930421839879326029e-01
-1.931404826182403411e+01 1.934202766828539422e-01 -1.689224934999936423e+00
-1.931371842382188575e+01 1.938491331785653360e-01 -1.690027434951598906e+00
-1.940962492729631350e+01 9.754582001829485705e-02 -4.561837615986579664e+00
-1.931435151107241666e+01 1.909872201625979482e-01 -1.750536112807669298e+00
-1.931588010896306429e+01 4.008611180545222363e-01 2.745414581582927838e+00
-1.931550237814632354e+01 1.880244089812137254e-01 -2.009285376935197931e+00
-1.993988950157470441e+01 9.620106677121569305e-01 3.501698385648310818e-02
-1.908103343861377255e+01 9.587346940189018785e-01 -9.114568394670035545e+00
-1.933841293001115247e+01 2.449642956113570746e-02 -7.705957926109090472e+00
-1.931387496411545257e+01 1.934541017711494115e-01 -1.704438043795102331e+00
-1.931376777838485026e+01 1.941681438121064252e-01 -1.686068781754228141e+00
-1.931390360265859485e+01 1.934737032256512446e-01 -1.700903527671258075e+00
-1.931530961791315093e+01 1.687373253740694912e-01 -2.451020571649468849e+00
-1.931244820748732138e+01 3.546607514590650601e-01 1.025875259006372886e+00
-1.929984731362520378e+01 1.967834383428855582e-01 -2.267001233775789437e+00
-1.931371699841993816e+01 1.939603626345255127e-01 -1.688870870472321428e+00
-1.931622151243356456e+01 1.795757668599773649e-01 -2.041936031657334283e+00
-1.931380981237038341e+01 1.932084900574809194e-01 -1.715775594582707342e+00
-1.931548440291564717e+01 1.834551289544077424e-01 -1.983327422456904188e+00
-1.873576148218042547e+01 8.995651204387085098e-01 -1.951307888168400950e+00
-1.920650834869889323e+01 1.750365551732414038e-01 1.990977216004903738e+00
-1.930206801737516287e+01 1.947931580652502159e-01 -1.908575857643640461e+00
-1.932355874645581650e+01 1.976285676933072777e-01 -1.841647931473762156e+00
-1.931378803781299069e+01 1.934974090031326976e-01 -1.715826572686506069e+00
-1.931364232901279365e+01 1.936576861640396385e-01 -1.702471128454897453e+00
-1.935108957338793445e+01 4.007226213415115978e-02 -8.789134769159147709e+00
-1.935296331966050332e+01 4.414317328635400384e-02 -7.773595363626901289e+00
-1.931570625367819716e+01 1.858694984878262457e-01 -1.896019424160858335e+00
-1.931373108535439087e+01 1.940097460000086427e-01 -1.693193258072845708e+00
-1.931556864722794487e+01 2.174898763131247192e-01 -1.130903562039760502e+00
-1.931373646899475816e+01 1.939448072451917804e-01 -1.691981998298084378e+00
-1.931266663657343940e+01 2.081690407657916519e-01 -1.516922398175825748e+00
-1.931246706318766826e+01 1.998536459760522077e-01 -1.512944052388132121e+00
-1.931400393342547517e+01 1.933327411209466440e-01 -1.698069933712501367e+00
-1.932686075616841848e+01 1.623922118341778464e-01 -1.983257011880944276e+00
-1.932834469480501838e+01 1.602043616782362068e-01 -1.534877668109475124e+00
-1.931372381298933405e+01 1.939867087442105897e-01 -1.690696791047503922e+00
-1.930926173346136920e+01 1.800489689881594746e-01 -2.061852885472132968e+00
-1.932001839418532185e+01 1.696553572429797263e-01 -2.286053497163500481e+00
-1.931412051444054612e+01 1.953805369304080219e-01 -1.608222748541544789e+00
-1.931369858923012472e+01 1.934208201983032283e-01 -1.699455888558869532e+00
-1.931256116560695446e+01 2.028792122876138526e-01 -1.543183144628002879e+00
-1.931372627182958013e+01 1.932832775036043838e-01 -1.716041508750516087e+00
-1.931395404571993524e+01 1.928929456180892288e-01 -1.716576668372145065e+00
-1.930760311702754706e+01 2.138905715461972834e-01 -1.137144806891084770e+00
-1.931434227830157724e+01 1.920370372125065339e-01 -1.729783337867848658e+00
-1.931345182732802002e+01 2.080241333042266161e-01 -1.258235374765105163e+00
-1.930502893880722581e+01 1.950699054282343803e-01 -1.783755715552562293e+00
-1.931206510602378401e+01 2.013666809304506811e-01 -1.530429291663580216e+00
-1.941901105094917312e+01 9.691331266615215156e-01 7.838635491562637725e+00
-1.931397707955356680e+01 1.926924580053390179e-01 -1.725040790137928326e+00
-1.935991876635404552e+01 2.006805055584910680e-01 -3.985731545909541040e-01
-1.931375647708427223e+01 1.939175351972801942e-01 -1.692606881176633493e+00
-1.893418617788855229e+01 5.857208679028627074e-01 -1.363300474249733441e-01
-1.931504881594180745e+01 1.939433847195207450e-01 -1.644345597653723345e+00
-1.924504037504587828e+01 3.180449347733356746e-01 4.533448597756084553e-02
-1.928806897016060873e+01 9.687241886280562042e-02 -9.023838729120674529e+00
-1.933945974038749682e+01 2.203433656635122584e-01 3.360861244854151053e+00
-1.930399080658234112e+01 3.346874188141170658e-01 -1.826332883820338537e-01
-1.921590940394754909e+01 9.142323138975656516e-01 5.799805341545349435e+00
-1.943872950030056401e+01 3.130442555050905185e-03 6.615900542672598306e+00
-1.931374255585995314e+01 1.939889170828046627e-01 -1.690537323093362687e+00
-1.948775260359156647e+01 3.194748267035985023e-02 -7.102272090988157593e+00
-1.933053692066895479e+01 1.292376254897621424e-01 -3.348576865912788136e+00
-1.933963050984763044e+01 9.851119122623429314e-02 -4.406278297377589581e+00
-1.898989060906492554e+01 7.468780345047800751e-01 -9.782963691325669231e+00
-1.915558505582446713e+01 4.587800401102274939e-01 1.620391918822278399e+00
-1.931409605661358952e+01 2.029488496768407368e-01 -1.725457539924702743e+00
-1.931374842610675202e+01 1.939607250101997582e-01 -1.691502667253669046e+00
-1.920325546957178275e+01 2.912608032127257385e-01 -3.377532167632623761e+00
-1.931374308971012255e+01 1.938374079718454546e-01 -1.693730777678849719e+00
-1.935082046112690080e+01 4.742633267259211555e-02 -9.860098026538246074e+00
-1.931370390788024594e+01 1.937912940725339817e-01 -1.696310717046554117e+00
-1.929401290657331103e+01 3.647132582640269516e-01 1.897931266730942923e+00
-1.930719050237345868e+01 1.717918922693514316e-01 -2.695965274401591394e+00
-1.941089926292321266e+01 4.604426968683574262e-01 -2.072661003826217652e+00
-1.939105070345484449e+01 2.323132605506312079e-02 -6.394871538987751514e+00
-1.930916141280645348e+01 2.162115141404818697e-01 -1.273459843614798359e+00
-1.931123742530965615e+01 2.036814577712371122e-01 -1.569368538023233839e+00
-1.931186076848087296e+01 2.042992321735221661e-01 -1.475378651973858979e+00
-1.931391098326706057e+01 1.940480872415537572e-01 -1.682504377226429426e+00
-1.930766403780678786e+01 2.064160784524384784e-01 -1.505584284254750216e+00
-1.931375724688762219e+01 1.940060298870829314e-01 -1.690673644474014026e+00
-1.931101802620901609e+01 2.020260248816511117e-01 -1.521851299264492141e+00
-1.931373981677917229e+01 1.939889157750741278e-01 -1.690653182201433680e+00
-1.933229920953714043e+01 1.808870240917878625e-01 -1.775864893448897419e+00
-1.953746315782824183e+01 6.613993335891645842e-01 -1.959280566370997789e+00
-1.931126498963038429e+01 2.012985190341337327e-01 -1.472844244369404976e+00
-1.931312000269275941e+01 1.964555945755221411e-01 -1.635915854682227888e+00
-1.931249957913657056e+01 2.057506051907828926e-01 -1.355431503753727895e+00
-1.931539329888319045e+01 1.865104071348154258e-01 -1.827160965332492282e+00
-1.908563166931493527e+01 7.862839206337688402e-01 6.652563510693639159e+00
-1.932134570526999795e+01 2.064062322300852514e-01 -9.637310204367963706e-01
-1.931373512931802594e+01 1.939449142604538767e-01 -1.691592539887796676e+00
-1.931374039517707430e+01 1.939251991796750729e-01 -1.691904040768051232e+00
-1.931367301186918439e+01 1.940207285826263395e-01 -1.690902674710597964e+00
-1.932461358077671676e+01 3.370013188104343804e-01 3.804975331520450865e+00
-1.931359118440383682e+01 1.941679370619537048e-01 -1.693938517653419851e+00
-1.931375488486421688e+01 1.939350502471119675e-01 -1.691314985288485673e+00
-1.922541644108551040e+01 6.968657062235997790e-01 8.448761577389653610e+00
-1.931376755784541643e+01 1.939215123729968460e-01 -1.691866445625457516e+00
-1.931385992667080842e+01 1.939245826851050125e-01 -1.688146332538964955e+00
-1.931352663174352813e+01 1.936274762862331134e-01 -1.698448859323274718e+00
-1.931376978285733514e+01 1.936831093997887776e-01 -1.687046578564658006e+00
-1.931389050740504487e+01 1.930601965078137250e-01 -1.715871047661057247e+00
-1.931375786397956418e+01 1.939135662346966049e-01 -1.692313378842376537e+00
-1.931378656234880253e+01 1.937849832042913834e-01 -1.692591059588771429e+00
-1.930673214397790005e+01 2.174651328293934205e-01 -1.170798704058860551e+00
-1.931370975564482961e+01 1.940683393317458594e-01 -1.689022239967242101e+00
-1.931084083071575463e+01 2.078190723537749474e-01 -1.372413959628859814e+00
-1.931372148161882407e+01 1.940114779902499254e-01 -1.689869469983580785e+00
-1.931372603177123892e+01 1.940153484324303179e-01 -1.689841629386567234e+00
-1.931495475631188796e+01 1.910200317416141103e-01 -1.739889553454784021e+00
-1.931565715751113643e+01 1.921249714848700385e-01 -1.693653698364165905e+00
-1.931382142941730606e+01 1.937080767984069307e-01 -1.697241428068826608e+00
-1.931375894183865327e+01 1.938648163165351823e-01 -1.693613247668153576e+00
-1.931369763297843534e+01 1.940624997607851843e-01 -1.690991975391199276e+00
-1.931401282430877586e+01 1.923233831700479068e-01 -1.735558868867839166e+00
-1.932527130650455760e+01 1.752291293116141346e-01 -3.154045696850926284e+00
-1.931376128129788938e+01 1.938551242479774062e-01 -1.694035635326955003e+00
-1.931376924396614925e+01 1.938549088180357705e-01 -1.693815241469117439e+00
-1.931397693588175457e+01 1.934400592573833344e-01 -1.706850081935284535e+00
-1.931414688765121923e+01 1.929942734772601143e-01 -1.715604844554198039e+00
-1.931374969991016854e+01 1.939265555351007697e-01 -1.691842384315844328e+00
-1.932579622275303777e+01 1.521057818268465034e-01 -2.707492766442321397e+00
-1.932887241754425034e+01 1.443240316624812003e-01 -2.830995825879952577e+00
-1.931366141348949839e+01 1.940207092491159913e-01 -1.716156769723292896e+00
-1.931372863414904728e+01 1.939576983226599660e-01 -1.696007671297717678e+00
-1.931361778628846082e+01 1.938695837130388067e-01 -1.701190027630268276e+00
-1.931427981584276665e+01 1.954303963575874936e-01 -1.661965504239674374e+00
-1.931372134978801469e+01 1.940076624538980554e-01 -1.690306762892120673e+00
-1.931371037881872610e+01 1.940219638610907182e-01 -1.690880549154465839e+00
-1.931383681258512297e+01 1.939325262202784839e-01 -1.689629176790379717e+00
-1.931407128489241032e+01 1.930714887417321057e-01 -1.663983226215691502e+00
-1.931194843940990680e+01 1.964113418438518111e-01 -1.675335425866585126e+00
-1.931391138098695848e+01 1.940366365176844632e-01 -1.689653589324880301e+00
-1.926048731245586865e+01 2.624531565350469164e-01 -6.946506469608308976e-01
-1.913091086720572065e+01 6.636764375235176816e-01 -9.714021773362301104e+00
-1.931411104285942670e+01 1.928851789007193229e-01 -1.708572318086547526e+00
-1.931400794020817813e+01 1.932730707737415621e-01 -1.701909349309918440e+00
-1.930821527571608698e+01 2.083523305892333588e-01 -1.130861740971770502e+00
-1.929723928202407279e+01 3.123662112517421319e-01 1.825329763328547017e-01
-1.931400226845159551e+01 1.933947640622855624e-01 -1.699895810545378083e+00
-1.931381312014887541e+01 1.895569511147170705e-01 -1.851720000696337465e+00
-1.931349787967059939e+01 1.995023058514685810e-01 -1.765933580931273283e+00
-1.934392581246692089e+01 2.309676713026934947e-01 5.014782562422190892e-01
-1.930479218395552365e+01 2.183648578347505420e-01 -1.096176126042969656e+00
-1.931389749153990820e+01 1.932373605324873844e-01 -1.710102103401334617e+00
-1.931391472302953716e+01 1.932241957260602550e-01 -1.709730453526375982e+00
-1.932012773388766647e+01 6.008564809439053134e-01 9.035728904424949803e+00
-1.933634686085489207e+01 1.289416467584421910e-01 -3.528464600231012938e+00
-1.931380180570634408e+01 1.934141539580568336e-01 -1.711786168652549733e+00
-1.925747232915794172e+01 2.720665716070390650e-01 -2.451603356657862776e+00
-1.936336274330940199e+01 1.093359944815922302e-01 -5.486646598619512538e+00
-1.920053517688817024e+01 8.460650474702986479e-01 5.316369863506199778e+00
-1.916052461131554452e+01 6.213868599544083438e-01 2.798534778399586642e+00
-1.931259076557513765e+01 1.923124265966996704e-01 -1.767502359646156762e+00
-1.931319710290708969e+01 1.937889164667815634e-01 -1.703346426744497322e+00
-1.943714219566042090e+01 1.364888081431265832e-01 -1.008403048687540604e-01
-1.931400454650265175e+01 1.941072918285581816e-01 -1.671394365074618804e+00
-1.933695378016872368e+01 1.470967915537082227e-01 -3.648630529884361096e+00
-1.931347141999046002e+01 1.985892409566180905e-01 -1.596067587538726684e+00
-1.931760430063647860e+01 1.824645948869116074e-01 -1.960647674542643770e+00
-1.931261432608638984e+01 2.122393488817471974e-01 -1.258689037183565063e+00
-1.931205193860727931e+01 1.989777775037088747e-01 -1.600397880631863501e+00
-1.931373266828390101e+01 1.936040624990621739e-01 -1.705961125396051159e+00
-1.931383547516999855e+01 1.936153159135447777e-01 -1.699337384488952551e+00
-1.925046886766167731e+01 1.531979899936883049e-01 -4.349141740304016679e+00
-1.931049123745978235e+01 1.815337385913694257e-01 -2.026670919898372780e+00
-1.932056905561526250e+01 1.526522759217719960e-01 -2.964002810452369907e+00
-1.931519440761325868e+01 1.900612234554715230e-01 -1.787508084641181938e+00
-1.931484954820174949e+01 1.864992317216818130e-01 -1.996166095220756276e+00
-1.931564752874586333e+01 1.843807145282366777e-01 -1.943849434627571426e+00
-1.932288807031992661e+01 1.791471509649524008e-01 -1.876266799195445145e+00
-1.931368960370523880e+01 1.941342524891288557e-01 -1.688198547733122723e+00
-1.928394564705714842e+01 2.578953010951815505e-01 -9.234003918778164177e-01
-1.931373578526639889e+01 1.940409110180326691e-01 -1.687517353431877254e+00
-1.931660228213651465e+01 1.412900593375925884e-01 -3.170762968480802080e+00
-1.931849122450338996e+01 1.801301381616945696e-01 -1.945057200945523590e+00
-1.933276115162007969e+01 1.581367419039524935e-01 -2.604763665387373806e+00
-1.924058457063175354e+01 3.620829287438638855e-01 7.783351786477776812e-01
-1.933044762979636033e+01 1.038887578567821018e-01 -3.720494912329268544e+00
-1.932225706536251053e+01 7.017426335852043895e-01 -2.514069889987579742e+00
-1.930135931189042964e+01 1.560802095678277546e-01 -9.782426452604463307e+00
-1.935472474001573318e+01 2.187589068261512615e-01 1.656966231898461928e+00
-1.933568456390454315e+01 9.500329383220337820e-02 -6.649289487828564660e+00
-1.931332608381752181e+01 1.949383768278337703e-01 -1.701020469877594365e+00
-1.932602978982610153e+01 1.548016547579761371e-01 -2.851226399103085285e+00
-1.931343453136251043e+01 1.949188082746737549e-01 -1.677823225541985153e+00
-1.888721707004812700e+01 6.849875468481947394e-01 4.098531764553001722e-01
-1.932308457393673606e+01 1.095131556464965794e-01 -4.501703779510774162e+00
-1.930909607539016903e+01 2.064906701969022040e-01 -1.478111502845640857e+00
-1.931383586425347687e+01 1.936314426635514785e-01 -1.697986628010854204e+00
-1.931383752272836318e+01 1.936343494074189153e-01 -1.697088785578422687e+00
-1.931148145749587286e+01 2.013823094372667599e-01 -1.539067033220963054e+00
-1.931280530047463273e+01 2.070240299422704822e-01 -1.472198603460709521e+00
-1.931367480474163401e+01 1.940770874131955426e-01 -1.692360752974536808e+00
-1.930761379892131302e+01 1.355298277441713828e-01 -3.949179854365832298e+00
-1.932197205796800077e+01 4.005838375011282204e-02 -9.544273331216759360e+00
-1.931107121095073254e+01 2.077638612765781434e-01 -1.419352386380829500e+00
-1.919346434972895210e+01 7.083985730889339472e-01 5.172178186488366691e+00
-1.931505636478927457e+01 1.886579545806768288e-01 -1.822507899576395474e+00
-1.931216692433488902e+01 2.028116119612911883e-01 -1.437919457752444785e+00
-1.931530491853279941e+01 1.886778928324677751e-01 -1.815765772126509248e+00
-1.931377195692504856e+01 1.941027746737150339e-01 -1.687198929490929089e+00
-1.931381855714668561e+01 1.933991268353855431e-01 -1.707476547380908372e+00
-1.931378110415176508e+01 1.938315659751337350e-01 -1.692473424005074278e+00
-1.931376008907461994e+01 1.939362059073976019e-01 -1.691975309932296057e+00
-1.931419396078976192e+01 1.918579282395668495e-01 -1.748505607237529347e+00
-1.931376084125968617e+01 1.938956641578521156e-01 -1.692349495668024062e+00
-1.931330133899568224e+01 1.937496781267837309e-01 -1.698893032793776570e+00
-1.931376604988279411e+01 1.939019010457466441e-01 -1.692313725961010817e+00
-1.931376459888680230e+01 1.939020343380364053e-01 -1.692523282590130407e+00
-1.931375474168425654e+01 1.939053692863997591e-01 -1.692323916838653020e+00
-1.931379682498110029e+01 1.926743815487490796e-01 -1.732225238931734523e+00
-1.931239922884357796e+01 1.987902992534608948e-01 -1.637111895448178700e+00
-1.934447189438201065e+01 1.276356569231252014e-01 -1.761323205256669411e+00
-1.931214007147498890e+01 1.996746944183966088e-01 -1.582684962071684964e+00
-1.931000138864634152e+01 2.006359294078230160e-01 -1.541503420537910785e+00
-1.924515834992870822e+01 3.825572882944473507e-01 1.361448798026973606e+00
-1.931275004421468466e+01 2.008468988090920948e-01 -1.522621757295029354e+00
-1.931188616976055528e+01 2.048064452923673562e-01 -1.428951841157811486e+00
-1.931339519285692674e+01 1.977905729618504305e-01 -1.584500260199504851e+00
-1.931379939687224123e+01 1.942994624714443896e-01 -1.675344123074214764e+00
-1.931375675652048685e+01 1.939296861672820116e-01 -1.691522533515385618e+00
-1.931375528164446109e+01 1.939195327598141061e-01 -1.693059827262066719e+00
-1.929209901851181641e+01 2.836729556578271860e-01 3.445812037782189918e-01
-1.931269980709610579e+01 1.979193117572941307e-01 -1.599820100170278536e+00
-1.931283850139718794e+01 1.978712076596213509e-01 -1.592367947754659951e+00
-1.931371658288308168e+01 1.940442317853781073e-01 -1.689550795389269666e+00
-1.931324278556456164e+01 1.950687526371155944e-01 -1.666466293692877798e+00
-1.933928265149629411e+01 1.337606327675095463e-01 -2.655399753909229332e+00
-1.931053227168404618e+01 2.002231563697719485e-01 -1.558936479218793636e+00
-1.931359974058950968e+01 1.946425313457972595e-01 -1.678333563799164097e+00
-1.933247664103523533e+01 2.444042214089735265e-01 -1.651877974539710081e+00
-1.931218784900230645e+01 2.636913068651141057e-01 5.696512101267128259e-01
-1.931371691925688339e+01 1.940308028030697240e-01 -1.690491078811216852e+00
-1.930536094388269319e+01 2.138587936863167727e-01 -1.549497276881233176e+00
-1.812614313555920020e+01 5.467871847112970585e-01 4.034919105698200781e+00
-1.931371413951637450e+01 1.939975962350093674e-01 -1.690580344001851643e+00
-1.931376072255783427e+01 1.938299993133948407e-01 -1.694669084865919828e+00
-1.931376554339997753e+01 1.938304635478369509e-01 -1.695819699276629677e+00
-1.931384808554519594e+01 1.938178280381767926e-01 -1.694421351868415471e+00
-1.931401801472369684e+01 1.913359736282730372e-01 -1.792741068785540293e+00
-1.930053678829777297e+01 3.350642060657039734e-01 3.801239887839400922e+00
-1.935928517773573532e+01 6.224150806249180434e-02 -7.978144790804100772e+00
-1.931046948758797299e+01 1.687158804212836316e-01 -1.059971913024215340e+00
-1.931969836912774952e+01 1.722313237519107199e-01 -2.236739073486207374e+00
-1.931376632696065698e+01 1.938924470258547583e-01 -1.693152937106697564e+00
-1.931376033867539732e+01 1.938276133758625452e-01 -1.694497073510099483e+00
-1.895503134775801257e+01 1.023456512856157907e-01 -8.317006561864314307e+00
-1.941044797303822378e+01 8.417814455099083271e-02 -2.171619890602240588e+00
-1.931441369482088177e+01 1.923770997429951890e-01 -1.726343629863764662e+00
-1.810233880924535654e+01 9.707562420117642477e-01 9.046877071318519370e+00
-1.893075019818871496e+01 3.948708921207229050e-01 -8.750602886927229207e+00
-1.931444124414560903e+01 1.911784772074380245e-01 -1.744819674787338570e+00
-1.931364735907465047e+01 1.944506209301508637e-01 -1.674475166801316917e+00
-1.931372013354558703e+01 1.940467365478481254e-01 -1.689813848663762386e+00
-1.931357038250942537e+01 1.946277161634409336e-01 -1.679794118194276820e+00
-1.931415653245771580e+01 1.907750761996719613e-01 -1.790959935895035215e+00
-1.931804090154499676e+01 1.901236145743329942e-01 -1.730782093600552685e+00
-1.934229839486220470e+01 1.075221890084406551e-01 -3.189444349632895914e+00
-1.933763351071562298e+01 5.953167796965225939e-02 -8.117850346154730445e+00
-1.931369357625108307e+01 1.942853920723761063e-01 -1.679195600225641627e+00
-1.931380307667116369e+01 1.943582926839164116e-01 -1.678460562316564264e+00
-1.931391950926048295e+01 1.939320688877087251e-01 -1.690448464246120608e+00
-1.931351440965135424e+01 1.949062544273098274e-01 -1.670168412083512521e+00
-1.931320340492124998e+01 1.956117064163131747e-01 -1.657200426558134154e+00
-1.931526511528905843e+01 1.985247801898462339e-01 -1.449076857285788833e+00
-1.985131271323776403e+01 1.854736746975342854e-01 -8.726422474345689295e+00
-1.926192155975827447e+01 3.380009115974808021e-01 1.346881221301954312e+00
-1.931408617772382286e+01 1.947410245123974426e-01 -1.663373028900974049e+00
-1.931377679875311060e+01 1.939617062149593119e-01 -1.690059314442169836e+00
-1.933911818005645600e+01 2.763245359555282499e-01 -2.390209468487633160e+00
-1.938114119336918506e+01 4.968986839060642730e-02 -3.256746938618029219e+00
-1.931365688443302986e+01 1.945651320168715892e-01 -1.674945795034286533e+00
-1.932237848411998726e+01 1.091843256182185584e-01 -3.974603415542246054e+00
-1.931368118025355329e+01 1.941252437607480508e-01 -1.686953509062931289e+00
-1.931370369145075117e+01 1.941099902277992340e-01 -1.687565581690510186e+00
-1.931337950356227751e+01 1.943904808491400682e-01 -1.687246551639423942e+00
-1.931370092563013330e+01 1.941597608988532286e-01 -1.688373702958120504e+00
-1.928666936616934180e+01 4.017488054269647280e-01 3.183273924289462542e-01
-1.941562470922940875e+01 1.956615840354265501e-01 8.597811002232194966e+00
-1.931365628324019568e+01 1.941102615592372460e-01 -1.684965819603274184e+00
-1.932476104075875156e+01 1.821432369250808037e-01 -1.775795767626833666e+00
-1.927863236095109656e+01 2.211091910711478759e-01 -2.733743836694589646e+00
-1.931283412950116585e+01 1.911208386934529491e-01 -1.733908835524758274e+00
-1.931360457898667349e+01 1.938820817746801373e-01 -1.721736443881139778e+00
-1.908794145315095747e+01 6.646888722099584257e-01 7.068889809798566404e+00
-1.931159093411777405e+01 2.018085708902721542e-01 -1.513118472504789480e+00
-1.931429449943713550e+01 1.927078239056786435e-01 -1.702495166720886743e+00
-1.931347324428941903e+01 1.944047400414170013e-01 -1.686988587347723723e+00
-1.922899570960931470e+01 6.012788354759863729e-01 8.924057225399174342e+00
-1.931848524433933889e+01 1.722413575687536391e-01 -2.305980629186266562e+00
-1.931240805010909511e+01 2.096125894914240284e-01 -1.338898177187939353e+00
-1.932386099871741081e+01 1.822447684686814007e-01 -2.605814770003614278e+00
-1.931189052264458539e+01 2.038058187465133508e-01 -1.460441032628022384e+00
-1.930939528103650815e+01 2.250197348927815422e-01 -9.999562869729228254e-01
-1.930790506554479791e+01 2.381590445377892995e-01 -7.291680422592605737e-01
-1.936704397687167045e+01 6.026141020784744201e-02 -6.325375045084186354e+00
-1.934750549393538677e+01 5.674552027128689641e-02 -5.625169210419140420e+00
-1.913447737711330277e+01 9.845180253271442750e-01 5.519043010592927345e+00
-1.930593106081769506e+01 1.315805997506903358e-01 -3.563175995871194601e+00
-1.931435113930496783e+01 1.936979030466891016e-01 -1.675946869317957777e+00
-1.931367439208410985e+01 1.949165742968907433e-01 -1.670279384554845592e+00
-1.933370664227955160e+01 2.583738275007844698e-01 9.332724470080311363e-01
-1.931359760929299796e+01 1.944085854300436622e-01 -1.684430049336366864e+00
-1.933018420133176463e+01 1.254010794162326303e-01 -3.532815500098946515e+00
-1.930552843559414455e+01 2.208221634272961031e-01 1.569271159863205867e-02
-1.931134246737124727e+01 1.960932633752901777e-01 -1.671275736141689450e+00
-1.930034298836871542e+01 2.306128480682733128e-01 -1.122121533481260869e+00
-1.930769734997061704e+01 2.225400812765303549e-01 -9.780924020947789899e-01
-1.930773883289448634e+01 2.211187759748639847e-01 -9.611663831609487119e-01
-1.931347806083632790e+01 1.954050135455155102e-01 -1.652297323326097356e+00
-1.992413693481048043e+01 5.079611411428915924e-01 8.062975759715591551e+00
-1.931369736993498520e+01 1.993257547403017305e-01 -1.489790365997301080e+00
-1.931276486072578180e+01 2.025732279228058819e-01 -1.443331929586022966e+00
-1.931383862008965124e+01 1.936950493955495178e-01 -1.702077953029043300e+00
-1.931386973061168177e+01 1.934934933440384530e-01 -1.700481027892790209e+00
-1.931380223174104316e+01 1.938134442940830648e-01 -1.693309237883438456e+00
-1.930959294291257322e+01 2.022941803260267790e-01 -1.601614071805151696e+00
-1.931377064413108613e+01 1.938103374339623652e-01 -1.694570021518892133e+00
-1.931003042788267265e+01 2.033926888143986478e-01 -1.558516507483625801e+00
-1.931099644831806472e+01 2.037656792377908199e-01 -1.429048036988570303e+00
-1.931008792418486664e+01 2.015583606496716418e-01 -1.610719656094500962e+00
-1.939337395976631129e+01 4.720643574986045365e-01 4.386733425888134974e+00
-1.931377410266009065e+01 1.938146149695044451e-01 -1.694746790061994801e+00
-1.931205422683274264e+01 2.095624379707755613e-01 -1.299898942273845392e+00
-1.931377786881170167e+01 1.938101087522975663e-01 -1.694351144154556010e+00
-1.931377828642913030e+01 1.938357683478642013e-01 -1.693830181113581190e+00
-1.931392386348116830e+01 1.938813426830821862e-01 -1.698504735501902729e+00
-1.931626671550407082e+01 2.556217883405054181e-02 -2.076280761385403295e+00
-1.845835957400564098e+01 3.933014424809613274e-01 3.659565139709929582e+00
-1.938459200033366159e+01 2.206839146690028897e-01 8.981855883911293859e-01
-1.931441459117033688e+01 1.933640173500990600e-01 -1.683112453613100357e+00
-1.931373871398106701e+01 1.938999146051847422e-01 -1.692897391627329995e+00
-1.931374711829393220e+01 1.938742784819049436e-01 -1.693939839227372346e+00
-1.931375222505937828e+01 1.938711525633512178e-01 -1.693683735473337393e+00
-1.931374763529059280e+01 1.938668314906085155e-01 -1.693726673786073889e+00
-1.931480413724099421e+01 1.895139629617699495e-01 -1.802492362154740846e+00
-1.928106342483535940e+01 4.076358903823136259e-01 2.452391321452235928e+00
-1.957977646548358663e+01 5.230829209770802013e-01 -1.367687543407573258e+00
-1.931377095483246009e+01 1.936359742534516926e-01 -1.697796148929372251e+00
-1.931376776407175910e+01 1.938125907510906965e-01 -1.695042892091041864e+00
-1.933469106527456560e+01 1.110830674659442907e-01 -4.646700119879411339e+00
-1.908762922364042680e+01 8.373236071314260620e-01 7.470633347623930831e+00
-1.931378575711280021e+01 1.938129900504247660e-01 -1.694845354662785297e+00
-1.931379079881622474e+01 1.938030604852640226e-01 -1.694892989583710374e+00
-1.931388965923913048e+01 1.936637137485723303e-01 -1.699402172855059234e+00
-1.931414007964603741e+01 2.102822473791518265e-01 -1.196636695211788393e+00
-1.924696196770128509e+01 1.951880432446380098e-01 -3.073595802973838609e+00
-1.931375683095157214e+01 1.938524612923234469e-01 -1.694248013475451842e+00
-1.931449348173910963e+01 1.917920217401271610e-01 -1.739139916893073234e+00
-1.930220460215980438e+01 2.219062153877278398e-01 -5.735421865028875743e-01
-1.930067393669811793e+01 2.377526210712428423e-01 -6.965218616634327731e-01
-1.931377564586564333e+01 1.938183034015931172e-01 -1.694964847983014167e+00
-1.930793866867659858e+01 2.484142284026662761e-01 -3.914360830774601396e-01
-1.930638588245813025e+01 2.343082987474029988e-01 -5.950361160888384404e-01
-1.931373859732255838e+01 1.937180548644170663e-01 -1.697333228558278506e+00
-1.930128120096601307e+01 2.652700782725503359e-01 3.434917040296916468e-01
-1.925424386534215770e+01 2.038668222187402512e-01 -2.024969634322731693e+00
-1.931327587021684167e+01 1.704097824076655499e-01 -2.523822958310234732e+00
-1.923982460919944870e+01 4.562482228421515518e-01 3.982876891452427515e+00
-1.931049372690363697e+01 2.022306752176517286e-01 -1.518617243516699133e+00
-1.931295473471053725e+01 1.879692914434342443e-01 -1.880823679440860374e+00
-1.931348722817817531e+01 1.950790165727891157e-01 -1.662928963612703370e+00
-1.931296847583422149e+01 1.861799402810156989e-01 -2.050975211874220605e+00
-1.931246945896347356e+01 2.053478816643659055e-01 -1.291838670567646119e+00
-1.930991651437612688e+01 2.086902820145353776e-01 -1.325044280346164172e+00
-1.931323457193591864e+01 1.950355036640778195e-01 -1.673686873822044063e+00
-1.931385930321518885e+01 1.925578424679241230e-01 -1.735847125680981762e+00
-1.930688016435556520e+01 1.494880552001038310e-01 -2.842884474786277593e+00
-1.931397723723971893e+01 1.957128847391981508e-01 -1.641241864402891437e+00
-1.931415370707364332e+01 1.927718527834506868e-01 -1.717650241375821452e+00
-1.931719722776534809e+01 1.717937144795955717e-01 -2.187480388694335254e+00
-1.932212221260171958e+01 1.779412503193294193e-01 -1.814514462219118940e+00
-1.931921891417275816e+01 1.496560637589561538e-01 -2.896268733507403326e+00
-1.931382063074454081e+01 1.939580300662369083e-01 -1.685484435129030345e+00
-1.931290620166959116e+01 1.936882156542626132e-01 -1.742300035455576435e+00
-1.931367902550492843e+01 1.940410568710024541e-01 -1.691499381236962307e+00
-1.931372664640344894e+01 1.939412191849390343e-01 -1.691921662582958064e+00
-1.931374295240119920e+01 1.939277812646613419e-01 -1.691857545029364474e+00
-1.931704533936347801e+01 1.867375292979872869e-01 -1.827357802208796400e+00
-1.931622993128577903e+01 1.809696364725420503e-01 -2.025665496572058188e+00
-1.931389991033753617e+01 1.926021058950150577e-01 -1.745528005230593038e+00
-1.931888970692682506e+01 1.788377054377130182e-01 -2.025796485874019837e+00
-1.931373854129800094e+01 1.939850278849544196e-01 -1.690142262893434832e+00
-1.931375355931878346e+01 1.939091513358257302e-01 -1.691965178387031088e+00
-1.931374592425474646e+01 1.939344255683568552e-01 -1.692204634981317568e+00
-1.931400272793626982e+01 1.934171777946824267e-01 -1.707961147875336039e+00
-1.931374602109490013e+01 1.939443675848267767e-01 -1.691747432113864136e+00
-1.931374260181073765e+01 1.939303826311087608e-01 -1.691955360453480495e+00
-1.929044220065894066e+01 3.735991943340629673e-01 1.018744650909065186e+00
-1.931374293043059609e+01 1.939076510406052833e-01 -1.692568892244675993e+00
-1.931376364924060596e+01 1.939043355772563926e-01 -1.692601615517915548e+00
-1.936057481830837546e+01 1.431142517500286204e-01 -2.040375362261827696e+00
-1.930223012821640438e+01 2.552698869286912919e-01 -2.594663764172560505e+00
-1.931374928182931328e+01 1.939441609958406920e-01 -1.692103290416289596e+00
-1.931373291277525084e+01 1.939799296847041221e-01 -1.690721961407325225e+00
-1.931376213133239972e+01 1.938399046884239363e-01 -1.694066285038950070e+00
-1.928985988103370985e+01 2.986785366485150695e-01 7.210716687529661328e-02
-1.931304276809161280e+01 1.965526259678946897e-01 -1.668417206197906566e+00
-1.931557357969210287e+01 1.886902024190089677e-01 -1.793990921935861849e+00
-1.991552349386639165e+01 9.710054372561840452e-01 2.421658503619955383e+00
-1.931385785213924677e+01 1.935829603221704831e-01 -1.700063565668928689e+00
-1.931378921143794258e+01 1.936558263241827116e-01 -1.702242283165242398e+00
-1.931377968546186707e+01 1.936673202204789446e-01 -1.699016010049858139e+00
-1.931370772535327518e+01 1.938684284139620684e-01 -1.697218333084085984e+00
-1.931478652819362196e+01 1.894756503629810296e-01 -1.770407600490679911e+00
-1.931418853983175055e+01 1.903632042842666461e-01 -1.810766321312831550e+00
-1.931397885629241884e+01 1.941406989520740867e-01 -1.679079785341711428e+00
-1.931399709760259853e+01 1.936326598909333951e-01 -1.694595481634017631e+00
-1.931382823777564184e+01 1.940503419037722665e-01 -1.690620396954797044e+00
-1.931376400530540849e+01 1.938883880411350902e-01 -1.692651180314959092e+00
-1.931387781607899257e+01 1.935723364771249622e-01 -1.699798179763590156e+00
-1.931371507557499001e+01 1.939296436240174337e-01 -1.692589648994610840e+00
-1.931371946910804027e+01 1.939507881116492582e-01 -1.693075760093638138e+00
-1.931371611765655061e+01 1.939939262733453573e-01 -1.690719466256116021e+00
-1.931374356785680035e+01 1.939416677630929897e-01 -1.691264337318601818e+00
-1.931390483571296102e+01 1.938945065358414210e-01 -1.675995483679637132e+00
-1.931373650401535613e+01 1.939207373806728085e-01 -1.692813307725810290e+00
-1.931377049433311655e+01 1.936637137283692967e-01 -1.698778598663620798e+00
-1.931376510269940638e+01 1.938438264060861893e-01 -1.693921331067171465e+00
-1.931376320969073390e+01 1.938899567693979920e-01 -1.693093695575806024e+00
-1.931246761113277799e+01 1.971643526702491767e-01 -1.651644286666257955e+00
-1.931357960255557416e+01 1.941011547157333039e-01 -1.693300689597629471e+00
-1.931400854600730455e+01 1.939575350990231095e-01 -1.681070801156126393e+00
-1.930756597427014754e+01 2.114171157063262918e-01 -1.244539340811789074e+00
-1.931436727419498922e+01 1.929369376609143816e-01 -1.675051920377288894e+00
-1.931369886023491134e+01 1.934474034900273698e-01 -1.701570525882747376e+00
-1.931395298698108931e+01 1.934042379301116055e-01 -1.703212740856990592e+00
-1.931429838718698377e+01 1.930984337731942169e-01 -1.697066721191269778e+00
-1.931359874961779965e+01 1.919930014524978412e-01 -1.708846609287856921e+00
-1.931376429078324364e+01 1.938686528080839355e-01 -1.693444785036902545e+00
-1.931378918408505996e+01 1.919586622016598298e-01 -1.734683620620858235e+00
-1.931439757829365078e+01 1.922034467701622673e-01 -1.737904703858227151e+00
-1.932053730185136331e+01 1.707658985245654459e-01 -2.200550035964091933e+00
-1.931371035508241363e+01 1.943034958004756785e-01 -1.680488749735115306e+00
-1.936708344476273069e+01 7.500384741505200514e-01 -7.786683967609301149e+00
-1.931338649763526760e+01 1.948645171463370684e-01 -1.674841563089916718e+00
-1.908121360822043755e+01 9.582654159873772448e-01 -7.017012698770995982e+00
-1.920864760899095458e+01 2.743044542445265410e-01 -2.228842607262817133e+00
-1.948128256634254285e+01 2.635793623379259487e-01 6.080000284650751041e+00
-1.926464698163043110e+01 3.081199222210092015e-01 -7.071032487495862995e-01
-1.933959546056649970e+01 7.311432587176432130e-02 -6.347697659840041418e+00
-1.937315222185119978e+01 5.836372238980577776e-02 -9.821393965171452578e+00
-1.930564300211066708e+01 1.887559934581485022e-01 -1.982566508293727381e+00
-1.930681261669117532e+01 1.726456652682447079e-01 -2.222461060530104504e+00
-1.931121169278268823e+01 2.024009896068987291e-01 -1.542514800762667448e+00
-1.931580171749023478e+01 2.005037267807914247e-01 -1.482092085465628983e+00
-1.931190293588343110e+01 1.967959639177267184e-01 -1.560667185178200356e+00
-1.933549403048561643e+01 1.589700709027581371e-01 -1.362693906225997509e+00
-1.930641808480502419e+01 1.772129426780577610e-01 -2.679194315681044714e+00
-1.931085496572422855e+01 1.803326562755224183e-01 -2.267398002565204074e+00
-1.939987250147731501e+01 3.898507193785869518e-01 -2.740245777756530998e+00
-1.931523676150323254e+01 1.871871210938583496e-01 -1.855499574272005958e+00
-1.935691566895299687e+01 4.140242764104058726e-02 -7.226199027272761199e+00
-1.933735817650444133e+01 1.528983198195001669e-01 -3.332515658232098943e+00
-1.930472721639831235e+01 2.159781556772111533e-01 -1.104858884460364621e+00
-1.932553235402818004e+01 5.122349430389405711e-02 -1.073604422671840197e+00
-1.934170006916961881e+01 9.522892894134844799e-02 -6.634371420023478905e+00
-1.930626858490333930e+01 2.250695916447364442e-01 -9.265915911453053155e-01
-1.930352574198773752e+01 2.068796031160787807e-01 -2.528220603381157616e+00
-1.931478496136145395e+01 2.060091940664779131e-01 -7.401040000924812290e-01
-1.931381871506651748e+01 1.975328719149652135e-01 -1.618384696559443725e+00
-1.931164482673091598e+01 1.986937154730360200e-01 -1.616340063713174402e+00
-1.934931539832411929e+01 4.286698288088378050e-02 -6.249623032661159705e+00
