6.921882239235527390e-254
1.261513640554061620e-53
2.383738856817240766e-13
1.636894998427182122e-74
2.865995952969906961e-19
1.687648774645727313e-09
3.592031648373214354e-50
4.650404966933366357e-01
9.255904394762198350e-152
5.784169683565719340e-31
1.000000000000000000e+00
1.226050518994390992e-01
6.271322287938467799e-01
7.158608301799119105e-10
2.436336876175539665e-40
1.624923053247006767e-30
2.841021596058531089e-03
7.183460437490935767e-11
4.562441116168474142e-01
1.219657073859598262e-01
1.422903538019777698e-91
3.350583582584122366e-01
3.406365701645566735e-01
1.149349034760788063e-01
5.632119263539667742e-01
0.000000000000000000e+00
3.611862895181740338e-03
2.642647143723679815e-01
7.017524316860650939e-11
5.691050334626880369e-01
0.000000000000000000e+00
9.370447834118348967e-33
2.705369109483560242e-01
1.427795382206338776e-03
3.207080208196262383e-01
4.663707810669221604e-02
6.306483473625947054e-25
1.454654332343318716e-07
8.763011115909442872e-03
4.770837592418485790e-02
8.724791734162155518e-03
4.961326132211380524e-01
8.767355704791457080e-03
1.097841332957172285e-04
6.192773441748945507e-01
3.917330232298689374e-06
4.034391535825029330e-03
1.277720155405389560e-06
4.550777596196893277e-04
1.417746652654047670e-03
4.002033463612652935e-03
1.811643849890460720e-02
1.813220403429021202e-02
1.424439299571744364e-03
1.853693332627373663e-13
1.426021126936018743e-03
3.063087160986201294e-03
1.848863194167092369e-02
4.545995480453040465e-04
4.547302848640532766e-04
1.421701411368905777e-03
4.050789567815007639e-03
4.855794814419912148e-02
1.413287443312773693e-03
4.551808112494141784e-04
1.565331534700977552e-04
4.432581006932928494e-06
1.440731894586335496e-05
1.566127150202779417e-04
6.905793572502938723e-07
1.876430057442621258e-02
8.703130339590312362e-03
4.432745909589130388e-06
1.124075624809399432e-01
4.045435159773853040e-01
1.564939305975409560e-04
8.775335112675509974e-03
1.415400758269701621e-03
3.209267164614382288e-05
1.861930881748027899e-02
5.393965703396652257e-08
3.077436829291785858e-01
2.208502926623957221e-07
6.905672549258005664e-07
8.665833327187911703e-03
3.209184584730409914e-05
1.605399982607925132e-06
4.548922112566623722e-04
6.905543664865548443e-07
1.440791906375083029e-05
1.605397156998069903e-06
6.905430861515673468e-07
4.553485376900609917e-04
3.208210619349662534e-05
1.855774148083900316e-02
8.688555829623214460e-03
3.209219036664720005e-05
5.606999971793105723e-09
4.542789038822887490e-04
4.552303708644032509e-04
6.905700280798606135e-07
1.564940508659707469e-04
5.606989658742616840e-09
6.905626242797335311e-07
4.432711885643159477e-06
5.606996661189475572e-09
5.606993757591084300e-09
1.417325554328644280e-03
2.944729245094415503e-09
2.208502330733955840e-07
4.433173163900629298e-06
4.550383402524711121e-04
4.051056885333090621e-03
1.398858510962195231e-08
1.425835507687987867e-03
4.541700728520983743e-04
1.426489167478159348e-03
1.565006398542549031e-04
1.567304389009032772e-04
4.039256195822965231e-03
3.351079612300635335e-01
5.174816715027904597e-10
1.564688784328434671e-04
1.424827049103564785e-03
3.208602270391661143e-05
6.115788944690152551e-01
2.944727560192776005e-09
1.155005707984092383e-01
5.029371288345543256e-01
0.000000000000000000e+00
1.046957832138949163e-02
1.811332176312786185e-30
1.567689199308362064e-04
4.541537978580740425e-04
1.070444581042182647e-52
2.944729477620287181e-09
1.428374815918316901e-03
3.251455477644805137e-01
1.812534674202997964e-02
2.944729614011864584e-09
1.852246436712123509e-02
8.826443199422748936e-03
3.208684847291560837e-05
4.035838731525615182e-03
5.174820283649369002e-10
5.393959231202561064e-08
5.606992873839224040e-09
1.398854975662422940e-08
5.393937938357930940e-08
1.398858057161924860e-08
5.174818605687197265e-10
1.440832753596048815e-05
4.551874580912595504e-04
4.506659563589740514e-04
5.174818632744988545e-10
6.905419871510040008e-07
1.159662606673735608e-01
1.605436687275311867e-06
1.564554678985207153e-04
5.174819082210257574e-10
1.425180350877217538e-03
2.944729782364191251e-09
4.557293935118473887e-04
5.425223709153321749e-01
3.309700896655367597e-01
5.606999038004575704e-09
3.531173038467710883e-52
1.129404865912145561e-01
0.000000000000000000e+00
4.874233491903049581e-02
1.440842815068989799e-05
1.888268106965061761e-10
2.322545837737794577e-03
1.431176973728586410e-03
1.422956654778972973e-03
4.041120066331055707e-03
3.208745866525365177e-05
4.976380553363212167e-01
1.426412922889381618e-03
1.440829368167735025e-05
1.420078121643207842e-03
3.210121647306518443e-05
2.208525860732909083e-07
8.704598687782377823e-29
1.280015918435993307e-59
3.244030254833712434e-01
1.124657123377379442e-01
6.210912572757067984e-01
6.905602225722667044e-07
6.905599151547953442e-07
2.208523457185865207e-07
1.398854548883560723e-08
1.398855067966754595e-08
2.208519656443757387e-07
1.605390673800616452e-06
4.848891269361778333e-02
3.851963285985197105e-01
1.526804815027834883e-01
6.904867314032554597e-03
5.174816795402472187e-10
1.441092635170412148e-05
2.944729657420054440e-09
2.944729174024197955e-09
4.801005966498852334e-02
2.753012618125110778e-01
1.270013159891167284e-09
5.606992092310760779e-09
2.064032990808127560e-13
2.893449326499916707e-03
1.427880407540868968e-03
1.130323231220116131e-01
1.270012679314827674e-09
6.905513121491241680e-07
6.905747113345357273e-07
1.630484924711552513e-55
7.535694881992453494e-15
4.294429695801066718e-03
3.042247045854275522e-01
5.393947386085404277e-08
1.270012911875808827e-09
2.208553019470907867e-07
1.270013271489835549e-09
1.521418159851894464e-11
3.208807772649185697e-05
5.606991063770316175e-09
4.795517053494546822e-02
1.270013153293911381e-09
4.008144864509965294e-03
4.012635140153479607e-03
1.605449498996595141e-06
1.565435906210251862e-04
6.905416626733775696e-07
1.270012510067369782e-09
3.208626522547321371e-05
5.393945173561065892e-08
1.440576207125511653e-05
6.905849086824080672e-07
4.600787715987503940e-02
2.944729669060334821e-09
2.208505016383487385e-07
4.073318411781462478e-03
1.398855165615462469e-08
8.794267239491983246e-03
4.044363524895369828e-03
1.418259479157530549e-03
3.208556428631135083e-05
2.208538880936227809e-07
4.543573204307117092e-04
5.607000069393459761e-09
1.545238544711423620e-11
5.393947132207544263e-08
1.137787102135427025e-01
1.398854487971175525e-08
5.606987910779161420e-09
5.606988893171020152e-09
2.098610831443890130e-04
5.606993950396231000e-09
1.270013359025219882e-09
5.196263625482264725e-01
1.349048382213398994e-39
6.663498219051483540e-01
4.003129389561083107e-01
7.426221915394569469e-10
0.000000000000000000e+00
2.845026477518028396e-02
6.905728772929781909e-07
3.733133527210831804e-01
4.432568472804515819e-06
1.109583037142754386e-01
1.865819520109228136e-01
1.429102944236862547e-03
4.739601070552029033e-02
1.367285401688926948e-27
4.072214135065633372e-03
1.802917659773133410e-02
4.785598143359347245e-02
7.982058036567246662e-02
3.298449379082820099e-01
9.219156274551739035e-04
9.762242033912573716e-24
3.209804765318162922e-05
1.441024226489487136e-05
4.062611695458294946e-03
1.440606855954445075e-05
4.432638184248233324e-06
4.048120791754096851e-03
1.605449554296226364e-06
3.442824465496687747e-01
1.440736021970179572e-05
4.432818221959337727e-06
1.440648728464665976e-05
4.053543708601604206e-03
1.440855542231817932e-05
1.334205985991601412e-45
4.556871243575218687e-04
2.208513589723988247e-07
5.195392815986671554e-07
3.365685270887711078e-01
0.000000000000000000e+00
2.208507878728974077e-07
3.005824772253612998e-01
1.839260480027568936e-02
1.427249476663285241e-03
1.398854117752698313e-08
6.905684036972988563e-07
3.209668218746551275e-05
1.398853713889308618e-08
1.398854551517199238e-08
1.567676497294686439e-04
3.662945000960332043e-01
1.440873904411192055e-05
3.231351569524689056e-03
2.944727759819999681e-09
4.012207196168612010e-03
4.709933355756928258e-02
1.417056769590383913e-03
8.734552465969219401e-03
1.146921040770603334e-01
6.973355427218841025e-45
1.576594053000781535e-26
2.629223505821020259e-05
2.944727604552120582e-09
8.476552809108174045e-35
6.898585966659972438e-05
5.606996809110855940e-09
1.270012790692799189e-09
3.209126985695207312e-05
1.608068492393824322e-01
5.174816231548020624e-10
1.565923069524885404e-04
4.691690535292126346e-02
4.432568241318776632e-06
1.420143429773082153e-03
1.440609000307417919e-05
5.174818757412618109e-10
1.440863789825211220e-05
1.426635553265090959e-03
4.902756189644437157e-01
2.800836351872501920e-02
5.886302595239976801e-158
0.000000000000000000e+00
6.024487915108530656e-01
5.174816121865844225e-10
5.822599843011756482e-01
4.449193279918943200e-01
5.393961017858755973e-08
9.530239758559015950e-01
6.905547981272198359e-07
2.504551965785870804e-124
1.624136250792025671e-02
1.224229054005847861e-01
1.605467637387013741e-06
5.606994359044636042e-09
6.905451520589247892e-07
1.420207485098859889e-03
1.431002011175703248e-01
1.428704310146417054e-03
1.835995393321018104e-02
8.787556216276972212e-03
2.944727740133869553e-09
2.944729204404954908e-09
1.270012721402973137e-09
5.393956891069856394e-08
1.398854136947736771e-08
5.887130731068560455e-17
1.835448735704544448e-02
1.843758422409197406e-02
1.160455972399389996e-01
5.174817229469927143e-10
1.199779711334676008e-01
1.852894241105804488e-02
5.174817289101918271e-10
5.393956854647235845e-08
1.471100451190142100e-01
5.087904150454782099e-09
9.232294536192991318e-41
3.949976930715839150e-05
2.156477964966930782e-11
9.284838441085792521e-05
6.023649671995370933e-13
7.118338870479742157e-66
8.696417522813588985e-03
1.605383260716731923e-06
4.057060215666163233e-03
4.010536580172344504e-03
3.299317792090418755e-01
4.037680063252018295e-03
4.625292679476884078e-02
4.836770690483484930e-02
4.432502069366806884e-06
1.417311281423565533e-03
1.270013635623141834e-09
1.817052138581747370e-02
0.000000000000000000e+00
5.174818171253110012e-10
0.000000000000000000e+00
1.440817778451305659e-05
2.944727780218117250e-09
6.905795888070090207e-07
1.605435516144784607e-06
1.440936027918988791e-05
4.055588701540330764e-03
2.923896669401807591e-01
4.053492307207893358e-03
1.605407827358978101e-06
1.398857111170990722e-08
5.607000155564318477e-09
1.564850171711082752e-04
1.565484775793109836e-04
4.543532893780130935e-04
4.548756711482118058e-04
6.905652297206904395e-07
5.606999338044544340e-09
1.605378979851267260e-06
1.605416249674541766e-06
5.606988683178252290e-09
6.905821073385410700e-07
1.605414329490172574e-06
2.208547228287196172e-07
1.428222610663577689e-03
1.398854209870230583e-08
1.567521625147128342e-04
4.697001981423466754e-02
5.606995528571349807e-09
4.852428103830814382e-02
4.548334913177699162e-04
0.000000000000000000e+00
1.385815019283636196e-03
5.393954921382918316e-08
2.944728121457373461e-09
2.944729079792522899e-09
1.586910882728469320e-11
2.208517508331705559e-07
4.556135560482686307e-04
3.236208845196721121e-23
6.749538455129592160e-19
2.944729017766392112e-09
1.316126999166652314e-54
2.320424693348515228e-73
0.000000000000000000e+00
0.000000000000000000e+00
8.819632195660917148e-03
1.168578036621886057e-01
4.882662910698668673e-02
4.674442761416156000e-02
0.000000000000000000e+00
2.750434969456273526e-01
1.270013058646052188e-09
1.802825899484939570e-02
6.400866712091287658e-01
8.765564956661777568e-03
2.876898668480679360e-03
1.804947343295715961e-02
1.274811381698412587e-27
5.174815846524834173e-10
4.085180204366741991e-11
5.174815668327384831e-10
5.174817637655809596e-10
2.123558567831540511e-01
2.733720851183901137e-06
5.606989562918992164e-09
3.110550521996590656e-01
3.914863660868210954e-08
1.270012870748350513e-09
2.870624600434483063e-04
2.561793728557343885e-01
1.415687087587154218e-03
4.056054255776730434e-03
1.441093254038742212e-05
2.989636672161915532e-01
4.777466923610000638e-02
1.215056229467800786e-01
4.001062519551806633e-03
4.553583922280703350e-04
8.655101599298421766e-03
4.540299208584247233e-04
1.119067044216818241e-01
4.432761946255945366e-06
1.565976068892115114e-04
3.208827532813289372e-05
4.586331524247856503e-66
3.208530401733764655e-05
1.566296890059828636e-04
5.197984339948357180e-01
4.432788510132976733e-06
1.605475204690733313e-06
1.107347346238336417e-05
3.208769659321356505e-05
4.052561390446606134e-03
4.017628096836109962e-03
2.947172882016497741e-01
5.393983135071545525e-08
5.393969521667819194e-08
2.883311165384783910e-09
2.650496333633998366e-88
6.092306808080065273e-115
6.546187060571522024e-12
6.354361977722422329e-35
1.440642104002998319e-05
4.653466827092426344e-02
1.605417682159481158e-06
3.475930507037177340e-03
1.418116435001331261e-03
1.415457258720064426e-03
1.733597551159840322e-01
2.902772543103389613e-01
5.752326177481520419e-01
1.430703578425570428e-03
5.174817551054865352e-10
0.000000000000000000e+00
1.398856475227535693e-08
4.425523209935249280e-01
2.944729171015640737e-09
1.813735797818403703e-02
1.862416877999329909e-02
2.208513788334834557e-07
1.270012831387970019e-09
8.746198681695448521e-03
1.398855436388666324e-08
6.905780620615007774e-07
8.986458794074984321e-24
1.087660986607445630e-24
1.398857064589391350e-08
2.208528831446713197e-07
4.814491309386967688e-40
2.208513740454016577e-07
5.393967686069921626e-08
1.810800997437491885e-02
3.208992899699890654e-05
1.566502726859972220e-04
5.393947096060018177e-08
5.606991019223382752e-09
4.555854847071587376e-04
1.605379564977078445e-06
5.751002117215863185e-01
1.967462485491692863e-05
5.393939283097799692e-08
2.944728670030937066e-09
2.944728476968207564e-09
6.905849424447919436e-07
5.174820049913344496e-10
9.340206402377110455e-78
4.871630978906448806e-01
1.270012618662799394e-09
8.821265788615528791e-02
1.440879668985660968e-05
1.812521099405195804e-02
5.174818090334336162e-10
1.605442334526660262e-06
1.398858426296728633e-08
5.393939114501269539e-08
1.869619092638373156e-02
6.905671286256863835e-07
5.607000409281585511e-09
1.270013765176308132e-09
5.174817394577563824e-10
1.567771203199580239e-04
1.375887718424513295e-01
1.828713094489888335e-106
1.398854069323493270e-08
4.663291384340930573e-02
0.000000000000000000e+00
0.000000000000000000e+00
4.554799413649137652e-01
4.428004731224432500e-01
3.895738510194896972e-172
5.174820304697739661e-10
1.773077977713230896e-120
3.148173105149898454e-02
2.810337752113764162e-12
5.393956092276641846e-08
5.393962286713032978e-08
1.841037215568865765e-02
2.767266144117913051e-01
4.679633175382670596e-02
4.538464648546031524e-04
1.566099207639475542e-04
1.833414840076937058e-02
1.427335128392916153e-03
4.551885680641718532e-04
1.424082071510060585e-03
2.757204311375487382e-01
8.884016746916377771e-01
1.921233632260453406e-01
3.208234359851918656e-05
7.585087708008895202e-01
4.543406120207479004e-04
4.432493464093467042e-06
1.566701346549946496e-04
3.208887587891026173e-05
1.285209984027246568e-274
1.425293197174415903e-03
1.870653398177933927e-02
4.021071975655777717e-03
1.847767547764648383e-02
1.065790335103392744e-02
1.858149668433230553e-02
1.934748398044022904e-128
4.126695681174023540e-04
4.035434125282110276e-03
1.426129267399316820e-03
4.004714169227908092e-03
8.757814726841998965e-03
7.620083310621786690e-03
0.000000000000000000e+00
1.399511076661149808e-02
1.178523005388517557e-40
4.544501334154681950e-04
4.599840973476664253e-150
1.398854062632689030e-08
1.565547049075016381e-04
2.852524838659072359e-01
1.431345974823590222e-03
1.813373568444839184e-02
2.728218390925530867e-01
3.604511129936086716e-02
1.852527846601354313e-05
4.742977764606495783e-01
4.826079850310618641e-07
8.628003797695298333e-30
7.111690057221084493e-02
1.813303748854536851e-02
1.415755360816490930e-03
3.422441792178407827e-01
4.115488627347965722e-01
1.414768408892272747e-03
4.034079461288535458e-03
6.978262610375194523e-99
1.441023552312787562e-05
2.208506377074751671e-07
2.470075371276613553e-13
1.440887095374180202e-05
1.270013172581924029e-09
2.192218055591216540e-30
4.432589989923208025e-06
4.432844732824310647e-06
1.131460745617255369e-02
5.606998051519041480e-09
5.174820467788015177e-10
2.944731310731811515e-09
1.441131282694961809e-05
2.208533429045622295e-07
5.606995162308578497e-09
1.605406106205423314e-06
5.174816993267263491e-10
5.174819855795375310e-10
1.413270467230080471e-03
2.995990975925745259e-01
6.905868549282748037e-07
4.034029985053000714e-03
5.174815654787025501e-10
1.565315501798815619e-04
1.398857245704529970e-08
5.174819370043296504e-10
5.606997681163888388e-09
2.944728141664084331e-09
1.270013693135591831e-09
5.606996714808682762e-09
4.433061239873820007e-06
6.905614349263013326e-07
6.905683699715822950e-07
4.433175522334014848e-06
2.208542955275949968e-07
5.393946438533761476e-08
5.174817097359054491e-10
6.905429932835584595e-07
1.567193988502597196e-04
1.270013086061317634e-09
1.270013078600538938e-09
5.174819265226367959e-10
1.566831190802792919e-04
1.417734287931279652e-03
1.270013097866206957e-09
1.837752485780870179e-02
4.625552100455550264e-02
4.083993624378950002e-169
1.566759177604194731e-04
1.423833558992493135e-03
9.201474174875546498e-64
1.566532500301171676e-04
4.034558836656816465e-03
1.418707551199658787e-03
3.210064696376640808e-05
1.277553550070353407e-06
4.073537700098631316e-03
5.393976874968476494e-08
9.874237628674379641e-06
5.750356617290824736e-13
1.282867560035084176e-01
1.440979719806589226e-05
1.843002214956160497e-13
2.944729303440097145e-09
6.033431290275496047e-60
5.606991731343119159e-09
1.882356925305735812e-02
2.662700048029756350e-01
4.004241471990390745e-03
0.000000000000000000e+00
5.174819132918801064e-10
1.568051491444740744e-04
1.440561939980602421e-05
1.112702046407851024e-200
5.020143552067839465e-01
5.393981893420839381e-08
2.208521596260864070e-07
2.944730615687074801e-09
5.587240610579722322e-01
1.270013308593871853e-09
5.606989896094068306e-09
5.174815751589206703e-10
8.788260088003744044e-03
3.620996336608811039e-01
5.174821384016523187e-10
9.370691455757366312e-03
4.409829859647606841e-28
7.528874344428474093e-03
1.812685603473910764e-02
3.237860143565611803e-01
2.208549789276805698e-07
5.393976900538391454e-08
1.744309648653420350e-02
4.044378368757991539e-03
1.398856621495119304e-08
2.964830941478087107e-76
1.605475636505164996e-06
6.905485693467979434e-07
2.209388727667188079e-01
5.519692372676520131e-01
4.703669154111377732e-02
1.854008285757679717e-02
1.440630212192782634e-05
1.103623233758762312e-01
3.566183440340990884e-01
4.033601748584234037e-01
4.444087455860390219e-08
1.270013109904492941e-09
1.270012847729755370e-09
3.197452053194370647e-01
5.015094596660643795e-05
1.440717460048383546e-05
0.000000000000000000e+00
3.225249384126497536e-08
4.035540086873738892e-03
2.944730487763638151e-09
4.029090812636495350e-03
1.440581199666394010e-05
5.174819559950426267e-10
1.573753890558685941e-49
4.541586249531080061e-04
5.606999988963087258e-09
4.432989302857082254e-06
4.432809026121730983e-06
1.398854868661212030e-08
4.689502612427746964e-02
1.605480240402247500e-06
2.208506652043396038e-07
4.432918483180282250e-06
5.393942932659025381e-08
4.432595369527448432e-06
0.000000000000000000e+00
5.174815940164567409e-10
1.398854076770173500e-08
1.440661437510599813e-05
4.223959328457768114e-01
3.208213487115961217e-05
4.432604214859764660e-06
1.301019150191247025e-29
9.605088359880405083e-17
3.209440971840495674e-05
1.113180277035724641e-01
1.810470256816599718e-02
5.174816605348072222e-10
1.834688089712285808e-02
1.414180989038759870e-03
1.413810621492479162e-03
5.606993616145868865e-09
4.858713672106085985e-02
1.418015866477509868e-03
8.741749940716610559e-03
1.414059975487271534e-03
1.217640484520012278e-01
1.270012590502776920e-09
2.208563039626993095e-07
6.905580264841095019e-07
1.441123191000685515e-05
4.547178023789036523e-04
1.427341776234211830e-03
1.564609216217183164e-04
4.432725923971910217e-06
1.807667888829189370e-02
5.393945551817602546e-08
1.418856504250238159e-03
1.270012735385562868e-09
1.428362991602491168e-03
1.814727748763060935e-02
8.718618734193474273e-03
2.506175963482886737e-01
1.270012847511230382e-09
1.061104750364203209e-01
4.551730445058024864e-04
5.606988098936527496e-09
3.208929556847766939e-05
1.270012511012180648e-09
1.270012746111613664e-09
9.350929902880161793e-02
3.208578205681141568e-05
1.441000135760906057e-05
1.260968927127198892e-53
1.416070088937829066e-03
1.605367681377755611e-06
1.812569442716993606e-02
2.208535445900763578e-07
1.566240308350841978e-04
1.440573405640930736e-05
2.732092506678665544e-01
1.398854411576456262e-08
1.158220506433470243e-01
8.780918523729943498e-03
1.270013197584250069e-09
2.208242931388923747e-01
5.174820008517575675e-10
4.673048864045666745e-02
1.270013157455593321e-09
9.311377763300076837e-107
1.417197153662036035e-03
3.082095277552214796e-01
2.944728896186377759e-09
2.934579688832867350e-01
0.000000000000000000e+00
2.657386586189290187e-95
3.885104013901030107e-01
4.407318154674266728e-28
0.000000000000000000e+00
5.174822530537357023e-10
1.258157709442052823e-20
0.000000000000000000e+00
2.826015714798998849e-74
1.566434349659467354e-04
0.000000000000000000e+00
4.551770635061109238e-01
5.078122104262979830e-01
1.568245820244268515e-04
4.376201009218086174e-04
1.823015716299851083e-02
4.432934975288698340e-06
3.208940129917604937e-05
4.433077792298026715e-06
4.432714402342975789e-06
1.178138791744575281e-01
3.708649512232254364e-01
0.000000000000000000e+00
4.781285973919609245e-02
3.975881109824371262e-01
3.512718165930160715e-60
4.757214254260919018e-52
0.000000000000000000e+00
1.882843804201702817e-02
5.606998302744451734e-09
4.050834748026281226e-03
1.398853855623774885e-08
3.013783342389961879e-10
7.311060597334913945e-07
5.174818946715384901e-10
1.076804131537033700e-64
1.217539310241105948e-12
1.605384313635091402e-06
1.128536900635034868e-01
3.999614993621902065e-03
5.025307418115962932e-01
1.159246641729341637e-01
2.944728516494726665e-09
6.905453244972224000e-07
2.760442116417632930e-01
1.431608112525838052e-03
5.928542128268182957e-293
1.398858453697667767e-08
0.000000000000000000e+00
2.208546206943879745e-07
3.095861813711737048e-79
1.440683523718185426e-05
4.073028218349051981e-180
5.393963752307379342e-08
2.652523364378187032e-01
3.026382834167098412e-01
1.094267473914177086e-01
5.790199731178282683e-01
2.883488287024687513e-01
1.605452449927329033e-06
2.944729672734512283e-09
5.174817917736329845e-10
1.440767047458327575e-05
1.566983464586549064e-04
1.270013763410204939e-09
1.110937095074189807e-01
2.208517926465583650e-07
5.174818323927460047e-10
8.771543825851735657e-03
5.174815695575036809e-10
8.710265560580889022e-03
4.552448081602247700e-04
1.567045468195804429e-04
6.905537151793737610e-07
1.567489902510579760e-04
3.209476449559396091e-05
0.000000000000000000e+00
6.905828977025436393e-07
5.174818289600527553e-10
5.174817056649865225e-10
5.393977824898796260e-08
4.432637000195461418e-06
2.967868529676174760e-01
8.658493734688339424e-03
4.004063502584863897e-03
5.057711938870740331e-01
1.605405761564862082e-06
6.905563244904665571e-07
1.801519948250034087e-02
3.208574240901646728e-05
8.726734083153551633e-03
1.816268438176337971e-02
1.837141937028074004e-02
4.432522851166638811e-06
8.713803548104730873e-03
1.542828766060993264e-140
3.208849819167160672e-05
1.564543330626381415e-04
1.567089506813393741e-04
4.549886790501662232e-04
5.393979905911365255e-08
1.423969103177998453e-03
3.830981679762779368e-01
2.186100109634793960e-39
5.606988113490733978e-09
1.859174790022484480e-02
4.543369933915946865e-04
8.564791423612874068e-14
4.549005475814239417e-04
4.547329392908482895e-04
0.000000000000000000e+00
5.606998707457927170e-09
3.208864465263113050e-05
1.270013700412717819e-09
4.676091586146671059e-02
1.270013363527215299e-09
1.425902578868285930e-03
4.054764849792814006e-03
1.249211503888221015e-05
1.427461321268400649e-03
2.208540436703705651e-07
2.208530270942188011e-07
1.168729267733012505e-25
1.440875125529764558e-05
0.000000000000000000e+00
8.807402597433105357e-03
3.452217675958126342e-01
4.030623039020407236e-03
2.824657335182543250e-01
4.756945511810444643e-02
4.014210013585129376e-03
8.803634482650880486e-03
2.944727917690944617e-09
1.398855814108570714e-08
0.000000000000000000e+00
1.706990717718325465e-06
1.101728539881876856e-01
1.621005120049335183e-06
2.540087298297321050e-01
5.177029003481380814e-02
5.174821454126199170e-10
3.600583030254903560e-01
3.057036826805832330e-01
5.174821581233319811e-10
4.892256682902097926e-03
1.168554543437937397e-76
5.174819272994103661e-10
6.176160991785669081e-09
5.606996057729487239e-09
4.637008265049019813e-03
5.623247639552633181e-01
6.786724562495477157e-13
5.606989150743816553e-09
3.292233456062944285e-27
2.208557735037097146e-07
5.607000483156986757e-09
4.836091250893675281e-02
4.824410073312688368e-02
5.174815808377885451e-10
1.565063057426489129e-04
1.605477399734642463e-06
1.413289582293118319e-03
1.414001479151259268e-03
4.553071424564564718e-04
5.174818275650109979e-10
9.330333583862841662e-15
1.270012847415504079e-09
4.071023202358825012e-03
1.214924566033061815e-01
3.148741129753274692e-01
5.138282716748964059e-322
5.174817507297644775e-10
