0.000000000000000000e+00
0.000000000000000000e+00
0.000000000000000000e+00
3.651856063482385520e-311
0.000000000000000000e+00
1.016512013655817336e-61
2.920404251447621861e-51
0.000000000000000000e+00
1.088512952703810827e-68
3.040727133919926347e-96
2.100270571860903905e-196
6.964949060842674379e-257
0.000000000000000000e+00
0.000000000000000000e+00
0.000000000000000000e+00
0.000000000000000000e+00
0.000000000000000000e+00
0.000000000000000000e+00
2.153590692317240174e-84
8.080551109287280266e-27
4.108663403017882993e-83
0.000000000000000000e+00
0.000000000000000000e+00
0.000000000000000000e+00
5.817466593186096787e-126
7.099404225289697984e-14
1.618019772991988775e-42
3.439068717189020169e-25
1.208105935852885754e-01
0.000000000000000000e+00
8.645218678658023181e-01
2.111911862510296197e-280
2.505317963063588708e-119
0.000000000000000000e+00
1.228129979771038494e-01
0.000000000000000000e+00
1.666176556882907264e-02
7.553582834678556068e-01
4.199777751697915673e-01
1.000000000000000000e+00
6.067873190365097785e-05
8.417541594997508536e-01
1.061403081062621268e-01
3.244514931150940806e-01
0.000000000000000000e+00
3.095263511460764061e-01
5.792098928891600655e-03
2.835407545849170602e-21
4.990532553097560275e-01
2.883910097241784709e-01
1.038375000119213243e-01
2.653306760616750207e-02
0.000000000000000000e+00
2.769746436619092977e-02
2.800509060961235697e-02
9.571610745714442814e-02
1.603536977686900290e-115
1.634637072691093145e-03
4.376281060652875178e-03
5.285190375691237730e-01
2.838393957368503043e-02
2.687259962188746215e-02
2.720630914813209830e-02
2.806430334251180936e-02
4.235327637330231765e-01
1.626374897323418136e-03
2.843688858478281008e-04
2.852898067994220910e-02
3.754024392894723117e-01
1.800291429885302746e-02
3.510226308026492825e-01
2.851000029191122628e-04
2.843213000838950471e-04
1.988242086456775137e-01
2.848406464913148177e-04
0.000000000000000000e+00
1.750739136661107892e-02
0.000000000000000000e+00
3.747034150084908909e-05
2.760236919801147340e-02
3.701632040310090320e-06
3.746680828735237696e-05
0.000000000000000000e+00
2.849578640488076168e-04
9.785785695677454266e-06
3.702269667993497948e-06
9.786826276599210661e-06
9.494506151490172119e-07
3.892980946973370691e-03
0.000000000000000000e+00
1.135015215982168493e-07
9.494388082353738603e-07
3.701723306688346947e-06
6.240774743034647187e-01
1.134992039611519207e-07
9.785064254380508223e-06
1.630963885330456763e-03
1.000576829903893628e-01
1.631976623677825139e-03
6.866083764871027013e-03
1.134984562404571041e-07
1.134996957349121714e-07
1.770543736479135086e-02
1.731641813305973346e-02
1.779343807892625265e-02
2.835832623177630615e-02
3.702173840306347541e-06
1.134973101822432282e-07
3.702500090348065984e-06
1.134983453981310640e-07
1.193155068941933593e-04
9.240528186591338324e-04
1.039616697281441487e-01
9.255906468268347217e-04
1.353390942432979865e-05
2.844733900130986246e-04
7.755258535184021973e-01
3.701907721265236540e-06
9.495015231354524181e-07
9.494885805273804458e-07
0.000000000000000000e+00
2.844265072340921891e-04
1.135027653039243569e-07
9.231491875803294776e-04
1.192412290136994217e-04
9.261877120126251568e-04
9.494836787684517458e-07
0.000000000000000000e+00
8.933139004460925939e-29
9.495154140789577468e-07
9.508679049255624668e-03
1.636266442878692206e-03
8.781391791625212107e-02
1.754811620079593792e-02
3.248942888083141017e-07
1.194403988606954975e-04
2.844279596726886667e-04
1.623371502148656179e-03
1.068654199965133472e-01
0.000000000000000000e+00
3.701977008701473206e-06
9.494579389704767407e-07
4.039167014570089753e-01
3.192015477530599915e-02
9.252970565376961295e-04
3.749053471102895566e-05
1.135013521835520113e-07
1.735482215645494652e-01
1.079414256397332739e-01
9.495137380185405361e-07
8.042235700468333137e-01
2.848868733176900111e-04
1.469316101316745990e-02
3.248955670389282750e-07
5.538770343606921331e-01
1.629485730318838135e-03
0.000000000000000000e+00
1.135009023563988206e-07
1.745669240417154211e-01
1.134976745798050740e-07
4.499831423240896547e-312
1.135027651711703653e-07
2.709918131699576849e-01
4.449464629386615799e-01
0.000000000000000000e+00
2.807738550793837939e-01
2.326343937579668724e-302
2.853373376447461288e-04
3.021297334330432793e-01
4.036679069398544928e-01
1.192742559251059585e-291
1.037614704363460788e-01
0.000000000000000000e+00
3.002805671558925193e-01
1.629979064062964719e-03
3.428292392395814736e-01
1.602434567311680725e-03
5.052421756637327510e-01
4.659799635277970099e-05
0.000000000000000000e+00
1.505972113155201739e-58
1.631177193277278661e-03
1.665858145085367115e-01
4.188344725649876810e-01
2.649182285708797865e-02
8.483285883439313252e-122
3.287078810524570183e-01
2.815556025740842752e-02
2.975284819638622791e-01
2.993131465620681780e-97
1.755353268632321717e-02
1.762448409387550735e-02
0.000000000000000000e+00
1.773983300858885531e-02
1.996742216220492583e-01
3.891383601799619599e-05
3.248948019012417767e-07
3.587615585271528018e-01
1.146077984887427999e-04
1.193355769277927385e-04
2.138567152334355281e-11
3.749412318036336749e-05
4.336192118925464960e-03
3.239524040737524202e-01
1.627262598564190813e-03
9.787841131235841007e-06
1.665872274618480642e-01
2.848046042114241584e-04
4.340323632723162156e-03
1.192993065649367365e-04
0.000000000000000000e+00
2.838298357185870674e-02
2.855975186276555884e-04
2.860462506066263622e-02
3.748238313274096479e-05
9.242098521491428622e-04
8.060082210338411652e-11
1.134974974059986048e-07
3.248876927768094541e-07
9.787873260697912701e-06
1.194422071741815502e-04
1.134991326227241490e-07
1.134995339381480073e-07
9.783975548002296806e-06
9.786283330469145394e-06
1.192543635817186807e-04
4.321635828696968606e-01
1.134973147551713916e-07
9.276146131365563914e-04
1.134985323222894049e-07
9.596500490514486836e-02
1.550419126042399786e-231
1.134996583441577524e-07
3.248916450402546894e-07
0.000000000000000000e+00
9.785855113680883935e-06
1.982308278062974763e-08
9.249835849741220835e-04
1.261350887427691907e-38
0.000000000000000000e+00
9.425297614119929078e-56
0.000000000000000000e+00
3.702397057619414579e-06
1.134987887467426197e-07
3.701645119461403131e-06
3.702055537592358576e-06
1.551068410934209900e-61
1.134981642896449819e-07
0.000000000000000000e+00
0.000000000000000000e+00
0.000000000000000000e+00
1.427948952025881762e-06
2.724763792919287012e-02
9.494236794909737464e-07
6.711731945518471662e-09
3.650169572815673003e-02
1.954966170482971542e-32
4.513515431170428416e-01
2.008827876199723028e-01
1.777445815168532742e-02
0.000000000000000000e+00
2.534405724716473629e-01
1.635553184119327517e-03
2.789535875959124334e-01
9.249120114019530143e-04
9.476988939015646027e-18
1.758098582150111749e-02
3.408309485320037968e-01
0.000000000000000000e+00
1.384273729392151588e-12
8.695884489884250215e-04
3.368205588058371114e-01
1.193196965281080455e-04
1.001560030944555341e-01
1.772501362332243313e-02
1.631952537516646526e-03
5.885759953402710520e-01
1.635029213956076246e-03
4.343812990720468184e-03
9.119218104642584644e-03
3.939541913693284103e-01
0.000000000000000000e+00
0.000000000000000000e+00
9.783495441016699563e-06
9.866991627073288471e-46
0.000000000000000000e+00
2.338587092994583880e-97
1.314368755956661639e-01
1.100856373788699648e-116
0.000000000000000000e+00
0.000000000000000000e+00
2.854953113901811945e-04
8.366469633079349040e-18
3.145880502502091924e-257
1.064464010231432473e-01
9.786098837452906940e-06
0.000000000000000000e+00
9.788018784328493443e-06
0.000000000000000000e+00
4.349428162144766165e-03
4.436897389614715692e-01
2.604655357658626799e-134
2.852877118281962215e-04
0.000000000000000000e+00
1.192898944013336783e-04
9.495329566272759491e-07
9.277682126198452716e-04
0.000000000000000000e+00
1.135001729676431655e-07
1.209248165978197063e-40
3.248937296713418700e-07
3.008866094487859503e-15
9.274603617342783417e-04
1.135007062942847203e-07
9.784040801799218713e-06
1.344464782800477076e-04
5.180177451960441548e-01
2.168593138595288627e-01
2.790182217644555929e-02
1.134970089610253473e-07
3.306286569283078403e-01
3.366798990052994323e-01
1.134985799159655846e-07
2.478301958080660408e-02
3.411646178412790498e-01
8.085340907946535735e-60
1.634677362103748640e-03
0.000000000000000000e+00
1.134975790079817070e-07
1.802134272268652096e-02
1.192570460924486921e-04
8.259610864765647919e-21
9.494475364600722224e-07
9.494860903086913292e-07
9.494726063252273211e-07
9.252206108991599615e-04
9.785509623572368561e-06
4.362235913806205082e-03
8.790948176016380822e-43
1.134972984258739478e-07
1.135016267437966769e-07
3.702512012697664694e-06
9.278584487909436905e-04
1.776164658270596233e-02
2.855510944515576158e-06
2.852005781211460552e-04
1.192349628262502506e-04
2.850482435990693954e-04
1.628572263126490871e-03
2.713645977905339290e-02
9.264620639154634921e-04
9.494904690442320817e-07
0.000000000000000000e+00
9.935117829050123250e-02
2.719718474758490295e-02
9.999397348805043328e-02
5.354724548095272235e-02
3.617616378649313180e-01
3.568369826170200709e-01
3.090806611918764935e-01
1.680666434077375537e-01
6.045695109022503473e-05
0.000000000000000000e+00
0.000000000000000000e+00
1.943905625710689036e-14
9.786220335077503696e-06
1.696490895649559459e-66
6.111549179006995490e-240
1.351282383800782479e-03
2.803283125313606447e-30
1.194327346458407473e-04
1.192665094655872096e-04
4.980248151886777621e-195
0.000000000000000000e+00
9.253087733989924296e-04
3.613528430926818968e-01
1.776765450406863830e-02
1.193388705047819477e-04
2.846490021082814228e-04
4.365909626730153301e-03
2.691626449691527090e-01
8.000321940373317231e-01
1.087641358877021999e-11
3.234306377530328236e-01
3.674586475213925862e-19
1.851283502107168613e-194
3.289274420523841669e-01
7.190612805567064467e-268
3.044520982852668145e-01
0.000000000000000000e+00
1.628837315874894984e-03
1.730056749569974932e-123
1.625423466780321832e-03
0.000000000000000000e+00
2.953099440558027977e-01
2.784502993119401110e-02
8.986398152572911780e-61
2.522824937896319722e-19
1.960261565401794082e-01
4.380127954355895678e-03
1.637672655013087345e-03
0.000000000000000000e+00
1.134998908578841559e-07
0.000000000000000000e+00
1.135000777488322804e-07
9.784829805989329735e-06
2.749537115321870964e-02
4.377297812234929969e-44
1.192622453446616309e-04
1.134996973724596072e-07
3.702533216836009999e-06
9.495032614425379181e-07
1.135029403019747645e-07
1.777723375582121110e-02
1.989531970098734892e-01
2.694144068836745731e-02
2.725396227897325385e-02
6.393798776783521376e-01
1.134985408721769234e-07
1.134988480550158692e-07
1.135000148088704883e-07
3.598325664780761512e-12
2.845934395601440654e-04
5.945155817548726518e-02
2.844646492097048268e-04
1.134985484175309460e-07
1.989626260215101618e-03
1.022842701765643569e-01
2.650747454107060114e-02
1.632803785108490752e-03
2.848564800394183158e-04
9.762918783767564335e-02
9.285750556194978913e-04
3.747831628663610560e-05
3.747566084454487430e-05
4.737303296752578552e-01
3.749343852139996674e-05
3.764437526006861878e-01
1.799487740083151321e-01
1.623239589097387253e-03
6.063302137226633803e-01
4.086888797957632654e-72
1.640433904296976879e-03
9.282512913611129166e-04
2.818901360184648472e-02
4.358902918841884092e-03
0.000000000000000000e+00
1.633139487671159129e-03
0.000000000000000000e+00
0.000000000000000000e+00
2.851200812860624429e-04
2.849505599108704493e-04
1.991274102889280945e-02
1.662761828817222731e-01
3.747100297825085944e-05
1.740847137391307239e-02
5.696307958750759237e-01
9.787050225067053704e-06
1.194327973242837224e-04
9.947439715641161195e-02
6.049563884011354142e-01
1.048356672595584234e-107
4.852878301483376511e-01
1.756436777422251336e-02
0.000000000000000000e+00
2.222028225363088775e-16
2.033961377939095145e-204
9.236127865715519029e-04
2.067180123904288658e-31
2.847742461672756451e-04
9.441186837010703270e-01
3.224557664278122626e-01
2.844230897818840324e-04
4.049202363405410288e-01
1.127398257633869423e-126
0.000000000000000000e+00
7.274285626269051397e-01
0.000000000000000000e+00
9.535983578651752168e-02
7.203022537823111854e-132
3.276312456849611587e-01
1.024123194832611689e-01
9.989604570174561535e-136
9.269818576423987299e-04
1.784173930902149818e-01
1.882246268782141463e-01
2.808327327688842971e-126
5.594098625575643868e-23
6.372460864940919512e-02
5.433275796587333506e-01
3.747526431970990085e-05
3.702285000043519191e-06
3.702391220654742737e-06
2.724388652441081627e-204
1.012338816225283017e-17
0.000000000000000000e+00
3.749390897323210705e-05
0.000000000000000000e+00
9.783918197794035242e-06
0.000000000000000000e+00
3.747007775586796616e-05
2.845372250687264225e-04
0.000000000000000000e+00
9.073397080274044088e-109
3.746634088105142365e-05
0.000000000000000000e+00
0.000000000000000000e+00
1.192384328001947435e-04
0.000000000000000000e+00
0.000000000000000000e+00
9.523989517882016451e-132
3.248914176531598620e-07
1.135009216830667541e-07
1.725196711261836583e-203
1.192709709449694461e-04
0.000000000000000000e+00
4.016202337110029353e-22
1.821877711640177755e-16
1.134993993027005720e-07
1.158011336294867596e-22
1.013590209787726248e-43
3.701905212917651284e-06
1.769916071972470195e-02
4.360563740402304163e-03
1.986755931895271104e-09
1.027312304253811441e-04
1.632921035876580204e-03
2.837993689654613044e-02
2.770100799089452587e-02
9.263342034963308004e-04
9.262707293818910189e-04
9.766525047005736315e-02
1.332356319260075728e-232
9.259726152366425057e-04
1.639570591473763113e-03
2.599485343638230361e-01
2.843923326204657407e-04
3.747176261717897501e-05
3.747994131699137967e-05
7.499361901983518145e-146
1.162166634373318726e-04
5.361860866290069387e-05
3.361888501991633360e-01
3.191422222462277726e-274
4.341774287611788186e-03
1.629467036818520132e-03
0.000000000000000000e+00
1.848712625330057868e-01
2.661179660016318310e-02
1.716165430934774304e-52
1.623642763683266592e-03
9.246220784737604198e-04
2.848120132990540339e-04
1.727019996064957930e-01
3.540147529985364458e-37
4.718892118681374259e-01
9.245907047435772963e-01
5.622792714816014087e-02
0.000000000000000000e+00
6.852311871338535865e-03
0.000000000000000000e+00
4.992254334879857784e-10
9.784234372867587918e-06
9.787712244473726318e-06
3.701861861731181403e-06
1.781949566524605177e-01
1.192545895352843124e-04
9.494494861425495140e-07
1.152885052418304800e-226
9.260562503776763538e-04
1.633612067576111805e-03
1.741788584792951069e-216
1.751099069855743262e-01
3.749368603706485891e-05
1.638143931893492125e-02
9.788094074333929858e-06
3.000466874183660426e-01
3.748672454219386725e-05
7.202918821564534280e-02
1.088187714394699690e-01
3.454103902481715262e-03
1.134996077507732588e-07
1.135017977426279153e-07
4.337905896623912676e-03
1.042085791799941541e-01
1.052857415437737643e-01
1.870789613528354156e-01
2.704377093499733473e-02
2.860226390824642528e-02
1.135015211426155220e-07
1.380309756224349016e-21
3.642418592463460003e-01
3.892663607612794618e-01
9.494292092870520955e-07
3.702159574170439541e-06
1.134993161710035485e-07
2.274288073097630410e-17
2.858969555770596305e-02
3.248910332117689120e-07
1.134970928276461002e-07
3.248852473481193279e-07
5.416414067687133072e-01
2.725459163833074752e-02
9.495354201098135074e-07
3.672391355210931629e-01
1.135036453135637267e-07
3.702125445036834464e-06
2.852388224509149850e-04
1.193472715310396040e-04
9.785702055635218496e-06
1.635675949642859638e-03
3.701678537179886535e-06
3.248880981267210808e-07
3.746690454003033088e-05
3.248946491263578034e-07
1.235351159617944964e-85
0.000000000000000000e+00
6.715862345288883265e-164
0.000000000000000000e+00
3.248911656925441270e-07
0.000000000000000000e+00
1.796051097715785014e-02
3.248927409117507439e-07
2.771167351606063090e-02
4.344934402528046434e-03
1.135005566718659869e-07
1.135019404720415620e-07
3.749578204571215754e-05
1.823661290257307388e-01
3.901593313969103775e-06
0.000000000000000000e+00
1.730724321770394092e-01
2.854463838802117617e-04
5.127835241970913893e-01
2.845477790789781541e-04
9.786056906867899129e-06
1.804773328210115477e-02
9.270112551991160086e-04
1.638779254175841762e-03
9.274968798226471221e-04
9.287484185371613823e-04
7.316483391037392932e-03
4.779276170163758164e-01
1.726193347135188405e-01
3.013968041063056491e-01
0.000000000000000000e+00
2.668867567726255358e-02
4.379482578889340449e-01
2.438292320542141400e-01
1.626272396971129583e-03
2.768418847566842672e-02
2.726070818144919750e-02
1.968051841393612944e-01
1.641105680636998927e-03
1.103065264602943480e-10
0.000000000000000000e+00
3.069728984782056913e-01
0.000000000000000000e+00
0.000000000000000000e+00
8.784441031334562222e-01
4.491858679856825840e-10
1.696460868489334528e-01
1.146821330365130759e-01
1.772324658743077569e-02
1.772757857071407747e-02
0.000000000000000000e+00
4.978342296195181743e-186
1.733590713924833965e-02
3.313503055194986224e-01
3.284016396291254969e-01
9.241022800430548226e-04
2.821267571664306389e-02
7.599836752172273169e-01
1.055729124274300823e-01
3.467715168090842459e-01
9.939302585108646115e-02
2.849156113839382731e-04
9.331179830228751188e-60
5.286848314933884074e-01
3.688785994027009574e-01
3.747258953813181623e-05
6.279097919988297586e-18
0.000000000000000000e+00
0.000000000000000000e+00
0.000000000000000000e+00
3.748547086341574700e-05
2.116281236974926342e-196
2.101510062875064260e-97
2.713325178762778650e-02
3.146671448488988393e-223
7.443995385535195461e-22
1.788218505577692657e-02
1.962943907871647406e-24
3.647423290695501752e-01
0.000000000000000000e+00
3.248913312682418914e-07
0.000000000000000000e+00
1.134998260020205389e-07
2.170011845508164315e-22
1.134973940926089315e-07
1.469928228785887971e-11
4.294330061501940731e-12
3.621483337802809399e-01
4.112418882268923381e-01
3.768027827347637526e-01
4.550907785433445519e-22
9.494344843084996818e-07
1.761426790943842677e-02
1.841741491005101927e-01
1.754650674557717629e-02
1.595010401548392631e-02
9.680114272725272777e-08
9.547039329741837725e-51
1.118402626478093056e-12
1.193537915881235620e-04
1.192434572833643152e-04
2.854308860153175744e-04
1.973940284698246840e-04
3.248847910546316631e-07
3.065332897900402073e-02
6.386163027146787184e-06
3.122835369629957114e-01
1.134974710152609943e-07
1.883445751566758392e-02
3.017615815400966767e-07
1.795161333494497691e-01
3.248929105289440845e-07
9.788753003338112758e-06
9.788389466453230249e-06
6.228271978480000026e-01
3.702505161682070847e-06
2.850699098606814712e-04
3.248919435698473447e-07
1.345086230703108329e-233
4.283149723568909772e-01
1.135020999370159386e-07
2.989785995485205884e-179
1.135004023459695945e-07
2.845434970683504588e-04
9.494247557672201870e-07
5.799389458970383151e-21
3.675869536157812798e-100
1.135024679572986436e-07
3.747329450952233164e-05
9.495001225242861748e-07
3.248844106120283058e-07
1.135003385176286491e-07
9.787296859072906687e-06
6.466588752245161983e-220
0.000000000000000000e+00
1.640518987765499266e-03
9.494859478783351847e-07
9.783744410761220861e-06
0.000000000000000000e+00
2.362461030002947750e-33
3.747100953591006025e-05
3.313075836842241384e-01
4.958541699030325622e-223
4.335785516084431253e-03
2.845427848735229324e-04
3.883648727770944165e-01
2.801008739643779874e-02
9.269930350398611829e-04
2.683627636981117046e-02
9.787133699513331846e-06
2.279804397252053482e-07
4.470492447691242766e-01
9.578419970527375649e-02
1.169613813595517299e-100
7.304325820049223351e-36
2.856582068107891919e-04
4.877765681487660765e-01
1.237392721791490841e-07
3.702485490673445622e-06
3.692590697554571366e-01
3.903021935246637764e-01
0.000000000000000000e+00
2.504623195321915505e-02
1.134974105931709051e-07
0.000000000000000000e+00
1.674709022654690724e-67
8.312359958162672803e-241
3.934338058760782908e-01
4.362974385670385646e-01
1.026465259452900708e-01
2.848075334898361147e-04
5.449059692437585589e-01
2.696222506968468796e-02
2.662672096953908052e-02
9.273227239403274537e-04
1.868985941855675070e-01
2.931212178920704625e-01
3.701870665164250142e-06
7.504753457704597119e-01
4.341022033154092255e-03
4.347950217580637267e-03
2.643511716026214139e-02
8.355249016083215899e-05
3.702318452575260862e-06
3.433259057197081132e-01
1.194113281521160750e-04
3.511303429602756765e-01
9.784615322334526115e-06
1.295161728318879706e-27
6.695820352624623356e-42
3.273827627893314274e-01
1.181379053669505895e-12
2.845197660522486038e-04
1.630586517766811037e-03
2.657946847890198250e-02
2.293513132094238202e-10
8.548631863000770714e-01
0.000000000000000000e+00
3.359234517142439813e-01
1.623644404593290336e-03
0.000000000000000000e+00
0.000000000000000000e+00
8.915041603577759620e-223
4.284564359454887215e-20
2.967003588637074331e-51
4.393475418375459296e-01
9.608676545624822822e-21
1.276350546854968519e-38
2.669869066093846430e-02
1.816783340100978361e-01
4.665239962356274411e-08
3.276574435063593915e-01
9.253880664757952162e-04
2.962500531394111070e-01
4.915161328611358793e-01
3.583072774115403925e-01
3.179162645327252273e-03
1.193428158499232740e-04
9.785378706273695817e-06
9.968176313037729885e-02
0.000000000000000000e+00
3.970581207061925078e-01
3.701967543699358665e-06
2.843923064104471017e-04
0.000000000000000000e+00
3.861919510244382625e-01
3.746889224702452926e-05
3.701848192308483659e-06
9.788746218238364945e-06
1.190487442520586982e-85
9.494843987475892891e-07
1.134987320179111172e-07
1.134982621207410782e-07
1.134980361130513962e-07
6.908756636958642862e-217
9.494252862361102207e-07
3.248902055334499636e-07
1.134974316296618885e-07
0.000000000000000000e+00
2.822843231556807983e-02
1.193433423281805450e-04
2.498471608556303428e-42
1.134973355823425608e-07
9.494564377537817391e-07
6.389531520983747492e-02
0.000000000000000000e+00
9.494317715485514714e-07
3.183125035662385804e-01
3.749565603141863444e-05
1.974701404793736403e-01
1.695535513793499094e-01
2.021272639946427030e-01
9.784150088949532042e-06
2.850954848496973018e-02
1.637892374628729681e-03
1.795792691520660053e-02
1.192528805698111761e-04
4.386170253067764064e-158
2.662953222758787999e-02
3.580619627081700625e-110
1.670222051178011314e-12
1.691106274711789426e-01
1.730105974792446599e-01
0.000000000000000000e+00
1.707101576002315046e-01
1.048518139337034041e-12
3.702624540855069175e-06
1.134990409503805908e-07
1.135033852131634522e-07
4.338447553112643844e-03
4.362496936302215876e-03
0.000000000000000000e+00
1.401762875357396193e-14
1.802163461770414643e-02
3.248905141604039043e-07
9.785802183132942194e-06
5.508463311530940043e-01
4.982054494926294042e-01
2.788866917870450046e-02
4.032742988131201578e-01
1.194201649391507351e-04
3.701881503991711262e-06
2.656508007695655010e-02
9.288357089007382751e-04
9.769909672875246032e-02
2.000140855360119096e-01
2.851176199773583931e-04
1.626145358667684376e-03
3.702094861508580588e-06
3.748251604620240427e-05
9.245152954559061539e-04
1.134988151877612045e-07
1.135004127199855254e-07
1.134990142175906019e-07
1.019116770290035556e-01
0.000000000000000000e+00
3.248866537827348628e-07
9.494250703755258722e-07
2.606260594249526844e-02
8.223259529294647601e-34
0.000000000000000000e+00
9.783501402999344944e-06
3.703348886260226380e-51
2.828859525016613903e-11
9.906575234741141478e-12
1.918920973406494683e-38
9.785374508651845012e-06
9.494630736934738777e-07
2.486091932907236999e-14
9.273659656259328199e-04
1.192929863704915601e-04
2.844786639517581117e-04
0.000000000000000000e+00
2.696785824677775528e-02
2.846970352085992622e-04
1.226271921028609038e-50
7.677362313221871258e-03
3.674227406122814177e-01
4.360664837718912779e-01
0.000000000000000000e+00
3.748310086064880569e-05
9.220220524781595203e-13
4.347549424900139410e-03
7.389233440262081842e-01
2.725162253179134230e-101
4.031151571138489459e-02
5.667892972561483356e-18
1.623539778794178467e-03
1.036904429183579668e-01
1.641349746599602951e-03
4.347459150740368670e-03
1.038384897236933196e-01
2.849852999660185192e-04
1.630486669032055018e-03
1.632722528507401117e-03
9.786037046285583839e-06
2.851547356293450647e-04
1.784109422702958303e-01
9.786129963322495672e-06
2.819627133971706542e-02
2.708450131692096557e-02
1.769722895323791803e-02
1.635333879770081754e-03
0.000000000000000000e+00
4.360321025876230314e-03
3.248890079897640247e-07
3.036640938413811552e-01
8.836041255504495373e-01
4.622584230682632064e-33
1.081452123011622897e-212
2.935599004432615233e-01
0.000000000000000000e+00
1.027909885644865849e-03
2.218302530147350799e-121
0.000000000000000000e+00
2.402677169577331835e-51
5.135070293463541360e-73
3.248918679283061712e-07
9.495277623684578376e-07
0.000000000000000000e+00
9.783517267316949213e-06
3.702056055374268742e-06
9.494851386948548551e-07
2.179024250708514930e-30
9.787131741149481529e-06
2.934350721368299553e-01
9.494559406527714690e-07
1.314047295644466262e-01
1.135000954938979808e-07
1.135009125333198594e-07
1.134987141983871179e-07
1.134978718035068988e-07
9.495323377114720609e-07
3.701849086772300333e-06
7.088966992362261096e-158
3.702340768426886584e-06
3.422066130143226470e-01
2.854974479696180054e-04
9.356003948006471225e-83
2.846685853002615106e-04
3.702171217955559028e-06
2.812073536205211485e-02
1.134982620438763719e-07
9.494512869658926087e-07
9.787262705564092608e-06
