0.000000000000000000e+00
0.000000000000000000e+00
0.000000000000000000e+00
0.000000000000000000e+00
0.000000000000000000e+00
0.000000000000000000e+00
0.000000000000000000e+00
0.000000000000000000e+00
0.000000000000000000e+00
0.000000000000000000e+00
0.000000000000000000e+00
0.000000000000000000e+00
0.000000000000000000e+00
0.000000000000000000e+00
0.000000000000000000e+00
0.000000000000000000e+00
0.000000000000000000e+00
0.000000000000000000e+00
0.000000000000000000e+00
0.000000000000000000e+00
0.000000000000000000e+00
0.000000000000000000e+00
0.000000000000000000e+00
0.000000000000000000e+00
0.000000000000000000e+00
0.000000000000000000e+00
0.000000000000000000e+00
0.000000000000000000e+00
0.000000000000000000e+00
0.000000000000000000e+00
0.000000000000000000e+00
0.000000000000000000e+00
0.000000000000000000e+00
0.000000000000000000e+00
0.000000000000000000e+00
0.000000000000000000e+00
0.000000000000000000e+00
0.000000000000000000e+00
0.000000000000000000e+00
0.000000000000000000e+00
0.000000000000000000e+00
0.000000000000000000e+00
0.000000000000000000e+00
0.000000000000000000e+00
0.000000000000000000e+00
0.000000000000000000e+00
0.000000000000000000e+00
0.000000000000000000e+00
0.000000000000000000e+00
0.000000000000000000e+00
0.000000000000000000e+00
0.000000000000000000e+00
1.225124971266469998e-284
0.000000000000000000e+00
0.000000000000000000e+00
0.000000000000000000e+00
0.000000000000000000e+00
0.000000000000000000e+00
0.000000000000000000e+00
0.000000000000000000e+00
0.000000000000000000e+00
0.000000000000000000e+00
0.000000000000000000e+00
0.000000000000000000e+00
0.000000000000000000e+00
0.000000000000000000e+00
6.754546260906750578e-93
0.000000000000000000e+00
0.000000000000000000e+00
1.698760770949974257e-174
2.703704086263851020e-244
0.000000000000000000e+00
0.000000000000000000e+00
0.000000000000000000e+00
0.000000000000000000e+00
0.000000000000000000e+00
0.000000000000000000e+00
0.000000000000000000e+00
0.000000000000000000e+00
0.000000000000000000e+00
0.000000000000000000e+00
0.000000000000000000e+00
0.000000000000000000e+00
0.000000000000000000e+00
0.000000000000000000e+00
0.000000000000000000e+00
0.000000000000000000e+00
0.000000000000000000e+00
0.000000000000000000e+00
0.000000000000000000e+00
0.000000000000000000e+00
0.000000000000000000e+00
0.000000000000000000e+00
0.000000000000000000e+00
0.000000000000000000e+00
0.000000000000000000e+00
0.000000000000000000e+00
0.000000000000000000e+00
0.000000000000000000e+00
0.000000000000000000e+00
2.782752758441644647e-182
0.000000000000000000e+00
0.000000000000000000e+00
3.488249397046421965e-163
4.064070225227031773e-60
1.219153080515432604e-189
0.000000000000000000e+00
1.857620478799221755e-59
3.634718481940721208e-103
7.620571088044859388e-88
0.000000000000000000e+00
2.019623753051468667e-173
3.505765955106773961e-41
2.340867136972281982e-74
1.006836021215450203e-60
0.000000000000000000e+00
5.959526003029581645e-63
0.000000000000000000e+00
1.102061338407841662e-35
5.765194464708852060e-261
0.000000000000000000e+00
3.015552727328645388e-296
0.000000000000000000e+00
3.163126829883671044e-24
4.762291227626893937e-276
0.000000000000000000e+00
4.520763994502045765e-274
0.000000000000000000e+00
2.224740600299916592e-52
1.006730129466279212e-40
2.484054855044640074e-317
0.000000000000000000e+00
0.000000000000000000e+00
9.237798693148093594e-15
0.000000000000000000e+00
0.000000000000000000e+00
0.000000000000000000e+00
0.000000000000000000e+00
0.000000000000000000e+00
5.414209376780208064e-20
0.000000000000000000e+00
8.638161678752185966e-10
0.000000000000000000e+00
0.000000000000000000e+00
1.323693320339981479e-29
1.719362143928774733e-17
0.000000000000000000e+00
2.964776258311913996e-16
0.000000000000000000e+00
1.511090654660887767e-11
1.088834985459752185e-10
0.000000000000000000e+00
1.302424596646485849e-13
5.423460924321936105e-11
1.145281905263563686e-30
4.658539883538948856e-37
0.000000000000000000e+00
1.239963584775628121e-14
0.000000000000000000e+00
6.237843194745122340e-13
3.346384178617775294e-13
3.535942743105492934e-23
0.000000000000000000e+00
0.000000000000000000e+00
6.968897931489820722e-12
2.538012007167306280e-30
5.486375779687236832e-11
0.000000000000000000e+00
3.133142615099651915e-91
8.845185791835435588e-18
3.816219231506378486e-266
6.365670371593011552e-29
4.286217043964730607e-09
0.000000000000000000e+00
2.590732073742387525e-10
9.141701230344481663e-24
0.000000000000000000e+00
0.000000000000000000e+00
0.000000000000000000e+00
0.000000000000000000e+00
0.000000000000000000e+00
0.000000000000000000e+00
2.134723322698509400e-08
0.000000000000000000e+00
0.000000000000000000e+00
0.000000000000000000e+00
3.051833257735724813e-71
2.844425552329934614e-127
0.000000000000000000e+00
0.000000000000000000e+00
0.000000000000000000e+00
1.179329996784394487e-35
0.000000000000000000e+00
1.714441744941420513e-269
1.958080584297167342e-205
2.150414248287581528e-17
1.297354680810614935e-199
1.657758831292102443e-200
2.084956657374782152e-23
9.175051571586720061e-264
9.597918124049022808e-148
8.541131958471436399e-40
0.000000000000000000e+00
0.000000000000000000e+00
4.885869827338100197e-87
8.482500584520022537e-56
3.348647375147196792e-09
0.000000000000000000e+00
7.346585999856862295e-63
5.694529346276090558e-10
0.000000000000000000e+00
2.845448497013058402e-18
3.504118677278410227e-15
1.073666006295836226e-13
0.000000000000000000e+00
0.000000000000000000e+00
0.000000000000000000e+00
9.707399285915736066e-08
4.668519327643278935e-16
2.903749162300767486e-64
5.947720757704869917e-11
0.000000000000000000e+00
2.576677461388022713e-03
0.000000000000000000e+00
0.000000000000000000e+00
0.000000000000000000e+00
0.000000000000000000e+00
0.000000000000000000e+00
0.000000000000000000e+00
3.802507391411271350e-13
7.639890636192375244e-28
2.657623231154727204e-112
0.000000000000000000e+00
4.009343341910237624e-35
8.133002592408622548e-20
5.059788041850730516e-19
0.000000000000000000e+00
0.000000000000000000e+00
0.000000000000000000e+00
3.713850425600957560e-138
1.491508107473953082e-225
0.000000000000000000e+00
4.684237697647205105e-17
2.683354453755390501e-19
0.000000000000000000e+00
0.000000000000000000e+00
1.044992803461950968e-12
0.000000000000000000e+00
5.448210096385178017e-319
2.619785849556035619e-36
0.000000000000000000e+00
0.000000000000000000e+00
1.286617659344012821e-20
0.000000000000000000e+00
3.494468633848487981e-24
0.000000000000000000e+00
0.000000000000000000e+00
0.000000000000000000e+00
0.000000000000000000e+00
0.000000000000000000e+00
0.000000000000000000e+00
0.000000000000000000e+00
0.000000000000000000e+00
4.823884393819397830e-21
2.951259604382130013e-20
0.000000000000000000e+00
3.261050379024346459e-51
0.000000000000000000e+00
0.000000000000000000e+00
9.254725410261307758e-204
4.606425413428922201e-15
3.495939780263785192e-146
9.632610716497539592e-11
2.899615179492475406e-41
0.000000000000000000e+00
2.590861792336059841e-59
0.000000000000000000e+00
0.000000000000000000e+00
0.000000000000000000e+00
2.712846440951847734e-27
0.000000000000000000e+00
0.000000000000000000e+00
0.000000000000000000e+00
9.586546809979414168e-09
0.000000000000000000e+00
0.000000000000000000e+00
2.080823315672170967e-166
0.000000000000000000e+00
1.660870987326241417e-13
2.477635219701898321e-286
4.379698688892744091e-41
0.000000000000000000e+00
0.000000000000000000e+00
5.614438126290612063e-02
0.000000000000000000e+00
3.428582537845988889e-05
0.000000000000000000e+00
0.000000000000000000e+00
1.867411031098804965e-16
6.801717289272045445e-19
0.000000000000000000e+00
1.754402820186698358e-26
0.000000000000000000e+00
0.000000000000000000e+00
1.673858393758192775e-38
0.000000000000000000e+00
0.000000000000000000e+00
7.262639247907331718e-09
5.617953020447246830e-40
7.786095152586276213e-279
0.000000000000000000e+00
6.204714268706519337e-04
0.000000000000000000e+00
1.122652557402288310e-108
0.000000000000000000e+00
1.930061430432624667e-271
1.042766400887153455e-100
0.000000000000000000e+00
0.000000000000000000e+00
0.000000000000000000e+00
0.000000000000000000e+00
0.000000000000000000e+00
0.000000000000000000e+00
0.000000000000000000e+00
0.000000000000000000e+00
0.000000000000000000e+00
0.000000000000000000e+00
9.047224334981692482e-05
0.000000000000000000e+00
0.000000000000000000e+00
5.289994375562922347e-259
8.263163241051255518e-53
0.000000000000000000e+00
0.000000000000000000e+00
2.057764568816098772e-89
2.004579848100729276e-33
2.715146678907703667e-38
0.000000000000000000e+00
7.575852936382897983e-06
0.000000000000000000e+00
0.000000000000000000e+00
0.000000000000000000e+00
8.400440099238612524e-32
5.395410940189799611e-16
1.045104832848107612e-05
1.050575545831559173e-145
4.099989504984415531e-74
0.000000000000000000e+00
1.621720354032261511e-95
0.000000000000000000e+00
0.000000000000000000e+00
0.000000000000000000e+00
0.000000000000000000e+00
0.000000000000000000e+00
1.062898859878219298e-18
0.000000000000000000e+00
9.225994350256272181e-09
0.000000000000000000e+00
4.007575725573887873e-21
0.000000000000000000e+00
0.000000000000000000e+00
3.352883261756353284e-28
4.690269899724636525e-52
1.542191662604870827e-17
0.000000000000000000e+00
1.141955173324133468e-17
5.513093279084300527e-24
0.000000000000000000e+00
3.501197299991307186e-55
2.292800175740185257e-148
8.145821946735027870e-17
0.000000000000000000e+00
0.000000000000000000e+00
0.000000000000000000e+00
0.000000000000000000e+00
0.000000000000000000e+00
0.000000000000000000e+00
0.000000000000000000e+00
0.000000000000000000e+00
0.000000000000000000e+00
0.000000000000000000e+00
0.000000000000000000e+00
0.000000000000000000e+00
8.800957070728939059e-14
0.000000000000000000e+00
0.000000000000000000e+00
0.000000000000000000e+00
1.812733241942430032e-02
0.000000000000000000e+00
0.000000000000000000e+00
0.000000000000000000e+00
5.242282366064604699e-12
0.000000000000000000e+00
0.000000000000000000e+00
0.000000000000000000e+00
5.441583621485528898e-37
0.000000000000000000e+00
7.092087315774197998e-14
0.000000000000000000e+00
1.798323569570193957e-67
1.896448408204115395e-12
1.737137283768856896e-25
0.000000000000000000e+00
0.000000000000000000e+00
1.458246192752264570e-63
4.738763928500898659e-23
2.165028002654831899e-34
0.000000000000000000e+00
0.000000000000000000e+00
3.404609030026034712e-14
0.000000000000000000e+00
4.932066504610302370e-31
2.294483990506293613e-124
0.000000000000000000e+00
4.282025350486358242e-14
0.000000000000000000e+00
5.202176867677661908e-17
1.764492059693432285e-17
0.000000000000000000e+00
1.914473071869760429e-140
0.000000000000000000e+00
0.000000000000000000e+00
4.728246958371326556e-287
0.000000000000000000e+00
1.206399774819574973e-10
6.292722484015322226e-34
0.000000000000000000e+00
2.533156315361972179e-14
3.858620918750101144e-23
0.000000000000000000e+00
4.820814631888818543e-87
2.556645692702645053e-20
0.000000000000000000e+00
0.000000000000000000e+00
6.662408428475444287e-10
8.609534742697685181e-13
2.414110922449483026e-17
0.000000000000000000e+00
6.354187555181641927e-13
3.587591549572869852e-11
1.530142928279809320e-143
8.912075531836630803e-56
0.000000000000000000e+00
0.000000000000000000e+00
3.106098925748829607e-14
0.000000000000000000e+00
1.955616395123890530e-33
3.957905661644020359e-32
0.000000000000000000e+00
7.340774765661011706e-92
1.373984776682833299e-05
0.000000000000000000e+00
6.054689999566236441e-35
0.000000000000000000e+00
5.907065026236608230e-251
2.535915594660692782e-15
6.744372382196384195e-11
2.452140953098028637e-20
1.367116877249612134e-16
0.000000000000000000e+00
0.000000000000000000e+00
0.000000000000000000e+00
0.000000000000000000e+00
5.382901042673420125e-08
9.020221159821707235e-08
0.000000000000000000e+00
8.347865680193545777e-26
4.933865835164648290e-41
4.827041867495051461e-25
1.393720641043582739e-16
0.000000000000000000e+00
0.000000000000000000e+00
0.000000000000000000e+00
0.000000000000000000e+00
0.000000000000000000e+00
0.000000000000000000e+00
0.000000000000000000e+00
0.000000000000000000e+00
0.000000000000000000e+00
0.000000000000000000e+00
0.000000000000000000e+00
3.135091312334837163e-114
0.000000000000000000e+00
6.839663007638747012e-201
0.000000000000000000e+00
0.000000000000000000e+00
0.000000000000000000e+00
0.000000000000000000e+00
0.000000000000000000e+00
0.000000000000000000e+00
0.000000000000000000e+00
0.000000000000000000e+00
0.000000000000000000e+00
0.000000000000000000e+00
0.000000000000000000e+00
0.000000000000000000e+00
0.000000000000000000e+00
0.000000000000000000e+00
0.000000000000000000e+00
1.901702915231533144e-202
0.000000000000000000e+00
1.734648611310968643e-19
9.390703534026106888e-09
0.000000000000000000e+00
0.000000000000000000e+00
0.000000000000000000e+00
0.000000000000000000e+00
0.000000000000000000e+00
0.000000000000000000e+00
0.000000000000000000e+00
0.000000000000000000e+00
4.863674308452034436e-14
8.066574270942264997e-10
2.849909262352605845e-12
0.000000000000000000e+00
0.000000000000000000e+00
5.282543190808771225e-15
4.397386416592561843e-08
0.000000000000000000e+00
0.000000000000000000e+00
3.909547368965048684e-15
0.000000000000000000e+00
1.970833947051264324e-08
6.654401517997819715e-05
7.005178624706977439e-16
8.501305275203049446e-11
8.845069813973577675e-205
1.119389716837099111e-21
6.031141743638179483e-94
0.000000000000000000e+00
7.664300151911532700e-11
2.109827111769539446e-13
1.332058037307620824e-06
1.988014823747438803e-143
3.892113945818348661e-207
3.919859510626353777e-23
5.865671075784637433e-21
2.098246568414727139e-18
9.591394917031061776e-15
2.691111689124359182e-27
0.000000000000000000e+00
0.000000000000000000e+00
0.000000000000000000e+00
2.457455243012809396e-119
8.460744462917480421e-166
5.969287316476070440e-253
0.000000000000000000e+00
5.477002584852225825e-13
1.393685102082083693e-40
0.000000000000000000e+00
1.289620492634346003e-20
8.455445380524724553e-99
5.197131504652807076e-31
1.105983733627091372e-129
2.919577950921538473e-227
2.102721009600058807e-39
2.878267930605624242e-18
2.039916702257325442e-43
6.479558341814330558e-70
0.000000000000000000e+00
2.860103976623641188e-10
2.800802932270049623e-12
2.859455545548194189e-13
0.000000000000000000e+00
0.000000000000000000e+00
0.000000000000000000e+00
1.960842549694797942e-28
6.376484999861579006e-07
4.396260004191051867e-11
4.108137273105448248e-11
6.056167938682124566e-15
0.000000000000000000e+00
0.000000000000000000e+00
0.000000000000000000e+00
2.888497550886181292e-07
1.636550478507423456e-19
0.000000000000000000e+00
0.000000000000000000e+00
1.915052907409725902e-77
3.080862732019246114e-140
0.000000000000000000e+00
2.639533681110611537e-125
5.788678031640927301e-15
0.000000000000000000e+00
0.000000000000000000e+00
0.000000000000000000e+00
8.983357992807039269e-69
4.668534413706938006e-97
0.000000000000000000e+00
0.000000000000000000e+00
2.893092671273240179e-22
2.122475024167723131e-73
3.620340345401234925e-29
2.565790420405690262e-48
0.000000000000000000e+00
0.000000000000000000e+00
7.790396157036996275e-52
0.000000000000000000e+00
0.000000000000000000e+00
0.000000000000000000e+00
2.102649925126779388e-25
0.000000000000000000e+00
0.000000000000000000e+00
0.000000000000000000e+00
0.000000000000000000e+00
0.000000000000000000e+00
0.000000000000000000e+00
9.734376953653115725e-100
0.000000000000000000e+00
3.418827778903132132e-91
0.000000000000000000e+00
0.000000000000000000e+00
0.000000000000000000e+00
0.000000000000000000e+00
0.000000000000000000e+00
8.655791809999220224e-56
0.000000000000000000e+00
0.000000000000000000e+00
0.000000000000000000e+00
0.000000000000000000e+00
0.000000000000000000e+00
0.000000000000000000e+00
0.000000000000000000e+00
0.000000000000000000e+00
0.000000000000000000e+00
0.000000000000000000e+00
0.000000000000000000e+00
4.746444746339977401e-14
0.000000000000000000e+00
0.000000000000000000e+00
0.000000000000000000e+00
4.712506758562738050e-11
0.000000000000000000e+00
0.000000000000000000e+00
0.000000000000000000e+00
0.000000000000000000e+00
1.867105329580821114e-09
0.000000000000000000e+00
0.000000000000000000e+00
0.000000000000000000e+00
0.000000000000000000e+00
5.201938578898406987e-09
0.000000000000000000e+00
0.000000000000000000e+00
0.000000000000000000e+00
0.000000000000000000e+00
0.000000000000000000e+00
0.000000000000000000e+00
1.757444602381889981e-11
0.000000000000000000e+00
2.006014671619247256e-10
3.877910816978541514e-18
1.128837824660394417e-13
7.779018453073410623e-22
3.622946969976571538e-101
3.998565851818718966e-13
8.034460950757654406e-31
2.207878812097030178e-77
3.746282813822059650e-104
1.885925851673781427e-65
1.580555502961919841e-27
0.000000000000000000e+00
0.000000000000000000e+00
0.000000000000000000e+00
2.139504575200833111e-16
0.000000000000000000e+00
0.000000000000000000e+00
1.194342394531727689e-34
1.357789555649094329e-05
2.397651373554100192e-09
7.448843060787726466e-26
1.347086617097287145e-09
4.667955385556181756e-26
6.031142485487569197e-05
0.000000000000000000e+00
5.034961715363315571e-16
8.110868237072722780e-30
7.589848602099624298e-32
1.502030576921219173e-24
1.544177746406706420e-13
1.044526728688411564e-96
0.000000000000000000e+00
9.077883580956963122e-17
4.656288422451901242e-15
6.850170829477419920e-11
4.706081439898369711e-37
2.081843777302782180e-17
3.880377500271838128e-13
1.197657356285855316e-185
4.044230968620948658e-09
5.199391374703127204e-245
0.000000000000000000e+00
4.582737071917210166e-38
5.696052073569021786e-197
0.000000000000000000e+00
2.233004697005971922e-25
5.566743594729346950e-300
2.988267243513438890e-82
2.013803977152437480e-51
2.010449227439869088e-07
9.434406110394557353e-37
5.812068617773507130e-13
0.000000000000000000e+00
1.290444460420482134e-40
3.178042619763542617e-101
8.305998172607365371e-21
2.515999216848382091e-221
1.777624723950642424e-25
7.990763590239910686e-125
5.249724908884912975e-23
2.008234916033185576e-24
7.687305556438295362e-238
1.878217358640972476e-10
0.000000000000000000e+00
0.000000000000000000e+00
1.863779389125610862e-34
3.211512417313260744e-179
5.487496125445055636e-15
0.000000000000000000e+00
0.000000000000000000e+00
0.000000000000000000e+00
4.225304723546825257e-24
4.018048021879915693e-02
8.365209493695487525e-08
2.903919074975659822e-26
2.222436107744505378e-157
1.556309904978101401e-17
0.000000000000000000e+00
0.000000000000000000e+00
0.000000000000000000e+00
1.192007612047282899e-08
1.336582467079652520e-03
0.000000000000000000e+00
2.415316680214370756e-11
3.146007938858436921e-107
0.000000000000000000e+00
5.865210078234788507e-11
4.689359560074522989e-59
0.000000000000000000e+00
0.000000000000000000e+00
1.155291028269920568e-30
4.936655323942891044e-19
0.000000000000000000e+00
0.000000000000000000e+00
0.000000000000000000e+00
0.000000000000000000e+00
1.196348064266267199e-19
1.376358058239452919e-16
0.000000000000000000e+00
0.000000000000000000e+00
0.000000000000000000e+00
4.352428890375946581e-49
0.000000000000000000e+00
0.000000000000000000e+00
2.041951871117867228e-21
0.000000000000000000e+00
0.000000000000000000e+00
0.000000000000000000e+00
0.000000000000000000e+00
0.000000000000000000e+00
0.000000000000000000e+00
0.000000000000000000e+00
0.000000000000000000e+00
8.789750403121252030e-26
0.000000000000000000e+00
0.000000000000000000e+00
0.000000000000000000e+00
3.386427680159631738e-24
0.000000000000000000e+00
0.000000000000000000e+00
0.000000000000000000e+00
1.148735549334872790e-13
4.047058651521997425e-46
0.000000000000000000e+00
0.000000000000000000e+00
0.000000000000000000e+00
6.344901733759017870e-12
6.094219255269608329e-198
0.000000000000000000e+00
1.277296605533217877e-138
4.016070999112134609e-70
4.508545241466400073e-107
1.600377178492903908e-44
0.000000000000000000e+00
1.279906563672052395e-134
2.973711841514826023e-102
0.000000000000000000e+00
7.227307712650276236e-17
2.298403387591743852e-102
5.043860812010236802e-138
0.000000000000000000e+00
0.000000000000000000e+00
6.757082753797820076e-37
0.000000000000000000e+00
9.822487248717670451e-81
2.986359069985868801e-13
4.598034125366132339e-12
0.000000000000000000e+00
0.000000000000000000e+00
0.000000000000000000e+00
1.144025849341902244e-12
0.000000000000000000e+00
2.767598176103641698e-12
0.000000000000000000e+00
6.047279912322504344e-36
1.613387885873922833e-23
2.597417271408047983e-10
1.079406902571210340e-07
2.488054939116707580e-44
0.000000000000000000e+00
1.430553455190116249e-11
7.892926259199188350e-11
0.000000000000000000e+00
0.000000000000000000e+00
0.000000000000000000e+00
0.000000000000000000e+00
0.000000000000000000e+00
0.000000000000000000e+00
4.216289539747271655e-15
0.000000000000000000e+00
0.000000000000000000e+00
4.009148982952620293e-34
4.766935945041068148e-13
0.000000000000000000e+00
1.062950511779449988e-07
1.690316219761780496e-27
0.000000000000000000e+00
0.000000000000000000e+00
0.000000000000000000e+00
6.610345240014853235e-35
7.445572495178434029e-135
0.000000000000000000e+00
6.921329893097575700e-52
0.000000000000000000e+00
4.049668738532688345e-81
1.647515983496560616e-24
5.038018384393695282e-11
0.000000000000000000e+00
7.580324884387164360e-24
0.000000000000000000e+00
2.582600171266947760e-09
0.000000000000000000e+00
0.000000000000000000e+00
9.982088758258094948e-06
2.795527997692591138e-252
0.000000000000000000e+00
0.000000000000000000e+00
0.000000000000000000e+00
1.000000000000000000e+00
0.000000000000000000e+00
0.000000000000000000e+00
1.316146321269422410e-178
0.000000000000000000e+00
0.000000000000000000e+00
0.000000000000000000e+00
0.000000000000000000e+00
0.000000000000000000e+00
1.546163089000286212e-17
0.000000000000000000e+00
1.014787343638224673e-29
0.000000000000000000e+00
0.000000000000000000e+00
0.000000000000000000e+00
0.000000000000000000e+00
0.000000000000000000e+00
0.000000000000000000e+00
0.000000000000000000e+00
0.000000000000000000e+00
0.000000000000000000e+00
0.000000000000000000e+00
0.000000000000000000e+00
0.000000000000000000e+00
0.000000000000000000e+00
0.000000000000000000e+00
0.000000000000000000e+00
0.000000000000000000e+00
4.614779325971495009e-201
0.000000000000000000e+00
0.000000000000000000e+00
0.000000000000000000e+00
0.000000000000000000e+00
0.000000000000000000e+00
0.000000000000000000e+00
3.497451535682341130e-294
0.000000000000000000e+00
0.000000000000000000e+00
0.000000000000000000e+00
1.770115723969222012e-86
0.000000000000000000e+00
7.615123546086606952e-21
0.000000000000000000e+00
0.000000000000000000e+00
1.528947868986186137e-29
0.000000000000000000e+00
0.000000000000000000e+00
1.332924989881359996e-14
0.000000000000000000e+00
0.000000000000000000e+00
0.000000000000000000e+00
0.000000000000000000e+00
0.000000000000000000e+00
4.180317478032595579e-08
0.000000000000000000e+00
2.528691002407056066e-134
8.507253248949422797e-143
4.948206506929546773e-54
0.000000000000000000e+00
0.000000000000000000e+00
0.000000000000000000e+00
0.000000000000000000e+00
2.794795103220118832e-33
5.566577095558347231e-11
3.104416610560223139e-17
2.586046012762284628e-15
0.000000000000000000e+00
9.204639992337846602e-34
0.000000000000000000e+00
8.033206168947623592e-21
3.105902131689986982e-70
0.000000000000000000e+00
9.333689405602484069e-34
2.380189498392517755e-12
3.235226218834616923e-81
8.082004872787484868e-15
0.000000000000000000e+00
4.768914500330234134e-15
1.958428065112901563e-10
1.029635906923803273e-167
1.501230206953735835e-173
2.844273453590598184e-69
0.000000000000000000e+00
2.340744193084717375e-07
0.000000000000000000e+00
5.763304623732227262e-11
0.000000000000000000e+00
0.000000000000000000e+00
0.000000000000000000e+00
2.354591093364020187e-16
0.000000000000000000e+00
0.000000000000000000e+00
1.522847710896881373e-12
2.876149112037558464e-16
1.310294377366387641e-19
1.998855483168917024e-06
7.818485862392209920e-66
4.493041265491584430e-31
0.000000000000000000e+00
0.000000000000000000e+00
6.144437327924390309e-48
0.000000000000000000e+00
1.642501894687462250e-28
0.000000000000000000e+00
9.215450344131309929e-43
0.000000000000000000e+00
2.722094415596837681e-12
1.604283934770636171e-28
9.077588213576948447e-41
3.881014136208309143e-65
0.000000000000000000e+00
0.000000000000000000e+00
1.250728452362513075e-08
0.000000000000000000e+00
0.000000000000000000e+00
0.000000000000000000e+00
2.678739893821067786e-306
3.646654780228347712e-118
1.596449516578710949e-14
0.000000000000000000e+00
0.000000000000000000e+00
0.000000000000000000e+00
8.259643152884208080e-51
1.551337118772383506e-30
5.347616225722340163e-22
7.362812339000704210e-11
1.681807552291298871e-26
6.839490850446264212e-15
0.000000000000000000e+00
8.148441959616122727e-11
0.000000000000000000e+00
5.303135480536080946e-09
2.723673422942987747e-09
6.756131915358236068e-10
0.000000000000000000e+00
0.000000000000000000e+00
0.000000000000000000e+00
0.000000000000000000e+00
0.000000000000000000e+00
2.166767609745007096e-11
2.276779173186782967e-25
3.389366400647516923e-10
0.000000000000000000e+00
0.000000000000000000e+00
0.000000000000000000e+00
0.000000000000000000e+00
4.568485443637986825e-09
0.000000000000000000e+00
0.000000000000000000e+00
0.000000000000000000e+00
0.000000000000000000e+00
0.000000000000000000e+00
