0.000000000000000000e+00
0.000000000000000000e+00
1.039700338760848167e-35
9.608290218186245160e-211
6.602352424859445859e-107
0.000000000000000000e+00
0.000000000000000000e+00
1.313176994337875988e-83
1.848154796894556917e-01
5.705178426427575860e-107
5.198004952761367840e-04
1.295868473245901373e-40
9.049171531467017915e-05
3.279522662795395505e-01
5.415327251751297306e-08
0.000000000000000000e+00
3.828412890813430725e-01
4.622037845330730366e-01
1.472140799611990625e-01
0.000000000000000000e+00
0.000000000000000000e+00
1.018491470166679458e-01
0.000000000000000000e+00
2.206786259720931303e-231
2.868813915582256180e-01
7.527087639810591257e-01
2.435393046573675613e-01
1.226946879235962795e-02
5.425257212245341298e-01
4.900603083523148717e-02
3.092819056815014345e-01
1.000000000000000000e+00
4.704624125982564270e-02
4.595951299464458469e-03
1.031507524604896031e-01
7.004049971547987585e-02
4.563682107640201768e-03
1.230419616500161469e-02
4.957799980802637257e-02
2.495404000101460185e-03
2.511120677853670262e-03
9.584704298709809112e-02
2.639033476906519904e-01
8.424584475892256397e-02
1.002383199207093883e-03
5.565992241378485897e-113
2.500114006714129582e-03
2.512261518697731042e-03
4.925447700932818196e-04
4.920503948232850212e-04
4.706052407516073816e-02
1.220518852025091749e-02
2.014313630302319775e-04
7.653036492970753354e-05
4.599027871293285240e-03
5.139852000094518100e-05
4.961642541580545823e-02
7.653482512062255308e-05
2.510954041733076767e-03
2.506536211480374626e-03
2.376059712844588723e-01
1.000011373247745730e-03
5.138431871376713053e-05
9.991980559420667041e-04
5.138703453388880448e-05
7.833928270979923869e-06
4.574060019845184975e-03
7.832209248626815219e-06
7.650776985315522831e-05
9.320878355898328340e-07
2.508542620976660607e-03
9.250455504028257032e-309
4.934106938080867278e-04
4.929955872078305157e-04
0.000000000000000000e+00
1.000515730509464766e-03
3.228018706202219416e-07
1.460916138490877511e-07
9.321525603923190999e-07
9.321093511699263251e-07
9.320821052232966570e-07
3.704529695009110208e-08
9.320919865105455967e-07
3.228012061312179363e-07
3.228009751473510643e-07
3.228081925970589888e-07
7.834015378770197281e-06
2.697153584647142448e-06
9.321049757407088019e-07
5.136988512200445380e-05
1.460925552717716167e-07
3.228055776931159034e-07
4.929153943827919602e-04
9.320666082120969821e-07
3.228072968744196417e-07
3.704525789505712568e-08
7.833698887750207705e-06
2.085721877928973228e-09
6.282304237845090511e-02
2.835155391012009811e-86
3.704517994280153564e-08
1.241644286452127793e-08
2.085719393405749580e-09
2.085719096263139032e-09
2.085724659345036516e-09
2.085718309499287133e-09
0.000000000000000000e+00
1.241644070344522049e-08
1.378577242207290889e-91
2.697379706865572880e-06
2.085718093658427614e-09
9.406136208876933469e-02
4.578174679445665488e-03
1.241649147862625150e-08
1.460940969635392738e-07
2.697194748234648235e-06
1.741169806406637543e-09
6.375038313213499224e-06
9.321149217131433595e-07
3.704529690851877135e-08
4.927237888852979393e-04
1.252575462338516993e-02
0.000000000000000000e+00
3.733991666567601922e-14
5.138954437557934893e-05
0.000000000000000000e+00
4.552357702636844472e-03
1.227987490850545628e-02
6.778580523632880842e-151
9.321072006371389315e-07
0.000000000000000000e+00
9.528593863187413693e-02
2.312680044901748166e-01
1.687616038441739914e-51
0.000000000000000000e+00
2.244532556780215511e-22
1.012528689507135454e-01
4.923321540450468483e-04
1.241644472394594529e-08
2.014560736955223717e-04
6.956825781341210435e-01
4.568625877108008389e-03
1.012498860036879700e-26
7.833614932418500566e-06
2.498934637744997401e-03
3.228045474637269099e-07
7.751542546426511258e-12
2.266377482945643383e-90
9.162735245272732310e-02
4.682065216063937413e-02
9.320932132509651542e-07
2.399940915512099593e-01
1.460929847135212102e-07
7.832652975621773615e-06
7.833193670631341868e-06
3.704517698524532666e-08
2.013714417554004826e-04
7.831930385556828375e-06
7.832101476402436154e-06
4.380090874091043445e-76
1.241645517002801014e-08
1.241644917582749392e-08
1.063081343975784159e-253
2.697339763854018347e-06
4.928664402381055260e-04
3.704526028120817084e-08
1.460918091853924346e-07
9.987112785686696505e-04
7.653305556974527809e-05
3.511667395296672600e-01
9.321380101530449455e-07
2.085720699998083760e-09
1.002476768437084555e-03
5.138585763285109283e-05
6.375558378252383626e-06
5.137503659984653460e-05
4.769290893090019396e-06
9.321199626909469361e-07
9.320900702545511019e-07
1.460907770705228972e-07
3.704530971428262950e-08
3.704513149663126303e-08
7.130836034043929370e-11
0.000000000000000000e+00
1.460915706082607228e-07
1.227482037774960295e-02
2.697256195072071931e-06
9.321103466072565391e-07
2.085721654685834467e-09
2.085720997470755503e-09
9.043250410945154194e-02
4.157204702256072693e-04
0.000000000000000000e+00
1.263653917463216845e-209
0.000000000000000000e+00
7.833085448268345288e-06
5.246449923642948067e-39
2.429685605174666807e-01
4.747036325533525447e-02
4.929707754064001314e-04
3.130613407437373152e-01
3.199907780729571842e-75
1.349720203766729532e-115
2.858565486520801575e-10
8.350222017984628708e-01
0.000000000000000000e+00
0.000000000000000000e+00
1.113696469871517658e-01
7.194743913818735237e-02
9.321522576742568347e-07
1.658946858031828397e-01
9.994185132464481272e-04
2.719996700407815715e-01
4.584780321119428896e-03
7.655722889872945789e-05
1.023668595197811809e-01
4.704332492111615999e-02
2.014985775275000130e-04
5.712778136475241686e-01
7.832407592918308415e-06
2.508576464151096672e-03
9.725575788633672447e-02
3.228034850289223051e-07
4.542611409796335105e-03
2.697154332725054405e-06
2.013955643636597469e-04
9.320683717935668259e-07
1.460909798367878299e-07
2.496018058162720321e-03
5.674179449653893866e-80
8.975261167074204694e-42
2.561192774586329161e-109
0.000000000000000000e+00
6.374855862382443767e-06
1.241647999418302865e-08
7.246557006211817826e-216
7.013957228842879686e-16
7.832403934128255869e-06
5.137113329665284961e-05
0.000000000000000000e+00
4.488750037015969154e-33
2.085718595170928764e-09
1.001313030228451239e-03
2.505559636000169715e-03
4.566311770115356015e-03
9.988037867049892778e-04
1.224310032735257889e-02
4.964488400586506561e-02
2.085721694263383580e-09
3.228019326486157167e-07
7.396818598941274906e-25
3.228043676631785345e-07
1.241652831730161059e-08
2.337484285270254314e-01
1.241648854852934189e-08
1.432515532431513609e-38
9.741726880460850613e-02
1.123826233486986774e-81
2.085718091532895627e-09
9.899311468722269379e-04
4.936345751398294899e-04
4.917946640272752648e-04
1.241648480782702697e-08
1.241648688052539551e-08
8.848442055360095093e-02
9.086184315562410019e-01
1.460914827139274462e-07
9.320664492916661510e-07
3.704529135821026182e-08
1.085747000617121043e-87
1.460916000915095886e-07
0.000000000000000000e+00
2.697114613294175330e-06
5.137702311758433698e-05
1.460915466438847240e-07
3.028576070011213539e-01
6.374820188755191181e-06
1.460924586810148892e-07
7.619139888624185987e-03
3.704524047243026615e-08
1.241646170232461913e-08
7.832953604603924382e-06
4.337936534527426224e-01
2.363943431990096211e-01
3.228089351397709892e-07
9.757393975804982134e-01
1.255046017789435836e-02
2.549602153532158901e-72
7.833151273742499320e-06
4.475613060712789748e-01
3.704515151474476458e-08
3.227997661841947824e-07
2.085718099453371263e-09
1.059786916700130272e-153
2.697399094823347890e-06
0.000000000000000000e+00
4.572653698104283890e-03
2.594924264787289043e-13
4.931091457028134034e-02
2.697248159513239372e-06
2.697215903565118329e-06
6.375243951458527994e-06
2.954336810484655684e-01
8.677291314326239791e-01
9.442371016544469364e-02
9.481211096159980478e-02
6.382074946839120774e-09
4.926502869123760946e-04
4.891330756964923365e-02
0.000000000000000000e+00
4.552662705698074484e-03
2.450977157596618272e-01
9.453258163069432063e-02
2.496750165476180894e-01
1.215485753808320595e-05
0.000000000000000000e+00
9.320824029421190101e-07
2.750562667974039699e-01
7.833322140628950215e-06
1.250925940530835979e-02
4.559287788344091805e-03
2.013181463077903723e-04
1.207756625179429654e-192
0.000000000000000000e+00
2.513320545611103917e-03
7.656619653670699199e-05
4.706190931075463782e-31
2.697161762314514959e-06
3.182803909933737142e-13
1.247542103329591333e-02
2.936530793155098240e-01
9.406700277186704762e-01
9.011044297330579919e-11
9.668763657581599946e-02
9.987000611539123811e-04
4.919719294749484067e-04
0.000000000000000000e+00
0.000000000000000000e+00
8.561425733114340820e-30
4.250312031915663970e-174
8.314179935929233434e-02
7.656161378537098617e-05
7.831924489565950708e-06
3.390573529266738273e-01
3.228120420632179459e-07
3.228071904508852606e-07
1.241645456021092125e-08
1.460930719851785180e-07
9.483667622943968101e-212
3.228039193096260983e-07
2.085718261391693551e-09
4.890562641972234274e-239
1.460947004904577878e-07
1.241644839139035922e-08
5.138065538625788403e-05
5.257550595589481901e-01
7.447437532908382680e-03
4.564433054091695217e-03
9.321211649790704004e-07
9.757762865592407853e-02
4.566661384571706582e-03
1.257212639148929355e-02
0.000000000000000000e+00
7.186358855402939999e-04
8.193731981975772849e-02
5.137659745655644096e-05
2.845133540013903839e-01
1.024102149413557011e-01
1.232379306469774671e-02
7.656242687080725979e-05
9.321466190594584934e-07
7.831907606853651016e-06
9.321008811156134938e-07
3.228117284994879026e-07
3.854057847578881146e-01
3.704533894700915962e-08
3.227999757855200057e-07
1.460916702103183631e-07
7.654329142015386619e-05
7.806923840435801492e-18
1.460927682320279359e-07
3.228122300629661591e-07
0.000000000000000000e+00
3.600659752226754484e-116
3.704513723280497980e-08
2.387540627522321060e-25
1.241649933017958587e-08
2.507214578344870127e-76
8.990425743981109163e-02
1.703783233426091615e-01
3.195533251175446954e-01
4.954631039099659934e-02
3.228082177355004737e-07
1.460935725695170483e-07
0.000000000000000000e+00
2.697396595068837345e-06
7.657940450031869750e-05
7.658363303782690580e-05
9.910933854696649115e-02
2.493492399423000248e-03
7.832436898853055755e-06
3.815101873605963867e-01
1.460920724223150421e-07
7.653137120775388295e-05
4.713163940209919717e-02
2.697397285847838050e-06
0.000000000000000000e+00
2.970026265713536784e-01
5.173197159134634848e-01
9.321408255817113206e-07
2.505771474179023690e-03
4.929865782911322649e-04
6.764580584427861698e-01
1.460926225982842939e-07
4.576022599982891396e-03
1.460940346464424978e-07
7.073697964175583637e-10
7.657795488224384108e-05
3.288281354049644615e-12
7.655039496291136589e-05
7.654443932204817278e-05
6.375593071125864391e-06
0.000000000000000000e+00
2.697203512575238940e-06
1.241650575558535351e-08
1.241647668834756947e-08
7.833344111244925143e-06
7.833833153973437103e-06
1.241647697576423008e-08
6.375202395714585658e-06
1.738828422887977656e-164
4.573597838033144174e-03
2.013606561555074609e-04
2.085719818266797848e-09
0.000000000000000000e+00
3.914125333529540313e-28
4.919017532005013097e-04
2.085722117690567196e-09
2.965509172406931016e-01
7.337678489884073008e-01
9.499467312403765190e-18
1.221334817598924115e-02
8.709357628474686226e-232
2.013170406610131685e-04
1.460931442882283477e-07
2.697203431048557054e-06
3.228086689919396934e-07
9.320692646334663327e-07
4.542642008998743104e-03
2.495793131144248295e-03
5.137766263867836372e-05
2.697245717595317959e-06
5.639415327093617742e-11
7.831960579398758524e-06
2.352578470256808383e-11
0.000000000000000000e+00
1.460923488752987814e-07
7.833308036581704918e-06
0.000000000000000000e+00
3.228004258582251230e-07
5.597144555091807178e-23
1.460909901410593062e-07
9.582777882595659713e-02
3.704515251999029767e-08
1.241646173984463671e-08
9.321447784718263115e-07
1.241649289391070671e-08
4.454383400022681738e-01
3.951803092446577154e-179
0.000000000000000000e+00
5.264084633302954820e-04
2.866213627401300126e-04
4.899152527873939372e-02
8.382636637806440971e-01
3.228096499673330273e-07
7.656175880580669616e-05
1.257129734550239547e-97
5.623430668750941392e-07
7.381989834202634312e-05
1.002025314586523635e-03
3.419273489401103983e-01
9.218297469546744231e-04
1.472655728677254431e-78
2.726987887806972849e-113
4.596721990684346851e-03
2.984289940852147740e-194
4.918284199573100647e-04
1.177284310421666941e-11
1.246909013915067227e-02
1.244088098340779061e-02
1.001660169689974665e-03
1.247665967327908458e-02
9.103485721749615678e-02
6.375125577120770898e-06
7.832497400345250486e-06
0.000000000000000000e+00
3.228015408598578002e-07
9.321313167837517829e-07
4.602927577241706404e-03
9.320716099025029853e-07
1.391278188252123016e-01
3.228048873264152087e-07
4.855769923308012048e-02
4.590406216647704429e-01
4.585252558523084283e-03
5.442816406886170633e-01
2.699057518245274179e-01
1.001214527834949197e-03
1.678910728353279761e-63
2.156333556994524874e-246
3.228044122168694674e-07
3.444782928271435910e-08
4.931793300131224632e-04
1.221367125877498815e-02
2.697262493786783696e-06
6.375582987702210438e-06
4.917909982379186284e-04
7.656142528069153675e-05
1.333017529379814659e-01
1.231679900340686661e-02
7.832546067558769320e-06
1.460922042969782822e-07
1.460927895551530026e-07
4.924834870316738278e-04
7.788981771063537007e-02
1.460932811406444444e-07
6.375710059083634302e-06
9.320781812619640880e-07
3.228089504547207633e-07
3.704514006442018105e-08
1.825443742352328425e-05
1.460908040360465837e-07
4.574697624329134849e-01
4.494252803646704431e-01
2.085718062963175351e-09
2.085718341303546646e-09
2.085718178411052910e-09
3.659431463385294792e-01
0.000000000000000000e+00
9.209175013712447844e-02
9.320831931612088535e-07
2.085720421517734893e-09
7.657638819322695983e-05
3.704531115300350036e-08
2.085719809195103521e-09
4.560346190322104275e-03
2.085718414702700309e-09
2.085718169180021676e-09
1.000627955170797735e-03
1.241645924402413470e-08
2.085718785381908850e-09
1.241644383101033875e-08
2.028024201469898202e-02
1.241652702337646760e-08
1.241648338251131608e-08
0.000000000000000000e+00
2.085723520665306821e-09
3.704537550809897578e-08
0.000000000000000000e+00
3.228082386807107001e-07
3.112195082372615226e-21
4.065189582363738059e-38
3.062144401039007212e-15
7.655277730110825304e-05
9.998715165356118588e-04
7.655327989914097111e-05
6.078278733533108991e-01
0.000000000000000000e+00
2.500345988035002943e-03
9.321305607728335387e-07
9.321045115646613792e-07
6.374755967974801491e-06
7.651185309641507005e-05
4.933112390713336598e-04
6.374899646498228520e-06
1.002217031083605216e-03
4.920256538357680723e-04
7.656557453043963109e-05
1.054742220873535747e-61
0.000000000000000000e+00
9.269535330370023973e-02
9.320836616498264831e-07
4.686711990460491750e-02
4.734308025691669891e-02
7.653243736677900217e-05
4.547220959854362046e-03
5.137590521484060074e-05
4.538189014032006224e-03
9.320742394486628492e-07
2.697378118899582692e-06
6.375066464822435601e-06
9.997978198429818830e-04
9.028644104019344363e-01
2.457364524716130205e-01
7.832362312207070168e-06
4.928645999243874871e-04
2.773750091449330589e-67
3.228018095907683201e-07
2.697220057559464417e-06
9.258567435568299464e-77
1.356117091499460872e-02
6.057020735974135706e-01
9.793202473012532772e-02
1.001030663297975765e-03
5.916528026841990640e-01
3.228022589230350866e-07
5.678707279848885546e-106
2.409827804270335399e-41
1.978665675273103572e-56
3.704517331679679156e-08
5.138651541927076612e-05
2.513793325488897397e-03
9.996000678787024529e-04
5.615687843120439338e-01
7.652288320605565082e-05
7.833593134471118590e-06
1.229610499323553936e-02
1.002488515923812516e-03
1.241649797826924738e-08
4.581994342058559253e-03
7.833654620825273711e-06
3.704525601357302211e-08
9.658106823397788476e-02
5.137872217582318597e-05
8.483358365901375188e-14
1.241648473480825397e-08
5.049715342138154650e-01
1.241649066830491325e-08
2.560147747690866837e-01
2.085718399829427931e-09
0.000000000000000000e+00
2.085720211855738774e-09
1.312427709188222882e-18
2.085718549752255336e-09
7.651884916705339369e-05
2.085718764509528932e-09
1.166016011239057616e-03
6.896478158329227837e-01
5.137438334300373628e-05
8.690110132495883754e-09
1.460935177381964722e-07
1.005367988951687552e-01
4.782702302796767138e-33
2.494722414369546920e-03
1.241646881348345495e-08
2.754505175081677922e-181
3.704528155910280312e-08
0.000000000000000000e+00
3.661646935030154129e-173
7.658126171142597236e-05
3.704516277754109094e-08
2.325184371251828863e-01
1.241645778941103151e-08
1.000012488030520719e-03
6.375776680050976257e-06
9.321568594290103740e-07
3.228096198810665832e-07
9.320997752767393947e-07
2.505496368737662651e-03
2.697257500037192354e-06
3.228110293785779253e-07
7.826124184196441014e-02
9.998710306801539965e-04
1.228273703314582480e-02
4.057004836312719243e-01
1.241646612215084115e-08
9.321338075432073795e-07
7.833482684130613241e-06
4.712365032741017840e-02
9.474347883111590429e-02
5.055867779753626667e-01
1.460946179853846876e-07
3.228115067331512472e-07
5.528439028825177237e-01
0.000000000000000000e+00
3.776769887917747243e-10
7.832043446258249320e-06
7.646715717428302320e-179
7.833445453375206650e-06
9.990403062188305417e-04
0.000000000000000000e+00
4.567372761799010257e-03
2.444392134055633214e-01
2.289964177907348126e-17
2.697269187977468954e-06
4.978212088868744778e-01
9.320883959513399510e-07
2.697293555167898036e-06
2.697190684149115353e-06
4.713683253125337813e-02
1.251566854354518171e-02
0.000000000000000000e+00
1.798734915501309468e-318
5.174617618052195223e-01
2.567169600362924631e-01
1.241615663321462941e-02
4.564554113320087002e-03
6.849225276179767841e-01
4.930290071765264888e-04
3.228021263614375230e-07
3.228052304860327179e-07
2.014722362741406723e-04
7.653036203721926911e-05
6.326130416306868698e-113
4.932372374103831218e-04
4.550011696281040276e-03
4.244465592034208923e-01
2.502239652078179066e-03
5.368253670369260826e-07
2.013625086560416719e-04
3.505127721416643241e-26
4.543184292823861103e-03
7.862398510892839587e-01
7.832171707456962541e-06
3.704518140902720742e-08
1.000622829961105107e-03
2.318743916348558476e-01
9.994658866256855758e-04
4.439248886940268535e-01
3.228001116468636938e-07
4.561778415264688795e-03
6.161925444129182713e-16
1.003868562790585393e-03
6.115974928374606344e-252
1.241646444660778868e-08
2.085725533108544468e-09
1.460911136383621131e-07
1.003130473388582754e-03
3.228020482938847214e-07
3.228030087839718850e-07
2.085721019138454691e-09
1.851730643170273333e-02
1.241648449318906670e-08
3.704532147941520027e-08
2.821680859754591153e-01
3.228083609906599269e-07
3.704526332565548786e-08
2.240416023085720735e-77
1.460934447327374506e-07
8.606906911231026504e-04
3.883231434828069983e-01
9.111386291702271156e-02
7.301509165973326665e-01
2.677012756577076269e-01
2.483003268610567138e-01
2.295706065678955465e-01
1.605797423030264071e-02
6.274993538240583075e-38
4.791279704020291741e-02
7.651393929214233376e-05
6.375681739428424753e-06
2.014525545473430451e-04
1.241652730551774746e-08
2.509966892076099382e-03
4.578067381625000598e-03
9.320853084081463233e-07
9.321530243865998166e-07
9.320991699086947141e-07
1.158545317161373961e-01
2.085722020498511576e-09
2.679258579229681914e-01
7.653769963483191008e-05
8.971017065089922915e-02
8.904460174188470745e-02
2.697257446559630433e-06
3.704521609894096025e-08
1.460926296716603482e-07
5.862494959212600042e-36
1.460937284381009289e-07
1.460927578642849721e-07
1.241650037221583289e-08
9.321317799401414731e-07
9.320665704446199879e-07
7.763914703383230684e-159
1.241649453803273616e-08
1.228106475745655533e-02
2.085721346832945182e-09
1.241651679614403084e-08
1.241649827671799432e-08
2.085720227271789699e-09
7.832624459674925252e-06
2.507894103031315346e-03
4.416297688934167076e-01
2.376220022532856413e-01
7.831857869654032135e-06
1.000548152633465087e-03
2.697368138432922392e-06
2.014826756647016849e-04
4.921861961195887021e-04
4.608326018715638676e-03
3.228095993827263758e-07
4.919316240871695603e-04
2.501846345217758737e-03
0.000000000000000000e+00
1.251123689658420468e-02
4.594688749919848859e-03
2.506659803203010670e-03
7.652224536064565681e-05
1.243186537233884753e-02
2.014900316187493638e-04
1.020581808788230405e-01
2.921995583786364814e-01
0.000000000000000000e+00
1.249330242901848347e-02
1.417312761301385841e-43
6.374923876275636746e-06
7.832683986931645315e-06
7.524460020736586929e-02
2.015008594592274658e-04
7.833027172208462539e-06
9.321186243222068295e-07
2.995305009156138930e-08
6.375111713555030821e-06
4.928277960819678599e-04
5.138444941231621411e-05
7.031060538780155023e-01
1.238396022286814349e-02
0.000000000000000000e+00
2.905449700946670184e-28
1.221967119407338202e-02
2.085722254639449265e-09
2.697403829671466754e-06
5.219463819019726225e-01
2.619028520780000702e-01
1.026246119366917148e-01
7.833972564337801696e-06
7.656761015446199000e-05
2.085723000174730567e-09
5.226702025903845387e-226
2.085720643215911201e-09
2.085719230718755218e-09
4.275578095469354847e-19
2.697288506052863764e-06
2.579628780138734597e-64
2.085718933293285296e-09
5.137520397811319714e-05
4.919541540620182840e-02
9.029500029990586429e-02
1.241645077166322238e-08
3.256497889622647079e-01
2.286880249824371630e-08
9.321323906376737298e-07
2.506149801150444213e-03
2.697348519787607998e-06
4.735118309556641397e-02
0.000000000000000000e+00
2.504308344529840649e-03
9.321135349881116926e-07
7.833096121096990594e-06
2.503965379651350021e-01
5.139284780698274486e-05
4.584091866951330377e-03
9.659407666975677875e-01
1.244233405019364025e-02
5.139028349059062247e-05
1.241648225119903388e-08
1.460275734861404551e-01
1.239346429668447200e-02
1.248223866393354496e-02
9.996313147454985015e-04
1.241648622749512418e-08
9.320915593551848644e-07
1.232234863662600745e-02
6.375600083253342451e-06
6.374973484973992923e-06
5.356439061916809736e-04
1.002214093118957827e-03
2.650400425437253737e-01
4.816097309417095157e-02
3.228104707140947006e-07
4.334529416815687377e-04
1.241645008926960764e-08
4.583160347748215825e-03
1.460928612831647905e-07
1.460923296290158363e-07
0.000000000000000000e+00
3.038986805017733786e-20
3.412035563109945986e-07
5.105526958478772137e-01
3.699283076940210737e-83
1.079761163605464541e-114
1.698973084355137592e-39
3.080794299839305639e-01
3.228101003876733833e-07
4.547175672203047220e-03
0.000000000000000000e+00
7.833197681859245656e-06
4.698157805544538740e-02
7.650680653607078814e-05
2.013368423565291862e-04
4.232003370659120845e-06
6.073764685553011606e-09
3.182342678984288601e-15
3.768321892341098206e-26
4.925408417083202003e-04
1.021283180516288043e-129
1.020897650827381764e-01
7.118122585259962749e-133
2.014073587210241491e-04
1.435026978766197291e-127
7.652950055482705125e-05
4.514509444122800641e-01
3.228015389336381214e-07
9.321010187252569548e-07
6.415818682486579272e-01
9.320766361173377722e-07
9.320967775483482687e-07
1.822834914517392630e-15
6.786880841770924766e-01
7.054366006859354998e-01
1.241651620177805045e-08
6.410538994200077889e-01
9.063730606608207119e-02
1.241649467013234013e-08
4.721956827029379078e-02
3.347377004608920181e-01
2.085719352194257782e-09
1.245083500312191803e-02
4.824530905787144386e-02
5.276050628473066828e-01
1.241648717453724490e-08
2.085722141907309055e-09
1.224666727388583169e-02
4.565484892329247681e-03
4.541160225837719867e-03
1.241648197108299821e-08
4.752148439124175006e-02
3.704515643528816227e-08
1.399376465422434928e-204
0.000000000000000000e+00
3.704525248719776663e-08
4.926905822345065394e-04
1.241649825778854006e-08
4.927905994683881271e-04
2.085721589582178624e-09
9.524668752293723173e-02
4.912679749996242545e-02
2.085723929966475240e-09
1.043644540388916875e-86
2.085722023101131563e-09
0.000000000000000000e+00
1.241648222666558979e-08
4.571125861818266592e-03
3.228100942361435613e-07
1.460946920843880728e-07
7.832593985938940122e-06
7.832505912085716587e-06
7.833177071731385174e-06
2.697376588391168274e-06
5.139081418225836383e-05
8.985002834165135843e-02
5.137408749360951158e-05
9.767625751402923828e-02
6.375431289886589682e-06
1.460911830193973289e-07
4.923257177989833920e-04
1.460938091119177021e-07
3.704535532703253468e-08
9.320818677385024191e-07
1.460941237722392041e-07
1.460932150700239448e-07
2.697318027248379129e-06
3.228097335330925742e-07
1.460944615077623863e-07
1.241646622793953879e-08
4.927937041189999184e-04
1.241649006265592294e-08
7.833858989503685459e-06
4.931855050780275130e-04
8.881581326229009976e-02
7.651307048247097873e-05
2.014982899008283196e-04
7.230383212929873959e-01
9.204949958530025955e-02
7.502982577042147105e-02
6.390277722816506412e-01
7.832284953850290960e-06
3.579001420931277630e-04
9.321261253214612276e-07
4.332495112676146113e-97
2.621993462283080745e-83
9.321158852117624322e-07
1.200214226113792939e-260
7.652941263761908655e-05
9.773555589065810456e-02
4.545963638819212026e-03
4.917708434054106044e-04
9.998041428762466116e-04
0.000000000000000000e+00
7.655512848842500634e-05
0.000000000000000000e+00
0.000000000000000000e+00
1.001499835651582966e-03
1.499388408733374044e-50
2.499156454473120126e-01
2.826058268846075028e-01
6.375212301012871524e-06
4.935366921697303174e-04
4.924730893930583846e-04
2.697427955344492615e-06
