# level_assignment log_likelihood tiebreaker ID
0 -1.004089317878170114e+05 1.596773640228092150e-01 1
1 -3.632074914914627152e+04 5.767302639295586175e-01 0
2 -7.822444711169891889e+03 4.300788151024058648e-01 3
0 -1.000000000000000053e+300 4.631825251679221322e-01 3
4 -8.617587648123884492e+02 4.029461432407224764e-01 2
0 -8.248041393613853143e+04 5.460034663758790430e-01 4
2 -5.908697017569174932e+03 2.982395978803613068e-01 3
6 -9.923504701274395075e+02 8.095706983696669690e-02 1
4 -2.835995132451952941e+03 5.999803683478146521e-01 1
5 -7.542230903533255741e+02 4.353997308227164353e-01 2
8 -4.491532952528923488e+02 4.499286577726849812e-01 1
6 -9.149635409689692551e+02 8.683535263766227752e-01 0
5 -9.673195805674602070e+02 5.911255982978211865e-01 0
7 -7.605327576005722676e+02 3.353972845803872976e-02 2
10 -3.659566386654481107e+02 6.276984470601070232e-01 1
10 -3.758317476342362511e+02 8.283910897351962621e-01 0
7 -5.888763188606418453e+02 2.528738639238839458e-01 3
6 -1.025780807147432597e+03 4.585714276354924124e-01 3
4 -2.104940860562912349e+03 4.551445965908680336e-01 3
10 -3.660906505468083196e+02 9.453471767111811808e-01 4
10 -3.564824689221925951e+02 7.818600538698843305e-01 4
7 -3.987250317417031056e+02 7.444569238860430094e-01 0
10 -3.776223666147606650e+02 3.056760969161916863e-01 1
8 -4.548094573364411417e+02 5.619553525454801246e-01 3
13 -3.506149998419390386e+02 6.058117621362006933e-01 4
9 -3.823216400082934570e+02 6.238365191874223337e-01 2
2 -8.934563774032219953e+03 8.569148400809898369e-01 3
12 -3.569882327777640398e+02 7.403145370060328911e-01 4
14 -3.502731920632569427e+02 7.016244469731294231e-01 4
11 -3.567525777031668213e+02 2.097951034401962511e-01 4
8 -4.797002557190199923e+02 5.540149653762860282e-01 3
12 -3.582919308176454933e+02 4.424159554045056786e-02 4
10 -3.774914862939747309e+02 2.897490020003514744e-01 2
13 -3.518206930638207837e+02 3.725402873709812157e-01 4
17 -3.468379829802933045e+02 9.849690111495235101e-01 0
16 -3.476822820697781253e+02 1.887096278850064479e-02 4
10 -3.635769911941465580e+02 4.075264237536183609e-01 1
18 -3.465059460907974653e+02 4.523060542637075687e-01 2
12 -3.547470391141201276e+02 5.290912160644039020e-01 3
13 -3.518620382791863221e+02 3.248916836681241538e-01 4
5 -4.299705294272095557e+02 1.467362823963976326e-01 3
14 -3.495333013759134246e+02 3.248126573976539699e-01 1
18 -3.466749127481639334e+02 5.711170881728541149e-01 4
16 -3.468944618852851249e+02 1.300634483997811230e-01 4
14 -3.489128974780890076e+02 4.150065447569553090e-01 1
3 -3.773421104310919873e+03 2.114270953902588346e-01 3
18 -3.466069635217868381e+02 1.225556459788381680e-01 2
5 -1.318692066120960135e+03 2.019892184112752620e-01 3
5 -6.746790781595063891e+02 6.520172181739170014e-01 3
7 -4.704325057742953504e+02 3.654286912656017350e-01 3
13 -3.523264458470486034e+02 4.492870423615660802e-01 0
14 -3.475971252800085836e+02 8.730771124539883354e-01 1
21 -3.464621855713666037e+02 3.515393545281916277e-01 2
11 -3.603214258827588878e+02 7.634504900757102530e-02 3
11 -3.596857669877294938e+02 5.586613506584133804e-01 3
14 -3.502320355490055590e+02 8.041713740828400070e-01 3
18 -3.467927384491671319e+02 1.446870646099773436e-02 2
11 -3.615794040624622312e+02 7.791874981666052635e-01 0
19 -3.465908166914644539e+02 8.827061818029484641e-01 4
4 -3.292182312115482546e+03 3.848840914508466216e-01 1
18 -3.468682058441357299e+02 1.196959109842545416e-01 4
8 -4.296701994913744329e+02 6.325704832990450832e-01 3
12 -3.553436292488962067e+02 4.194670021502004964e-01 3
17 -3.467687646677694033e+02 7.806978727723979938e-01 2
8 -5.035868900077041417e+02 4.152576286625158097e-01 1
16 -3.476622889943095629e+02 4.108685333460058153e-01 3
20 -3.464830459126243341e+02 8.065540448729823231e-01 2
15 -3.482865518268639562e+02 1.112815203871928282e-01 0
15 -3.482415451848426642e+02 2.163615396693409909e-01 0
16 -3.471157356175233417e+02 2.399936637475486856e-01 3
14 -3.485632922402173222e+02 8.501810290666156344e-01 3
15 -3.478333745516732733e+02 8.358163421323112630e-01 1
12 -3.568599838253088592e+02 8.545258858369919608e-02 3
16 -3.473108308608728407e+02 7.999703977897647533e-01 0
20 -3.464802139744191436e+02 9.649984734764038841e-01 2
10 -3.819155768252674079e+02 2.793098195242484927e-01 3
14 -3.494611735918360864e+02 2.847835335004179069e-01 1
10 -3.815099204936474848e+02 6.738501649112437208e-01 3
15 -3.485330090515861912e+02 9.790885496871126747e-01 2
17 -3.470698066534353643e+02 5.810382853284464799e-01 4
17 -3.469940111786373791e+02 2.650857410049576313e-01 2
5 -1.550374462177220266e+03 7.034406392912789796e-01 3
18 -3.466930716580310445e+02 5.188764133908154719e-01 0
11 -3.532128826163491908e+02 9.580269818646887092e-01 4
19 -3.465855312911753572e+02 7.714103307428399336e-01 0
18 -3.464533337986807737e+02 3.027413997486192443e-01 1
23 -3.464590636097850052e+02 2.577628725865923065e-01 0
24 -3.464517315597810239e+02 5.935881271480005772e-01 0
24 -3.464531996670863236e+02 2.638687109499901137e-02 1
19 -3.465267002772863520e+02 7.471569279870760028e-01 4
21 -3.464712512953688019e+02 8.319404932859342239e-02 2
18 -3.467673886637494434e+02 2.955327825370407946e-01 2
26 -3.464515909336274149e+02 5.240478070748856299e-01 0
21 -3.464656989694293543e+02 8.113873760632973609e-01 0
17 -3.470333835727278142e+02 7.442754398508520941e-01 2
22 -3.464664841031427613e+02 6.492707415667910986e-01 1
15 -3.484072063453869532e+02 5.734701992124603409e-01 2
14 -3.500932474005870176e+02 4.434267577810368510e-01 3
17 -3.471547471656460289e+02 7.262504022656292024e-01 2
26 -3.464513834902644476e+02 9.542382162502320853e-01 1
27 -3.464510018797919315e+02 5.891595620689926704e-01 1
19 -3.465740846799708379e+02 4.848584080961897413e-01 4
28 -3.464506918158731423e+02 7.829171835006176750e-01 1
29 -3.464505488500059300e+02 9.229239442004230076e-01 0
29 -3.464505494654037534e+02 4.127246680958700509e-01 0
29 -3.464505253658956008e+02 7.464519087786930518e-01 0
11 -3.533061661792068548e+02 5.236553127515192196e-01 3
1 -2.368671268640800554e+04 3.619386930663640589e-01 2
25 -3.464529719565135792e+02 6.725712783581654364e-01 0
29 -3.464503755557144586e+02 6.378008989295763653e-01 0
25 -3.464514342370423492e+02 5.571053349311757552e-01 0
1 -8.545985101462061721e+03 4.265611474068631281e-01 4
17 -3.470384798646695117e+02 8.334458489481153531e-01 3
17 -3.470880159746859022e+02 1.230742797581985126e-01 2
25 -3.464535300188514384e+02 7.190056339078801928e-01 0
27 -3.464511385576705607e+02 8.302819080754567649e-01 0
24 -3.464529475266847385e+02 1.102518636138515307e-01 1
11 -3.565758338319801055e+02 7.049192614224399911e-01 3
27 -3.464506605696243469e+02 8.612942800340700478e-01 1
5 -1.833820977409067382e+03 4.988882663615905599e-01 3
22 -3.464615861880764669e+02 6.487779864936485952e-01 1
5 -1.778502558853274422e+03 8.733686792831907297e-01 4
2 -1.230090781183912077e+04 7.457863621579617908e-01 2
12 -3.597039723494751229e+02 1.986863180733858258e-01 4
27 -3.464507915963805544e+02 5.534563565454050371e-01 1
8 -5.343171035495611250e+02 6.326585820014063444e-01 2
18 -3.467857640987236891e+02 3.394948280953169473e-01 3
26 -3.464504284901892106e+02 5.284646007388087430e-01 1
24 -3.464556695139981457e+02 3.422443072518923657e-01 0
27 -3.464506015951010909e+02 2.491499598349124212e-02 1
3 -6.694694315645491770e+03 8.201830553028994775e-01 4
10 -3.529373342938761198e+02 4.406091261849293117e-01 3
26 -3.464513532802524765e+02 6.820645965895101304e-01 1
20 -3.464573000263118843e+02 9.207428086682973856e-01 0
1 -3.690760119585665234e+04 6.708456472667645443e-02 2
13 -3.519502788395053017e+02 3.480839192555138517e-01 3
2 -1.141647121923546183e+04 3.933204634339295680e-01 2
16 -3.471177000848451257e+02 9.752623934500141700e-02 4
17 -3.471166139758602185e+02 9.327459946357453680e-01 4
24 -3.464527536627563222e+02 1.420753620674402029e-01 0
23 -3.464550287803317019e+02 2.390808691704347788e-01 1
17 -3.466294180920648955e+02 1.603651935530997497e-01 3
23 -3.464507341460897578e+02 9.705803400274494175e-01 1
27 -3.464507177514374803e+02 6.255428682877754998e-01 0
13 -3.498060215097704599e+02 3.236784489497829265e-02 4
23 -3.464601252447792490e+02 5.474709263057127018e-01 0
26 -3.464508881752406069e+02 2.697117677219595944e-01 0
22 -3.464596258276052936e+02 6.648201108733456932e-01 1
7 -7.683667949326720645e+02 8.797386826747968236e-01 2
11 -3.599273219072964025e+02 5.853550454556126770e-01 4
21 -3.464609840853355536e+02 5.139409521380962076e-01 0
23 -3.464561311277842037e+02 7.352219197589923150e-01 1
9 -3.836610856625446786e+02 3.376806981543606923e-01 3
21 -3.464936205814523191e+02 1.915501346096147306e-01 0
24 -3.464540632421035298e+02 7.293800739816678202e-01 1
25 -3.464533114355705834e+02 1.801611789265890051e-01 1
24 -3.464535122547735000e+02 9.700714706957853650e-01 1
22 -3.464657663827014744e+02 9.369995974371865544e-02 0
22 -3.464613546168779976e+02 8.077701269248684923e-01 0
21 -3.464901314972345290e+02 9.117350273576487751e-01 4
19 -3.465495513683142690e+02 1.072414735320350587e-01 4
21 -3.464924198898181658e+02 1.043831724945292194e-01 4
25 -3.464529227345933577e+02 2.899709368568927914e-01 0
24 -3.464539792018308049e+02 7.109288578713707230e-01 1
20 -3.464878641930946515e+02 6.104965636109664640e-02 4
1 -2.234241658060612099e+04 5.198448569093589572e-02 2
22 -3.464572719118991699e+02 5.841720060887157784e-01 0
5 -1.236856117215282666e+03 1.056594721670467696e-01 2
0 -2.913726899160759785e+04 1.027420166581051730e-01 2
14 -3.506993097871636564e+02 6.657670821982258902e-01 4
8 -5.687683485563084105e+02 1.978284012407370840e-01 2
18 -3.468508304511374831e+02 7.970748501740367864e-01 3
7 -5.537180482386735321e+02 4.323936059565691714e-02 2
29 -3.464504919373920302e+02 7.158643082497238019e-01 0
13 -3.478348351678598078e+02 9.357208029142737304e-01 4
1 -2.444516186085157096e+04 3.248950292517105432e-01 2
29 -3.464504659535482460e+02 9.543366713532122625e-02 0
5 -1.526634992411332405e+03 4.143622741841408996e-01 2
10 -3.764228513050277343e+02 6.651073757887444593e-01 3
11 -3.505988355630212254e+02 4.653435448535319097e-01 1
1 -5.262829972379799074e+03 6.924287515108201729e-01 3
5 -1.655593068318306450e+03 4.716661869542421726e-01 2
0 -1.000000000000000053e+300 8.258510909595693228e-01 2
4 -1.796729487765018803e+03 9.666785547972450710e-01 1
28 -3.464508184151704882e+02 3.876984789432134093e-01 0
6 -7.115426062020071640e+02 7.051806425726820926e-01 2
12 -3.593783933814688680e+02 4.026118968009613219e-01 4
28 -3.464504313193450571e+02 5.041187334561673117e-01 0
6 -7.567705102425993573e+02 9.651646740380644962e-01 3
16 -3.474866942473556719e+02 6.611455283267875238e-01 3
16 -3.476802894521355825e+02 5.459811941113955347e-02 3
14 -3.487286925856141124e+02 1.227684042737661879e-01 3
4 -8.012498451201954595e+02 8.036461647090373805e-01 2
4 -1.836231873153697961e+03 2.275201006657932012e-01 2
9 -4.340872989249719467e+02 3.579714007769201345e-01 1
16 -3.475228802810385105e+02 3.866676307655032563e-01 3
18 -3.467954534294434552e+02 1.919636314165353852e-01 4
26 -3.464514262924637364e+02 7.474533817908957101e-02 0
27 -3.464512359937152723e+02 1.163009748654186826e-01 0
22 -3.464664867534488621e+02 6.959760879800747091e-02 4
24 -3.464543755149437629e+02 7.251682827395473652e-01 4
16 -3.468885074635240358e+02 2.568350815275264876e-01 1
2 -8.773684326556965971e+03 8.410823837397956027e-01 2
15 -3.469648135641351701e+02 8.426301924282081357e-01 1
14 -3.499703182105891415e+02 4.884292326591533895e-01 1
23 -3.464582686695634948e+02 1.009953480746919041e-01 3
3 -9.596592638697002258e+02 3.128961592485364207e-01 2
6 -8.462347478247487516e+02 5.517056649604548113e-01 2
12 -3.510194506077289702e+02 5.990270283545618968e-01 1
17 -3.472148260611344313e+02 7.726643169905286213e-01 1
17 -3.471362110846661153e+02 8.666518216552203668e-01 1
25 -3.464527521990294190e+02 1.169624300941008305e-01 3
1 -3.370497421847288479e+03 8.031331142135518242e-01 2
12 -3.513689288053280393e+02 2.779795679197814562e-01 1
8 -3.950914352751258320e+02 7.188950527118326272e-01 2
18 -3.465233693525080980e+02 1.498432797716752196e-01 4
27 -3.464511885166485285e+02 8.077235749067401827e-01 0
26 -3.464512047321521209e+02 8.223013013766746759e-01 0
11 -3.591568197616242060e+02 6.686579083160529846e-01 2
28 -3.464508723602589271e+02 2.827288936465176539e-01 3
5 -3.878509270691924939e+02 3.381314702248635617e-01 2
0 -1.000000000000000053e+300 9.447631337256323647e-01 2
25 -3.464530346039956612e+02 8.073306701853525391e-01 4
2 -3.605684365435476138e+03 4.500231157369800616e-01 1
21 -3.464653105387762366e+02 6.970793662580074823e-01 4
27 -3.464509252054742205e+02 1.766282835336854262e-01 0
0 -2.142854304868230247e+04 2.076955615692147594e-01 2
4 -2.507602917663858534e+03 4.690990249081039565e-01 1
4 -2.742246536513671344e+03 8.578739392555245757e-01 1
8 -4.141314333542674149e+02 2.607608943640522536e-01 2
3 -4.728533670073261419e+03 6.312632195182055206e-01 1
6 -5.554953179648118748e+02 1.307247600018193456e-01 2
27 -3.464511628588160193e+02 2.482997514197319011e-01 0
11 -3.627513927415002968e+02 2.158052031203796517e-01 3
14 -3.505491307214248309e+02 1.043985230853490265e-01 0
16 -3.476591930022995030e+02 3.128060078613190131e-01 0
11 -3.591983607512144090e+02 4.303809115480924374e-01 3
16 -3.473623563572684816e+02 3.855330826635074426e-01 1
22 -3.464617910570099184e+02 2.394651465815695879e-01 4
20 -3.465144035108285152e+02 4.988403720180677459e-01 4
23 -3.464576516390454799e+02 6.951516968295101684e-01 4
23 -3.464577219789296123e+02 9.303558087795309461e-01 4
3 -6.762880014351414502e+03 7.060057827420090915e-01 2
22 -3.464670871280639517e+02 6.736181428150629369e-01 4
2 -6.939730946123005197e+03 2.141840379506915193e-01 3
4 -2.790130738122731145e+03 4.844120578196359772e-01 2
8 -4.098113710340467719e+02 3.809586052666890099e-01 0
9 -3.473894342526491528e+02 5.618266013215412746e-01 0
17 -3.468393876608292885e+02 1.031542057017684755e-01 0
14 -3.481859333356991328e+02 8.883508757591985772e-01 0
14 -3.470775483025407766e+02 4.826266106625176633e-01 0
1 -1.234425362629677329e+04 1.214890843633574802e-01 3
9 -3.895806192671427084e+02 4.283007798404665500e-01 2
6 -9.436888037747535236e+02 2.450961467540802019e-02 4
7 -5.991598603584762941e+02 1.612706957729548307e-01 1
6 -3.831382737918121393e+02 3.367532512488075058e-01 3
13 -3.530619387359765255e+02 9.957464988470503542e-01 3
13 -3.513422517693453528e+02 5.283872598435319645e-01 3
11 -3.576478793790302007e+02 8.373950511350156667e-01 3
6 -4.953473528828019994e+02 5.773814462998125840e-01 1
4 -2.364355570107372841e+03 5.104300413123764590e-01 2
18 -3.465863583941837760e+02 9.031929527772746269e-01 3
21 -3.464921265105822386e+02 4.741725775920002661e-01 0
14 -3.507342714757900239e+02 6.913249341567180295e-01 4
19 -3.465081358415577597e+02 4.655224018668118191e-01 0
19 -3.465911312902334203e+02 5.810772054193753533e-01 2
19 -3.465629290736771964e+02 8.354544016230707193e-01 3
20 -3.465096234001296693e+02 9.734227569322868590e-01 3
21 -3.464948731298894131e+02 8.836249821814576855e-01 3
2 -1.236209005161098139e+04 7.489493627258728692e-01 4
19 -3.465914074874623907e+02 1.986159049980142643e-01 3
23 -3.464577640302572945e+02 9.959012388666708127e-01 0
11 -3.496949386201596326e+02 9.770961002804003925e-01 2
20 -3.464959910601701267e+02 4.668059840518585801e-01 3
24 -3.464558550890248512e+02 5.094616139181634695e-01 0
13 -3.465191661183837368e+02 8.535896518723125048e-01 3
9 -4.053563828342107627e+02 4.487381906974703960e-01 2
13 -3.466814177435231272e+02 1.029664801329638196e-01 3
24 -3.464550052483432410e+02 6.795585643904844542e-01 0
5 -1.247209853253315032e+03 6.124363895958289117e-01 1
4 -3.035701730327821679e+03 3.450343645062771691e-01 2
25 -3.464535638727224978e+02 1.111747069610196093e-01 0
8 -3.915686968978261575e+02 1.421435677953541976e-02 4
11 -3.662651567542255293e+02 4.885542920604160066e-01 4
26 -3.464517564373111895e+02 8.480664749694748483e-01 0
9 -4.271265564975827829e+02 3.038601817275258035e-02 4
21 -3.464956158079949091e+02 6.720927565788443747e-01 3
18 -3.464821730181154749e+02 3.358275112875830359e-01 3
14 -3.482444900430361940e+02 7.131204265823378741e-01 4
27 -3.464512395692261748e+02 8.925928418224167160e-01 0
6 -8.487484417201047791e+02 9.997190006172065324e-01 1
6 -3.923066210997018288e+02 6.360220323923648778e-01 1
20 -3.465013423996425672e+02 4.729615348888801529e-01 3
15 -3.480801446150748006e+02 7.782804298752951100e-01 3
12 -3.467721023279418660e+02 6.397396838921142193e-01 1
28 -3.464506718598713633e+02 9.247223592797730873e-01 0
15 -3.485111943229348981e+02 4.266840230190812600e-01 4
6 -7.805025176740075494e+02 7.858702874672522931e-01 2
12 -3.490625243991150910e+02 1.739492231949915368e-01 4
18 -3.466075412099166897e+02 2.051665870156575977e-01 3
16 -3.465558661952857733e+02 4.776622740335314532e-01 3
27 -3.464511984532907718e+02 6.206610410644718412e-01 0
11 -3.481685875323076971e+02 6.139290242357640093e-01 3
7 -7.263489690480478203e+02 9.146578900504975795e-02 1
6 -8.870401781585030676e+02 7.011944229133969531e-01 1
23 -3.464598829374116349e+02 5.425831862729347810e-01 4
8 -4.813409442145354546e+02 5.834676880851130676e-01 1
25 -3.464504289768476610e+02 2.544883525223518017e-01 0
0 -8.332687786188551399e+04 2.255145912309963752e-01 2
9 -3.825099559328773466e+02 2.994391121605843864e-02 3
29 -3.464503844972880415e+02 4.025165430749578221e-01 0
6 -5.827242382789794419e+02 8.843968978103598777e-02 1
9 -3.873272784269109934e+02 5.754418172898150274e-01 2
13 -3.485785460441182977e+02 5.452318053576388907e-02 2
28 -3.464508307224131727e+02 8.884228863872323245e-02 0
26 -3.464505511033204357e+02 4.520008034295290855e-01 0
21 -3.464729553271668010e+02 6.286318431687309971e-01 4
7 -3.563808121131761482e+02 8.998687617796673477e-01 1
18 -3.466621247304291842e+02 3.635719229510451789e-01 3
8 -5.668459264621362763e+02 8.857192944483558428e-01 2
16 -3.469463939213184744e+02 1.217764605460258664e-01 2
20 -3.464734548823786326e+02 2.649787829219497626e-01 4
24 -3.464528190596014952e+02 9.669075802168091149e-01 0
26 -3.464515042249950056e+02 8.988604300135932812e-01 0
26 -3.464513149557628822e+02 6.890507370949783272e-01 0
24 -3.464530046453462546e+02 5.724985624128835493e-01 0
7 -5.724614467582375710e+02 1.245613509629084348e-02 1
27 -3.464505359323314906e+02 4.550130610985422264e-01 0
15 -3.470336940348705639e+02 3.898002295056500199e-01 2
0 -1.000000000000000053e+300 9.038458652917000791e-01 1
23 -3.464563903810634997e+02 8.085674892564367888e-02 4
8 -5.488548504487736182e+02 6.997579404571812045e-01 1
5 -1.618873167069968531e+03 4.129224899993091946e-01 2
4 -2.619321955494368922e+03 8.103777749906018180e-01 3
6 -1.099592275803061966e+03 3.227870470357965260e-01 1
29 -3.464505385746003867e+02 2.001409159419281769e-01 0
28 -3.464507283226253094e+02 7.045231949817534201e-01 0
25 -3.464521520192216144e+02 7.952509774070528614e-01 0
12 -3.568731543156214912e+02 1.894600097415333195e-02 3
13 -3.484237615241774506e+02 1.618568180312776050e-01 1
11 -3.617633052002190652e+02 1.448365110933513833e-02 3
13 -3.514559779744689649e+02 6.758059413175852015e-01 1
26 -3.464507039192566253e+02 8.018458094500973132e-01 4
28 -3.464505265151648246e+02 5.712728572065759458e-01 4
10 -3.742296690174603100e+02 6.824478299292010552e-01 1
27 -3.464509242461950862e+02 6.679238111499357089e-01 0
6 -9.284774997366935168e+02 4.952679793269130770e-01 3
0 -1.000000000000000053e+300 3.662721770878887839e-02 1
28 -3.464507558931538824e+02 9.521526263856155969e-01 4
8 -5.417482430189318166e+02 9.343716847556222671e-01 3
15 -3.469116466775205936e+02 3.299211757732065098e-01 2
10 -3.812980508690028500e+02 5.024579477652777459e-01 1
19 -3.465735879959046315e+02 4.688522461800452845e-01 2
8 -5.248124418374013658e+02 5.895410750474627815e-01 3
26 -3.464510669593211105e+02 3.617836655482268848e-01 0
26 -3.464509170916822427e+02 9.045407317153468796e-01 4
14 -3.480134660556998369e+02 3.962254435394548246e-01 2
24 -3.464560091377935578e+02 8.621458120838798589e-01 0
16 -3.475697345142471022e+02 3.149591573366056774e-01 2
3 -2.326843212265916918e+03 3.884387457800025367e-01 3
29 -3.464505230623390162e+02 4.979910517289709571e-01 4
0 -6.703137389623129275e+04 9.200836282428184187e-01 3
24 -3.464521739423734061e+02 8.850849611397129113e-01 4
22 -3.464609365293125620e+02 3.846625427526990659e-01 0
21 -3.464829525624897997e+02 2.829003121335053050e-01 1
21 -3.464933036564548843e+02 7.322172517759369947e-01 1
22 -3.464566056460076311e+02 5.586454366044940612e-01 0
7 -6.270660265989998834e+02 6.307533316444021709e-01 3
12 -3.557589499971570604e+02 1.187673912676814325e-01 2
28 -3.464504632868349745e+02 8.777860330064480854e-01 4
28 -3.464506602421020602e+02 1.886737244169335304e-01 4
0 -1.001483927275439637e+05 8.399226132168493564e-01 2
25 -3.464512286630483686e+02 2.345228856410401519e-01 4
25 -3.464526514061660691e+02 8.282259687452331320e-01 4
6 -8.168814199191999705e+02 1.298928431349284929e-01 3
25 -3.464520141095872532e+02 2.662869425882320382e-02 0
5 -9.730051125522559232e+02 7.209901803367912976e-02 2
20 -3.464873854158653330e+02 8.859443542641327607e-01 1
27 -3.464512716839597033e+02 7.875525528752262971e-01 0
5 -8.530499602770769343e+02 9.528030433720308112e-02 2
8 -3.963614579111388139e+02 9.055904471495108687e-01 3
25 -3.464519592335414018e+02 5.820937133192976010e-01 0
3 -3.852073016559104417e+03 9.514322146589938578e-01 2
9 -4.271609461587408418e+02 4.059078751153508136e-01 3
23 -3.464548733220628378e+02 2.238657965082327950e-01 4
17 -3.467247315007880957e+02 8.414550349168103960e-01 1
4 -2.765761225524282054e+03 2.223469570245961424e-01 2
26 -3.464516355486601924e+02 9.193991773701950532e-01 4
27 -3.464512456549857689e+02 6.362480399879941739e-01 0
22 -3.464526657553424229e+02 1.145819340330653802e-01 0
13 -3.503328296515975353e+02 2.605946005608252292e-01 1
23 -3.464560501106094534e+02 4.993784488963265433e-01 0
23 -3.464585564236267032e+02 9.825153565561017821e-01 0
14 -3.508193824307418254e+02 8.102432849825698113e-01 2
5 -1.261925419929146528e+03 5.931144367655881711e-01 3
20 -3.464793810248587533e+02 6.107868296332886748e-01 0
17 -3.468392810043995951e+02 9.858894011945051883e-02 1
6 -1.060871672562419917e+03 1.573213963508781135e-02 2
10 -3.688867377990818568e+02 2.821817446609336533e-01 3
20 -3.464734676956338717e+02 8.450063186337071208e-01 0
5 -1.412092103859000872e+03 2.228910512399075727e-01 3
7 -3.501693837649279430e+02 8.165586326197915579e-01 2
4 -1.063462462823050373e+03 8.798444891039727267e-01 3
2 -4.325942333354416405e+03 6.309608339048011771e-02 1
15 -3.481067306180790411e+02 7.146467745112360381e-01 3
17 -3.471591978750981298e+02 9.999844297378832625e-01 2
4 -2.400953188450196194e+03 9.325645056506649544e-01 1
8 -5.227821563083607543e+02 7.123044409197956117e-01 1
29 -3.464504555075160397e+02 6.424557494427604598e-02 4
0 -6.696770922686673293e+04 4.756770638667049411e-01 1
24 -3.464537129525096475e+02 1.370895573150636704e-01 4
20 -3.464904305213340763e+02 1.040458051132779338e-01 0
22 -3.464644202634119665e+02 7.802666877541737378e-01 4
24 -3.464553692559925366e+02 9.483199038570057082e-01 4
24 -3.464560582162456512e+02 7.211114517419834335e-01 4
20 -3.464691631223059858e+02 4.097485328462191490e-01 4
15 -3.484049246093218244e+02 9.748923074017419310e-01 3
11 -3.657863958189196296e+02 7.172034512823270980e-01 2
12 -3.498664790765841417e+02 3.255159719000126906e-01 3
16 -3.472839032863244029e+02 7.484900403019927317e-01 0
15 -3.482118099267970592e+02 8.058488579414900821e-01 2
18 -3.468169693570159779e+02 5.563364545132640782e-01 3
7 -5.573620632714494150e+02 3.312137696611409665e-01 2
4 -1.795123110417390080e+03 3.677349363125652637e-01 3
24 -3.464554914053763923e+02 4.669941452855343178e-02 0
1 -1.807572650446509579e+04 2.759393367209698744e-01 3
26 -3.464512449113644834e+02 7.391374991242747328e-01 4
1 -1.258813584248612096e+04 5.486667574240997602e-01 1
9 -4.158054528239047727e+02 7.567747625348584251e-01 2
20 -3.465136957908309796e+02 8.882587718822292366e-01 0
12 -3.576906939604186846e+02 9.109653239668984437e-01 2
14 -3.504844447063734378e+02 8.433504566266573077e-01 2
25 -3.464524521658619847e+02 4.501808186921975596e-01 4
15 -3.477859924049694200e+02 7.832028200740579482e-01 3
20 -3.464807154120325663e+02 1.739378012968550991e-01 4
21 -3.464594482515719847e+02 7.635592856050488209e-01 4
10 -3.565040665745556225e+02 9.457824066781262973e-01 2
24 -3.464539157141080068e+02 1.814570178145542487e-02 4
6 -5.714353669094687120e+02 4.619373691986083941e-01 2
7 -6.791287246471208618e+02 7.597918730328161452e-01 3
7 -8.061135772196043945e+02 4.372150990829435369e-01 1
25 -3.464534739394932785e+02 7.779607367560550379e-01 4
3 -9.707980023936557927e+02 7.136519684489367465e-01 1
10 -3.849407139324628133e+02 4.163083275391392113e-01 0
16 -3.473681684313854703e+02 5.247763685266448874e-02 3
1 -9.357070594090271697e+03 1.540191031110604847e-02 1
16 -3.467204757799406707e+02 1.389626773192796649e-01 3
5 -5.921751055568934134e+02 6.702103738505991171e-01 1
9 -3.491016004722994239e+02 6.573281072097030275e-01 4
13 -3.513944125399201539e+02 8.981257945377253415e-01 0
22 -3.464564538125501940e+02 2.390911805334358375e-01 3
25 -3.464535013810602209e+02 3.017799282618268686e-01 3
7 -6.723685294672570762e+02 9.950535101748758660e-01 0
23 -3.464532255249049513e+02 8.174543732465462398e-01 3
21 -3.464790568649143552e+02 8.086341985113181252e-01 3
18 -3.465541096641953800e+02 6.558223973838310794e-01 3
10 -3.750135486066637895e+02 4.064237194170581269e-01 2
1 -2.171436206915519870e+04 1.630258636880426160e-01 1
6 -8.831709020746825445e+02 6.305668165983304707e-01 1
21 -3.464681885887062549e+02 1.074870208040334951e-02 3
12 -3.586894375058210471e+02 9.293900746837013838e-01 4
4 -2.401811555615737234e+03 5.326355241753155667e-01 1
11 -3.597329657978154955e+02 7.075564311596499456e-01 2
11 -3.631031127912801821e+02 8.561165538560449040e-01 2
5 -5.348713169207378542e+02 1.124692125851538549e-01 0
16 -3.471572379803520789e+02 9.453602079677381198e-02 2
0 -1.120163170839125669e+05 5.845811802762772569e-01 0
0 -1.674535510145896478e+04 1.110649475744130699e-01 1
3 -1.954626342042253555e+03 3.519612615532481392e-01 1
8 -4.772978285462212966e+02 3.301963351852623130e-01 0
12 -3.583487666533946481e+02 4.706379844728587614e-01 4
1 -2.043561111557808908e+04 3.167794030792113746e-01 1
0 -6.760035387837863527e+04 9.808409980120595673e-02 0
22 -3.464583131759358707e+02 8.663786188683412215e-01 3
6 -7.458750298454754102e+02 9.578006717227376399e-01 1
7 -5.858069422005767137e+02 8.131662665206409457e-01 1
18 -3.468358770907208282e+02 9.907533395389814812e-01 2
6 -5.963148344651708612e+02 7.988219602934829577e-01 1
0 -1.000000000000000053e+300 7.086186214420102658e-01 0
26 -3.464518968020578313e+02 9.440273890742181262e-01 2
26 -3.464518334649508233e+02 7.218181309935435275e-01 2
14 -3.500034475958568692e+02 8.429172381492299193e-01 0
11 -3.598753937202295106e+02 1.796247572912604007e-01 1
26 -3.464517738694214586e+02 3.993657902730956000e-01 2
13 -3.532414055297792856e+02 9.493096743335457388e-01 1
18 -3.468285596221820697e+02 9.390148878295693224e-01 3
16 -3.470497434801676491e+02 1.104869576448352930e-01 0
14 -3.487861979379483159e+02 5.118256737611740492e-01 4
15 -3.471771204318741866e+02 5.481769473995490305e-01 0
12 -3.581409068837622272e+02 1.523453820788223112e-03 4
20 -3.464937288702335536e+02 4.532672344820456445e-01 3
29 -3.464504832800162148e+02 8.572371445058758477e-01 2
1 -5.070411903496044033e+03 5.588181645793888208e-03 4
13 -3.473079699241089884e+02 2.590404668835282198e-01 0
20 -3.465127955887654707e+02 2.911729085464222488e-01 3
28 -3.464508571821348824e+02 1.513983683606572317e-01 2
27 -3.464507078031322180e+02 2.555103646238954251e-01 2
12 -3.586717100228712525e+02 6.173853226124079718e-01 1
9 -4.062622204691525667e+02 3.848658488861833038e-01 0
19 -3.465005898681229155e+02 4.484485157075677186e-01 3
0 -1.000000000000000053e+300 2.957913903533295752e-01 4
0 -1.000000000000000053e+300 8.635101393057031949e-01 4
3 -5.759854074727953957e+03 9.888084654095891102e-01 1
2 -4.339279813005171491e+03 9.287981386850551191e-01 1
8 -4.338521715097245988e+02 7.976284869700416280e-01 1
27 -3.464506385735274989e+02 1.779925081034470224e-01 2
4 -4.470909615773305745e+02 6.879573433234149604e-01 1
14 -3.480565989844542401e+02 6.524283514361233216e-01 4
23 -3.464572677014211308e+02 2.576036217750754531e-01 3
24 -3.464508318620726186e+02 9.985651952801077869e-01 2
29 -3.464504583342147725e+02 3.128968644483975936e-01 2
24 -3.464546506867735047e+02 5.759325434686197731e-01 3
8 -4.749967914039194170e+02 7.697353424601125482e-01 1
9 -4.017054421734632115e+02 8.156845864561558246e-01 4
27 -3.464506229687532368e+02 5.383769746447433224e-01 2
28 -3.464506447819107962e+02 2.522375599406035951e-01 2
3 -3.743816660955539646e+03 8.272985658464211411e-01 1
0 -1.000000000000000053e+300 7.082605443906593301e-01 1
7 -7.515909175496813077e+02 7.382785793740540559e-01 1
10 -3.710311817801044754e+02 1.358094756849470564e-01 0
3 -2.554684260661919325e+03 2.666542128773825848e-03 4
24 -3.464522635285750312e+02 2.526414116539532281e-02 2
12 -3.590237234713108592e+02 6.125143465968267975e-01 0
22 -3.464558471616877569e+02 2.569164627445914562e-01 2
13 -3.525311271292865740e+02 3.596978130257264539e-01 4
13 -3.524076283398862870e+02 2.140997929230836760e-01 4
11 -3.530884810665907025e+02 1.501725479362184257e-01 4
0 -1.000000000000000053e+300 3.078111206961731128e-01 1
24 -3.464555991124398133e+02 8.434528905961239387e-01 2
17 -3.468318341890151260e+02 7.563195744706696644e-01 4
15 -3.471745305741026755e+02 2.324894679209599246e-01 4
17 -3.471230620535122853e+02 2.290372836344892471e-01 4
14 -3.478555537247343636e+02 2.547327870117499851e-02 4
27 -3.464508059420303425e+02 8.901008071467051419e-01 2
2 -6.904382446910964063e+03 4.169689603913155906e-01 1
21 -3.464598556702465544e+02 7.526836599006841988e-02 0
27 -3.464503654169700440e+02 6.063137464482011296e-01 0
24 -3.464533159053341933e+02 2.845602658890851178e-01 3
25 -3.464521079211044707e+02 2.026725488073526926e-01 3
28 -3.464508343983826535e+02 2.685488254174206446e-02 0
29 -3.464504775319672945e+02 9.306606581786001087e-01 2
28 -3.464508161819701400e+02 4.675979454974172334e-01 2
19 -3.465698769133857127e+02 3.864607113405638117e-01 4
19 -3.465547735402789158e+02 7.647839449064632866e-01 4
25 -3.464514932604899968e+02 5.200240830608425791e-01 2
16 -3.476051659689223925e+02 6.838522141455452008e-01 1
27 -3.464504658849108409e+02 6.412675214142229407e-01 3
21 -3.464587515650032401e+02 8.123026734556350048e-01 0
15 -3.465978654960860013e+02 7.329796020544104840e-01 2
17 -3.469557311909159125e+02 6.333768426949125674e-01 2
16 -3.472730371759582226e+02 5.363186833346995641e-01 1
25 -3.464504534830120974e+02 2.677526176416292758e-01 3
9 -3.850336244038587097e+02 6.858553078952152049e-01 1
11 -3.671698870426890267e+02 5.304011997296225189e-01 1
26 -3.464518276479146834e+02 3.498925015762093804e-01 0
10 -3.546105149961878737e+02 6.962260281586063471e-02 2
9 -3.822945754982533231e+02 6.686669091430291756e-02 1
2 -1.036355928666135151e+04 7.135950645382003188e-01 1
24 -3.464543463119548505e+02 8.959429203324136282e-01 0
9 -3.782539596475508006e+02 8.341721616624062641e-01 4
1 -1.100882535306638238e+04 7.421999116802467933e-01 2
11 -3.639194579441659130e+02 7.990591664150187290e-01 2
8 -3.931688113095108861e+02 4.677633313489004685e-01 2
3 -6.295876144048172137e+03 6.337989008160960225e-01 4
23 -3.464503575670718192e+02 8.221118748654259178e-01 3
26 -3.464516621501207965e+02 8.296576736940608487e-01 0
21 -3.464771438376997139e+02 4.264512534802978871e-01 3
7 -4.956215603350086667e+02 2.413168632954889592e-01 2
29 -3.464505287557793736e+02 4.783220661693814435e-01 3
7 -6.905796431255816969e+02 1.296210069278558308e-01 4
7 -8.382792333687463042e+02 6.954407355664569135e-01 4
26 -3.464514751585104477e+02 3.008624158687349670e-01 0
0 -1.000000000000000053e+300 3.314898464522784138e-01 4
6 -7.225172778603669030e+02 3.689540887700793470e-01 4
21 -3.464750647353843078e+02 2.155923036596513187e-01 0
2 -1.172220282998070979e+04 8.976409011634279844e-01 1
19 -3.465089839733979602e+02 7.790981465705593134e-01 0
8 -5.258402282854603982e+02 1.162973881925291192e-01 1
7 -5.869815503333360311e+02 8.527879443539936322e-01 4
18 -3.465197508952073804e+02 1.224004417276427226e-01 3
19 -3.465293268456647411e+02 4.548183677557419147e-01 3
10 -3.736107294277683195e+02 9.845553562548097215e-01 1
5 -8.717681516185253940e+02 1.407781461466754425e-01 4
22 -3.464564829365725132e+02 5.503537917518220857e-01 0
0 -1.020772487290023128e+04 5.190440496167667561e-01 1
15 -3.466585391110930345e+02 2.617171398853452846e-01 2
22 -3.464582458072380859e+02 5.776777101325372143e-01 0
17 -3.466759714124461880e+02 8.329696789966321013e-01 2
24 -3.464539535952528695e+02 8.068320454860686830e-01 0
14 -3.502913304127542915e+02 6.553844433850277706e-01 3
3 -5.858271686903108275e+03 9.754656966026100662e-01 1
5 -8.529898607345526216e+02 7.673829056899208467e-01 4
2 -1.032517875903029926e+04 6.238369669302858966e-01 4
12 -3.526775565011753883e+02 8.489605420532231328e-01 1
8 -5.195753595076745341e+02 4.506000815516393865e-01 4
26 -3.464516607595957112e+02 4.739604860772187456e-01 0
19 -3.464751546809163756e+02 4.903795255374665540e-01 2
20 -3.465079429344178834e+02 8.700497744163069314e-01 2
8 -4.263284197397343860e+02 8.572329557440954151e-01 3
12 -3.576065548553021927e+02 3.662445665822384733e-01 1
27 -3.464503451514468679e+02 6.264624827269492657e-01 0
7 -7.421923906254035046e+02 2.492415521812781365e-01 4
0 -9.676747034446871112e+03 4.170961949870764518e-01 4
16 -3.469075896551199207e+02 4.199356550600960025e-01 1
28 -3.464505038015229275e+02 5.651084556023571182e-01 0
21 -3.464913683438177827e+02 6.595197153719589700e-02 2
21 -3.464894588636263961e+02 7.578976354217921152e-01 2
16 -3.466055179755040854e+02 9.638022077730097337e-01 1
16 -3.473452878879594437e+02 2.510816936182126424e-01 1
8 -3.904190876949021458e+02 2.848677397032587932e-01 4
22 -3.464560484655024766e+02 7.882400468083177181e-01 0
14 -3.502486137436016520e+02 1.726681586378658873e-01 4
19 -3.465350562877743528e+02 7.122101661428981156e-01 2
17 -3.469807468483056141e+02 3.143605236004117232e-01 4
1 -8.884790785479985061e+03 9.745897089876279784e-01 3
16 -3.471983349577012632e+02 4.573982346512869834e-01 4
6 -5.255080513012028405e+02 4.749486625938355022e-01 1
11 -3.677639042580943851e+02 6.473210047061438432e-01 4
8 -3.991272337802856782e+02 4.616286070703523592e-01 4
2 -8.310632922176853754e+03 3.829424611267792100e-01 3
23 -3.464556313089348123e+02 3.168812808631281119e-01 2
28 -3.464506992626584747e+02 8.907991258393653800e-01 0
27 -3.464508102677665988e+02 6.151991386247743776e-01 0
23 -3.464582557102770579e+02 9.244384621216727993e-01 2
27 -3.464505774187590532e+02 1.284086989607935436e-01 0
28 -3.464506332471902397e+02 9.988729410120451568e-01 0
0 -8.306430083135643144e+03 6.341492558119297129e-01 1
11 -3.655553187000413118e+02 5.371330646570140477e-01 4
24 -3.464551113488516876e+02 5.852750851285648537e-01 0
25 -3.464510769587734558e+02 7.709466281773658114e-01 0
21 -3.464947977505585186e+02 3.851539813049279504e-01 0
14 -3.500342852680524857e+02 1.121922541667812467e-01 4
28 -3.464503516978682569e+02 8.061984129763904994e-01 2
18 -3.467528604894133650e+02 8.630196545488064697e-01 1
9 -4.207546659869256587e+02 1.437323704186801165e-01 3
23 -3.464529669960895717e+02 8.143963415604336120e-01 2
18 -3.467268704806829192e+02 6.486349458596809558e-01 4
23 -3.464572614992738977e+02 9.871226695370029225e-02 2
14 -3.478560391988610263e+02 5.129218525088283798e-01 4
12 -3.494316818794335973e+02 3.441462083478117884e-01 3
15 -3.479164050166789366e+02 5.827060947594984164e-01 4
20 -3.464864687109535453e+02 1.505400811213569723e-01 0
0 -1.314871853288135899e+05 8.855430279102096680e-01 4
0 -2.292048252428294290e+04 5.057050296422603841e-01 4
24 -3.464526406514235077e+02 5.024398078893455022e-02 3
16 -3.467202766974945689e+02 3.717753164657936482e-01 1
21 -3.464811689362211382e+02 1.309428009726490427e-01 0
1 -1.891554816911360103e+04 8.144873288123299915e-01 4
19 -3.465828206198876273e+02 4.461382313765674956e-01 0
21 -3.464885781368716380e+02 9.292423148995543336e-02 3
8 -5.603418495994109207e+02 5.219396729491623255e-01 4
15 -3.484773709243827398e+02 3.084740056275656617e-01 0
8 -4.899413032189817159e+02 9.414685702526265354e-02 4
26 -3.464518839404692585e+02 9.906366897586000864e-01 2
27 -3.464509098588671350e+02 6.685252330457990000e-02 3
28 -3.464505120221223819e+02 4.407331570994287295e-01 3
2 -3.773977357474104792e+02 8.120070722607184432e-01 1
6 -8.582717492461250686e+02 2.796055498741479850e-01 4
28 -3.464506197704278065e+02 6.430931681896860930e-01 2
4 -1.736333200828379631e+03 4.898799320269873192e-01 0
6 -8.654775128024183459e+02 4.948085936986333366e-01 0
11 -3.629180621714666586e+02 4.574987134131183186e-01 0
9 -3.995176788944676218e+02 5.916163411027497432e-02 3
21 -3.464846274772176002e+02 3.138860769193408395e-01 2
7 -5.043647867001259328e+02 1.837112362545246513e-01 1
0 -1.000000000000000053e+300 9.708642735172989813e-01 4
16 -3.476410329712099383e+02 7.074322331605499281e-01 3
14 -3.494939159073199448e+02 1.803948999449463131e-02 0
14 -3.494883665845667338e+02 9.063982582826159984e-01 2
13 -3.521439397043290001e+02 8.797449717630192456e-01 0
11 -3.484146585187471032e+02 3.639641167029705193e-01 2
18 -3.467392342725426033e+02 1.107734447237077174e-01 2
17 -3.467166666142886697e+02 1.969418232363487342e-01 2
14 -3.503262501815181054e+02 7.688175899745162134e-01 3
5 -1.627645298904238189e+03 2.566048101484394994e-01 1
2 -1.138382082618259301e+04 1.373649187723814113e-01 1
1 -2.471101173428031325e+04 2.237188329540273912e-02 4
10 -3.712478009643113523e+02 7.355560231577342734e-01 0
3 -4.555228807557035907e+03 6.486883775849179301e-01 0
22 -3.464571853713248402e+02 6.829784482701262149e-02 3
18 -3.467054758143411846e+02 3.801671059719526902e-01 2
0 -9.379434788188122911e+04 7.577324148180801799e-01 4
3 -2.594502466345191351e+03 9.956375426008924334e-01 0
4 -1.103339492127511676e+03 8.397123716428454010e-01 0
8 -5.433830640832841254e+02 3.255386522402283211e-01 1
0 -8.538746093652513082e+03 2.375868257946110451e-01 0
10 -3.579712383773642159e+02 9.791802085430990621e-01 4
24 -3.464542608309183152e+02 1.090288158819134878e-01 3
23 -3.464522976262062457e+02 1.241094937255624586e-01 3
14 -3.489118273910711991e+02 1.758624920224832744e-01 0
11 -3.546149756994865356e+02 2.556568149197050999e-01 1
0 -8.182255714198497571e+02 3.652598692169879979e-01 4
0 -1.000000000000000053e+300 5.719356828683965777e-01 2
2 -9.360657867281368453e+03 6.759399251646047713e-01 4
14 -3.501387502220189276e+02 5.576409751125841474e-01 0
23 -3.464553167177442674e+02 2.090595764114651089e-01 3
18 -3.468276677772225867e+02 3.154901989180282085e-01 0
20 -3.464982080537398588e+02 4.809120588936366403e-01 3
13 -3.511712306126891008e+02 9.157613087426313969e-01 2
16 -3.466281872818893817e+02 3.697347879112433677e-01 0
19 -3.465802061717390643e+02 9.438912255302495113e-02 3
17 -3.466924509843273086e+02 7.087595428546384912e-01 1
14 -3.481392417437652966e+02 8.460504529241930083e-01 0
18 -3.468000648118070899e+02 9.082888529666788280e-01 3
20 -3.464860568859900241e+02 2.157788625160340645e-01 3
26 -3.464518751629007056e+02 9.576414963312001039e-01 1
14 -3.488093288743909852e+02 4.521315330235715635e-01 0
21 -3.464948791407773001e+02 8.582248378622239215e-01 3
7 -6.658716074332759263e+02 3.896553159078308681e-02 4
7 -7.692045204200157968e+02 5.988068983315169014e-01 2
5 -6.939916507423122312e+02 3.390260883642585155e-01 2
13 -3.495620028371240551e+02 5.572996966658654294e-01 0
17 -3.470881923485130756e+02 8.251172961919939208e-01 0
15 -3.484733811689810068e+02 2.181853152527189754e-01 0
5 -1.008558054040228853e+03 1.156930576933216936e-01 4
1 -3.208099328850013262e+04 8.321642292226185678e-01 2
29 -3.464504581593357670e+02 2.217382852506100122e-01 3
28 -3.464506562729666257e+02 5.950049342452504719e-01 1
6 -1.014862612390748836e+03 4.111464659070432348e-02 2
29 -3.464502740479156842e+02 4.245100110422946327e-01 3
3 -5.808250173276121131e+03 7.932570770857056974e-01 2
4 -1.362864070884602370e+03 2.207729470376054159e-01 2
26 -3.464516408772770433e+02 7.918120229306887525e-01 1
6 -4.642919808424593953e+02 2.377049578372076588e-01 2
4 -7.578677621502714601e+02 3.406726333330162282e-01 2
8 -4.169312305896148700e+02 8.093085119720364595e-01 4
7 -6.940327292626959661e+02 8.572665409550570548e-01 4
28 -3.464504259558769945e+02 1.089216578135423497e-01 1
19 -3.465876672964440104e+02 4.985871313099021762e-02 2
29 -3.464503859209588086e+02 7.198841828056244951e-01 3
20 -3.464834317903133751e+02 7.760399042104805245e-01 2
2 -2.745996388453419513e+03 1.516369926570217963e-01 0
11 -3.632560102702589688e+02 6.468585839261109527e-01 4
19 -3.465347499735068482e+02 4.909466108330975409e-01 2
14 -3.508758316657629734e+02 6.848533774213665382e-01 0
26 -3.464518327092064283e+02 9.720341083027282947e-01 1
28 -3.464503699885449350e+02 5.980414451531324005e-02 3
29 -3.464505155640878229e+02 7.406662394569947516e-02 3
29 -3.464503819171981149e+02 7.144362940472201440e-02 3
15 -3.467684582502058106e+02 1.612909721946227948e-01 4
8 -3.591579163675531845e+02 3.285532687590779766e-01 2
16 -3.469442170687433418e+02 5.518469853103615819e-01 4
9 -4.166683475741740494e+02 2.236154264836498762e-01 2
20 -3.464620763619440140e+02 6.433683993789903743e-01 1
14 -3.508148478960121111e+02 8.704015988126845293e-01 2
12 -3.480177947845786548e+02 6.745229304599149600e-01 4
11 -3.673447280206535197e+02 7.828615028027645639e-01 0
24 -3.464542159586616208e+02 8.121152496966033141e-01 1
11 -3.659500781330569907e+02 3.103725643915588583e-01 0
3 -6.215635212839341875e+03 2.936845931971303614e-01 2
24 -3.464560736281810023e+02 1.082650354033289908e-01 1
18 -3.466962436585971545e+02 4.506589055645051634e-01 4
24 -3.464549411705549460e+02 5.661338236136468360e-01 1
22 -3.464651202447456626e+02 2.766239365658610394e-01 1
29 -3.464503000523817491e+02 9.688787810066497030e-01 3
20 -3.464968835648921299e+02 8.397870579628198551e-02 4
22 -3.464608942735965229e+02 6.765587529881624818e-01 1
3 -5.495455232389997036e+03 1.169354191882737287e-01 0
6 -5.830155268720905042e+02 4.583242525246391530e-01 2
22 -3.464589196259195774e+02 5.365929988085865743e-01 1
17 -3.464861618568507993e+02 1.460113921226839362e-01 4
0 -1.057021935204833862e+05 1.767433950533532361e-01 2
14 -3.502177194594538605e+02 8.835306795442309236e-01 0
26 -3.464512908231871506e+02 2.257988243323207772e-02 1
17 -3.468795419852151554e+02 4.689474320685543124e-02 0
20 -3.465095676897600470e+02 3.147112488384361528e-01 4
25 -3.464525076418480012e+02 7.310712276627545636e-01 1
29 -3.464503969471111304e+02 1.571086645423507844e-01 3
10 -3.589172965251116239e+02 3.790226868989448050e-01 4
9 -4.165280806848633119e+02 6.271966994767991244e-01 4
22 -3.464601404568477392e+02 4.787507527373722205e-01 1
21 -3.464626446883841027e+02 8.613236263075972898e-01 1
1 -8.142693806652601779e+03 3.873027255795275514e-01 2
5 -1.824627781321310067e+03 2.158012520703753157e-01 2
26 -3.464515922059896411e+02 7.954345293981648357e-01 1
1 -1.131805899441869769e+04 7.926477023106116571e-01 4
25 -3.464521360911541024e+02 9.166679980322030019e-01 1
19 -3.464866378225283938e+02 5.192854308456187340e-01 0
11 -3.605630090632148494e+02 8.483024909819429915e-01 3
8 -5.620342466171905471e+02 5.712110863330342736e-02 2
15 -3.472691592894842643e+02 9.093633652782810994e-01 3
28 -3.464507586149504732e+02 7.411367508652837444e-01 1
24 -3.464556609068536090e+02 1.996063511337140550e-01 0
24 -3.464549495645003958e+02 2.481361595884803706e-01 3
25 -3.464525130932983075e+02 7.480156700963576100e-01 0
0 -1.000000000000000053e+300 4.451290544412317418e-01 4
22 -3.464582751519023986e+02 5.167812588896968373e-01 0
1 -2.697827023054891470e+04 1.807216502460145813e-01 4
28 -3.464508630103727000e+02 6.337725203855670841e-01 0
27 -3.464511255383925459e+02 7.044900918621127550e-01 0
21 -3.464705614375158120e+02 8.385094255544524033e-01 1
14 -3.469388649437493086e+02 5.889436580435443158e-01 3
11 -3.565140886520397885e+02 7.032111330932906412e-01 2
13 -3.504480221772225832e+02 3.600749131548204862e-01 2
0 -2.343513985667910310e+04 5.887794836509936403e-01 4
15 -3.476612133482508966e+02 1.383733848950423062e-01 1
14 -3.491432991866857947e+02 8.402597274709502351e-01 1
29 -3.464502832188258026e+02 2.766192546403496433e-01 0
2 -8.252687879022943889e+03 6.873906701078090764e-01 4
4 -1.306166378493960792e+03 6.089499558675467439e-01 4
3 -1.101589157986555620e+03 4.639201354054414139e-01 4
22 -3.464582741028875716e+02 3.207006546871724595e-01 3
26 -3.464503122816990981e+02 2.657921657694553019e-01 0
11 -3.635664304580674298e+02 7.394222323659476181e-01 1
9 -3.869503319818029468e+02 7.841949561077301567e-01 1
23 -3.464541393084926426e+02 5.389011535324181867e-01 3
21 -3.464584452260788794e+02 8.927042552446355916e-01 3
6 -9.629014126738479717e+02 4.024732412948528459e-01 4
0 -8.700259694932169805e+04 5.044539574227902001e-01 1
3 -3.970612824406574873e+03 3.969730215527106365e-01 1
7 -4.554889649699170491e+02 1.233098625289265476e-01 4
8 -4.519534946153710280e+02 7.300707850640313357e-01 4
7 -8.139087556513525215e+02 6.571539616931189043e-01 2
28 -3.464508355300799849e+02 6.232791048397318123e-01 0
0 -3.473839371504945302e+04 3.349015771046067180e-01 2
13 -3.505894155372785121e+02 8.144011969429436615e-01 3
3 -3.006581845203355442e+03 5.946189364000389332e-01 2
26 -3.464506522913800382e+02 2.288722565729928160e-01 0
5 -1.551025640250648621e+03 1.535247631456914397e-01 1
11 -3.589561460126544716e+02 9.627310790314482780e-01 4
7 -7.747403443459975279e+02 3.126379490383470738e-01 1
23 -3.464510457885705250e+02 3.144267276201089811e-01 0
21 -3.464668344779620952e+02 6.092835633314488408e-01 0
28 -3.464503015325639126e+02 8.280795285177960929e-01 0
5 -1.206503053043762975e+03 1.061499671190923727e-01 1
0 -2.255551572402878446e+04 7.151245592279387164e-01 1
19 -3.465966446063915782e+02 9.999807335085530990e-01 2
16 -3.467708109833845356e+02 7.803187251938060731e-01 4
17 -3.467592403877598599e+02 1.739479413622871951e-01 3
16 -3.472095824059871347e+02 7.092825756770919643e-01 3
19 -3.465866380824634803e+02 8.590895044926200042e-01 3
9 -3.814979780345174163e+02 7.879176999829661243e-01 1
17 -3.466874566656873071e+02 9.148559715998871855e-02 2
3 -1.467673908415433971e+03 2.995519092033944730e-01 1
28 -3.464508821411890267e+02 2.035281859942121921e-02 0
22 -3.464649444364580404e+02 7.596344963067708234e-01 2
29 -3.464504045448163083e+02 5.069371915416747143e-01 0
10 -3.520426373922186940e+02 1.207545042327614060e-01 4
5 -1.646845152726666129e+03 9.643539351327842235e-01 3
16 -3.473360284332399601e+02 6.943986996720796778e-01 2
0 -1.203646095968997543e+04 7.517533062540764366e-01 1
26 -3.464518489555606493e+02 1.033329279214632024e-01 0
24 -3.464533645267786142e+02 7.021681771720533760e-01 0
0 -2.401443077249686030e+04 1.669721015614114290e-01 3
6 -5.499450939394079114e+02 3.164868682955139789e-01 3
7 -5.106669537715324054e+02 5.654644025616003544e-01 2
0 -1.000000000000000053e+300 3.545430860545550900e-01 1
8 -4.822943440642515043e+02 7.320882776742148046e-01 4
0 -1.951198211378967471e+03 7.521031944303341321e-03 3
6 -8.657359607677351505e+02 9.449288165912781423e-01 1
4 -2.228679544957203689e+03 1.577660186033491563e-02 4
8 -5.666436858209891625e+02 8.708278859604732247e-01 4
9 -3.927047379448915194e+02 3.047636698499517904e-01 4
8 -5.556901659083531513e+02 2.732554098670427201e-01 1
29 -3.464504833147741465e+02 2.295824678418074694e-01 0
28 -3.464505447499086586e+02 6.172573197967708980e-01 0
6 -6.015172290597232632e+02 3.681098132449276972e-01 2
1 -4.248634995991860342e+04 6.375233582980595060e-01 1
14 -3.483989073440527591e+02 9.555384401561589636e-01 4
14 -3.493465396988216867e+02 7.477456172237315624e-01 4
11 -3.613700101142662788e+02 2.239710856714259568e-01 4
12 -3.587550588304143844e+02 9.567920309392358158e-01 4
20 -3.465087254807742738e+02 8.010392453213714958e-01 2
12 -3.560246921000074849e+02 2.350603150641731587e-01 4
17 -3.468669571596686865e+02 3.766330321255608737e-01 3
10 -3.787183780588680975e+02 7.283854539018258523e-01 4
22 -3.464676893286630275e+02 4.829694235536324126e-02 2
11 -3.665288248463891136e+02 1.756603072309056296e-02 4
12 -3.543644771256368813e+02 5.873198903971680318e-01 4
5 -6.593422284181100395e+02 7.415462108271297925e-02 1
11 -3.660421336101234715e+02 9.361433415846581729e-01 4
9 -3.839766435701023966e+02 7.548455273655509945e-01 1
19 -3.465193314285284032e+02 2.698772246992892088e-01 2
22 -3.464581234863193231e+02 4.242248469678062961e-02 2
14 -3.506391725699954804e+02 6.870416464377910870e-01 3
2 -6.174366009155054599e+03 5.176125026063538304e-01 4
9 -3.637344996716992682e+02 2.037505355857039124e-01 1
16 -3.474257036311203706e+02 5.857646882165743474e-01 3
9 -3.896336975022415459e+02 3.249019202744005130e-01 1
16 -3.474593084443215503e+02 5.872091469781797191e-01 3
12 -3.566259620967161368e+02 6.744339715242437805e-01 1
28 -3.464508781828435531e+02 8.667599079378242033e-01 0
1 -9.898424285144774331e+03 3.123760108371571587e-01 4
17 -3.472065414743035490e+02 8.432208884123714165e-01 3
6 -6.833756101252207600e+02 5.599232277521700718e-01 4
19 -3.465916113241459016e+02 6.346972140001201357e-01 2
14 -3.464926068745533030e+02 9.501116467854706649e-01 2
20 -3.465061809622028477e+02 2.667736686393915591e-01 2
21 -3.464713039655649709e+02 4.545169641352893031e-01 0
4 -2.424584558169279717e+03 9.664868468431370152e-01 4
15 -3.472732564716096135e+02 2.775239256122596365e-01 3
3 -4.040218399558795227e+03 6.554656616019029214e-02 4
11 -3.645159797500464265e+02 7.630946258945401350e-01 1
13 -3.523218560186580817e+02 4.152849518901550185e-01 3
10 -3.470216866548322514e+02 5.866351244847569646e-01 3
4 -2.844923667068704162e+03 2.398755913310186005e-01 4
22 -3.464612401764163678e+02 4.228308995239498103e-01 0
13 -3.500166032282564856e+02 2.823938874855212444e-01 1
13 -3.504731036734473264e+02 6.756124582768644471e-01 4
11 -3.667689845294311226e+02 6.498800321163689109e-01 4
19 -3.464737712974784927e+02 7.591138307534150975e-02 3
24 -3.464560816393046707e+02 7.486667831848038412e-01 0
7 -4.709409079591227396e+02 3.120552109508250016e-01 4
5 -1.092962783283543104e+03 7.844424838951913337e-01 1
18 -3.468091933781843750e+02 6.931254092915763998e-01 4
25 -3.464506450896520846e+02 1.783388208801060248e-01 2
24 -3.464557790790713625e+02 4.963278769882766284e-01 0
1 -1.955964815725195149e+04 3.974519748512221895e-01 1
16 -3.472942797328431084e+02 4.497135371518261593e-01 4
4 -1.571112500389512206e+03 2.865338520890964302e-01 1
19 -3.465009839797246514e+02 1.334472402565083371e-01 4
13 -3.527108213586999454e+02 7.828995505714341219e-01 3
28 -3.464508599144871823e+02 6.072818701951498976e-01 2
26 -3.464509091370856595e+02 6.997950255257310292e-01 2
27 -3.464512911955921481e+02 5.874879010356662823e-01 2
7 -5.154264789585253084e+02 5.533111807329440524e-01 1
27 -3.464506365558608536e+02 7.154180204027751344e-01 2
17 -3.471732242305308773e+02 5.376187333299071724e-01 3
12 -3.503808742161127725e+02 5.782467966154629657e-01 1
26 -3.464510157430161712e+02 6.907214021050265274e-01 4
28 -3.464505803945680782e+02 2.006588865949681111e-01 2
15 -3.480103939709270549e+02 3.557597637620545927e-01 3
25 -3.464522827939946410e+02 9.137187856155604138e-02 2
25 -3.464523121810168504e+02 2.749920260939941463e-01 2
9 -4.224450167302052819e+02 4.358791591559117440e-01 0
2 -3.684255278801620079e+03 4.595792125653310745e-01 1
24 -3.464520137167463645e+02 5.354258617396219500e-02 2
28 -3.464504457844956278e+02 4.801304738225415369e-01 2
7 -5.121956123738040105e+02 5.825372108907380664e-01 1
9 -3.682075094824140820e+02 6.867991325569455796e-02 3
16 -3.472492381019061440e+02 9.876472859412069871e-01 1
26 -3.464515931846514718e+02 1.250486225982858947e-02 4
16 -3.475810248983243582e+02 2.338514481454865290e-01 1
22 -3.464628494381523183e+02 3.498037583319150989e-02 2
19 -3.464941247831719693e+02 7.354582859026210784e-01 2
24 -3.464537971845112452e+02 6.433828988056299325e-01 4
2 -8.746471407578599610e+03 8.078020462426511727e-01 3
9 -3.870814142578257702e+02 9.626645701832179380e-01 1
5 -1.652510425663786009e+03 3.368096566290647020e-01 1
7 -6.299153929842092339e+02 4.966618798958766234e-03 3
17 -3.469703851036063611e+02 5.116015858524547433e-01 4
6 -9.101971130889148753e+02 7.307737202138275649e-03 3
8 -4.619133422599799701e+02 9.618873385150333855e-01 0
24 -3.464535779190457561e+02 8.085302549133660532e-01 4
26 -3.464514464565274920e+02 6.352833444875544133e-01 4
29 -3.464503031185601003e+02 7.340633137047234413e-01 4
1 -1.177559671126057219e+04 9.604011177343050321e-01 1
7 -7.266228511896483724e+02 4.077770599280827746e-02 0
9 -4.038415545447198838e+02 8.763721308865898285e-01 0
26 -3.464518927577645400e+02 7.645598198160086234e-01 4
15 -3.484395175941772322e+02 3.303903845396138905e-02 3
8 -4.423214637136086367e+02 6.864884776506979813e-01 0
21 -3.464681020836517860e+02 4.467313815096699559e-01 3
14 -3.482424864598821159e+02 3.959675630557057957e-02 2
29 -3.464504279799820665e+02 5.014211558776822120e-01 4
1 -2.301769883928840136e+04 4.102380454368665941e-01 0
0 -1.000000000000000053e+300 2.561753311782988818e-01 1
17 -3.466759419818582160e+02 4.964775859538024250e-01 3
17 -3.472190605411050228e+02 1.278272454214942067e-01 3
23 -3.464596635039977741e+02 7.693008468159245883e-01 4
19 -3.465264568105243939e+02 3.938790946867359311e-01 2
18 -3.467174874073278943e+02 7.154290265309373176e-01 3
10 -3.764136826384622623e+02 9.218592463604649012e-01 1
7 -7.279563055467068580e+02 5.362021323012533536e-01 0
13 -3.522254116667299968e+02 4.958301811194733566e-01 3
6 -1.068944677361194863e+03 5.638447494915428404e-01 0
14 -3.497729587409726264e+02 5.596135713102263765e-01 2
9 -4.207341257505660224e+02 5.767749855466577924e-02 3
27 -3.464507334620249139e+02 4.202373818059683686e-01 4
25 -3.464522101338886273e+02 3.043671953409036735e-01 4
18 -3.466817208273433835e+02 7.218780118324161776e-01 2
3 -4.718740494761634181e+03 2.809096657768099803e-01 0
2 -5.062189535415435785e+03 9.592059919895147280e-01 0
20 -3.464612862019849899e+02 7.941843421079628484e-01 4
10 -3.658976379921178932e+02 6.914955788345411580e-01 3
19 -3.465637279311130783e+02 2.044911796604569898e-01 2
22 -3.464655060435931091e+02 1.483385578250500103e-01 2
20 -3.464965849402050253e+02 7.127007332685075802e-01 4
24 -3.464555652749540400e+02 5.364253876015040445e-01 4
18 -3.466475483950365515e+02 7.829008422817247403e-01 3
6 -1.065273637632367354e+03 9.553202359068614646e-02 1
22 -3.464624652861857612e+02 1.909577182392205585e-01 2
10 -3.726954682353766657e+02 9.545805533546491972e-01 1
7 -6.454824829034079130e+02 2.513947029233101205e-01 0
21 -3.464620663880534721e+02 3.845596150834307281e-01 2
21 -3.464907331538277617e+02 4.153698915892259924e-01 2
2 -1.301681946104940471e+04 8.249562411655984029e-01 1
27 -3.464511701259043548e+02 7.775901206387940690e-01 2
4 -8.055021965131869592e+02 7.359823529484907922e-01 0
24 -3.464555435625106838e+02 6.525809460679640184e-01 4
18 -3.468633467053069239e+02 5.215032169062941980e-01 3
17 -3.469406767683820476e+02 6.125091527562894766e-01 3
23 -3.464549825934890350e+02 7.905473297347946904e-01 2
29 -3.464502952016307518e+02 1.607582484750902374e-02 4
25 -3.464524952833403972e+02 2.565781183144881239e-01 4
20 -3.464657389096648785e+02 1.371532235201944894e-01 4
29 -3.464504884757405989e+02 5.434784461362784924e-01 3
11 -3.670265273460738626e+02 9.930782637866827356e-01 0
26 -3.464505684182139476e+02 6.944953043209632915e-01 3
7 -3.812194856254720889e+02 7.470098366077227992e-01 0
