-1.831776147432520929e+01 1.280377765315089400e-01
-1.912863217149310202e+01 4.248042794785657494e-01
-1.934565499594538096e+01 3.395894201025653203e-01
-1.934525272290695597e+01 1.620222142765589957e-01
-1.900470359266201825e+01 9.907386853014046313e-01
-1.947162043994431713e+01 3.283533604133513917e-01
-1.841382078248978260e+01 8.146267891184686416e-01
-1.927311137318062961e+01 2.657733098423220586e-01
-1.922863504218824815e+01 5.377532926722325968e-01
-1.907001016534459836e+01 2.648308267903980995e-01
-1.930107303931200846e+01 2.750015931815527614e-01
-1.922646921617246818e+01 3.271432274929343964e-01
-1.944319801574160422e+01 3.047299739427082599e-02
-1.887958798300152097e+01 5.594187327516020325e-01
-1.925262966124162389e+01 4.333412442052738123e-01
-1.905753783855229244e+01 9.252494625963687547e-01
-1.927432045603834609e+01 4.737277115599860533e-01
-1.928192866131025340e+01 2.809358332303475425e-01
-1.930226621925224251e+01 3.644739572779893688e-01
-1.921224103133418382e+01 4.695281706314717307e-01
-1.929087940615537633e+01 4.551890457134400436e-01
-1.938954566686276593e+01 3.280395335628815690e-01
-1.887349497934489762e+01 5.034003040491406011e-01
-1.912474359581756644e+01 3.812848319306786915e-01
-1.927044239563404560e+01 2.788361744756917004e-01
-1.922183693861175158e+01 4.343636470065059263e-01
-1.940015665611407769e+01 1.782702304441686481e-01
-1.930902713301744100e+01 2.618338739084560274e-01
-1.927864183115530139e+01 3.058978679814436386e-01
-1.931582170004002208e+01 2.781120853782462765e-01
-1.928411980958290428e+01 2.084726436177748443e-01
-1.929643374037556924e+01 2.739694084387477857e-01
-1.929316084672372966e+01 2.828111256832601672e-01
-1.909238149169959442e+01 1.301743329858700560e-01
-1.929701075174166647e+01 2.744853783973600359e-01
-1.929471259448596143e+01 2.782890508658110162e-01
-1.928827544347320355e+01 3.061253959241997391e-01
-1.927832306620121017e+01 2.726431004903170363e-01
-1.928491848703814782e+01 2.954200809015938289e-01
-1.929527053603290554e+01 2.782406851201638109e-01
-1.931899921405772602e+01 2.857363839331372168e-01
-1.929944806011059200e+01 2.750074228950737942e-01
-1.929578617626926373e+01 2.673177875211099064e-01
-1.933274716068151733e+01 2.005705354520852524e-01
-1.928419183465947739e+01 2.939635722174259169e-01
-1.929474135351487263e+01 2.786046319930395310e-01
-1.928518836174672657e+01 3.031596624789429928e-01
-1.929030902468105069e+01 2.842210617412302964e-01
-1.929199871246118647e+01 2.827902919620900457e-01
-1.929192797667377590e+01 2.827907139665248870e-01
-1.929221947153702743e+01 2.840529408037774095e-01
-1.929147677461929078e+01 2.834385238401332385e-01
-1.929202584253404495e+01 2.832801224244556049e-01
-1.929175473093695814e+01 2.832485321557984825e-01
-1.925013720639305603e+01 4.395167718035962734e-01
-1.929159444339681428e+01 2.871467724723482107e-01
-1.929165070986890029e+01 2.842119309412698969e-01
-1.929143479142331330e+01 2.839755856007336043e-01
-1.928710235580747678e+01 2.837063783517531634e-01
-1.929165002924199968e+01 2.833918094679130917e-01
-1.928994490616053525e+01 2.837552558680911940e-01
-1.929144168353493072e+01 2.836699911455825007e-01
-1.929186908731283268e+01 2.816990471198836388e-01
-1.929192245569196373e+01 2.828738274744554970e-01
-1.929140926065817041e+01 2.834118319991966728e-01
-1.929111979743554528e+01 2.834334390990895236e-01
-1.929176219949416549e+01 2.846652847327502678e-01
-1.929219801873922790e+01 2.830428829136230617e-01
-1.929087682599089248e+01 2.849018539756942858e-01
-1.929165740103389481e+01 2.833671600611902819e-01
-1.929246293447840088e+01 2.807884233955949549e-01
-1.929084213869910513e+01 2.894737113585564292e-01
-1.929156246904301142e+01 2.834870511174925611e-01
-1.929164231259074214e+01 2.832451365663564702e-01
-1.929163539200196453e+01 2.833928647863799277e-01
-1.929162959218111695e+01 2.833967423957968745e-01
-1.929153019034258421e+01 2.834514167756628233e-01
-1.929164267105060304e+01 2.832787606265496638e-01
-1.929144366627912888e+01 2.840961163075099161e-01
-1.929175623804290041e+01 2.833042113375084381e-01
-1.929154996560735214e+01 2.835370509586826460e-01
-1.929094436082290898e+01 2.832798644073658556e-01
-1.929159044575960635e+01 2.832611548354448949e-01
-1.929140100747553177e+01 2.836731766715694936e-01
-1.929099925504001334e+01 2.838453665871789044e-01
-1.929134461868740757e+01 2.835893206671448730e-01
-1.929164006566463385e+01 2.834189687356093446e-01
-1.929161878915556372e+01 2.833354888087050716e-01
-1.929250059613817925e+01 2.823734773435129242e-01
-1.929166463626781791e+01 2.830753281817768308e-01
-1.929163249315011441e+01 2.833482834984333842e-01
-1.929163411841686937e+01 2.833856882852190395e-01
-1.929162856748633459e+01 2.833862424592735740e-01
-1.929161701966399178e+01 2.834002670880110264e-01
-1.929161076520095364e+01 2.833841372480106480e-01
-1.929161845539103837e+01 2.834024308118504032e-01
-1.930048968520058850e+01 2.715251328130987019e-01
-1.929161885115428277e+01 2.833959028123929080e-01
-1.929161460759871360e+01 2.833842401515124232e-01
-1.929871452571189749e+01 2.817869915972920358e-01
-1.929166023267408647e+01 2.832759777255678957e-01
-1.929163058184845170e+01 2.833769890215254161e-01
-1.929168278446297791e+01 2.833046134966645258e-01
-1.929168997298744159e+01 2.833360215998675380e-01
-1.929151595849272738e+01 2.834851923456762623e-01
-1.929151852093549024e+01 2.834779778858989574e-01
-1.929162134808259665e+01 2.833903609517652300e-01
-1.929162658776938599e+01 2.833819061732753553e-01
-1.929163573396437670e+01 2.833583794542169354e-01
-1.929163089031580824e+01 2.833802599668419631e-01
-1.929162967300242926e+01 2.833812797860387200e-01
-1.929162992690235612e+01 2.833813529210734705e-01
-1.929162818183635508e+01 2.833826557885239517e-01
-1.928429945718528415e+01 2.967313160761167468e-01
-1.929142820367937361e+01 2.840173777680468081e-01
-1.929071889988632194e+01 2.839994484538403974e-01
-1.929162199443815950e+01 2.833853460483380937e-01
-1.929274408312044642e+01 2.813181152289362386e-01
-1.929163137931194427e+01 2.833848615025910678e-01
-1.929055576691575169e+01 2.853372073900415917e-01
-1.929169059427778521e+01 2.831998028563915137e-01
-1.929151028325049211e+01 2.835862303599924195e-01
-1.929162765978685101e+01 2.833834501301598641e-01
-1.929162481211456637e+01 2.833824277725190410e-01
-1.929162745605489704e+01 2.833843693662475571e-01
-1.929163437448300300e+01 2.833756320425902531e-01
-1.929163528040384534e+01 2.833750844228781762e-01
-1.929162945997570944e+01 2.833837702446306284e-01
-1.929162741906367629e+01 2.833859059870184050e-01
-1.900108206440062020e+01 7.438911717031047033e-01
-1.929162675490715273e+01 2.833863440647716447e-01
-1.929162667144460030e+01 2.833865149797482608e-01
-1.927620575562332306e+01 3.042520761863346523e-01
-1.929164912410088917e+01 2.830310250444349474e-01
-1.929253257814727718e+01 2.814691779228655211e-01
-1.929170012144713198e+01 2.826823104375182916e-01
-1.929162732815670012e+01 2.833843835472629191e-01
-1.942031824878623070e+01 5.130060220763508205e-01
-1.929162728988323039e+01 2.833843802562923675e-01
-1.929162730285031913e+01 2.833840618966418923e-01
-1.921340331325090034e+01 4.354552304109160499e-01
-1.931572947496841408e+01 2.511276632818983945e-01
-1.987661042342869067e+01 3.665613016289768211e-01
-1.929162754267783342e+01 2.833849986870636828e-01
-1.929162734240535571e+01 2.833844747636624084e-01
-1.929162624099312495e+01 2.833857574641692190e-01
-1.927373454294844635e+01 1.747847590988127753e-01
-1.943716677884334842e+01 7.489611072425411686e-01
-1.809768830326854783e+01 7.076135492276385275e-01
-1.929368688139882693e+01 2.802237074852858001e-01
-1.929162856849864482e+01 2.833830141790582013e-01
-1.929163764165117456e+01 2.829931187044913976e-01
-1.929039804084574072e+01 2.849160094125641751e-01
-1.929199893010895650e+01 2.845440527802358122e-01
-1.929140431503991238e+01 2.836179492399953928e-01
-1.929162643195667926e+01 2.833879828514428434e-01
-1.929015090362916496e+01 2.850646701621154522e-01
-1.929151997282086484e+01 2.832940353493940688e-01
-1.929165697277851876e+01 2.833003611099519925e-01
-1.929162733677613772e+01 2.833845455438468997e-01
-1.928984424546418808e+01 2.605469243784393485e-01
-1.929868057309580109e+01 3.561932543046273381e-01
-1.889035061108213753e+01 9.937168347324267792e-01
-1.929163008397376800e+01 2.833731983603184346e-01
-1.929162924761263298e+01 2.833844437649004067e-01
-1.929162617234467092e+01 2.833842118507911567e-01
-1.929162803173789698e+01 2.833817084363793315e-01
-1.929061665700839612e+01 2.841255566760501061e-01
-1.929091702249660401e+01 2.805917065201096183e-01
-1.929165462981012880e+01 2.833362364848405757e-01
-1.926955913558912670e+01 3.007523785391761351e-01
-1.928928524855745863e+01 2.862229100298973039e-01
-1.929165057591169941e+01 2.833308237177954991e-01
-1.924630373379551784e+01 3.281692051385061148e-01
-1.929292119648887649e+01 2.807038894940541152e-01
-1.927107762017049808e+01 2.852850628853901838e-01
-1.934044541533932815e+01 3.288479031960849785e-01
-1.928417837563781490e+01 3.021343645686343504e-01
-1.929210647887555652e+01 2.884189784960257685e-01
-1.830648613425648108e+01 5.327879231571636121e-01
-1.929171709414343638e+01 2.835363859838860301e-01
-1.929400066076781428e+01 2.784769328379665398e-01
-1.928814590762040027e+01 2.943795615019689227e-01
-1.954261580774355522e+01 6.568647085558207976e-01
-1.929149617497132851e+01 2.836898763418645442e-01
-1.909493248974660062e+01 3.639335712857690863e-01
-1.929163658008758375e+01 2.833754815846393216e-01
-1.929163725728931666e+01 2.833787648952360017e-01
-1.922460668664632877e+01 3.715699986686997192e-01
-1.929086164085416755e+01 2.846156352665681899e-01
-1.929147327612560048e+01 2.837085503210077242e-01
-1.929224457258967362e+01 2.834833540429864129e-01
-1.929326189141497849e+01 2.940098350320132226e-01
-1.929062469693438331e+01 2.844530465047340750e-01
-1.929169025031425022e+01 2.833602727969327661e-01
-1.930504009131174925e+01 2.548722475135283827e-01
-1.929178231644995734e+01 2.965086576250678396e-01
-1.929163792678683720e+01 2.833493372917322839e-01
-1.929190459674542879e+01 2.835788232918450280e-01
-1.929162821599796018e+01 2.833825355946840707e-01
-1.929164799979723810e+01 2.833602703935700906e-01
-1.928937283681213799e+01 2.851023267283770424e-01
-1.929162799003934836e+01 2.833819521089074867e-01
-1.935762769956471274e+01 3.193674178701618183e-01
-1.929117508407048831e+01 2.840365358103216775e-01
-1.929164034361903646e+01 2.833699901232690777e-01
-1.929609985019615692e+01 2.796143398490271714e-01
-1.929943096529865088e+01 2.522784412888261496e-01
-1.929138762043096378e+01 2.840394793301916354e-01
-1.929162701393122958e+01 2.833838206059258180e-01
-1.929357616056124414e+01 3.099508361664757294e-01
-1.929162740291967992e+01 2.833843768354544768e-01
-1.929162730411736248e+01 2.833850992243181488e-01
-1.929156822409851912e+01 2.841514791944542706e-01
-1.929162673016295670e+01 2.833843937944650615e-01
-1.929155438678957779e+01 2.836449677491763022e-01
-1.929058631724206307e+01 2.710653117763383579e-01
-1.929369941817634526e+01 2.273875373969800329e-01
-1.929162587752282576e+01 2.833827700151127504e-01
-1.929162722010535447e+01 2.833834251482398869e-01
-1.919993435268292359e+01 5.372157894680547052e-01
-1.929162834400472093e+01 2.833822491059108661e-01
-1.929162791135916066e+01 2.833829667820000342e-01
-1.929162818128459378e+01 2.833838415494989715e-01
-1.934903024568460594e+01 1.119874752730934536e-01
-1.929162773445740697e+01 2.833837586111666029e-01
-1.929162737585194520e+01 2.833843693870660152e-01
-1.929162737582799636e+01 2.833843812297363041e-01
-1.929162389826352353e+01 2.833783763605539630e-01
-1.929156437616002506e+01 2.834744803103114164e-01
-1.929172439619704704e+01 2.832592839975620058e-01
-1.929370875248403649e+01 2.820107261362133633e-01
-1.929182081595812193e+01 2.834621508640999821e-01
-1.929159024059796934e+01 2.834333120612905765e-01
-1.929162683763218311e+01 2.833847056148283139e-01
-1.929157183675500420e+01 2.834192693011496900e-01
-1.928941583828667206e+01 2.891475622411228685e-01
-1.933561016199463367e+01 2.344066816148279164e-01
-1.929176935440469620e+01 2.830783715926081245e-01
-1.929161673980237168e+01 2.834079638182489536e-01
-1.929156517270381244e+01 2.835373327085689565e-01
-1.929202633105031595e+01 2.824279733101902612e-01
-1.929169677092385271e+01 2.827891659613097075e-01
-1.927529256401264490e+01 3.448428472978708470e-01
-1.929803172462235850e+01 2.636408959400682872e-01
-1.929830079394751152e+01 2.676525492466887979e-01
-1.929587319501207787e+01 2.756574517425867676e-01
-1.908905238967708939e+01 5.502992977380185557e-01
-1.929107889833637657e+01 2.844038559717680381e-01
-1.929135807250591128e+01 2.839117283127239877e-01
-1.932448949805304039e+01 4.140831668607694582e-01
-1.929139735276136491e+01 2.829168318824624717e-01
-1.929156272388418003e+01 2.834737422268128193e-01
-1.931176746499868813e+01 5.723270791577180772e-01
-1.929090325922827986e+01 2.873804715712243163e-01
-1.958427732023236700e+01 2.162269458609435424e-01
-1.932179129215919744e+01 2.989856209322677705e-01
-1.929164082533725377e+01 2.833749888214932566e-01
-1.929163282952401914e+01 2.833819352485494880e-01
-1.929892277707295634e+01 2.769981520945947739e-01
-1.929162680685904974e+01 2.833769785787610407e-01
-1.929172888180449874e+01 2.832584036629153812e-01
-1.926910877721458704e+01 3.279040851371490817e-01
-1.929173441727759197e+01 2.870964954420116566e-01
-1.928157497299840983e+01 3.040257273752145495e-01
-1.929162873615048923e+01 2.833830072764024766e-01
-1.929268188958052832e+01 2.819484923194588988e-01
-1.929163484428790554e+01 2.833973746429871432e-01
-1.929162823584524133e+01 2.833838674653434975e-01
-1.929247767618382525e+01 2.826231768238116615e-01
-1.929086117583844029e+01 2.842110465865514413e-01
-1.929162772056086439e+01 2.833838078995057352e-01
-1.928323751545344322e+01 3.106126167743201161e-01
-1.929162726596082322e+01 2.833841998293142872e-01
-1.929162749674191701e+01 2.833848271252238926e-01
-1.929162689694062038e+01 2.833842276026775631e-01
-1.929162708472271603e+01 2.833852278096237187e-01
-1.929162817823948473e+01 2.833829677599175589e-01
-1.929162592628812334e+01 2.833863600460919674e-01
-1.929162814515164115e+01 2.833908953889188176e-01
-1.921640298806239144e+01 4.339777642365650889e-01
-1.929160325134931497e+01 2.834042673385630540e-01
-1.922299538388094930e+01 5.176402866108077427e-01
-1.932269876777318984e+01 1.027346275535708925e-01
-1.929161285560494932e+01 2.834291901384937140e-01
-1.929160846453955713e+01 2.834161216298132779e-01
-1.925943808254411493e+01 3.384666910385069061e-01
-1.929156633034804358e+01 2.838540545958839201e-01
-1.925702996667128630e+01 6.994754541810770387e-01
-1.932386977597160183e+01 2.458897628017063519e-01
-1.929250980734854082e+01 2.832163940790487500e-01
-1.929162479990858614e+01 2.833964623132533833e-01
-1.929162780722190362e+01 2.833825806280237392e-01
-1.927480703184111732e+01 3.102722212475125807e-01
-1.929174591868915201e+01 2.835391433750928947e-01
-1.929162200885256340e+01 2.833932771928119876e-01
-1.929151565344112740e+01 2.841727498332528024e-01
-1.929144382073802788e+01 2.818159206542862893e-01
-1.925386379875134324e+01 3.242355113629057928e-01
-1.930691087190064792e+01 2.553407012867351944e-01
-1.929136929604877437e+01 2.836265309405109347e-01
-1.923665089537766804e+01 4.230241132363503631e-01
-1.902258775947129266e+01 9.191474787458354667e-01
-1.924309550621277154e+01 2.008118202493157367e-01
-1.929570181722231226e+01 2.773500565129028428e-01
-1.929137330968171682e+01 2.819758903323202892e-01
-1.927881198501628290e+01 3.533870628841013772e-01
-1.928939550653403501e+01 2.882448537453147774e-01
-1.928371100794525006e+01 3.162044180295937035e-01
-1.901350254066354850e+01 6.887171496667412463e-01
-1.929160580692950333e+01 2.834256665568441469e-01
-1.923102459473802384e+01 5.343576495350159661e-01
-1.923621946977554131e+01 2.895839370627481535e-01
-1.929161945484323937e+01 2.833929348538014037e-01
-1.933425887242707475e+01 2.809498760128477102e-01
-1.929163507997530047e+01 2.833722604208791518e-01
-1.929168694697831654e+01 2.831229142849001068e-01
-1.930197648489596318e+01 2.716327797225441820e-01
-1.929204767791402730e+01 2.833238721749899436e-01
-1.928933890185545508e+01 2.888316490462564112e-01
-1.929162754027736781e+01 2.833837682940015812e-01
-1.929170383736431305e+01 2.833673770342103881e-01
-1.929245250614504670e+01 2.830449229075334694e-01
-1.929162144660470446e+01 2.834068318208176618e-01
-1.929162841316419374e+01 2.833913624877466564e-01
-1.929162101602690527e+01 2.833892300406636311e-01
-1.929163443919545529e+01 2.833904012571608066e-01
-1.929162741811081361e+01 2.833843436033927632e-01
-1.928912620818957180e+01 2.883609408715985256e-01
-1.930592080443971525e+01 2.434011541181965443e-01
-1.929162769778374908e+01 2.833838789531174518e-01
-1.929316834967572447e+01 2.806046177371745998e-01
-1.929059462591516194e+01 2.838810220704704457e-01
-1.929162151402727332e+01 2.833676997758256544e-01
-1.929211671175935905e+01 2.947363876180137954e-01
-1.929945048664334095e+01 2.745777026784624320e-01
-1.929162757004284856e+01 2.833833194210846895e-01
-1.929162767247255061e+01 2.833841103153355023e-01
-1.927981854111805049e+01 2.850732955834274218e-01
-1.929162717837978036e+01 2.833839151584566785e-01
-1.929162645600231230e+01 2.833864963862604558e-01
-1.929164610731283602e+01 2.833267890274439593e-01
-1.929162742230624161e+01 2.833841819209154123e-01
-1.929159815408548084e+01 2.834749224945303792e-01
-1.929162845265293313e+01 2.833832812319596051e-01
-1.929142782985084992e+01 2.823977747284364126e-01
-1.929171220006939080e+01 2.834132013673990036e-01
-1.929216525388942571e+01 2.831738384604016168e-01
-1.929611150347493975e+01 2.756997863461138065e-01
-1.928803235193871757e+01 2.876123881254306069e-01
-1.930904177284060808e+01 2.494657874175231493e-01
-1.929182821350232402e+01 2.881898897310427032e-01
-1.929134956141074397e+01 2.591191624040218300e-01
-1.901531267926657875e+01 7.162635314932859210e-01
-1.929124475585653542e+01 2.824352857310634124e-01
-1.929051827187293355e+01 2.844312030739334918e-01
-1.929132616701283709e+01 2.825918904929138886e-01
-1.929079874453204368e+01 2.859819569199512634e-01
-1.929162505905898684e+01 2.834019999203001849e-01
-1.918348198731841947e+01 3.905651695880912877e-01
-1.938601465551216307e+01 4.331882112420555320e-01
-1.930001231338823686e+01 2.645343154571075939e-01
-1.928249993900878678e+01 3.004963407094813355e-01
-1.928999453403628195e+01 2.846025995341047721e-01
-1.929163976111338741e+01 2.833790955953942037e-01
-1.929248166009677590e+01 2.835651587726188971e-01
-1.929003153966420925e+01 2.853200952146788816e-01
-1.929148078220879015e+01 2.835277989417420152e-01
-1.929236272632427429e+01 2.810305246155704317e-01
-1.927736177357547831e+01 2.962018591792667244e-01
-1.929087389050510382e+01 2.878627197051565334e-01
-1.929162283585082349e+01 2.833949618722644281e-01
-1.929166486868793129e+01 2.832738036873631016e-01
-1.929162701772913024e+01 2.833848049359449228e-01
-1.929162615933697111e+01 2.833826408188430679e-01
-1.929112107563624079e+01 2.849948895373321522e-01
-1.929064358045914673e+01 2.848634147919258397e-01
-1.929162707159679968e+01 2.833849425547947387e-01
-1.929162694058465277e+01 2.833852642785810172e-01
-1.928687525997835550e+01 2.853985854429851310e-01
-1.929162973111966650e+01 2.833894129093767478e-01
-1.929161712153656794e+01 2.833781002884188105e-01
-1.929162020173940562e+01 2.833978372744203611e-01
-1.929121441517143154e+01 2.840396261349009133e-01
-1.929534318624325451e+01 2.646301040528839521e-01
-1.929279284635505221e+01 2.798354187438205076e-01
-1.929300306533033549e+01 2.796480484230511876e-01
-1.929162763060641694e+01 2.833836949240579051e-01
-1.930112928495380942e+01 2.695001470476921512e-01
-1.929132577782053559e+01 2.835850640917853549e-01
-1.929064191584788546e+01 2.847560892123099929e-01
-1.926752235265647428e+01 2.937419886807543512e-01
-1.929162800943869982e+01 2.833838650232989309e-01
-1.928760015758950885e+01 2.772803934597998232e-01
-1.929136157667472062e+01 2.839729222016320609e-01
-1.929162831627550290e+01 2.833834873339150517e-01
-1.929159765803983362e+01 2.834071160017617719e-01
-1.929041430817895275e+01 2.858716778518210488e-01
-1.977309389313298738e+01 1.917135648782130608e-01
-1.929156284735904592e+01 2.836190486352744844e-01
-1.922753552745571426e+01 5.254746250920715456e-01
-1.921717849578912052e+01 4.355286053835109583e-01
-1.929157685225755614e+01 2.834958128943976252e-01
-1.929180777140953396e+01 2.831249386200829221e-01
-1.932265245525886144e+01 2.312014041446394663e-01
-1.930033411333759119e+01 2.422908991240082244e-01
-1.943075168116984486e+01 4.817008234844784298e-02
-1.929163744502935884e+01 2.832918793974071869e-01
-1.929727024347436526e+01 2.930678600978700588e-01
-1.929162789763435271e+01 2.833830430422602520e-01
-1.929113438345464004e+01 2.850578634050814353e-01
-1.929120069418570793e+01 2.841781072733770008e-01
-1.929170136918299860e+01 2.832336956128869154e-01
-1.929164173234279289e+01 2.833420511364850292e-01
-1.929162785156024640e+01 2.833828997536740335e-01
-1.929169826225808748e+01 2.831855155433469773e-01
-1.929163431721957878e+01 2.833724241319637849e-01
-1.929162763087970589e+01 2.833838286741046653e-01
-1.928193499087766583e+01 2.926889317824309389e-01
-1.929162762624066829e+01 2.833840096433355438e-01
-1.930570071514478059e+01 2.905870527935207615e-01
-1.925347756397710697e+01 3.326353235894643490e-01
-1.929127613428366672e+01 2.841410632367153966e-01
-1.928914534866652986e+01 2.372251131811397851e-01
-1.929128943589648415e+01 2.854401230377443532e-01
-1.929228714672673206e+01 2.827157012169764783e-01
-1.929406499237357764e+01 2.742981953666409067e-01
-1.929190259678934183e+01 2.834605015868015276e-01
-1.928862442692288681e+01 2.847399447460457478e-01
-1.929287868526211014e+01 2.829999123558174512e-01
-1.930057427874816511e+01 2.711707631378514338e-01
-1.929163897331597965e+01 2.834747207453788831e-01
-1.928664634090796781e+01 3.025189400511903437e-01
-1.929166501210555040e+01 2.833557227433361470e-01
-1.929197167188046080e+01 2.831323924747632392e-01
-1.929161214336758690e+01 2.833941939524559639e-01
-1.929163629520168044e+01 2.833655963074524498e-01
-1.929159792242059979e+01 2.833887983842206526e-01
-1.929162812538928407e+01 2.833876414469699290e-01
-1.929165863199802189e+01 2.833326750560224427e-01
-1.932059023104747908e+01 2.271050230765366829e-01
-1.929163055749285505e+01 2.833750590695632843e-01
-1.927580968819593821e+01 2.969342636879916952e-01
-1.929184688933375824e+01 2.761911415230787759e-01
-1.929162733183113332e+01 2.833835625962703442e-01
-1.928296090873329049e+01 2.857442245488633903e-01
-1.931541726759934718e+01 8.046358152566837063e-01
-1.929226049473043147e+01 2.856624782482210523e-01
-1.929320463255617213e+01 2.745894740690461022e-01
-1.929029054563848078e+01 3.101366639030914696e-01
-1.929324594046031649e+01 2.846447575194459567e-01
-1.928432690828553220e+01 3.027167416035398961e-01
-1.925081250855994242e+01 9.519264502754616331e-01
-1.929398542221672486e+01 2.807793729847282149e-01
-1.929546260592329077e+01 2.795828645096339327e-01
-1.929752593581369879e+01 2.728945564958399350e-01
-1.929328839501037862e+01 2.793730968853277430e-01
-1.929149911899925129e+01 2.836975852725981406e-01
-1.929939957932579375e+01 2.744481764444989258e-01
-1.929200487208958137e+01 2.829278580458964298e-01
-1.928977713293190632e+01 2.826154700350478888e-01
-1.929170517370570437e+01 2.832244798369319971e-01
-1.929162732021060123e+01 2.833845233054196888e-01
-1.929166587424182921e+01 2.833838866515805965e-01
-1.929162733409977903e+01 2.833847865552515111e-01
-1.929163558667110934e+01 2.833800778277492105e-01
-1.992627300566751458e+01 5.562724040376337831e-01
-1.887226807453196642e+01 4.460160161323183381e-01
-1.929163691600690100e+01 2.833570120241481471e-01
-1.929497610355472759e+01 2.939925315142346562e-01
-1.929162730166263628e+01 2.833841318822484800e-01
-1.929162730629703049e+01 2.833841420192791949e-01
-1.928803821690971176e+01 2.880592383314669047e-01
-1.927910651785719054e+01 3.313330149842048655e-01
-1.929129545054068728e+01 2.833386183767883648e-01
-1.928345783232919430e+01 2.837650906391238625e-01
-1.929161141511027111e+01 2.833829041676564908e-01
-1.929213845346527378e+01 2.837934842211682351e-01
-1.928839116349229954e+01 3.130861874176840698e-01
-1.929162726191218624e+01 2.833842380566228836e-01
-1.920054146930270988e+01 4.549015516829510997e-01
-1.929195214484281706e+01 2.829052448068860581e-01
-1.929162678800883057e+01 2.833842138870913963e-01
-1.929210075488952825e+01 2.811131662282645993e-01
-1.929179700398192665e+01 2.764193584345704391e-01
-1.929165442499531835e+01 2.832839306884507025e-01
-1.929162692575464533e+01 2.833846876634437684e-01
-1.929162726083748325e+01 2.833841976169022558e-01
-1.919441836613977870e+01 3.876839063602846025e-01
-1.929491315808835239e+01 2.779087332540575717e-01
-1.933334560932509305e+01 3.241632435661010447e-01
-1.929185294503392356e+01 2.831265620002119121e-01
-1.929152388709453092e+01 2.834912147845187746e-01
-1.929162663550300039e+01 2.833844576727067022e-01
-1.929161046371947563e+01 2.834047109610250970e-01
-1.929164570692744363e+01 2.833384323285200179e-01
-1.929162805356693156e+01 2.833836650234037302e-01
-1.929169178385947703e+01 2.832656871622253880e-01
-1.929162990015569434e+01 2.833774560793927977e-01
-1.929162313261865691e+01 2.833904475188688266e-01
-1.929204374872447758e+01 2.828429794514897844e-01
-1.929115736863061414e+01 2.841962508675225929e-01
-1.929098062268230862e+01 2.836850007034480980e-01
-1.929156520366059269e+01 2.834555196487915096e-01
-1.928921787142203925e+01 2.861924981552606551e-01
-1.920745607698819057e+01 4.742192780304126387e-01
-1.928847685277709090e+01 2.810556424319709534e-01
-1.911899358712956598e+01 4.781748765058194128e-01
-1.926122830243227568e+01 3.147796591676543243e-01
-1.929181344202821791e+01 2.823904183608924590e-01
-1.929148330000882083e+01 2.832134193316959703e-01
-1.929395195289391651e+01 2.783253890878406578e-01
-1.940687599986285505e+01 1.621459442051431665e-02
-1.903041614017348948e+01 7.517586856981897103e-01
-1.911277261670317174e+01 4.782618937903091449e-01
-1.929162745976093518e+01 2.833841875197077864e-01
-1.929171349114024281e+01 2.835178320711503885e-01
-1.929162808099926707e+01 2.833799893368623146e-01
-1.929681719969655873e+01 2.751652501196334422e-01
-1.929588460374005621e+01 2.827090238053048266e-01
-1.929159273047503831e+01 2.834499879534197464e-01
-1.929162350154831174e+01 2.833968157812999378e-01
-1.929262905372712922e+01 2.832736741643595013e-01
-1.929166156970484280e+01 2.832773863281152771e-01
-1.929240959368899055e+01 2.809270970485118202e-01
-1.947835740532935844e+01 1.055443541558601650e-01
-1.908591085341366167e+01 9.455128276686275424e-01
-1.929162730650018887e+01 2.833843282785277751e-01
-1.929912154015347880e+01 3.169080436705354886e-01
-1.939921954494228018e+01 1.306853595289853009e-01
-1.929156127986316704e+01 2.834533924207070510e-01
-1.909691565781749034e+01 3.429979302965736609e-01
-1.929151935208214752e+01 2.832199824032424762e-01
-1.927523558007673188e+01 2.940111887813943725e-01
-1.932615381623297779e+01 2.403823458675592717e-01
-1.929165084359972937e+01 2.833857912881332930e-01
-1.929162726632030811e+01 2.833842212792549442e-01
-1.929162766051440414e+01 2.833833935939996662e-01
-1.920147946350050461e+01 7.919766489128791109e-01
-1.929163214223709133e+01 2.833624053995971726e-01
-1.929370147549051495e+01 2.801089483593685592e-01
-1.929163238218193399e+01 2.833735338649663316e-01
-1.929193272492948097e+01 2.842762528055918780e-01
-1.929162830630565040e+01 2.833813346632252927e-01
-1.928935089729421293e+01 3.028825168229609677e-01
-1.929162708452339814e+01 2.833833185605877381e-01
-1.949381687884246617e+01 1.540926968042909129e-01
-1.929190853262145922e+01 2.435227629312272934e-01
-1.929162796617241682e+01 2.833830675472813754e-01
-1.929143940946643809e+01 2.836750886736104094e-01
-1.929162741147536408e+01 2.833840424102598288e-01
-1.955855975360142196e+01 8.848023751588147690e-01
-1.929646043600757821e+01 2.615099767324002844e-01
-1.929166585516167842e+01 2.833538850010345334e-01
-1.932487405066410346e+01 2.757240259336111166e-01
-1.929162748237614977e+01 2.833835987892652786e-01
-1.929082381917431732e+01 2.847460337886874027e-01
-1.929162772417173954e+01 2.833834791236952144e-01
-1.929162764376103922e+01 2.833838454411327090e-01
-1.929091578761013892e+01 2.844403103679253308e-01
-1.929162573784937962e+01 2.833852899166628969e-01
-1.930164723946621663e+01 3.035519417771709860e-01
-1.863433708627033525e+01 3.545333287886842655e-01
-1.929163224621124684e+01 2.833649618821384997e-01
-1.929138669942852857e+01 2.801359826573859291e-01
-1.929161964557397368e+01 2.833549598928171709e-01
-1.929071610782678903e+01 2.868024966380356422e-01
-1.890107384018848080e+01 2.028193583169643766e-01
-1.880507125381598854e+01 8.547415622145169145e-01
-1.931515189466754734e+01 2.442973440298588650e-01
-1.997603488935797245e+01 3.576694812186822503e-01
-1.928504321754275708e+01 2.885895947547016394e-01
-1.929168156438577242e+01 2.833536839113732220e-01
-1.949096618166844053e+01 2.210282835977364913e-01
-1.929162611867436539e+01 2.833847931935294384e-01
-1.929162883177462007e+01 2.833846232895140815e-01
-1.930754566829704544e+01 2.569991715571590118e-01
-1.929166775732780792e+01 2.833653713161361498e-01
-1.929161196387605059e+01 2.810382243948973957e-01
-1.929163734226545301e+01 2.833779975111508365e-01
-1.929405984946995289e+01 2.798677495428423811e-01
-1.928753238631491485e+01 2.814532914172877542e-01
-1.927927363474027445e+01 2.982123585910539942e-01
-1.929140940213873634e+01 2.837434530689320611e-01
-1.929128696396628939e+01 2.832086957627341639e-01
-1.929184727392884824e+01 2.843762384996533776e-01
-1.929141374604001768e+01 2.837743683963679375e-01
-1.929162630324035277e+01 2.833908976390904777e-01
-1.928514598708226302e+01 2.938046658225961782e-01
-1.929163339188138693e+01 2.833738304854456769e-01
-1.929111903529748773e+01 2.825954252759511620e-01
-1.927207035874292629e+01 2.929591734940583669e-01
-1.927628633546623149e+01 4.582985224310852646e-01
-1.931205549270687527e+01 2.458744421130899249e-01
-1.930273230929772055e+01 2.751878835419017677e-01
-1.911994782656360670e+01 6.988441549332862213e-01
-1.929036704868720165e+01 2.846065377223666037e-01
-1.929180232991773281e+01 2.836249959201354587e-01
-1.929429953711537493e+01 2.722939453957056166e-01
-1.928950783063777408e+01 2.856380263381393392e-01
-1.928937964829275487e+01 2.858367453409185743e-01
-1.924179724357825094e+01 5.429746002147393114e-01
-1.929263972592590193e+01 2.823879336086024816e-01
-1.928929960159580759e+01 2.741324644300419111e-01
-1.929151661722545796e+01 2.838154064408761612e-01
-1.929077196388768911e+01 2.847910661337800242e-01
-1.897605522289725144e+01 3.111713278760148138e-01
-1.928910344220649975e+01 2.880539348955079570e-01
-1.928992121301812546e+01 2.843062026324183478e-01
-1.932282141122808738e+01 3.035095912003935581e-01
-1.922803907727553252e+01 2.063500850337014469e-01
-1.929162893179307758e+01 2.833822306474400587e-01
-1.938160755931993151e+01 2.249524396964621975e-01
-1.929162845444467678e+01 2.833821880464006959e-01
-1.924484470507182721e+01 3.412942682578605780e-01
-1.928821840255076125e+01 2.858253379027878016e-01
-1.929162765916271027e+01 2.833834904003225130e-01
-1.920132200080957219e+01 4.754088890605563944e-01
-1.924607092454967017e+01 6.869291149386835826e-02
-1.929160707246084883e+01 2.834182669858528181e-01
-1.929162794651831803e+01 2.833832099612614286e-01
-1.929142165473459514e+01 2.823718032136369183e-01
-1.929140849517591860e+01 2.837793603244472829e-01
-1.929163866150156181e+01 2.833753813520469289e-01
-1.929162650403428003e+01 2.833850140059192002e-01
-1.929162866553676281e+01 2.833798516206479379e-01
-1.928075184178455714e+01 2.832339502398061870e-01
-1.929050857714923239e+01 2.832204900674405446e-01
-1.929163706702044223e+01 2.833874947901230401e-01
-1.929163685558577512e+01 2.833678907266283242e-01
-1.929747835263329847e+01 2.774056721143672299e-01
-1.929172576279610496e+01 2.832844468793596082e-01
-1.929067977913768317e+01 2.906202084092345816e-01
-1.929168167703019421e+01 2.833120784092393318e-01
-1.929172592233144101e+01 2.832871500917865659e-01
-1.929767917880019468e+01 3.049044016252459577e-01
-1.929163258955952998e+01 2.833716572128485156e-01
-1.930384287427732914e+01 2.667957472323461143e-01
-1.929170915284811727e+01 2.829974415169450586e-01
-1.929205507471712977e+01 2.827830075749976357e-01
-1.929322844944802284e+01 2.828659173374457048e-01
-1.929179257985589757e+01 2.828819857162433449e-01
-1.928964258767122075e+01 2.847341173459588259e-01
-1.929228815983586998e+01 2.822760479757563945e-01
-1.929171531538205997e+01 2.833467421349470938e-01
-1.928922215493916426e+01 2.839589255706296833e-01
-1.929162688270712422e+01 2.833844779037832939e-01
-1.929163908137013195e+01 2.822707945344623548e-01
-1.928988633433761279e+01 7.375626792667944187e-02
-1.929357095359005214e+01 2.845216852818736597e-01
-1.929156038032713738e+01 2.835172261603208232e-01
-1.895364507677015098e+01 7.657805589252952849e-01
-1.881159973926320461e+01 8.966678405529631135e-01
-1.956297229086130329e+01 5.669518644250937101e-01
-1.932936725171701298e+01 2.112788536070430989e-01
-1.904718095570490988e+01 5.903459195762297274e-01
-1.929236597274011089e+01 2.649728480095440708e-01
-1.929222500225661818e+01 2.883917515972139745e-01
-1.929162748200741717e+01 2.833842506885893009e-01
-1.929162753093942939e+01 2.833838658989050741e-01
-1.929171917073043829e+01 2.831518811623457976e-01
-1.929822257526003426e+01 2.824650514136680113e-01
-1.928984304650829529e+01 2.869709211754988831e-01
-1.927295540905583948e+01 3.101757455138831054e-01
-1.929162761279839700e+01 2.833835527544049659e-01
-1.929169150893093132e+01 2.961381216808284256e-01
-1.875100908141278211e+01 7.028107197527582173e-01
-1.929162723811722202e+01 2.833812058555331137e-01
-1.932772616997452531e+01 4.401046677974118082e-01
-1.929226342866518351e+01 2.826335052135434678e-01
-1.929586862858007379e+01 2.882726809186641481e-01
-1.929177119802109885e+01 2.831425885242657703e-01
-1.928949162798512162e+01 2.797463127581999998e-01
-1.920319116117474678e+01 4.650347538893261357e-01
-1.922830286893400498e+01 4.921155954879747330e-01
-1.929078480724506406e+01 2.843682468976439504e-01
-1.929111302613124934e+01 2.841193650947639315e-01
-1.929086254058592687e+01 2.854138832549789617e-01
-1.929154025704700359e+01 2.834686406947921622e-01
-1.929162837768506478e+01 2.833929484743538119e-01
-1.929161267181483552e+01 2.834361906535498021e-01
-1.929111879254216788e+01 2.837634098794932225e-01
-1.929297838468531268e+01 2.759642065346100126e-01
-1.929161548362830203e+01 2.834085824384940944e-01
-1.918924621719757795e+01 5.275616340626396727e-01
-1.929162757067916090e+01 2.833837761140194922e-01
-1.929164022915278665e+01 2.833775353907991845e-01
-1.929162749084021300e+01 2.833842324484825981e-01
-1.929162748695081220e+01 2.833843533757534061e-01
-1.929162756766101694e+01 2.833838981746695240e-01
-1.929162762599622383e+01 2.833838728523420669e-01
-1.929162737081206558e+01 2.833843089168664453e-01
-1.929162741164071093e+01 2.833852671306421600e-01
-1.929162745641062671e+01 2.833832126827259823e-01
-1.929162726085400692e+01 2.833841857791124519e-01
-1.929162708551497474e+01 2.833832852796241975e-01
-1.929243917470347824e+01 2.808893483575717331e-01
-1.929162765199711416e+01 2.833836441917385041e-01
-1.903540008263820127e+01 6.423912002142904143e-01
-1.929162673438401754e+01 2.833851339046314921e-01
-1.929164209077189085e+01 2.832581180193306514e-01
-1.929162671769684323e+01 2.833855421038669054e-01
-1.929162672971250103e+01 2.833853281322156192e-01
-1.929162438227537280e+01 2.833890382416850429e-01
-1.929162679557554938e+01 2.833836565873530389e-01
-1.929162737556694296e+01 2.833874143144951008e-01
-1.929163132489718180e+01 2.833853744409557396e-01
-1.929454506455505580e+01 2.800583241794023515e-01
-1.927047823358750378e+01 2.502323854119438695e-01
-1.929162370654109537e+01 2.833960011428925951e-01
-1.929074887439956498e+01 2.824621958069596928e-01
-1.929162743927383517e+01 2.833838355175639090e-01
-1.929114961455226052e+01 2.842392653036702743e-01
-1.929162759732852805e+01 2.833838467230402336e-01
-1.929162725479876528e+01 2.833841683212076079e-01
-1.928268199369897573e+01 3.011639641846092785e-01
-1.929162734362425624e+01 2.833840144998455157e-01
-1.929161878339168013e+01 2.834144878282185420e-01
-1.929179662087935654e+01 2.809722011530976782e-01
-1.926393767884726316e+01 2.869242413663362079e-01
-1.929162587104323023e+01 2.833736818418098879e-01
-1.920060952462369741e+01 9.089919214071766618e-01
-1.929163835763295154e+01 2.833667856321426259e-01
-1.932365790466643318e+01 6.846906855672951764e-01
-1.928386884713020066e+01 3.003303987399400521e-01
-1.905279298758197370e+01 3.966714053159774156e-02
-1.929163553881731730e+01 2.833908745483072478e-01
-1.929177813020226040e+01 2.833175533205999352e-01
-1.833086121340254238e+01 6.104232126238109402e-01
-1.927720744391223917e+01 3.063970794173183632e-01
-1.943681854779269003e+01 1.672528738900545819e-01
-1.892398813769019128e+01 2.064041911516698580e-01
-1.929328661527906874e+01 2.824981944160461778e-01
-1.929136470449674334e+01 2.838483719215324497e-01
-1.929233210243438634e+01 2.847230279490645666e-01
-1.925646751503054688e+01 3.171089275816716402e-01
-1.929074530752115990e+01 2.844267039560764432e-01
-1.923539363141614800e+01 3.337037613730586827e-01
-1.929165958730101949e+01 2.832830492693917956e-01
-1.932292312407289003e+01 2.162350673981628391e-01
-1.929417361399386621e+01 2.845505819147625681e-01
-1.929175186332076208e+01 2.774851305086739606e-01
-1.928967616222852399e+01 2.851668748705296075e-01
-1.805709125221110867e+01 8.112537605771676930e-01
-1.929270137482901504e+01 2.830257825536987570e-01
-1.928740617694340287e+01 2.910856264418318906e-01
-1.929147197682577897e+01 2.835632686780725220e-01
-1.929143700510992332e+01 2.828243019089607957e-01
-1.929146188983452959e+01 2.837056793303203150e-01
-1.929169421176428756e+01 2.832931657963334016e-01
-1.929903767321549779e+01 2.398925701735751814e-01
-1.935719077072156225e+01 2.850663399001458487e-01
-1.930328097880063254e+01 2.700403052645893864e-01
-1.929162918950597572e+01 2.833849512198050591e-01
-1.929159350620924229e+01 2.833924530578757484e-01
-1.924875633633418204e+01 2.629183732687971342e-01
-1.862547920035722271e+01 5.816979462606464146e-01
-1.929107197909145199e+01 2.837667334808881558e-01
-1.929160556631849843e+01 2.833758685658197551e-01
-1.929164269624144978e+01 2.832916855076355045e-01
-1.929151610165108011e+01 2.834870798938477487e-01
-1.929118904436766968e+01 2.856979073476731967e-01
-1.928707338291305717e+01 2.938944422852305394e-01
-1.928878624242856787e+01 2.828235702565498055e-01
-1.929164827909490754e+01 2.833412378457643710e-01
-1.929183481002048595e+01 2.831233587977112220e-01
-1.931628263978796767e+01 2.445183169997940109e-01
-1.929242779139239872e+01 2.860866186903491259e-01
-1.927184110653709226e+01 3.139020749028652579e-01
-1.929164283570191074e+01 2.833269009772890756e-01
-1.933799562112892900e+01 1.548430677095722630e-01
-1.929167999813613221e+01 2.832866517463009104e-01
-1.926007571202427471e+01 3.208018332837831443e-01
-1.929165954112757930e+01 2.833341156501050229e-01
-1.896490375839143638e+01 2.814600785041421194e-01
-1.851271332216202836e+01 7.571757871596460632e-01
-1.927536992676043326e+01 3.172900570641938867e-01
-1.929790349579069542e+01 2.829391150955851142e-01
-1.929576175075400712e+01 2.783689183529108879e-01
-1.926071143590829848e+01 3.436729807864697395e-01
-1.929125938393734785e+01 2.835277499337813811e-01
-1.929195434839965984e+01 2.830511218778761773e-01
-1.929162768599685762e+01 2.833835688269130682e-01
-1.929162824689404943e+01 2.833829034670868330e-01
-1.929162829115306010e+01 2.833833649226980000e-01
-1.929139873455296694e+01 2.858434628921849296e-01
-1.928879655689138772e+01 2.866507611995767757e-01
-1.929209087695356573e+01 2.825770014729194757e-01
-1.929162816169837669e+01 2.833825571314043668e-01
-1.929160174917042880e+01 2.833562670784822157e-01
-1.929154193414599305e+01 2.824452595146885181e-01
-1.929160736785963692e+01 2.837110140797132196e-01
-1.929162762948319809e+01 2.833836448369929650e-01
-1.916674540508043734e+01 9.225073147973859022e-01
-1.923127413160305110e+01 6.678897197120511331e-01
-1.929281667130200972e+01 2.814307086792280921e-01
-1.929162747897519736e+01 2.833837507545612922e-01
-1.929008038866143693e+01 2.870159439928556266e-01
-1.929162769146770984e+01 2.833834721721063543e-01
-1.929162822691425205e+01 2.833822822357939808e-01
-1.928792658893886625e+01 2.870225226634064986e-01
-1.929162640961638431e+01 2.833859545946957326e-01
-1.929147893215649745e+01 2.834008645931156423e-01
-1.929163101456051166e+01 2.833745518733712387e-01
-1.929131201345246183e+01 2.829686049000449399e-01
-1.929162218898800774e+01 2.833924315442481467e-01
-1.929162609701961273e+01 2.833866330986536952e-01
-1.929162567157342423e+01 2.833914720394494213e-01
-1.929163062191679856e+01 2.833726036788987157e-01
-1.929162511879224340e+01 2.833935347169059260e-01
-1.929163941364727108e+01 2.833752068342986763e-01
-1.926287313416933955e+01 3.243018106451908689e-01
-1.929162844908437791e+01 2.833822258448057685e-01
-1.933684895535357029e+01 3.612071197136547118e-01
-1.929162637302982120e+01 2.833860025361283896e-01
-1.929162635727629294e+01 2.833848970727486649e-01
-1.929162742963046639e+01 2.833830220226997709e-01
-1.929162814963871142e+01 2.833832799021478999e-01
-1.929162799398725880e+01 2.833831894800512008e-01
-1.929162736861270844e+01 2.833898762894406786e-01
-1.928908210301685600e+01 2.867448850874088628e-01
-1.927723712781483201e+01 3.450225217826895507e-01
-1.929129551139589438e+01 2.840701082328767058e-01
-1.929261552095523768e+01 2.817675755803894511e-01
-1.929273523427879056e+01 2.798952953860242565e-01
-1.929162743431901106e+01 2.833839544833724466e-01
-1.929162736812087431e+01 2.833839264739245190e-01
-1.929163929460484894e+01 2.833651282033621266e-01
-1.929179677069363308e+01 2.831293448388045308e-01
-1.929177724166958541e+01 2.833134308331737294e-01
-1.929162405960866522e+01 2.834004256546981404e-01
-1.929162739666669069e+01 2.833838738567275306e-01
-1.929162134821635988e+01 2.833619815477598780e-01
-1.929162907007085437e+01 2.834033547068133818e-01
-1.927318843878135723e+01 2.997440797775755561e-01
-1.952006990223200233e+01 4.453997633589548144e-01
-1.929162754726879925e+01 2.833839789222271088e-01
-1.933084446525626987e+01 2.286920885863152064e-01
-1.929168411832214858e+01 2.833015556311616612e-01
-1.926396052994692099e+01 2.464356228132378313e-01
-1.929234709237679724e+01 2.804500932086707032e-01
-1.924274568075281167e+01 3.112010486195597725e-01
-1.929182918512133327e+01 2.832350622516434657e-01
-1.925053801554114230e+01 5.338120504791068477e-01
-1.929163355024023474e+01 2.834174019455442117e-01
-1.805381760457936835e+01 7.089958074582370928e-01
-1.929162739996975517e+01 2.833843917507811172e-01
-1.925538883283171288e+01 3.899575050570427970e-01
-1.929168102095553294e+01 2.831534227380370639e-01
-1.929254681023969198e+01 2.823903902048920944e-01
-1.929162717674366334e+01 2.833838420840619765e-01
-1.930002921573047914e+01 2.724045184775744088e-01
-1.929162727381968523e+01 2.833843798812779036e-01
-1.957441331587741473e+01 2.551944511887372369e-01
-1.929162758832309521e+01 2.833841989147889429e-01
-1.929162700503738748e+01 2.833853237862701269e-01
-1.927527057690346624e+01 3.005744054399598353e-01
-1.929359021115013206e+01 2.936652816804112831e-01
-1.929162720604300674e+01 2.833816483159193877e-01
-1.929244268555267183e+01 2.765410153939574789e-01
-1.929159181924433852e+01 2.833964056126363484e-01
-1.930884705855055117e+01 2.610588940557292403e-01
-1.929162661384059874e+01 2.833854074418025726e-01
-1.929166169745240111e+01 2.833278058869656002e-01
-1.929162551827854344e+01 2.833852320237996159e-01
-1.929667875269614186e+01 2.772771634025348320e-01
-1.929162304623757507e+01 2.833774638318846129e-01
-1.929183288531436702e+01 2.828275395335457243e-01
-1.929219838295864164e+01 2.836077639463418509e-01
-1.929162742317509682e+01 2.833843163023406220e-01
-1.929117795070780161e+01 2.841827922825536645e-01
-1.929288383002603524e+01 2.820915977659801399e-01
-1.929162853455051163e+01 2.833821475808448453e-01
-1.929161292490685753e+01 2.839112311776813002e-01
-1.929189779080112288e+01 2.829030830216003878e-01
-1.928706740207403314e+01 2.885611122286485530e-01
-1.929162735312407406e+01 2.833814473379480670e-01
-1.936564031485779225e+01 1.792387786881899370e-01
-1.929163069790746476e+01 2.833785227600857937e-01
-1.929197214011222172e+01 2.835370482794363767e-01
-1.929180403279295675e+01 2.827996185737783330e-01
-1.929162400361031970e+01 2.833859785131659370e-01
-1.929151092123854028e+01 2.847934923401323482e-01
-1.929121547251064328e+01 2.842932200092541661e-01
-1.928890320477365705e+01 2.879915052480083726e-01
-1.929161612536486103e+01 2.834237810610673591e-01
-1.929162731486846027e+01 2.833869036892278093e-01
-1.928849136760061711e+01 2.894015269779575683e-01
-1.929162703821417679e+01 2.833845531694740294e-01
-1.928843170722964118e+01 2.893182224039430595e-01
-1.929162533352252495e+01 2.833837182099516738e-01
-1.929162786037371902e+01 2.833841683196550165e-01
-1.929163794741073445e+01 2.833753508566053125e-01
-1.929162747898598340e+01 2.833838390074913671e-01
-1.932302177426635836e+01 4.236388313252963944e-01
-1.915376759504650650e+01 3.711953834848596423e-01
-1.929163398502603144e+01 2.833293540311794811e-01
-1.947860441540474596e+01 7.203200221273645676e-01
-1.929162811372630770e+01 2.833836561929287123e-01
-1.928369794728019926e+01 2.968854426890905618e-01
-1.929162806186179679e+01 2.833830039276584167e-01
-1.929162744313387989e+01 2.833837683182217071e-01
-1.929280695753388386e+01 2.821899294066393948e-01
-1.929164482653768786e+01 2.831533575285997140e-01
-1.929162767395572331e+01 2.833841895228357832e-01
-1.929162635705906936e+01 2.833876272119936757e-01
-1.929162356507294263e+01 2.833946527699659490e-01
-1.929158353283875726e+01 2.834231453437988102e-01
-1.929160078807024803e+01 2.834858968506785981e-01
-1.929163643776911741e+01 2.833821569123052830e-01
-1.929163433610119682e+01 2.833727188706962608e-01
-1.929163228041741007e+01 2.833742765474150382e-01
-1.929195340356064747e+01 2.846130184945121488e-01
-1.929160432238752065e+01 2.833937046030675644e-01
-1.900745692496388983e+01 6.758453056605229214e-01
-1.891301051170469094e+01 5.630880112447336217e-01
-1.929162655980861629e+01 2.833855995883892698e-01
-1.929161479476714547e+01 2.834161710832504011e-01
-1.929162727764207474e+01 2.833828655604690994e-01
-1.929162844031325719e+01 2.833824223831942213e-01
-1.929162807600604879e+01 2.833829901523062800e-01
-1.929163771280997608e+01 2.833776115136342200e-01
-1.929161038547626461e+01 2.834532286629752318e-01
-1.929162867990755714e+01 2.833814730819522731e-01
-1.929178968097524915e+01 2.831134291606434705e-01
-1.929970347456100654e+01 2.868585782163379228e-01
-1.929162750322781505e+01 2.833838099967090907e-01
-1.929162735613832069e+01 2.833838881952440714e-01
-1.929162755293854303e+01 2.833836847833254846e-01
-1.929008589439607135e+01 2.842499409472962202e-01
-1.931786420918064451e+01 2.336049928512041740e-01
-1.929162758603897032e+01 2.833836614906515283e-01
-1.929162594860602198e+01 2.833962454871335468e-01
-1.929162772434662543e+01 2.833831318385502396e-01
-1.929155144617958229e+01 2.864652124051348392e-01
-1.929162715700677921e+01 2.833847836131683229e-01
-1.929162745798286949e+01 2.833842655406270672e-01
-1.927717096560955667e+01 2.267618770606230905e-01
-1.929162723285057979e+01 2.833843589089555248e-01
-1.929162748195141930e+01 2.833850072058387015e-01
-1.929162751267130815e+01 2.833839472059168085e-01
-1.928734399413854561e+01 2.949417706881131696e-01
-1.929160897245216333e+01 2.833416532578364455e-01
-1.929162762230711081e+01 2.833839417358161028e-01
-1.949621783007670217e+01 6.301886048906271132e-01
-1.922061416827978775e+01 3.821647793733735643e-01
-1.929160725875745186e+01 2.833955582589072764e-01
-1.929105858030994014e+01 2.838079898753606556e-01
-1.929104036510421949e+01 2.846505772013626645e-01
-1.928992378357051152e+01 2.858446181701771449e-01
-1.942201720783851826e+01 2.059216606314316356e-01
-1.929162304489074842e+01 2.833794609156156663e-01
-1.918345555677035108e+01 2.350327148121641452e-01
-1.932304160265866955e+01 2.369208933935581241e-01
-1.846836517507140840e+01 7.028345096798616076e-01
-1.927484575310030834e+01 2.979408784404038446e-01
-1.937036196839190794e+01 1.012921974984983819e-01
-1.930175234078950552e+01 3.350777493434729526e-01
-1.929162794621306176e+01 2.834207293785032666e-01
-1.929010928647132062e+01 2.895277591048859289e-01
-1.929818050687612541e+01 2.861757185748730059e-01
-1.929219800468115409e+01 2.825937785372895084e-01
-1.929112937754644008e+01 2.838940191150167713e-01
-1.929162609634886749e+01 2.833866389179928724e-01
-1.929295012174401691e+01 2.818877879573020717e-01
-1.929163117731867416e+01 2.833817470326435717e-01
-1.928314621361505843e+01 2.956321822196528171e-01
-1.929243080172894764e+01 2.808147418255981798e-01
-1.929163354585927692e+01 2.833835528943525195e-01
-1.928982442912115047e+01 2.942182825286829839e-01
-1.924926088902496346e+01 4.097465313802869380e-01
-1.930764960752566495e+01 2.309228129757135428e-01
-1.932357089069994771e+01 2.221430174879683028e-01
-1.929002758375682447e+01 2.845191015764728104e-01
-1.927769875960971646e+01 2.888438908725373677e-01
-1.940523586145002710e+01 1.703314501846058815e-01
-1.929163020226167902e+01 2.835738328465119973e-01
-1.929519932618572753e+01 2.738593373337443460e-01
-1.929532409340278321e+01 2.863361051331269613e-01
-1.929176101899033924e+01 2.835528442055267884e-01
-1.928407350266084208e+01 2.981271643265521742e-01
-1.929401490126956276e+01 2.760912781373940361e-01
-1.929180203734238219e+01 2.833240458872884338e-01
-1.929101084147931999e+01 2.814561938978777378e-01
-1.915309393303215657e+01 7.103153747946258090e-01
-1.928097733399415148e+01 2.988402293128427645e-01
-1.929227348625290972e+01 2.835259184127645882e-01
-1.929163132557184923e+01 2.833780664119326387e-01
-1.929126612675809227e+01 2.848341855919221954e-01
-1.929191708973442942e+01 2.813797692848547527e-01
-1.929155484834860346e+01 2.834847754314961388e-01
-1.927978996017029800e+01 3.032438151686706607e-01
-1.925486512606046219e+01 3.658510751020020990e-01
-1.929217745729793165e+01 2.817928569400172112e-01
-1.929162802101850360e+01 2.833830701197057045e-01
-1.929179607967422783e+01 2.830708037365611274e-01
-1.929204470026918017e+01 2.826696131209001095e-01
-1.928204710107274167e+01 2.997054494581500861e-01
-1.929162854961798246e+01 2.833836202329573228e-01
-1.914729716356667666e+01 2.580519324873762343e-01
