3.006122401114544318e-01 -1.273387937176921891e-01
2.993681891393384364e-01 -3.390192249625461063e-01
3.008046325470229432e-01 -1.200357718931168716e-01
3.030086798670101889e-01 -9.880511619599685602e-03
2.982367942351302759e-01 -6.723126990343208931e-02
3.019348879505110994e-01 -4.147807095793742960e-02
2.984005637524934085e-01 -1.142950671977476240e-01
3.019673836072790940e-01 -8.379351125355549712e-02
2.970021265087653961e-01 -1.766835930148480394e-01
3.021130117611263710e-01 -1.106260900735862585e-01
3.014979337849553187e-01 -8.302027221608376806e-02
2.990541030043580850e-01 -3.043450351411109978e-01
3.047289787756983781e-01 -4.309965879214616713e-02
3.045287112333919799e-01 -9.218957022081575303e-02
2.995002371950027387e-01 -2.452314251197633688e-01
2.985020118740712158e-01 -3.476359978072931511e-01
2.984005637524934085e-01 -1.142950671977476240e-01
3.021130117611263710e-01 -1.106260900735862585e-01
2.983389710613129631e-01 -1.901230076126914081e-01
2.893176402748182663e-01 -4.433413399888421758e-01
2.994268260063391862e-01 -3.906176883553693635e-01
2.995002371950027387e-01 -2.452314251197633688e-01
2.942724460489983818e-01 -4.071357988421340224e-01
2.992178351703205230e-01 -1.617708764705769742e-01
3.031570402148572874e-01 -1.067339560271300947e-01
2.883296635601187430e-01 -9.517491174565068102e-01
3.023100744559699682e-01 -2.280874316609193819e-02
3.021227265170430831e-01 -3.999179824544030204e-02
3.010790310947261128e-01 -1.835239796344878549e-02
3.030789475510483610e-01 -8.066050975369232212e-02
2.980412611878887064e-01 -1.047364520525084775e-01
2.982379088445797355e-01 -2.407580655337522302e-01
2.982367942351302759e-01 -6.723126990343208931e-02
3.001921399046495464e-01 -9.641609897375458260e-02
3.026975578208352946e-01 -1.052845046026456011e-01
2.995437096186507886e-01 -3.624442916507941703e-02
3.001308208939688082e-01 -9.415202582440396206e-02
2.990951809868268585e-01 -1.063934552832885849e-01
2.972168967925053473e-01 -8.331845227248835251e-02
3.000296025202551231e-01 -9.767842236763235597e-02
2.990407991900061457e-01 -1.233894568719366980e-01
3.022538188051817065e-01 -1.455826084870159853e-02
2.994784045573888887e-01 -4.070147409593194432e-02
3.032978407496246809e-01 -9.128283105216850046e-02
2.990541030043580850e-01 -3.043450351411109978e-01
3.021130117611263710e-01 -1.106260900735862585e-01
3.028527324976761359e-01 -1.497175036538522797e-02
3.013087779228842411e-01 -6.123190032065672916e-02
2.982379088445797355e-01 -2.407580655337522302e-01
3.028617383489004555e-01 -1.052091365239982146e-02
3.023385842927696632e-01 -3.077444743261992244e-02
3.008046325470229432e-01 -1.200357718931168716e-01
2.990562332978627946e-01 -6.553824527562812641e-02
2.990951809868268585e-01 -1.063934552832885849e-01
2.988760343798035901e-01 -1.146296699888478265e-01
3.015607330007047948e-01 -1.608423441565707268e-01
2.949454046759306114e-01 -5.633937929641896769e-01
3.006752249189366677e-01 -2.597628909190818902e-02
2.987027963252161800e-01 -1.539471892153785326e-01
2.931139229444284511e-01 -5.698818677038697267e-01
2.995002371950027387e-01 -2.452314251197633688e-01
3.016635925927808048e-01 -3.582056412187095695e-02
3.026975578208352946e-01 -1.052845046026456011e-01
3.030839967524528999e-01 -2.448132903207134170e-02
3.024642651539553584e-01 -3.089398888616123884e-02
2.994926205855436563e-01 -1.104488248800650219e-01
3.023047793412387829e-01 -1.792551312670151997e-01
3.011782654454186470e-01 -5.569344592465053090e-02
3.023508176115589086e-01 -1.810879738756754342e-02
3.017896050520094686e-01 -8.176003224584604823e-02
2.960510998073688782e-01 -2.796968003660735835e-01
2.982480905603498433e-01 -3.090703454275884887e-01
3.030789475510483610e-01 -8.066050975369232212e-02
3.026975578208352946e-01 -1.052845046026456011e-01
2.990407991900061457e-01 -1.233894568719366980e-01
3.009069479461876639e-01 -1.276142732747687081e-01
3.001283119505318009e-01 -1.037456005992016816e-01
3.013087779228842411e-01 -6.123190032065672916e-02
3.035410602431887761e-01 -1.456842343212345625e-01
3.013432515415010449e-01 -4.274110236125672202e-03
2.942938924451576344e-01 -5.319104955985333172e-01
2.973277518130438279e-01 -2.877013287138932007e-01
2.948329085825640017e-01 -4.142222711989074213e-01
3.001283119505318009e-01 -1.037456005992016816e-01
2.998914164881729127e-01 -6.299742164755750551e-02
3.010251547620594326e-01 -9.524429059535810538e-02
2.990567603042289524e-01 -1.445125695584568160e-01
2.985020118740712158e-01 -3.476359978072931511e-01
3.023594411813655403e-01 -2.519984923217277739e-02
2.990407991900061457e-01 -1.233894568719366980e-01
3.031570402148572874e-01 -1.067339560271300947e-01
2.998422801361962375e-01 -1.482252032500719352e-01
2.981108837179315407e-01 -3.095786636848347761e-01
2.960510998073688782e-01 -2.796968003660735835e-01
2.937427373271368491e-01 -4.229203925724365210e-01
3.008706374466946221e-01 -1.192754373533984058e-01
3.000713789152418820e-01 -1.460969025035523394e-01
2.998422801361962375e-01 -1.482252032500719352e-01
2.973960389243615610e-01 -3.076597054679797161e-02
2.979102752844170476e-01 -9.304642831755294274e-02
3.006122401114544318e-01 -1.273387937176921891e-01
2.942938924451576344e-01 -5.319104955985333172e-01
3.039757456427654159e-01 -1.879067578975623931e-02
2.982379088445797355e-01 -2.407580655337522302e-01
3.006122401114544318e-01 -1.273387937176921891e-01
3.053521813851958200e-01 -2.445512021995654983e-02
3.013823252383209805e-01 -1.445650735617285410e-01
2.975731502129773665e-01 -2.555492355522011039e-01
3.030086798670101889e-01 -9.880511619599685602e-03
3.038676255703532392e-01 -1.467791375014297905e-01
2.996640240486002082e-01 -7.969849951277563349e-02
3.013087779228842411e-01 -6.123190032065672916e-02
2.906025886261935920e-01 -5.951651839958894685e-01
2.993681891393384364e-01 -3.390192249625461063e-01
2.990550067006234602e-01 -1.890319248601264324e-01
3.013087779228842411e-01 -6.123190032065672916e-02
3.023879190576495013e-01 -1.068102013094751612e-02
3.021130117611263710e-01 -1.106260900735862585e-01
2.980412611878887064e-01 -1.047364520525084775e-01
3.053521813851958200e-01 -2.445512021995654983e-02
3.000154441522225324e-01 -5.640799941060348210e-02
3.009613145498655773e-01 -1.915021304787789536e-01
3.021221464802376078e-01 -3.208636996969893573e-02
2.980412611878887064e-01 -1.047364520525084775e-01
3.053521813851958200e-01 -2.445512021995654983e-02
3.015607330007047948e-01 -1.608423441565707268e-01
2.998176065890228448e-01 -1.532697992140226173e-01
3.021130117611263710e-01 -1.106260900735862585e-01
3.009613145498655773e-01 -1.915021304787789536e-01
3.022406444663867098e-01 -1.491913263439759163e-02
3.014979337849553187e-01 -8.302027221608376806e-02
3.001538375896657951e-01 -3.565662915378386977e-02
3.006122401114544318e-01 -1.273387937176921891e-01
2.990541030043580850e-01 -3.043450351411109978e-01
3.004174844977050562e-01 -9.422705429526501142e-02
3.007812967827542261e-01 -5.870339220803688640e-02
2.995437096186507886e-01 -3.624442916507941703e-02
3.009613145498655773e-01 -1.915021304787789536e-01
2.975561032111760373e-01 -1.160369003896681850e-01
3.028676261521313084e-01 -2.574147374383062292e-02
3.025368851361535660e-01 -2.093927726423094882e-02
2.949454046759306114e-01 -5.633937929641896769e-01
2.942938924451576344e-01 -5.319104955985333172e-01
2.980951857955386197e-01 -1.248653140942457274e-01
3.053521813851958200e-01 -2.445512021995654983e-02
2.988760343798035901e-01 -1.146296699888478265e-01
3.014979337849553187e-01 -8.302027221608376806e-02
3.002145573271080559e-01 -7.142841545055222952e-02
2.935607208901316323e-01 -5.600545100939338106e-01
2.982480905603498433e-01 -3.090703454275884887e-01
2.948329085825640017e-01 -4.142222711989074213e-01
3.012205410653141513e-01 -3.996481275140761902e-02
2.968736025089365738e-01 -1.173866248285146963e-01
3.038676255703532392e-01 -1.467791375014297905e-01
2.996640240486002082e-01 -7.969849951277563349e-02
2.983389710613129631e-01 -1.901230076126914081e-01
3.019673836072790940e-01 -8.379351125355549712e-02
2.994926205855436563e-01 -1.104488248800650219e-01
3.023047793412387829e-01 -1.792551312670151997e-01
2.983389710613129631e-01 -1.901230076126914081e-01
3.027702228578195154e-01 -1.442596963749709360e-03
3.019673836072790940e-01 -8.379351125355549712e-02
2.990407991900061457e-01 -1.233894568719366980e-01
3.035410602431887761e-01 -1.456842343212345625e-01
2.942724460489983818e-01 -4.071357988421340224e-01
2.984005637524934085e-01 -1.142950671977476240e-01
2.992800626861688018e-01 -9.343781101797321575e-02
3.020681214943550796e-01 -1.591094430553252614e-02
2.982379088445797355e-01 -2.407580655337522302e-01
2.995002371950027387e-01 -2.452314251197633688e-01
2.992800626861688018e-01 -9.343781101797321575e-02
3.008194301196571718e-01 -4.648391743378499363e-02
