1.005246592039113374e+00 1.650909031580845010e-01
1.001149724507159888e+00 1.638068867633837300e-01
1.013176271584588228e+00 1.647993067222479624e-01
1.046249156984558892e+00 1.704220777010583276e-01
1.013867382953439700e+00 1.656791898750107350e-01
1.066574008274833840e+00 1.734207124722502158e-01
1.035958890098527263e+00 1.688533409925323525e-01
1.012027677947503257e+00 1.662803568384507713e-01
1.008648130502503015e+00 1.665497466966368023e-01
1.049363181986700200e+00 1.702526724800375035e-01
1.066574008274833840e+00 1.734207124722502158e-01
1.024106112534897361e+00 1.667810949005890109e-01
1.066295611356249173e+00 1.728357544045344696e-01
1.036709639824428431e+00 1.697851617244499067e-01
1.052495879243826371e+00 1.708972257515632975e-01
1.020824282924896131e+00 1.671224192364277883e-01
1.002551094383709263e+00 1.642165278213472135e-01
1.013390639726474696e+00 1.659015979209534919e-01
1.007582262078774438e+00 1.643811704180482280e-01
1.014231218522476885e+00 1.675092017214936391e-01
1.006167965650376805e+00 1.646848394851083697e-01
1.036746906100240118e+00 1.694542977742141687e-01
1.002066549029800857e+00 1.644288928183303966e-01
1.003520125705026134e+00 1.660464481708103790e-01
1.008285853710542357e+00 1.645911790810057340e-01
1.046213226497969551e+00 1.699738782668145376e-01
1.004180351130387283e+00 1.642696778349002074e-01
1.010343539206951302e+00 1.652031927228190256e-01
1.023299051781040525e+00 1.672058815444650293e-01
1.005299211163170447e+00 1.647895697728944953e-01
1.006865170941658727e+00 1.646945803008019737e-01
1.010974342934561232e+00 1.653740567608537049e-01
1.014362268360808006e+00 1.653353234224823609e-01
1.023343039423118217e+00 1.676103801648682889e-01
1.009408287982542785e+00 1.647466392239635979e-01
1.024106112534897361e+00 1.667810949005890109e-01
1.000064832861722097e+00 1.640091408903749937e-01
1.028051752476371261e+00 1.677384867712259364e-01
1.027504820461621282e+00 1.674067037208040176e-01
1.005569829713501617e+00 1.653214507594160665e-01
1.035958890098527263e+00 1.688533409925323525e-01
1.003237867336847389e+00 1.637037916360064571e-01
1.000100340168266655e+00 1.641302069887142778e-01
1.016633463113183922e+00 1.665428039041483288e-01
1.005299211163170447e+00 1.647895697728944953e-01
1.078823599433900604e+00 1.754821800763455286e-01
1.003188499230961650e+00 1.641884250396419276e-01
1.023343039423118217e+00 1.676103801648682889e-01
1.052495879243826371e+00 1.708972257515632975e-01
1.027560983410707562e+00 1.674560782695131422e-01
1.013176271584588228e+00 1.647993067222479624e-01
1.023343039423118217e+00 1.676103801648682889e-01
1.009488924519283515e+00 1.650854913956756320e-01
1.005246592039113374e+00 1.650909031580845010e-01
1.018258377264471992e+00 1.669634614454515997e-01
1.027551593427368015e+00 1.678458831219398206e-01
1.000796449336502247e+00 1.628140039545407092e-01
1.004632264379487383e+00 1.650863105010955678e-01
1.003133589352152244e+00 1.648370770986993250e-01
1.005287510530670447e+00 1.639842840605432173e-01
1.009884393877849229e+00 1.653031533335234116e-01
1.001295715678602205e+00 1.644984362442052372e-01
1.019045363257188086e+00 1.669713570837263461e-01
1.008127079047309804e+00 1.645307061186862541e-01
1.006167965650376805e+00 1.646848394851083697e-01
1.020252763049448674e+00 1.669437088768148669e-01
1.035958890098527263e+00 1.688533409925323525e-01
1.070342028218778552e+00 1.735127549923713985e-01
1.026876673829646425e+00 1.674866316291296897e-01
1.031686954318841609e+00 1.681861646922300224e-01
1.007346855716664269e+00 1.646844917967200672e-01
1.003110885991424839e+00 1.650380565036453362e-01
1.014922528832765902e+00 1.660914327508002941e-01
1.023948828859964078e+00 1.665460712663993093e-01
1.003237867336847389e+00 1.637037916360064571e-01
1.002904323947238607e+00 1.638266930250455999e-01
1.000757201643383665e+00 1.644226715216117185e-01
1.017498658888312812e+00 1.656537829066557777e-01
1.017498658888312812e+00 1.656537829066557777e-01
1.066623780712158798e+00 1.723082589544162602e-01
1.028051752476371261e+00 1.677384867712259364e-01
1.036746906100240118e+00 1.694542977742141687e-01
1.007621168167940562e+00 1.653656403136505304e-01
1.012027677947503257e+00 1.662803568384507713e-01
1.030444261314163334e+00 1.677570236030607731e-01
1.003122579332936359e+00 1.645021456380639790e-01
1.022882996805308586e+00 1.667754692458220944e-01
1.023948828859964078e+00 1.665460712663993093e-01
1.001585286685773735e+00 1.637996377296140338e-01
1.070342028218778552e+00 1.735127549923713985e-01
1.002152791661333753e+00 1.649163943292553114e-01
1.023948828859964078e+00 1.665460712663993093e-01
1.045856477165181708e+00 1.700758006212979012e-01
1.001409857351268418e+00 1.639384689038738685e-01
1.014781507119943971e+00 1.655065255203957975e-01
1.026364737123391935e+00 1.664534224563496423e-01
1.030444261314163334e+00 1.677570236030607731e-01
1.020824282924896131e+00 1.671224192364277883e-01
1.005221247063447843e+00 1.639906638384491799e-01
1.001327664229580972e+00 1.642040644178965891e-01
1.003110885991424839e+00 1.650380565036453362e-01
1.005353850213016820e+00 1.637773951388084015e-01
1.001087286367223328e+00 1.635264287852589149e-01
1.023720201654074735e+00 1.678647047427865857e-01
1.012027677947503257e+00 1.662803568384507713e-01
1.016633463113183922e+00 1.665428039041483288e-01
1.003520125705026134e+00 1.660464481708103790e-01
1.012027677947503257e+00 1.662803568384507713e-01
1.005876405956002584e+00 1.638792722170752114e-01
1.026364737123391935e+00 1.664534224563496423e-01
1.066295611356249173e+00 1.728357544045344696e-01
1.008803940696663348e+00 1.647035538102414876e-01
1.063231123079948048e+00 1.719734190643364968e-01
1.009064317611158224e+00 1.661701252023970454e-01
1.005989379539455220e+00 1.648316143895378616e-01
1.001802792830529087e+00 1.642162080025340032e-01
1.055190953629106199e+00 1.691545598818269269e-01
1.019050183802348686e+00 1.669242752045807521e-01
1.002152791661333753e+00 1.649163943292553114e-01
1.023948410636611461e+00 1.672214138946372941e-01
1.004428925796191585e+00 1.648314454985406741e-01
1.031686954318841609e+00 1.681861646922300224e-01
1.002152791661333753e+00 1.649163943292553114e-01
1.070342028218778552e+00 1.735127549923713985e-01
1.007582262078774438e+00 1.643811704180482280e-01
1.037244277961864025e+00 1.694429804478634338e-01
1.035090962793786318e+00 1.687266047517681500e-01
1.001981868321086377e+00 1.624405911998962893e-01
1.018258377264471992e+00 1.669634614454515997e-01
1.008127079047309804e+00 1.645307061186862541e-01
1.031913488824110603e+00 1.681438184767696242e-01
1.016633463113183922e+00 1.665428039041483288e-01
1.004428925796191585e+00 1.648314454985406741e-01
1.001957464498813177e+00 1.629470109278159384e-01
1.013378972708839143e+00 1.644016166967450232e-01
1.001981868321086377e+00 1.624405911998962893e-01
1.010819642350885061e+00 1.648626652480924548e-01
1.026364737123391935e+00 1.664534224563496423e-01
1.001941408840606229e+00 1.638626029642491488e-01
1.028051752476371261e+00 1.677384867712259364e-01
1.000768822763826504e+00 1.632954218354605302e-01
1.005287510530670447e+00 1.639842840605432173e-01
1.052495879243826371e+00 1.708972257515632975e-01
1.020252763049448674e+00 1.669437088768148669e-01
1.031913488824110603e+00 1.681438184767696242e-01
1.001802792830529087e+00 1.642162080025340032e-01
1.018258377264471992e+00 1.669634614454515997e-01
1.041709009187530954e+00 1.681957601372783273e-01
1.052495879243826371e+00 1.708972257515632975e-01
1.007760297952536188e+00 1.639348167212730800e-01
1.046213226497969551e+00 1.699738782668145376e-01
1.049341379170157573e+00 1.706341640955741923e-01
1.009652020412493689e+00 1.643569992182118966e-01
1.019050183802348686e+00 1.669242752045807521e-01
1.002288300447620406e+00 1.649445870815497983e-01
1.005895861584154893e+00 1.642737348023679544e-01
1.005876405956002584e+00 1.638792722170752114e-01
1.035958890098527263e+00 1.688533409925323525e-01
1.013369640863290844e+00 1.648702572447859893e-01
1.006233626981339668e+00 1.642489446343482484e-01
1.028775238262516378e+00 1.672233079189151539e-01
1.041709009187530954e+00 1.681957601372783273e-01
1.001716593118264109e+00 1.645135607685865864e-01
1.008648130502503015e+00 1.665497466966368023e-01
1.005287510530670447e+00 1.639842840605432173e-01
1.012027677947503257e+00 1.662803568384507713e-01
1.003111070110033198e+00 1.640236048338010733e-01
1.020819510924049434e+00 1.669917221473475877e-01
1.020252763049448674e+00 1.669437088768148669e-01
1.028775238262516378e+00 1.672233079189151539e-01
1.003381920869180766e+00 1.653021290009206723e-01
1.047074369575741626e+00 1.700298681730103567e-01
1.059750678344113295e+00 1.711122829936222445e-01
1.001981868321086377e+00 1.624405911998962893e-01
1.006643014548519011e+00 1.654196924037449890e-01
1.019050183802348686e+00 1.669242752045807521e-01
1.020819510924049434e+00 1.669917221473475877e-01
1.024106112534897361e+00 1.667810949005890109e-01
1.004428925796191585e+00 1.648314454985406741e-01
1.078823599433900604e+00 1.754821800763455286e-01
1.077578394765369652e+00 1.742008348986061606e-01
1.000111403649624364e+00 1.636098742662621675e-01
1.045081163165987537e+00 1.702240011682594201e-01
1.023948828859964078e+00 1.665460712663993093e-01
1.066574008274833840e+00 1.734207124722502158e-01
1.029619263471301283e+00 1.676115227068528668e-01
1.053872937207906313e+00 1.703412010490144013e-01
1.005353850213016820e+00 1.637773951388084015e-01
1.010234983451975932e+00 1.651563268745146473e-01
1.041709009187530954e+00 1.681957601372783273e-01
1.003110885991424839e+00 1.650380565036453362e-01
1.036709639824428431e+00 1.697851617244499067e-01
1.006377076686156391e+00 1.655481773662952349e-01
