0.000000000000000000e+00
0.000000000000000000e+00
0.000000000000000000e+00
0.000000000000000000e+00
0.000000000000000000e+00
0.000000000000000000e+00
0.000000000000000000e+00
0.000000000000000000e+00
0.000000000000000000e+00
0.000000000000000000e+00
0.000000000000000000e+00
0.000000000000000000e+00
0.000000000000000000e+00
3.930341073499379129e-08
0.000000000000000000e+00
3.730881891052580597e-65
5.447010102658778052e-01
7.100665693800841385e-303
1.684977503314890442e-31
1.295839036095758779e-03
4.458451841941064031e-01
8.251319506616462661e-29
0.000000000000000000e+00
2.793449515036851390e-06
3.847760584533301925e-05
7.384797743317132333e-11
4.481319523899844892e-01
0.000000000000000000e+00
2.041757305898554697e-01
7.663354095462479142e-13
0.000000000000000000e+00
0.000000000000000000e+00
1.372723716114293294e-10
2.772161449968275904e-02
4.344998175884614011e-01
8.579059220785161759e-173
0.000000000000000000e+00
9.180240705948481882e-08
4.370723568874330641e-04
3.237470302257271515e-15
2.333960635804454842e-01
7.779366867094516833e-10
3.692051780303996084e-02
1.479088462261714532e-01
1.391883157682741179e-01
0.000000000000000000e+00
3.555735855357124164e-02
0.000000000000000000e+00
1.149722158426360469e-01
6.846254726164417194e-03
1.582311363029653348e-02
3.549741405180185244e-02
3.444590439992208791e-02
8.075201375581200842e-70
0.000000000000000000e+00
1.411793724676783379e-01
6.912397104541103884e-03
4.943280099082813517e-01
3.094422212344468716e-03
0.000000000000000000e+00
8.522972772826770127e-01
2.657855073906185517e-04
6.976628713970173257e-03
3.122154795406116654e-03
1.304237663241357209e-03
2.662518583704019475e-04
4.069672674074030958e-10
6.944096572355309277e-03
1.577894256032737197e-02
1.313241753428227453e-04
6.830701851094673691e-03
1.391574436496320184e-05
1.308911059801560898e-03
2.659305413274671692e-04
2.660469835087691430e-04
2.663498350419774940e-04
6.888948146604948440e-03
6.528739353756962624e-06
5.843522745882430989e-04
8.214608092765795963e-15
1.391454754020556432e-05
1.391331652132980705e-05
9.272313167156464783e-163
6.528834525122241096e-06
1.865113040283209297e-06
3.071796489269313361e-05
0.000000000000000000e+00
6.529474018349502205e-06
6.528657106562610190e-06
3.072078200866318510e-05
1.382778741817890511e-01
2.561489210721431542e-01
1.360459381081473573e-01
0.000000000000000000e+00
1.589295604087710007e-02
0.000000000000000000e+00
6.825996659685077371e-03
1.304543515734865426e-03
6.530057533799298790e-06
1.865332307429296566e-06
1.865170623267347105e-06
1.391228906287132935e-05
2.658739959794133301e-04
6.529611088804106705e-06
1.865366749685028731e-06
1.313156739909641262e-04
3.654972271817492208e-02
2.269285950490115833e-01
5.830417706397124887e-04
6.237230592633632442e-01
1.865186526935613733e-06
1.578022437205782100e-02
3.071011460768111555e-05
2.516354430211298343e-01
0.000000000000000000e+00
1.865242968951404306e-06
1.312679856385132052e-04
3.540953760616505352e-02
4.524462870775949885e-01
2.664932814122876492e-04
0.000000000000000000e+00
0.000000000000000000e+00
9.423026990680578413e-131
1.306119460373797794e-03
1.391131559501852380e-05
0.000000000000000000e+00
2.691838562366535292e-01
0.000000000000000000e+00
2.659400124971950563e-04
0.000000000000000000e+00
0.000000000000000000e+00
0.000000000000000000e+00
4.441054542697384089e-01
3.597749342802142314e-02
1.865205037277202445e-06
0.000000000000000000e+00
1.865121410174777937e-06
6.206167617651389135e-01
4.124065505772165247e-28
1.305615143616914138e-03
1.765155593808237289e-167
0.000000000000000000e+00
2.662974075706658309e-04
4.381458403816061069e-104
0.000000000000000000e+00
4.013631399769785890e-01
5.990559488082806779e-187
6.528984465479977526e-06
6.528918669684736494e-06
6.529228889642406908e-06
3.111805631307836712e-75
1.304165037198089152e-03
1.312223676789666304e-04
2.658461051681107403e-04
0.000000000000000000e+00
0.000000000000000000e+00
3.104872270901224470e-03
0.000000000000000000e+00
2.962687710035613597e-01
8.787383281420300446e-81
0.000000000000000000e+00
1.396509402824039903e-01
2.659309855099229597e-04
6.529632396344278567e-06
3.685773123130131612e-01
7.204172955966102743e-01
4.725785369323647900e-01
3.094214941271775446e-03
9.230030386227301073e-106
5.819477823548687995e-04
2.493474069316148723e-80
2.047067237559992703e-01
6.843846479632599046e-03
6.528740316480205831e-06
3.539877905563223320e-02
2.783944821177664064e-01
1.391522317190781822e-05
4.429703947967826490e-65
1.128272793583661745e-04
1.563690059010392971e-02
1.865153836243813763e-06
2.659831896480097167e-04
1.685666084611655133e-259
1.312727813919295538e-04
0.000000000000000000e+00
3.071494307194481412e-05
1.312763082373539299e-04
1.865259990788461127e-06
1.304978085646711769e-03
6.878638750273039296e-03
5.840947570494476075e-04
0.000000000000000000e+00
5.838356411480419891e-04
6.828753366279530050e-03
7.006388138105838943e-03
0.000000000000000000e+00
3.187515803190663077e-01
1.000000000000000000e+00
3.499657093948616502e-10
4.211972783595600012e-01
0.000000000000000000e+00
6.834048697553779528e-01
1.247965607193463950e-32
2.218019732778740897e-106
2.658082344765393948e-04
1.258218496048050476e-03
3.071224136563361587e-05
0.000000000000000000e+00
0.000000000000000000e+00
0.000000000000000000e+00
0.000000000000000000e+00
1.445576133858875544e-16
1.865404891348607443e-06
1.391273540466713152e-05
3.105572309991812188e-03
0.000000000000000000e+00
0.000000000000000000e+00
0.000000000000000000e+00
3.350243244050059095e-06
2.626751839272711830e-01
6.909639797715470474e-04
8.242870603235684509e-04
2.815500496610819043e-12
0.000000000000000000e+00
3.479577820737185523e-02
0.000000000000000000e+00
0.000000000000000000e+00
4.966250908183403413e-148
6.963561834569324295e-03
1.312587493263077723e-04
3.071554358865386647e-05
1.592026052924522953e-270
0.000000000000000000e+00
0.000000000000000000e+00
0.000000000000000000e+00
1.307075024423511381e-03
5.825420637640920090e-04
0.000000000000000000e+00
8.187773531008565309e-01
4.477066249081914084e-01
5.123016020959565014e-02
4.901109694780331094e-08
2.283965044859564886e-39
7.201989772443065166e-72
0.000000000000000000e+00
0.000000000000000000e+00
6.529423003139016125e-06
1.027027797293529822e-160
1.865358122397170664e-06
0.000000000000000000e+00
1.865351938429238075e-06
6.529280702853987919e-06
1.865228970102395910e-06
6.529454965196512409e-06
0.000000000000000000e+00
1.391481464368130166e-05
1.865144404426634903e-06
4.841147692797570360e-07
3.102366827211976933e-03
3.089912107165776033e-03
3.113346666296944610e-03
1.305930545753148904e-03
2.838074136986321744e-02
2.329441813658248774e-91
3.114057142162289255e-03
0.000000000000000000e+00
1.311459296463926821e-04
6.927615868706931725e-03
1.554332663683215612e-02
0.000000000000000000e+00
1.865118457362481479e-06
0.000000000000000000e+00
2.069790891698706364e-02
2.575505737681986762e-01
5.642132914695513479e-01
3.653122932143246238e-02
2.265639580000639308e-01
1.334687352151453510e-01
2.788147080536151345e-01
0.000000000000000000e+00
4.134806035114858141e-02
1.308711132251321818e-03
1.311740031859996833e-04
0.000000000000000000e+00
5.834152193448233345e-04
6.989883637561390521e-03
0.000000000000000000e+00
1.311917936355550180e-04
0.000000000000000000e+00
2.513170168666727876e-152
1.865247333000098484e-06
1.362904373771198496e-01
3.071413715153218082e-05
1.350175244193859980e-01
0.000000000000000000e+00
6.913347773911045734e-03
3.688382661272283924e-02
3.640195290224413488e-02
2.311671260347093193e-01
2.631620576377305398e-01
1.117126549784296709e-130
1.584186621135707379e-02
3.071499688304809249e-05
6.836338157139935113e-112
5.207744927659729677e-03
2.563798539555495193e-01
4.943986534067798533e-01
4.579807038084021675e-01
2.663419096367130841e-04
0.000000000000000000e+00
1.865155812713865983e-06
5.836296365243338977e-04
6.886147433906702683e-03
6.932568527687194351e-03
1.865408195004008944e-06
1.403805105539875364e-01
3.110187232476737881e-03
1.312254072128487593e-04
0.000000000000000000e+00
0.000000000000000000e+00
3.565867453986023422e-02
6.528884383682402001e-06
9.837292529339866371e-148
2.804172000691732003e-01
5.120276047942534744e-49
0.000000000000000000e+00
1.591872084542354793e-02
1.305452149960948955e-03
0.000000000000000000e+00
6.530125128063169227e-06
7.477932546779164179e-28
5.785329828845248157e-01
2.983890048468011424e-01
4.144794922749142629e-02
3.891622262079437733e-01
9.549993155745525319e-01
4.664435363156506087e-01
4.511988181377958318e-01
3.072016975883726751e-05
3.892531954850079190e-01
5.825004395189285322e-04
2.747910378825255684e-01
1.391253620675436208e-05
1.391428982523706817e-05
1.865215339856689125e-06
1.865160362420768219e-06
1.391432246158826690e-05
1.865235521601892874e-06
3.566057739532337706e-02
2.264420049950843228e-01
3.457071922331612229e-02
3.032941796071325080e-01
2.662397995805923664e-04
1.312500962270990348e-04
3.113363225207830317e-03
3.097971242908388861e-03
1.865121212691562608e-06
1.578093415432468838e-02
2.658399851341662189e-04
1.313283157835868611e-04
3.071095428280704742e-05
3.071088721463619264e-05
1.391614482757597280e-05
1.407987187506030691e-01
1.865427438317832351e-06
3.071617162190656857e-05
0.000000000000000000e+00
2.849416379663489152e-01
2.197895932484169578e-10
3.514162730354818132e-02
5.839462366214795809e-04
3.097243232094723606e-03
3.682264324071651829e-02
1.312882838870626958e-04
3.071177353740331861e-05
0.000000000000000000e+00
2.153642217724476758e-07
6.528695289592867178e-06
0.000000000000000000e+00
0.000000000000000000e+00
2.221836770375487657e-01
2.491924730447740710e-01
3.983862656523897653e-07
0.000000000000000000e+00
1.440301301660089073e-01
4.951524985860550898e-01
5.531189506771552189e-01
0.000000000000000000e+00
4.219545929067433088e-01
4.140297470833392279e-01
4.879088886032403316e-01
0.000000000000000000e+00
8.570763240640305089e-46
0.000000000000000000e+00
0.000000000000000000e+00
4.148728744073882507e-02
0.000000000000000000e+00
4.144946025708012155e-02
0.000000000000000000e+00
0.000000000000000000e+00
0.000000000000000000e+00
8.316478752596079267e-109
2.660278353243638845e-04
3.109307505247112333e-03
1.529942699641310133e-01
0.000000000000000000e+00
3.122351680278303513e-03
8.291026378445625709e-140
6.851603747534034186e-03
3.508538608394768527e-02
2.662234921012035386e-04
3.071139021300795403e-05
1.312316606809326423e-04
2.200476357385852937e-03
0.000000000000000000e+00
2.367852924163772694e-17
3.441781143062572906e-02
1.865461761807186253e-06
0.000000000000000000e+00
6.868915110619761358e-03
0.000000000000000000e+00
2.391503730579904775e-22
3.101261869671297772e-03
7.004313448508171433e-03
5.819451699882108439e-04
0.000000000000000000e+00
1.311778864511985588e-04
2.180090801121835620e-01
3.071982130288018558e-05
2.962092826896002284e-01
1.558046521599360142e-02
5.260148440217004007e-01
1.391555118093613801e-05
3.164199269698810268e-01
1.391206519144066530e-05
1.391273588827984228e-05
1.391377988746682535e-05
6.864988578235832299e-03
1.865341546187401059e-06
1.391511529078480584e-05
5.819955387787476096e-04
5.823990617181090765e-04
2.661988426292614387e-04
3.071022408261755586e-05
1.313873932209613880e-04
1.391113341508724553e-05
4.143233959812642891e-02
1.552545890897894139e-02
5.836016807730577162e-04
0.000000000000000000e+00
6.011276841173032997e-04
1.748352066379415398e-02
6.038546620350705441e-01
0.000000000000000000e+00
0.000000000000000000e+00
0.000000000000000000e+00
0.000000000000000000e+00
6.003270989299464138e-24
0.000000000000000000e+00
3.009314283900530601e-03
0.000000000000000000e+00
0.000000000000000000e+00
1.391484227321968867e-05
0.000000000000000000e+00
3.511956093978216981e-02
1.312237499056088290e-04
0.000000000000000000e+00
1.313502129873175286e-04
6.996663029347096122e-03
9.484661230894867595e-14
1.865109237210420019e-06
3.032513265445436600e-03
0.000000000000000000e+00
2.450797931131955120e-215
0.000000000000000000e+00
1.992868609820193648e-01
1.758800751989322403e-33
1.865130090277396761e-06
2.664470660731575844e-04
1.569281897301655695e-02
5.806243842056068027e-01
1.393849970447104651e-26
3.112429931052216325e-01
1.391149013131478752e-05
2.254427848057281580e-01
6.942295998287034003e-03
1.329880058226337036e-01
9.851049729902808944e-04
0.000000000000000000e+00
6.352776574181869806e-01
2.229529322406637037e-01
9.852480246576514906e-12
2.664435832370021478e-04
5.614057785730083294e-01
1.850952032989895977e-158
0.000000000000000000e+00
2.665295443497056604e-04
0.000000000000000000e+00
5.830253222932565722e-04
6.529867365397735368e-06
0.000000000000000000e+00
6.529518624415829356e-06
1.865307244620902652e-06
1.865219830792561623e-06
1.391522407821022731e-05
2.660231352530951251e-04
3.123176669640051820e-03
2.664518382837924933e-04
0.000000000000000000e+00
0.000000000000000000e+00
7.535565492396416500e-38
5.837301297029523408e-04
3.071816978435713933e-05
6.528985007004767962e-06
4.277439547334677128e-02
0.000000000000000000e+00
2.646980019087227243e-01
5.819266673652602473e-04
2.662523923211787156e-04
4.904290030956350854e-01
3.471914724217597253e-02
3.690150153094839958e-01
2.521211413388906308e-01
6.076200803074143231e-01
3.638965960165681940e-02
5.953423744964044806e-01
1.446805106332427759e-01
1.476835422187772195e-01
3.479542461218305266e-02
6.947992234299702093e-03
3.566973047343273417e-02
2.663178103385922531e-04
1.865328118984235864e-06
1.865107378003141878e-06
6.972660375242429459e-03
1.559815496261617376e-02
2.659921302385379418e-04
0.000000000000000000e+00
1.865193027922853153e-06
2.343248018497751919e-04
1.312777664264511233e-04
6.867400337392440442e-03
5.820288096218181060e-04
1.313305950496673953e-04
1.865152982866591004e-06
0.000000000000000000e+00
2.659209343799549753e-04
5.835191468292306397e-04
6.482137294980594433e-01
6.857422736934966345e-03
7.013453402681565398e-03
1.827357828192031776e-27
4.067961776393637132e-10
1.143992867151309140e-24
1.865228211866365312e-06
2.616126851650799612e-01
3.256616561357230008e-224
4.132924275187405712e-40
0.000000000000000000e+00
3.081592442368283548e-199
1.456640242592916673e-10
0.000000000000000000e+00
0.000000000000000000e+00
4.081268387784656865e-02
1.313551997299666882e-04
5.296657415820490988e-02
3.455056115018664831e-02
0.000000000000000000e+00
8.856531668863760501e-120
5.842253718992449722e-04
2.681687814310611835e-18
2.691838562614877436e-07
0.000000000000000000e+00
0.000000000000000000e+00
1.391143806577461484e-05
0.000000000000000000e+00
7.496672067495286112e-293
0.000000000000000000e+00
3.113507415684980528e-03
6.940309618867561772e-03
4.031714651569691665e-01
4.636226107327268835e-67
2.322118237914411187e-01
1.583510006578932579e-21
3.560644339733745611e-02
1.306167012165378302e-03
1.310225716883045913e-03
1.313494979340017351e-04
2.106978277487282503e-01
1.333968099191326639e-01
6.943907978499347551e-03
1.567828567461749048e-02
2.411939841528543960e-01
2.230195258790892143e-01
3.104508373249988823e-03
1.865231876391704625e-06
1.311255971671798247e-03
4.967584381134283516e-05
6.528809948364184514e-06
1.312894854633859989e-04
1.865149667980135075e-06
0.000000000000000000e+00
1.391196508836028752e-05
0.000000000000000000e+00
1.865132016493810077e-06
1.309094431406529436e-03
1.311041728507613162e-03
0.000000000000000000e+00
3.104565434793138227e-03
1.311914229341921013e-04
5.826301183317015306e-04
4.095889366045959296e-02
0.000000000000000000e+00
1.391570911448087442e-05
1.312698059750421788e-04
2.659481269299573307e-04
4.225057353544836025e-01
6.844374583633521143e-03
8.611432908799545594e-01
5.049132064218033733e-01
9.429922105337030955e-31
6.945515157771794956e-03
2.207631487325790731e-01
2.662227730058809171e-04
1.569225953635467949e-02
1.391065940266288330e-05
0.000000000000000000e+00
2.150042718187587798e-01
3.501937126068577905e-02
3.159755424508835508e-01
1.312394042055062596e-04
2.658641839346735235e-04
1.455036387519818028e-28
3.117618039635322320e-03
1.571464024704938983e-02
9.598190330388582454e-64
8.379097796476513427e-01
4.150344841382779815e-01
0.000000000000000000e+00
5.256627588720313993e-01
1.391300594717658276e-05
0.000000000000000000e+00
0.000000000000000000e+00
2.649039537158000557e-01
3.807780195503489521e-136
3.071513391033156050e-05
0.000000000000000000e+00
0.000000000000000000e+00
0.000000000000000000e+00
1.391452004259500507e-05
6.893676545042025025e-03
2.479710128773806033e-01
2.357436718050158753e-01
4.772304952906186726e-01
6.981144936965964776e-03
3.064530352307858752e-01
6.877720372874891915e-03
0.000000000000000000e+00
5.643859988698670662e-04
1.510848743375996972e-07
2.424151885930209077e-17
2.662940751637135053e-04
1.865359911471419062e-06
1.934763848621068663e-02
7.614019850567329453e-29
1.306798784425559955e-03
2.367233569253252567e-01
6.879526098620106396e-03
9.544784254179562202e-22
0.000000000000000000e+00
4.360941861239687745e-01
3.499523543067782627e-02
1.267780750792100834e-03
5.684055631072626458e-01
0.000000000000000000e+00
0.000000000000000000e+00
1.072847792803209754e-11
2.939592410894436014e-01
3.510987545240362023e-02
7.240932303618474730e-02
0.000000000000000000e+00
6.550266370399128180e-01
3.469865620331373524e-02
3.115627295177250851e-03
0.000000000000000000e+00
0.000000000000000000e+00
1.379269802411158818e-01
3.624248074217376048e-02
4.772126562923948989e-01
6.880167355454005172e-03
6.845265775446317952e-03
0.000000000000000000e+00
4.176906626156992042e-01
0.000000000000000000e+00
3.093397375829649854e-03
0.000000000000000000e+00
1.585441275869400174e-02
0.000000000000000000e+00
1.894526984122494990e-18
0.000000000000000000e+00
1.865168969736320590e-06
1.283653113980085837e-03
0.000000000000000000e+00
3.464849722038779484e-11
1.391317512072446771e-05
8.310976062013158971e-02
1.298165071180727553e-06
1.865287213293727783e-06
4.096641640745892210e-01
0.000000000000000000e+00
2.661274631226121542e-04
1.311651713848283214e-04
0.000000000000000000e+00
2.817604149150411685e-01
6.901168788254094001e-03
1.554953957347957397e-02
0.000000000000000000e+00
1.305517570705363572e-03
1.311578228741239476e-04
6.528843991738847445e-06
0.000000000000000000e+00
2.295693863091035758e-24
1.669355485167122055e-70
5.836956883007514245e-04
4.519239553496294248e-01
5.828295930416545071e-04
2.876694266752687357e-01
5.793132780350351840e-01
1.391536473710320258e-05
3.892591907253999950e-01
1.313042990228897573e-04
6.890668937137260121e-03
0.000000000000000000e+00
2.006054050896988739e-01
1.364506883297170614e-122
2.153007945299501291e-01
0.000000000000000000e+00
1.391347692418995688e-05
0.000000000000000000e+00
4.060914156687639442e-02
3.661324521163639850e-02
1.865210514088291084e-06
1.865110894460445486e-06
0.000000000000000000e+00
2.148720005763930241e-01
2.155046089831806899e-01
5.775108991804177583e-01
3.072232140453672148e-05
1.312526234539531191e-04
1.313535128944452995e-04
1.313631137356260968e-04
1.311730153006680397e-04
3.153672166616529049e-01
3.117036125697277785e-03
0.000000000000000000e+00
6.876176155534923819e-03
0.000000000000000000e+00
1.443302371293573583e-01
1.410300865520222879e-01
3.094719096874243985e-03
2.613726392673993426e-01
5.827506411731384972e-04
5.832445589625777360e-04
3.071365384963991321e-05
2.664625288598719902e-04
3.072125717013610418e-05
1.307681066198009522e-03
0.000000000000000000e+00
2.660330801865190922e-04
7.011596864497149362e-03
1.310303183168041790e-03
1.479838356877489214e-01
5.839776725390811302e-04
1.247110745009093260e-26
0.000000000000000000e+00
6.855573608967767060e-03
5.220178469780513985e-42
0.000000000000000000e+00
3.106974939984047824e-03
3.491815575134363941e-02
3.661146957593321150e-02
3.453315082714766143e-02
1.865364250528014168e-06
3.976070701095789639e-01
3.205099856089875798e-01
6.529556321454021915e-06
8.047276574468449351e-01
2.338986535821605968e-05
1.391214163694139243e-05
6.529050154541144904e-06
1.585733207607198034e-02
5.932431749988485992e-01
1.556972575837697326e-01
1.865180517027877018e-06
0.000000000000000000e+00
0.000000000000000000e+00
0.000000000000000000e+00
3.300484521753900456e-117
1.401214969999063642e-01
3.743191897571325755e-01
1.354067002020883093e-01
1.308589975857337839e-03
2.071802860005100277e-01
5.663602143561037305e-01
4.312714291949393264e-01
0.000000000000000000e+00
3.662401031602429552e-02
1.865108752695277177e-06
1.865391461353617630e-06
4.147548714543661207e-07
5.842489263381201369e-04
0.000000000000000000e+00
1.394586020782176665e-08
0.000000000000000000e+00
0.000000000000000000e+00
0.000000000000000000e+00
3.071770262233113676e-05
3.071927177446646555e-05
1.865164508489353752e-06
1.391403283287076150e-05
2.658403639630924553e-04
1.391160974035657980e-05
0.000000000000000000e+00
0.000000000000000000e+00
1.310439041241580511e-03
1.308623912590323266e-03
5.768180812942698132e-01
3.489548111604662967e-02
5.827285947063421366e-04
3.463290123674540172e-02
2.341304008086430855e-01
2.572060644886739615e-33
0.000000000000000000e+00
5.273110179446408380e-22
1.168445954856188119e-111
0.000000000000000000e+00
2.836927173172398008e-11
3.637790295479689146e-12
6.528718678904408472e-06
0.000000000000000000e+00
0.000000000000000000e+00
4.980756422969266578e-12
5.841189018798857756e-04
0.000000000000000000e+00
0.000000000000000000e+00
0.000000000000000000e+00
0.000000000000000000e+00
0.000000000000000000e+00
2.287312994548207634e-01
4.541374692894165621e-01
0.000000000000000000e+00
5.513722075458049598e-01
0.000000000000000000e+00
0.000000000000000000e+00
1.552714167705523604e-02
0.000000000000000000e+00
6.543348874376932189e-02
1.199885193034039587e-195
0.000000000000000000e+00
3.109735810619651021e-03
6.896258723192300044e-03
5.827469754245976274e-04
4.026076758641540743e-161
0.000000000000000000e+00
0.000000000000000000e+00
1.305126432926717248e-03
1.391285492997891566e-05
1.391395156144930952e-05
1.572339200727364272e-02
5.837577688456737192e-04
5.176377627468476961e-01
3.932245382152884106e-01
0.000000000000000000e+00
1.311899319946226248e-04
1.391087778300129137e-05
1.494812580192793859e-02
3.476193293560085606e-02
1.391528222523326334e-05
0.000000000000000000e+00
1.391178852833336362e-05
0.000000000000000000e+00
1.865359335787573503e-06
2.405128368287156146e-17
2.838693376855286332e-01
1.545080565839879183e-01
0.000000000000000000e+00
2.235558664835394227e-01
1.077380139404334687e-09
1.715490734589853383e-24
1.312019636056395422e-04
1.629457482603539767e-03
4.169468974883098402e-07
0.000000000000000000e+00
2.661474909433368717e-04
0.000000000000000000e+00
0.000000000000000000e+00
1.590761583191100184e-02
1.715274922259030865e-16
0.000000000000000000e+00
0.000000000000000000e+00
0.000000000000000000e+00
1.204163484496763862e-52
1.391117887405379265e-05
2.025260938640875792e-200
1.029601152636199716e-22
0.000000000000000000e+00
7.029124675784962153e-03
0.000000000000000000e+00
4.274811366656193212e-01
0.000000000000000000e+00
8.272569261661434359e-01
1.557995109302906349e-02
1.591334659961256628e-02
2.662058719989161522e-04
0.000000000000000000e+00
7.312748499575494332e-01
3.466931772572334064e-02
6.832850663842908283e-03
2.202613561810842779e-01
1.527401398879996708e-01
5.657419025764125475e-01
7.572407093388905178e-09
1.313237783744733314e-04
5.835626737252605110e-04
0.000000000000000000e+00
5.821180771076608180e-04
0.000000000000000000e+00
1.579580937608349861e-02
2.741312902598256884e-01
1.555954179701428755e-02
0.000000000000000000e+00
3.110503379234346756e-03
0.000000000000000000e+00
1.313728002038423855e-04
1.865139397909774180e-06
6.529996010002799318e-06
6.529801195720802942e-06
1.391329920665041133e-05
6.529711129319052280e-06
6.529705747434157028e-06
6.529128014594078485e-06
1.865206474431029582e-06
1.865180497542502401e-06
6.991730979790786518e-03
2.665007902038798960e-04
3.072276438379531574e-05
3.071309636111907139e-05
4.142352666919525694e-02
5.183942743883552806e-01
4.533345057441238724e-01
5.079184766344585489e-01
5.260279788953035052e-01
5.994657099574057790e-01
6.964580361232708405e-03
1.463671619546431657e-01
6.529331722449759230e-06
3.071236636122713561e-05
1.865411796924484769e-06
3.122427676866641830e-03
1.865303209034476412e-06
6.529553069015227994e-06
7.006486978768976595e-03
6.528832246728222540e-06
1.865201114615208252e-06
2.600759837051299095e-01
3.952764355911914107e-01
4.632621959558624880e-01
3.682029974398036420e-02
1.305500994086910681e-03
1.311031484177177129e-03
8.451427993688955159e-22
7.529428285952166254e-42
8.466541685210295931e-01
1.391319525558582269e-05
2.177831620499909582e-01
2.659680632102331140e-114
0.000000000000000000e+00
0.000000000000000000e+00
3.595569110980120775e-02
0.000000000000000000e+00
1.742255934547523935e-02
7.820657253937840503e-02
4.550242455820058263e-01
3.323251424754775403e-28
6.952765495823375053e-03
1.394242538245948348e-01
0.000000000000000000e+00
3.111592537088752643e-03
0.000000000000000000e+00
5.832897171519315542e-04
7.013645466398251392e-03
1.394442871958711805e-01
0.000000000000000000e+00
3.591925823538460322e-02
4.131009103383025127e-02
6.835319478566749020e-03
3.109690153704848352e-03
1.373459732193134386e-01
1.308231649362459614e-03
5.840688757108352053e-04
