# level_assignment log_likelihood tiebreaker ID
0 -9.153223418895162467e+03 7.506710027502789817e-01 3
2 -2.429831130095152275e+03 6.536992889602011303e-01 0
0 -1.874967068534902501e+04 3.347118462225078667e-02 1
2 -2.088789362568687920e+03 2.582869801794182574e-01 2
3 -3.343876070750583494e+03 2.107593738075364265e-01 0
3 -4.161111867639601769e+03 9.751964316582825143e-01 2
1 -8.263015574407814711e+03 1.147692552141341554e-01 2
1 -1.229330067340742971e+04 8.953406385071593920e-01 1
5 -9.995246539241525170e+02 1.979464071933492164e-01 0
5 -1.583071900049660599e+03 4.735083122074771889e-01 3
5 -1.316177824637803951e+03 4.236962582932548571e-01 3
2 -5.959502189888127759e+03 8.323744300333153490e-01 1
1 -4.094585310189275788e+03 2.532956613812366586e-01 3
7 -1.890413061814715547e+02 6.662250845532435850e-01 4
8 -7.254595958925729349e+01 3.154616400372248219e-01 0
6 -9.471980040008164679e+02 6.458476746546424341e-01 0
1 -6.672734681030381580e+03 4.171835776887566349e-01 4
10 2.063819552499639656e+02 3.546732013326409638e-01 1
6 -4.622497618110769508e+02 8.963749814883710254e-01 0
5 -2.036133149945622165e+02 2.649086922641519237e-01 2
0 -5.310195015723065808e+03 6.841939142037331001e-01 0
10 1.948806506142402668e+02 2.444052234193024864e-01 3
10 1.480666428994518924e+02 2.001610071066446395e-01 2
9 2.092122451468067652e+02 1.650049262575401521e-01 2
2 -6.165505245240863587e+03 3.009444217230976965e-02 4
1 -3.778125901382217762e+03 5.330007590283329932e-01 2
4 -2.612454987477745817e+03 1.686860653051874478e-02 0
6 -8.303947448346609690e+02 5.424765108661241397e-01 3
12 2.217923264209622403e+02 3.406063487520238908e-02 1
6 -1.052585814938725889e+03 4.604186624942868677e-02 1
2 -6.160031616832565305e+03 9.529473403789290309e-02 3
13 2.274249229353228259e+02 5.639887262376319654e-01 2
10 1.766484069270128714e+02 6.065107687753759080e-01 2
11 2.306887463481508007e+02 7.238153395159476755e-01 1
13 2.262188907974036738e+02 5.738107706848304401e-01 4
3 -4.021163223394603392e+03 2.399057517711655763e-01 2
14 2.327756208160163567e+02 5.843871321201266067e-01 1
4 -2.242991788075937166e+03 4.526256882956522509e-01 4
12 2.232598383642750548e+02 4.760146448132460129e-01 0
13 2.234880177079835732e+02 1.466193258227304064e-01 3
7 -5.219390012353069324e+02 9.558797420870912553e-01 4
13 2.368375496939689526e+02 3.348280287949200185e-01 3
13 2.351972603566401290e+02 6.566647709606991679e-02 4
16 2.432956941396814727e+02 7.671671470728882447e-01 3
17 2.414734715299356367e+02 8.807833981236827814e-01 2
13 2.316897944840879404e+02 3.743045094973841969e-01 1
5 -1.676151144677945922e+03 6.104230644335384426e-01 4
15 2.347434634662309634e+02 2.331282234845706569e-02 1
12 2.093271534914290442e+02 2.175784977122597053e-01 4
16 2.398499236608345768e+02 3.195929914330835064e-01 3
20 2.443354360666351681e+02 4.605379162464148246e-01 0
9 4.740921286157475834e+01 5.120029319472935159e-01 1
21 2.460297270537148506e+02 4.117835860417282667e-01 2
16 2.398744539719362479e+02 2.293084114650431049e-01 1
19 2.434809593841700064e+02 7.843785158916798395e-01 1
19 2.442576079093620933e+02 3.677013264325734720e-01 2
19 2.444168334059585845e+02 1.226115943756758142e-01 4
16 2.360111465253396545e+02 9.507709757299684927e-01 2
17 2.418619065142428894e+02 3.033623384534982551e-02 2
20 2.456078460729751782e+02 6.547489139585467299e-01 4
16 2.414391601535387224e+02 3.000777774284312804e-01 2
20 2.460364429092380192e+02 1.216223329016047905e-01 1
23 2.469913988947891426e+02 5.293720851454426501e-01 3
22 2.469516174999023406e+02 8.902077454213678243e-01 3
21 2.461780023755520688e+02 9.515490003118376450e-02 0
17 2.439321072649008499e+02 7.754482812276973502e-02 2
24 2.469442731357627281e+02 9.778712869200336666e-01 1
16 2.393787303039952690e+02 9.148908265567994302e-01 4
19 2.439085680018117444e+02 9.940166005348259892e-01 4
25 2.472709032775704259e+02 3.367218989395333040e-01 2
25 2.474545218986055488e+02 7.255121688834557103e-01 3
26 2.475044652798000016e+02 1.771717991950957638e-01 2
18 2.439578408118284756e+02 5.723250649299209680e-01 1
26 2.475107659628071985e+02 1.811353100283894790e-01 3
26 2.477328956948824441e+02 8.979978917580294651e-02 3
24 2.471905577268082936e+02 6.598042979124368879e-01 3
27 2.476050527896432527e+02 2.852631180799369282e-01 2
27 2.476170242270164294e+02 1.479205589534599574e-01 2
28 2.477366612162724664e+02 1.926975852150771829e-01 4
27 2.476327522033586774e+02 4.060415842986812157e-02 2
14 2.362624367557316987e+02 3.495336942769700084e-01 0
27 2.475941834925177716e+02 5.789050814313844162e-01 2
15 2.396428853143667936e+02 9.555320565710414549e-01 0
28 2.477858637864721345e+02 3.496937617010470456e-01 3
29 2.477910399236615433e+02 1.301927838859295861e-01 3
26 2.476406619801000772e+02 2.769300197974331468e-01 3
28 2.477510365160785000e+02 7.830254722187601768e-01 3
9 1.850024156912629110e+02 7.191500078635088000e-02 1
27 2.476116609748475526e+02 1.332189143871161385e-01 3
18 2.438583900306312557e+02 5.549029422664863986e-02 0
9 6.127668940475004433e+00 3.327523637877232154e-01 0
7 1.385870792691019346e+02 1.714956171173034893e-01 0
14 2.404895532263365112e+02 1.917438216536918871e-01 1
17 2.406327171556903295e+02 8.462405384835840483e-01 1
28 2.477503596887887056e+02 2.552892063839422021e-01 3
27 2.478590648375221122e+02 8.252528520168429527e-01 4
29 2.477872796601366474e+02 3.462652216781187953e-01 4
25 2.474781436075100203e+02 7.125798735351960289e-01 2
27 2.475965746976318655e+02 4.265914012950350331e-01 4
14 2.303661680973928583e+02 8.765735660335405299e-01 0
13 2.274399769508311806e+02 1.544417631018015769e-01 1
16 2.384977612089903687e+02 6.430511860996255269e-01 0
19 2.443483857637525603e+02 1.908087888439302660e-02 4
5 -5.006534893419762966e+02 9.715509191713939119e-01 3
12 2.181909565495828360e+02 4.291722535121259008e-01 0
9 2.222968806484828974e+01 6.131805588009984209e-01 2
1 -4.205352519130507062e+03 4.472480391527953181e-01 1
4 -2.602930961704676520e+03 5.028822415316858141e-02 0
19 2.442920154798123633e+02 6.700242514011935935e-01 3
8 -2.523151688016095306e+01 3.052380124294244435e-01 2
11 2.014246153304911502e+02 1.346169839890263287e-01 2
5 -7.164178827550420010e+02 9.482860936095249826e-01 4
19 2.431628308470032493e+02 5.517126724644845215e-01 2
12 2.190276457712492117e+02 6.380646263386471340e-01 2
13 2.241799051497917219e+02 7.786799203606488140e-01 0
13 2.211365981212910015e+02 2.992222154324477787e-02 1
0 -5.226679365912895264e+03 5.868357078684049988e-02 1
8 -1.018320819443677863e+02 1.734198888378272185e-01 4
3 -3.817261017270002412e+03 4.121325882149280417e-01 1
23 2.469089526449947698e+02 6.887470777664825849e-01 3
7 -4.443539934366446005e+02 7.292369724071218196e-01 0
21 2.457293461756277111e+02 2.835171252674713593e-01 4
19 2.449302166561840295e+02 5.128098316516607053e-02 2
23 2.464591116612768360e+02 9.093128988655887479e-01 1
8 -2.022652881105905749e+02 5.444352656469941820e-01 0
23 2.470642313434281050e+02 6.291141859347715304e-01 3
26 2.474809701758769904e+02 6.286900056487544630e-02 3
26 2.474676123613197660e+02 3.568318298444230763e-01 3
28 2.476827521616804120e+02 4.264531111097600302e-01 4
12 2.092545845784000846e+02 7.305272782639261608e-01 2
13 2.211220070257823238e+02 9.861813984182575821e-01 0
4 -1.788684130494009196e+03 6.108601769981749641e-01 2
13 2.403729511262664573e+02 5.535664711526830928e-01 0
16 2.394903228687453520e+02 3.777499943225848256e-01 0
5 -4.493078522118234446e+02 9.963042098316994277e-01 2
26 2.475397725784405907e+02 5.214463129295969779e-01 4
1 -6.485245646062529886e+03 9.365828495155973377e-01 2
19 2.433882547187459124e+02 8.253684668530777424e-01 0
12 2.125846599171919706e+02 3.660150326753808803e-01 1
14 2.298127085398667191e+02 1.149893700423210846e-01 1
27 2.476830504103666044e+02 5.031391509141555085e-01 4
23 2.470688299232228928e+02 8.172364330615400352e-01 3
18 2.442678009938255741e+02 1.019365372781082593e-02 0
27 2.476136661599418858e+02 7.838580640895482787e-01 4
1 -3.271049316089182412e+03 1.769324238971217989e-01 0
8 -1.162053735958517677e+02 4.682549095902643899e-01 0
11 1.954513681530184783e+02 7.018356804643357538e-01 2
7 -5.185361974622107937e+02 8.111291261429632860e-01 1
16 2.376663601153306331e+02 6.202476330035360252e-01 0
21 2.459165759223220675e+02 1.872226502265719184e-01 0
10 1.511182427713817162e+02 9.038880716840607121e-01 4
27 2.477886753753506923e+02 6.068335719444373222e-01 3
9 7.446998417417322003e+01 9.192852423047455090e-01 4
18 2.462673617807143387e+02 8.760255763099598914e-02 0
28 2.477106864762280338e+02 8.166049086980552429e-01 3
27 2.476082823249614648e+02 1.168682548410497901e-01 0
29 2.477836652807241933e+02 4.462038836598669622e-01 0
25 2.473467151516515230e+02 1.143589363858923125e-01 3
15 2.368987972171477736e+02 2.135326814863601763e-01 4
17 2.406353738135913716e+02 6.677434779009914223e-01 4
20 2.465392544394144068e+02 9.424884561016158013e-01 2
14 2.279209338625355485e+02 5.920087482739049278e-01 1
4 -2.837152055447040766e+03 5.244933888079280626e-01 1
12 2.390030069851153200e+02 2.649147425339792861e-01 0
12 2.392079716382698962e+02 2.027878976302318059e-01 1
1 -5.478207312293263385e+03 7.055238103967687024e-01 1
18 2.431603281149710938e+02 1.073367434124511688e-01 2
4 -5.890953392069708343e+02 8.564694485557238224e-01 3
0 -2.227377612147054970e+04 4.591244936342702698e-01 3
13 2.226437622942988810e+02 6.982650515114157130e-01 1
7 -1.725293638083622341e+02 6.612971979256894173e-01 4
9 6.620679407226968749e+01 2.970514320981326728e-01 1
0 -2.754995941109064006e+04 6.908113649731389971e-01 1
15 2.361533520724324546e+02 1.099110463005779081e-01 4
6 -9.136461878395243730e+02 2.039572322065648646e-01 0
11 1.969725410057594104e+02 1.972266482943645372e-01 2
4 -2.384544791038457333e+03 4.717622021864811277e-01 0
1 -2.826158793152715589e+03 8.147588982142419667e-01 2
23 2.466587767849149486e+02 9.248301535289257802e-03 4
21 2.453709485321593320e+02 4.262124866544326762e-01 2
1 -4.170775921843651304e+03 8.626226734008853037e-02 1
9 4.191526391283819208e+01 5.653508309258492744e-03 2
6 -7.228537175545076252e+02 3.874453335339662630e-01 1
1 -1.115407848738670145e+04 9.891060112184666409e-01 1
2 -5.714665430296822706e+03 3.702078792325789180e-01 0
22 2.459579038462191534e+02 6.633148742884745763e-01 2
20 2.447572409316298661e+02 6.738478399672145347e-01 4
13 2.264318726709923340e+02 2.103146942982210277e-01 1
8 1.672951457676458631e+02 8.251938280872206377e-02 0
25 2.476150202379861298e+02 5.054753660088061595e-01 2
29 2.478289440540962971e+02 6.676541637474693314e-01 2
9 4.966119862343052205e+01 7.829160967068139465e-01 4
18 2.416766442933161443e+02 1.954246297261530430e-02 0
26 2.477160982490711945e+02 2.237190774894415313e-01 2
25 2.475812789073938234e+02 1.095068501462073129e-01 2
22 2.461096288844391893e+02 6.497410237726065629e-01 3
24 2.469664864430968692e+02 2.169971555047230938e-01 3
7 9.784062756551742268e+01 1.509815670411314981e-01 0
22 2.463638721771224880e+02 3.658429144059723304e-01 3
1 -4.410548965952489198e+03 8.265487157240247740e-01 0
28 2.476826571944231716e+02 1.018930279005823003e-01 3
25 2.475738768058278083e+02 8.038042315695197448e-01 3
9 1.609109918035071587e+02 9.988060357292293245e-01 1
23 2.464999834125521545e+02 9.248602421111510319e-01 3
5 -1.324858494662129715e+03 5.880959062709665286e-01 0
21 2.458250389108504805e+02 6.110640892803382851e-01 3
27 2.476650918078163954e+02 8.043070572793080686e-01 2
13 2.226279830209699639e+02 6.578934934425119119e-01 0
24 2.470230511245597711e+02 4.202352150881059623e-01 2
13 2.278082459569537832e+02 6.010575884814943759e-01 0
14 2.279361853434871819e+02 7.736747643370823768e-01 1
12 2.080991006828778325e+02 4.489471343852109442e-01 4
1 -7.809370671907525320e+03 7.095696109121253370e-01 0
11 2.157414932864182049e+02 3.745667073548224479e-01 0
9 2.087984943622066112e+02 9.422474821282993407e-01 0
13 2.244694523075400525e+02 2.623478359071045318e-01 3
12 2.254452700092316775e+02 8.008574921569580063e-01 3
17 2.403766035679564368e+02 8.499622562066433407e-01 3
8 -1.297808732771642610e+02 5.501833525717434448e-01 4
18 2.469981209630338981e+02 9.848750958835065239e-01 1
11 2.189482649456186039e+02 7.830210925928753340e-01 4
11 1.963189984541874651e+02 1.705940730125021787e-02 0
11 1.868790764870381906e+02 4.595593842082879577e-01 4
10 2.177523159910272739e+02 6.237097395169641789e-01 4
3 -3.669793302517533448e+03 7.355986190937754410e-01 4
19 2.456044552999741484e+02 2.133561382274258289e-01 3
1 -4.826423089100941979e+03 4.095130566532496630e-01 0
16 2.382069082266665703e+02 6.847749883975148832e-02 3
11 2.059729528533021607e+02 3.758920193092814555e-01 0
23 2.469046052174400927e+02 8.547548129905238046e-01 1
0 -6.361122565635023057e+04 9.789192415857856933e-01 0
8 -1.288106230621704640e+02 8.066416335148386407e-01 0
3 -3.390739981867985534e+03 8.725964113845307013e-01 4
21 2.455054263716281753e+02 1.130144223537854486e-05 1
19 2.441047219815202993e+02 2.549627277559629590e-01 2
22 2.469761029638942489e+02 4.788106907724040129e-01 2
28 2.476845969900041950e+02 3.699602284513661687e-01 1
26 2.475400806453213534e+02 7.939727230619073595e-01 2
19 2.448386959426950682e+02 4.652726888760234658e-01 2
2 -4.119555400419885700e+03 5.803386327511717013e-02 0
25 2.473812631488625584e+02 7.772735869158294009e-02 1
9 1.521388240550478486e+02 5.180853683145751898e-01 3
11 2.045922422175945599e+02 6.622072010488677662e-01 3
5 -9.928861619874929829e+02 8.369539765682694199e-01 0
24 2.469733957158476869e+02 8.693792040205747806e-01 2
4 -1.996943192181492805e+03 4.949087989060059201e-01 4
15 2.354752647803601633e+02 1.826845541075989843e-01 1
17 2.421812024901790608e+02 4.909077000970363258e-01 0
6 -9.054700466465236559e+02 7.855560247927116935e-01 4
1 -1.041855246742620875e+04 7.949504073692920114e-01 4
11 1.925241465497308013e+02 2.932633422176273430e-01 3
4 -2.571109656337287561e+03 6.304462972819055433e-02 1
27 2.476053565595563271e+02 9.186087017332769111e-01 2
23 2.468882296296035292e+02 7.778767442136431676e-01 2
16 2.418085503116548409e+02 4.058837830134505165e-01 3
16 2.451593775572257243e+02 6.175214660536324507e-01 1
2 -6.290341695023157627e+03 5.425524618775181551e-01 3
2 -5.819083662646021367e+03 1.747230265958172879e-01 3
15 2.347914343731496842e+02 4.300884676766734693e-01 0
24 2.473932867613224289e+02 3.512862271218857302e-01 2
11 2.226318418765867477e+02 9.986286095243334104e-01 1
3 -3.604573978123806228e+03 6.028436680531086278e-01 0
1 -7.923992817638392808e+03 7.350126732792574558e-01 3
6 -6.136240309814161265e+02 1.895431704523627414e-01 0
23 2.463843885910175118e+02 1.520992560189888820e-01 2
3 -1.505243680001163966e+02 8.251586165084190405e-02 4
20 2.454746317443916723e+02 8.591080699458575332e-01 2
21 2.455354539243010663e+02 8.323476474166255912e-01 1
18 2.456266761960005454e+02 7.583138012212777834e-01 1
18 2.449850304922081818e+02 1.665824649561895576e-01 4
24 2.473670841115183521e+02 4.192821723326836669e-01 3
26 2.474885167388908940e+02 3.279053074575872806e-01 3
20 2.454856856883654928e+02 8.198377142835930886e-01 0
24 2.470366228038137706e+02 6.761442846808696228e-02 0
28 2.477641510969581304e+02 5.106179537047619288e-01 2
23 2.473892765737584227e+02 4.099476520826347836e-01 3
26 2.477287736608005275e+02 3.689152801507526447e-01 2
27 2.477158939800181372e+02 3.153699550504924787e-01 0
6 -7.344402661698171642e+02 4.620652051481322076e-02 4
20 2.450979472447559147e+02 3.999015468275450846e-01 2
12 2.257847544656053742e+02 9.588477790677748525e-01 3
11 2.382621167017909727e+02 5.655268573498992701e-01 0
6 -9.922703055907835505e+02 5.850828566663128505e-02 1
2 -4.247410666547776600e+03 6.296030544150488240e-01 3
9 2.036171031789006065e+02 3.252033412337294038e-01 0
11 1.924781142791086950e+02 8.879445020563508928e-01 0
5 -1.611227331434350845e+03 3.102398717544126439e-01 1
14 2.343781480402398927e+02 4.426368617917300630e-01 0
4 -2.736754833329267967e+03 5.295402943205353985e-01 1
9 9.992312337108208453e+01 2.161839582202160770e-01 4
13 2.224361763480686136e+02 7.169960573182196928e-01 0
10 1.871096183213268773e+02 4.500564479500387960e-01 3
12 2.079743009833995870e+02 9.125983978537414998e-02 0
13 2.320690481365542723e+02 4.619376758128176941e-01 0
10 1.402760179736961845e+02 8.614027037444503820e-01 2
11 2.096036065965774640e+02 1.256284653839065957e-01 3
17 2.392924861450844105e+02 2.473410620883464417e-01 2
4 -1.954565717946884433e+03 5.693262249891658522e-01 4
8 -1.827360662722645372e+02 5.586125935599337566e-01 3
17 2.396230828644245321e+02 5.304782011353758042e-01 0
19 2.449092865253532523e+02 7.967780100964163559e-01 0
23 2.464277633033615302e+02 1.299932855637784823e-01 2
11 2.006035921657644678e+02 1.367185966587070034e-01 4
23 2.466179806898335869e+02 4.766197179881300205e-01 2
4 -1.512267808591891026e+03 5.031980203919123040e-01 4
12 2.173324694332325180e+02 1.288557278139208506e-01 3
11 1.903146644637427300e+02 4.865026080736960523e-01 3
9 5.867402656573722197e+01 7.918194527412276695e-01 2
11 1.823849226389438627e+02 9.957103175054577981e-01 3
12 2.089879040346459078e+02 5.165875718621462109e-01 3
7 -5.029138594313052408e+02 6.007118487433810161e-02 3
3 -3.725686388376620926e+03 5.578790110175761985e-01 4
6 -9.668515943527256695e+02 8.594481853477919930e-02 3
11 2.122251792422174503e+02 5.881881811322160480e-01 3
25 2.476941212340557001e+02 2.818252043963584974e-01 1
28 2.477415887002332795e+02 4.410126538447439182e-01 0
28 2.477300951939616880e+02 5.766644559412464899e-01 0
20 2.463080575897343465e+02 9.463095986501990353e-02 2
28 2.477334460443685202e+02 9.408419722803635921e-01 0
29 2.477958053322640808e+02 2.181249768487218132e-01 0
27 2.476751702851969981e+02 7.071524421988278908e-01 1
13 2.402756964243749280e+02 5.257571576326260931e-01 4
17 2.406069423545912400e+02 3.539324107843754008e-02 4
25 2.475189471353226622e+02 4.540173022816178516e-01 1
20 2.448659942441121018e+02 8.795586090377967015e-01 4
1 -7.782926064297414996e+03 7.472426280704119739e-01 4
29 2.477866677038014132e+02 3.373575072997994084e-01 2
3 -3.886289771025351911e+03 4.258711877891609987e-01 4
7 -5.024898686018213994e+02 4.422767612798470527e-01 3
25 2.477602797533750163e+02 3.597537124901251104e-01 2
13 2.276482943846083913e+02 6.017402347582111455e-01 3
17 2.400859789808058622e+02 6.232267219867182462e-02 4
18 2.419518500138262027e+02 2.378869127247623672e-01 3
11 2.278174541201603347e+02 3.025845822989056133e-01 4
9 2.807841321739303453e+01 4.974100351905761386e-01 4
1 -6.706041160100561683e+03 2.307503544535008111e-01 3
22 2.466890459820782553e+02 4.383525075589520537e-01 2
6 4.641745631549342477e+01 4.278731261202217695e-01 4
23 2.465777926967045346e+02 8.422225263321020394e-01 2
3 -1.401426500411564575e+03 2.145362487987957367e-01 4
19 2.446019770991345013e+02 4.893343238390630845e-02 4
1 -6.833590918005689673e+03 7.462709236381389610e-01 0
24 2.469696470625824531e+02 1.641019969467967798e-01 3
1 -1.202000603582568874e+04 9.801151706419116705e-01 1
1 -2.468238109303217698e+03 6.122015533945317500e-01 1
12 2.415055709119752123e+02 5.801673186692046791e-01 4
25 2.474087042384761617e+02 7.693603740420660309e-01 3
10 1.893340833013202769e+02 4.487766501189417445e-01 4
3 -3.880196923816264189e+03 8.726159194894321791e-01 1
3 -1.875446193829154936e+03 9.941897799704025873e-01 1
13 2.398166839392511065e+02 7.073381370436784277e-01 1
9 1.529411058408228996e+02 1.187054392644375511e-01 4
22 2.460282120979152012e+02 8.968133365313962768e-01 3
3 -1.231685113316821571e+03 9.931044439423772907e-01 4
12 2.256497604040276315e+02 3.364286720799918862e-01 1
15 2.388097977326507930e+02 8.777072676197732459e-01 4
9 1.023072082344894937e+02 6.929755122632605957e-01 4
7 -2.736878790622257611e+02 9.865956898059100588e-01 3
15 2.331788443335058787e+02 9.145399080829661465e-01 3
29 2.478031195371318063e+02 1.982675535466711381e-01 0
12 2.238044960420807286e+02 4.354732301926425020e-01 3
4 -2.648209262788326214e+03 5.779831337294982774e-01 2
20 2.448162585298461522e+02 3.648808929289024672e-01 4
26 2.474935734298044281e+02 2.984136941938597687e-02 0
23 2.467641765144136912e+02 7.704146241841515197e-01 0
9 1.530577954602405271e+02 6.350055567236453369e-01 2
13 2.317160591701372709e+02 9.597924115511660137e-01 3
6 -8.210521791572380153e+02 5.370790237801689182e-01 2
1 -9.496064857639099500e+03 4.333456473812482557e-01 2
12 2.308698023752783115e+02 1.561517226902137123e-01 1
12 2.123549290171504822e+02 2.706140456328274269e-01 4
25 2.473879264786264116e+02 1.932967418513875657e-02 0
10 1.698892324793816329e+02 4.851104304389599609e-01 1
0 -9.393440613988586847e+03 3.200582433187619813e-01 1
16 2.378188476735822974e+02 8.679701735539576690e-01 2
25 2.474105661604825457e+02 2.232212326520470469e-01 0
28 2.477161999604780362e+02 4.290441277171657686e-01 0
3 -2.729072533578489129e+03 7.942741777732202912e-01 3
23 2.466372204371285193e+02 4.618256665394449567e-01 2
26 2.475381242522287835e+02 6.476017616630804774e-01 2
26 2.474933721976634615e+02 5.524183541345499826e-01 2
19 2.433546608850103325e+02 3.325066806603259595e-01 4
24 2.470654600890391634e+02 9.722631306409649232e-01 0
25 2.473623102540447007e+02 6.508125740752257471e-01 3
26 2.474863673188034738e+02 8.515137217997796881e-01 3
27 2.476811669272282472e+02 1.144921943313830237e-01 3
27 2.476570692486798748e+02 6.369966600161819370e-01 2
25 2.473295100152335237e+02 8.357949125426346049e-01 3
15 2.386961259120788554e+02 7.792142553110785741e-01 4
29 2.478080152556072164e+02 7.137541008073782223e-01 3
5 -1.419158448010773554e+03 9.382754443754789397e-01 1
7 -5.328220734014169011e+02 3.458504161390956178e-01 1
14 2.330316182521768837e+02 5.152056295907014860e-01 2
6 -6.827039049077250183e+02 1.884304900502327129e-01 0
24 2.474481638159716113e+02 3.106942495252473790e-01 4
8 -2.102093944279341713e+02 2.622000588665902576e-01 2
28 2.478625890368527394e+02 2.930935102782206148e-01 3
12 2.084767124640763427e+02 1.559039489621844299e-01 4
13 2.256571175763958195e+02 3.861135345942834363e-02 4
9 9.245447290951145192e+01 5.064483564855839504e-01 1
18 2.450474527836669267e+02 6.861221808956767809e-01 3
0 -1.347587271067004804e+04 1.138413565616762102e-01 1
3 -1.668007559449995142e+03 8.572013657160678646e-01 0
6 -9.515653755399590636e+02 1.747780514731914758e-01 1
0 -8.753463312907379077e+03 6.676318499123570227e-01 0
12 2.139191002034536382e+02 6.898479434999460480e-01 1
3 -3.365530162946899054e+03 9.035609436126362803e-01 4
15 2.379117316555644948e+02 5.213208956693595741e-01 1
19 2.444503607216304601e+02 5.016208893902742716e-01 2
1 -2.788109773318919906e+03 7.983029948198400172e-01 1
16 2.367956754754015094e+02 3.831584467531783389e-01 0
0 -2.687371561609327910e+04 2.378032597797434811e-01 1
15 2.346825312984932452e+02 1.608193455159494245e-01 0
25 2.475983123987465717e+02 8.755742014225799119e-01 3
20 2.444942829577815644e+02 3.631646015766535895e-01 4
17 2.412638248938590948e+02 2.407266389458628808e-01 0
9 9.039137665116578546e+01 2.208963585562284671e-02 1
2 -5.723521113394396707e+03 8.003258357159445113e-01 2
13 2.277899821228581345e+02 6.858236886399593502e-01 4
3 -1.542383554077379131e+03 3.199917385474009279e-01 1
26 2.477012835744271229e+02 6.283877164596848308e-01 0
11 2.219331895886923292e+02 8.417998026564397218e-01 4
15 2.329213925207961324e+02 6.552487136657347833e-02 2
12 2.188514996444667986e+02 9.117798613917279527e-01 2
29 2.477943505374364008e+02 4.449468655219998570e-02 0
6 -8.229644503164364551e+02 5.757841352558337178e-01 1
7 -5.715974819749864082e+02 5.658510650884365223e-01 1
29 2.477718805446801866e+02 5.193812604913183861e-02 0
28 2.478434971387138717e+02 7.158029528875009539e-01 0
29 2.478128373123807364e+02 8.666680894103001576e-01 0
27 2.477532026561507905e+02 2.279792816310201031e-01 3
6 -2.005514181445556687e+01 6.002778141246822852e-01 4
28 2.479053017420386595e+02 4.521687781520126181e-01 0
27 2.477752605168536775e+02 8.740778491031502284e-01 0
21 2.453347148103578093e+02 4.802079006154968965e-01 1
23 2.464581090790190672e+02 3.384772594869265849e-01 0
17 2.396520977363108784e+02 1.470418317059540847e-01 4
25 2.477136564411171094e+02 9.993202944017639533e-01 3
19 2.446939773561139191e+02 8.027658332381896189e-01 3
13 2.342493385684915665e+02 7.031247741625192837e-01 1
20 2.447731588709864354e+02 7.462576960620381783e-01 3
5 -7.723831557845887801e+02 3.353797732833971867e-01 4
13 2.292866708545018355e+02 4.233985149102459378e-01 0
19 2.458903387127464839e+02 2.522526329821408453e-01 0
19 2.450267682034909171e+02 1.962614845758101079e-01 0
15 2.372893445115613247e+02 9.398588477301972333e-01 0
23 2.467356626477365182e+02 7.436336179395612866e-01 3
14 2.329802115945751382e+02 3.335172058173742071e-01 0
2 -1.839193286394271638e+02 3.281005888205256182e-01 2
0 -2.148907136774354876e+04 4.790330824470269144e-01 2
17 2.427269962740040796e+02 4.794330507105240557e-01 3
3 -4.248968665688495093e+03 3.968658056061933337e-01 2
3 -4.155929559584104936e+03 6.606726574757652015e-01 2
14 2.285838848269904133e+02 5.547654743848631220e-01 0
1 -7.246351680347514048e+03 1.651408639434527315e-01 2
24 2.469855325596697639e+02 5.200660472756926112e-01 0
26 2.475099403871792845e+02 9.194677537214844820e-01 0
28 2.477220712399223430e+02 7.651619215994571732e-01 3
11 1.957958156597759967e+02 3.533437674568657982e-01 1
18 2.436721674929970334e+02 9.093949164897843218e-01 4
15 2.420700509087472483e+02 7.209766395974490649e-01 4
8 -3.047338239050532849e+01 5.246782468001323085e-01 2
11 2.288466623994953011e+02 6.727264708239932833e-01 4
9 2.010446236770428285e+01 8.795992917953895374e-01 2
8 -2.331997862531997328e+02 5.194964745501189363e-01 4
6 -6.580998773869712295e+02 8.753030925760452163e-02 4
18 2.426232470041758802e+02 6.185703541591072024e-02 0
4 -2.791403806721602450e+03 6.235665431034758122e-01 4
21 2.453318327942984070e+02 1.776866632949589686e-01 0
11 1.998375035267482076e+02 7.344647616435884263e-01 3
4 -2.553096831285442022e+03 2.227577582038229309e-01 1
1 -9.908942905480889749e+03 9.599967873482126990e-01 4
8 -8.770174608076401057e+01 9.010921474405986231e-01 3
22 2.461654696132368372e+02 7.312508276411351371e-01 2
20 2.446429514492902513e+02 2.140750954923251459e-01 3
19 2.443829645145997063e+02 2.427010572890155038e-01 0
4 -2.801010052424957848e+03 8.292863977016270427e-01 1
0 -1.074857521810113212e+04 1.377632576719174939e-01 4
1 -9.267324723769896082e+03 7.990386677218314082e-01 4
14 2.292118581155027641e+02 8.245349993793175125e-01 3
19 2.436738277163650253e+02 7.866997021414887659e-01 0
5 -1.557921959013995092e+03 8.035261499704997590e-01 4
10 1.693649015739754304e+02 2.467692325400929754e-01 3
5 -1.256927551866515842e+03 8.527087656363486756e-01 3
20 2.445420810430742335e+02 5.344459305152448048e-01 2
14 2.351237499517810932e+02 5.045991318698467287e-01 4
17 2.411420767498614453e+02 9.966898072117822416e-01 0
14 2.428077062068894634e+02 2.490186224349208999e-01 0
28 2.477177928435882848e+02 2.809591847210005655e-01 1
27 2.477182460724845328e+02 4.584948155257823066e-01 1
29 2.477768770676917995e+02 8.881561204495183048e-01 2
29 2.478000502905028952e+02 8.554351945188497508e-01 1
17 2.424180815889198470e+02 9.282733502414834970e-01 4
28 2.477126073427225492e+02 5.127124888517071710e-01 2
23 2.473799443552312312e+02 8.676556061728931679e-01 0
24 2.472873731282938365e+02 1.018309963343142499e-01 0
22 2.466640898516491234e+02 6.642869173568113350e-01 1
16 2.364428684438852315e+02 6.336844514085022695e-01 3
22 2.465048664933716509e+02 1.317959989761785522e-01 2
13 2.389120892087743186e+02 3.255825736016930705e-01 4
24 2.474688207980124162e+02 2.326472741365384067e-01 2
7 -4.543655935709039113e+02 4.969730188114017122e-01 0
21 2.453206067153606114e+02 2.666375989430808668e-01 3
17 2.436004942234780515e+02 4.188583950315438176e-01 1
25 2.472425097496084163e+02 6.995413081676588041e-02 1
12 2.086886295504972963e+02 3.761127373421699338e-01 2
6 -9.474125594980207552e+02 2.328728172088774251e-01 3
4 -2.003577095930518681e+03 9.465186977936769219e-01 2
5 -8.146492676590054316e+02 9.330267582988523989e-01 1
6 -1.021323090809928999e+03 1.471588034770671682e-01 3
7 -3.857319975688765226e+02 7.206841393872857049e-01 1
9 4.646183439833037454e+01 5.080964560162772869e-01 1
8 -1.080081435885852414e+02 1.186447450298956097e-01 3
3 -4.344727175833583601e+02 1.993093974789315048e-01 2
9 1.399026672354970060e+02 8.355290708289362378e-01 4
12 2.248949218302323914e+02 4.330107008775427868e-01 3
7 -4.315611348134002583e+02 4.092150655225617051e-01 1
15 2.355834719038793708e+02 8.560271286948625269e-01 3
18 2.440760465501148246e+02 2.324253636231290443e-01 0
7 -2.983693582986376214e+02 7.812527118743429755e-01 1
5 -1.302960137327986558e+03 4.154578917125510973e-01 2
3 -2.947964400306976131e+03 9.033986453386018134e-01 3
7 -3.558869535937372461e+02 9.270774359820842525e-01 2
20 2.453049547956255196e+02 1.162659741229299382e-01 0
3 -2.344511030931083042e+03 3.173457965583321716e-01 1
17 2.391658180391794701e+02 4.650494505996077277e-01 0
20 2.444702952347135465e+02 5.508710378355202025e-02 1
20 2.461843793335586952e+02 4.482965918741664280e-01 4
21 2.464509126376809149e+02 4.125709912293855641e-01 1
18 2.422263800406645373e+02 4.447053358544397206e-01 1
17 2.408422604335396215e+02 1.281876274457247611e-01 3
22 2.464766957971494890e+02 1.901073246492681890e-01 4
1 -9.656324973292545110e+03 1.149747409092860551e-02 3
26 2.476884854805489908e+02 3.373567219985620369e-01 4
4 -2.261666787738721723e+03 7.325744847139367133e-01 2
0 -2.291319249998397027e+03 1.739893629640207884e-01 3
24 2.473068939906111154e+02 5.798975274410477221e-01 1
5 -9.626873160377053864e+02 5.721943985289590362e-01 2
25 2.474957650371018474e+02 7.101001736551779686e-01 4
3 -3.672861247829526292e+03 8.999623430407616143e-02 0
6 -8.614786142274170970e+02 4.006958909137034452e-02 0
2 -4.291777696629109414e+03 2.912255834686146017e-01 2
8 -2.296899694845501188e+02 8.991104227328149401e-01 3
27 2.476054189785769495e+02 7.610049497522950457e-01 4
11 2.281004486513942595e+02 6.459561505246149693e-01 1
21 2.456060161194691318e+02 8.733510260436410100e-01 0
2 -2.740994972664723718e+03 7.956630437113673127e-01 1
8 -1.699713681758352379e+01 3.123112932389562335e-01 1
22 2.469098537687908390e+02 6.163096849581136683e-01 0
8 -1.588033138398022288e+02 6.579866162143562791e-01 3
27 2.476193597302780915e+02 6.242440041950871876e-01 4
2 -5.831491924112267952e+03 1.169667309289016549e-01 1
25 2.473457810553760510e+02 7.795384476353586223e-01 4
3 -1.549954852492735654e+03 6.777006838409884715e-01 1
10 1.598343252857628727e+02 1.220977494691007081e-01 1
28 2.477321011956482266e+02 3.723381730945043988e-01 2
15 2.377701753535533271e+02 3.908153866001811694e-01 3
27 2.477013177023107176e+02 8.740517829304934594e-01 2
13 2.202981984300503200e+02 6.104810773271509561e-01 1
10 1.960959127968418443e+02 9.091370325487289072e-01 3
15 2.385330565853545863e+02 7.377873808743435902e-01 3
29 2.477785014583246266e+02 6.119174077287312663e-01 4
23 2.467662226366973641e+02 4.261094896345977157e-01 3
20 2.443900941717205058e+02 9.967608405347283540e-02 3
25 2.473474196579757347e+02 4.041490055741913112e-01 3
29 2.477793141865103053e+02 2.230072712032937776e-01 4
19 2.436509588250160050e+02 5.140137810244383987e-01 3
23 2.466230120835588480e+02 1.515154599798229362e-01 4
19 2.451571503782499803e+02 1.833300056986502113e-01 2
15 2.334471000316836466e+02 9.933515370734898875e-01 0
16 2.400229476922378637e+02 6.252835812457213649e-02 0
0 -1.885048785104515991e+04 9.226555202739357142e-01 1
12 2.291318761178471846e+02 6.107891161467168262e-01 3
13 2.258103688654540804e+02 3.307393401164351182e-02 3
4 -2.656336878368540965e+03 2.506439114588348005e-01 0
20 2.469320908989287204e+02 6.510269514877444763e-01 4
11 2.091372454625570754e+02 3.953115649116997199e-01 4
6 -5.767070318175271950e+02 5.323410056535893276e-01 3
8 8.923832233181173024e+01 7.416574079999245228e-01 3
7 -4.056396225739522379e+02 6.215409927318029659e-01 3
18 2.433521086952974315e+02 4.701317890421458645e-01 1
16 2.363561325343234500e+02 3.927550673528650699e-02 3
21 2.465552685164213642e+02 2.689242300094675797e-01 2
13 2.228562684235932636e+02 5.230147055051348470e-02 4
8 -9.142505225746134556e+01 1.461234532822386356e-02 0
12 2.289432393112705881e+02 9.577101865216377519e-01 1
6 -4.284191649639136017e+02 3.269633477944952626e-01 1
14 2.317694575422455614e+02 9.700873177656508251e-01 1
19 2.444053911968243256e+02 9.253680193617846994e-01 4
13 2.227082670165586933e+02 2.275278784930274134e-01 1
12 2.204953391595401513e+02 5.391240040697746760e-01 0
4 -1.759773518212131876e+03 9.794452141649766519e-01 3
2 -5.802187641478858495e+03 8.112258026915361020e-01 1
13 2.244042737526665974e+02 4.271488020446234657e-01 0
17 2.406829048479609696e+02 2.927350139432099985e-01 3
1 -6.623409314685313802e+03 1.199448102314488035e-01 2
7 -1.284503738619393687e+02 7.129013378278923341e-01 0
9 1.620051565032660079e+01 8.129280583617671807e-01 3
13 2.224828320047352008e+02 7.853709667706579300e-02 3
21 2.460311709354245977e+02 6.472411683373056057e-01 4
7 -4.665631844440555938e+02 2.736054529969777493e-01 2
13 2.360681158326107436e+02 3.126893534466148594e-01 0
27 2.475935844914089614e+02 1.157596446358489795e-01 4
16 2.383714920888953657e+02 8.615720793561395530e-01 2
29 2.478272555127022940e+02 7.816028478092047482e-01 4
1 -5.441763481684961334e+03 3.297761002276587972e-01 0
14 2.316482529463980313e+02 6.402074199021671186e-01 3
10 1.557284763054056498e+02 8.373155762852487749e-01 2
15 2.374386400577686231e+02 3.043848744845166210e-01 3
17 2.408641324284885172e+02 6.449522052604850231e-03 1
7 1.390671888413522765e+02 7.267284491310519456e-01 3
15 2.439223282068138872e+02 6.909511784036066473e-01 0
20 2.444030587269328976e+02 6.815127520389721028e-01 0
17 2.406575105130104362e+02 9.818084721907349710e-01 0
24 2.470949262832691034e+02 7.581228415363799877e-01 4
15 2.358061710151568775e+02 4.513453215365411109e-01 2
29 2.477969560948271521e+02 7.893330663818363124e-01 4
16 2.424696001139666350e+02 2.847499023907753557e-01 1
14 2.338200613933632326e+02 8.873239612444101532e-01 1
24 2.473982134475394332e+02 9.532260004475354709e-01 4
15 2.405551005072978228e+02 2.662517792282045881e-01 0
7 1.315050679667796203e+02 8.941413911528316438e-01 3
28 2.476931376886794283e+02 8.407778071556332167e-01 1
1 -7.824019263061776655e+03 4.197022222122754331e-01 0
21 2.454421518578202495e+02 3.611316673028925339e-01 2
23 2.466195097403111163e+02 1.218450270584489764e-01 2
27 2.476884905632884397e+02 6.990037192879330341e-01 4
27 2.475933744136755763e+02 7.308269107062206338e-01 4
19 2.436132909526002663e+02 1.761946388667579577e-01 0
24 2.469815608339999358e+02 6.535976616902945402e-01 4
12 2.378137203023279937e+02 8.274521485763122186e-01 0
21 2.463189227687158791e+02 2.502412920773267047e-01 1
21 2.463391610062539598e+02 3.964457174601220268e-01 1
13 2.230540593688648414e+02 8.059753341133468751e-02 1
20 2.447372061546038253e+02 7.497113247031266248e-01 1
8 -1.678076473507811670e+02 7.071834174577507071e-02 2
8 1.829667733112400185e+02 9.854382729406750974e-01 2
9 7.103947104127247769e+01 6.698401275846240788e-01 2
7 -8.040732999740419018e+01 3.877465381200693173e-01 1
17 2.392080825271463027e+02 7.113011826412002359e-01 0
3 -3.514622491046507093e+03 4.789434147040749212e-01 1
28 2.477041979547898336e+02 4.811990573956946848e-01 4
9 -1.679103060749792675e+01 3.644171355601927287e-01 0
3 -4.282748919863749506e+03 7.078837443272620877e-01 1
0 -5.730179012110082112e+03 4.960431209138565500e-01 3
2 -5.470200297723377844e+03 3.763253755086996000e-01 2
7 -4.334184310379831118e+02 5.875763956425121837e-01 3
5 -1.548514392962434613e+03 3.474211964721609092e-01 3
17 2.390953961453157319e+02 7.927580934165110449e-01 0
8 4.757798556536545220e+01 2.956754370468044901e-01 3
11 1.880020431978982742e+02 4.916457752664760150e-01 3
10 1.825462452767013133e+02 3.714726373580274910e-01 2
24 2.469465130353104314e+02 6.272208543185437968e-01 4
28 2.478027635721545892e+02 9.555798937284489813e-01 4
22 2.466115230698372045e+02 1.861805309041786316e-01 3
15 2.392309029892088859e+02 6.202919780697443430e-01 0
8 -1.559032213013823878e+02 3.829016854600342801e-01 2
11 2.206427841668980818e+02 8.086553468478125950e-01 1
19 2.434321603114073582e+02 6.588044177023419934e-01 2
25 2.473692915850766099e+02 1.916363257929794561e-01 4
16 2.383377962990961976e+02 1.072238308923445516e-01 0
14 2.408398129497462321e+02 8.352278539827423520e-01 3
6 -4.621856157095412527e+02 3.996875009098941334e-01 0
5 -1.652750185155028248e+03 7.934762362036829053e-01 0
23 2.477819621965385863e+02 6.774720398679641431e-02 4
25 2.472735317599519078e+02 7.029797728851502336e-01 3
29 2.477746606140992185e+02 2.136820379912653944e-01 4
27 2.477145442463363736e+02 3.427421364692633809e-01 4
0 -1.844829619653020927e+04 4.653628920826152204e-01 1
19 2.442421836925547609e+02 6.306123385311732665e-01 2
11 2.104654890921780748e+02 8.549693121116392902e-01 1
10 1.556109409867209479e+02 7.570242793710955098e-01 1
27 2.477100430559693223e+02 3.939367970229681326e-01 4
27 2.477189045341112319e+02 6.121173381051009388e-01 4
0 -3.009199585994257632e+03 7.771493943772682655e-01 1
27 2.478417217397297065e+02 1.210344299639665167e-01 3
17 2.429308970336047651e+02 1.976569088558371157e-01 2
3 -3.322171471680269860e+03 1.464418362065056378e-01 0
26 2.476368427186655197e+02 6.095197307263877651e-01 3
8 -3.748526687556535819e+01 2.808676262202144946e-01 4
12 2.268359307895659356e+02 5.655670387328274318e-01 4
26 2.477911629971118259e+02 1.816720990466722807e-01 3
6 -3.865691159054031800e+02 6.417860349949131016e-02 1
2 -3.521554633826029203e+03 1.320872571609124357e-01 4
9 5.198250883191756344e+01 6.559760307639872501e-01 4
6 -6.729033507048673073e+02 7.855938973506830791e-01 2
5 -1.769361160152800721e+03 8.261883189010593709e-01 4
1 -3.701410395295407397e+03 3.570395298098423265e-01 1
12 2.124323339296308859e+02 3.953997362342359101e-01 2
0 -1.253039722131585404e+04 1.342158490652375358e-01 4
16 2.359134023442928765e+02 5.739667515529657260e-01 0
13 2.317516561685524152e+02 3.820667646985012045e-01 0
17 2.416238353818170026e+02 5.215062676249164753e-01 2
16 2.365164416904312077e+02 6.449653471263657734e-01 2
0 -6.087062509495125596e+03 3.542122125269469013e-01 2
19 2.431874694630947431e+02 1.857566384611839538e-01 1
2 -5.824029335377425014e+03 7.605098897197409835e-01 4
2 -3.047806316779722238e+03 3.862743059548840452e-01 4
17 2.410116879391877660e+02 1.537243822986431308e-01 2
18 2.421425531791448691e+02 2.827093300554268662e-01 0
2 -6.505106975226207396e+03 8.783829557741242855e-01 1
25 2.473008671977372046e+02 1.477930411789519782e-01 3
6 -1.080055727083073691e+01 1.404046632629483427e-01 4
26 2.475554289780639579e+02 6.301205647167031909e-01 3
9 7.096028575673949490e+01 3.146405179116413819e-01 2
27 2.476675545909324114e+02 7.172571052485614551e-01 3
19 2.432496304558296458e+02 6.119466988484033587e-01 4
28 2.477585856372826925e+02 5.006740626453275445e-01 3
25 2.475008340307469439e+02 5.139179189473175313e-01 0
22 2.462710950711863234e+02 9.866006925755668178e-01 0
16 2.396528462039798626e+02 8.364821885535138613e-01 1
19 2.441837218816195900e+02 4.283179423258743346e-01 0
17 2.399530760500860822e+02 9.470465878518421476e-01 4
8 -1.589349377655983062e+02 5.091779743737595565e-01 2
25 2.475862625289047685e+02 3.808698429953541464e-02 3
5 -1.307687426508254021e+03 6.755170838181001614e-01 0
16 2.417171696924779098e+02 4.975035274807771413e-01 4
28 2.477465363388059814e+02 7.234999463404001574e-01 3
21 2.461141935807461039e+02 7.571932391346487545e-01 1
11 2.242289547713774596e+02 4.987192792429251398e-01 4
5 -5.487719367825243353e+02 9.986126557334799037e-01 0
17 2.397204716016328234e+02 2.728214514680966651e-01 4
24 2.469453945092399465e+02 1.812511754291786237e-01 1
25 2.474842081570014898e+02 8.904294231036160578e-01 3
5 -7.596322283963239670e+02 6.489932461212226666e-01 2
7 -3.780282887128147422e+02 7.003895416601558788e-01 0
24 2.474091061994775771e+02 1.719077020808525980e-01 1
12 2.088880605300447257e+02 3.686720004575798626e-01 0
26 2.475344271922939754e+02 8.899798047844091897e-01 1
21 2.455272430433995510e+02 1.037416029930326999e-02 2
8 -1.784745525983949790e+02 7.143842854044386570e-01 2
2 -3.530602883385597124e+03 3.186683970018662215e-01 3
29 2.478019681758255217e+02 8.699402646251381821e-01 1
1 -5.737516095577388114e+03 8.171038934820475941e-01 0
27 2.476842017013331088e+02 4.793271187111916021e-01 1
4 -2.021396632055819737e+03 2.188841825310934297e-01 3
26 2.475868987666168834e+02 6.376197629887431217e-01 4
12 2.227525762475167994e+02 6.527342139926315401e-01 0
22 2.460679040037551886e+02 7.804667640500539960e-01 0
0 -5.238144717122058501e+04 1.054142208025137251e-01 3
29 2.477952224045275784e+02 3.668877709239811713e-01 1
10 1.692192341321768652e+02 6.482085945001349048e-01 3
13 2.258322030197160757e+02 5.970718553794892580e-01 2
29 2.478161157634355050e+02 4.354559125420456311e-01 1
23 2.469476407517668974e+02 7.796732213550249257e-01 1
18 2.420730062043964210e+02 2.725141422182292272e-01 0
25 2.472891117649731996e+02 1.477925334687995584e-01 4
5 -1.667579860053669108e+03 1.362079977432486544e-01 3
0 -6.089368731100509467e+04 3.524144300186689560e-01 3
19 2.439984785636722791e+02 1.360427081936772531e-01 1
9 1.909324932657200407e+02 4.119747799841266267e-01 3
27 2.476086706651457803e+02 9.695715698202682642e-01 4
17 2.450444553504335943e+02 6.951070879863144869e-01 1
14 2.292021526378920271e+02 6.727709509825785528e-01 1
21 2.457754593515015813e+02 9.746247752807881692e-01 2
16 2.362917190174997586e+02 6.882469726305329161e-01 4
11 2.146015319988882766e+02 9.226459209787769566e-01 4
17 2.398376650422660532e+02 8.026163372825283471e-01 4
22 2.461409728987192693e+02 8.985591969482885633e-01 2
2 -5.864224583410205014e+03 9.553790303470562906e-01 0
17 2.390226775651417768e+02 6.042250549440113527e-01 0
10 2.300999436472649791e+02 4.268412855978538922e-01 4
26 2.478362435973104141e+02 9.993109389475950399e-01 3
16 2.442072133551622244e+02 3.591249755506038532e-01 1
26 2.476822290354437825e+02 7.245844848118649928e-01 3
12 2.346835865824647556e+02 3.106991396633072000e-01 0
4 -2.604743533381716588e+03 6.345796772402712005e-01 2
11 2.171878821094269369e+02 3.351910168113129695e-01 2
11 2.072553910739817979e+02 2.283393949199385986e-01 1
3 -4.086616958695784433e+03 6.995096989500775297e-01 4
29 2.478477320337556762e+02 6.055008133278053650e-01 3
3 -1.556319717047629865e+03 4.487018347332801249e-01 2
5 -1.593692506531175013e+03 7.311885078073210309e-02 0
9 1.317494327484493510e+02 1.632885379566698658e-01 2
15 2.423346093744067389e+02 3.964636104841729458e-01 2
27 2.477217611634077628e+02 4.309634836736981889e-01 3
7 -4.450689727173129882e+02 2.683710768250548995e-01 4
27 2.476971110749029492e+02 1.762033227923878731e-02 3
23 2.466360445379364705e+02 2.906789945250611851e-01 0
12 2.178078887015635132e+02 5.092729580437449499e-01 2
13 2.235321885691852799e+02 1.009588581637290705e-01 2
11 2.232999490222617851e+02 1.491632004419933821e-01 4
25 2.474673762298626798e+02 1.103390131025835247e-01 3
5 -1.564739176184462849e+03 7.678590313611515228e-01 2
23 2.470060875574187378e+02 2.635992551682737051e-01 0
22 2.460429484328430476e+02 8.300239951734821320e-01 0
25 2.476462304286498579e+02 4.050049322138420393e-01 3
29 2.477762775897394931e+02 7.183773089616529717e-01 3
29 2.478664759524964722e+02 9.400856238609573978e-01 3
9 7.414400429560494388e+00 4.761056820399858225e-01 2
15 2.432252241014702463e+02 8.236435360882712331e-01 2
24 2.470653816033337478e+02 5.133183187502710076e-02 4
24 2.469362741570744220e+02 9.238591279979521675e-02 2
18 2.432818951595666590e+02 1.428796412491231509e-02 0
21 2.455821628823810840e+02 9.115150514171332929e-02 2
24 2.475381830689125309e+02 2.714288213123143834e-01 1
16 2.366692179023470715e+02 4.118502292887427085e-01 0
19 2.438448732200452866e+02 5.957845244937731710e-01 1
14 2.300497678279883758e+02 2.077751416913755644e-01 1
2 -4.805015698739631262e+03 7.650755903482783227e-01 1
4 -2.266985626407179097e+03 8.534462100010716812e-01 1
11 1.872495491371586809e+02 4.537097179843929129e-01 1
15 2.415061216869280543e+02 2.161291001042151549e-01 1
3 -1.301734486398315539e+03 6.463800770716328081e-01 0
27 2.476110932188213667e+02 7.045549801468753426e-01 3
13 2.247033540880139526e+02 3.080403643057350038e-01 2
4 -1.980494425406825712e+03 2.173643974631085662e-01 0
8 -5.045947805945667142e+01 2.848984971042325398e-01 0
23 2.468642994391020409e+02 3.368279209999816004e-01 2
8 -1.154888339868895741e+01 6.688588387607624641e-02 4
28 2.477035680525733881e+02 1.773613984978084090e-02 2
8 -2.025215495023241488e+02 9.770926731165242574e-01 0
28 2.477024245660805377e+02 6.679991730251191306e-01 2
0 -1.035954325219574530e+05 5.336975693919657759e-01 0
0 -3.348625115024436673e+04 4.283777851883975307e-01 3
6 -1.017985939290260831e+03 7.433500654941738173e-02 3
4 -2.848002282539458974e+03 1.267395213311195146e-01 0
8 2.167881191438596034e+02 7.883552493808639872e-01 0
26 2.475550245020348541e+02 1.456882092638107640e-01 1
22 2.461183019589612115e+02 5.501644051980032479e-01 2
24 2.470795169064607251e+02 2.699993862803153344e-01 2
8 -3.355591585262032339e+01 8.945238968841210392e-01 4
7 -4.609759438728463010e+02 1.244625293576824276e-01 4
27 2.477278775476635246e+02 6.512025888089298942e-01 1
28 2.477480306733775706e+02 2.218365919193032998e-01 1
25 2.475248404582273736e+02 7.119026848291359552e-03 1
28 2.478070551123026917e+02 9.984665232763694220e-01 1
26 2.476953957343875459e+02 9.411404219085108824e-01 1
10 1.453677749189315307e+02 1.936205287080168258e-01 3
25 2.474435318297750825e+02 9.275503940752987120e-01 1
18 2.459932238882478259e+02 9.147249696797530305e-01 2
7 -2.434644754084927456e+02 7.621673917403872789e-01 3
22 2.460707508955953529e+02 7.905129027280028975e-01 2
9 -5.288171264001846339e+00 3.577709941942899263e-01 4
24 2.469437973359855789e+02 2.783599275887151392e-01 1
15 2.351524761275738342e+02 8.631209834803904579e-02 4
1 -1.012443714018792161e+04 2.481425914314412395e-01 3
27 2.477001388008756919e+02 1.719963804511764338e-01 1
22 2.460339358284341529e+02 7.161760478761424187e-01 0
1 -5.377498587420746844e+03 7.365421652000586628e-02 4
3 -3.549143492268754926e+03 6.614317269735825455e-01 0
6 -5.412451767384345658e+02 6.004851459611964398e-02 4
4 -2.624020308499682869e+03 1.308399607930232911e-02 3
9 4.738062058944498034e+01 7.841085166693181341e-01 4
11 1.930334026547974418e+02 1.341519030814097846e-02 3
26 2.476979975309420752e+02 4.808660249333351899e-03 1
4 -1.975156039291186744e+03 7.503377783771972842e-01 4
1 -3.844398752798736950e+03 6.106174344876625498e-02 3
23 2.466036111166345677e+02 8.516180368641261822e-01 1
29 2.478427138677220114e+02 3.997143288664747329e-01 1
19 2.442451248924226945e+02 6.700541737744494242e-01 2
2 -3.955725857664310752e+03 6.973164246772318720e-01 3
14 2.351592439069782188e+02 4.220337777524907352e-02 0
21 2.467019502919582692e+02 6.267734370686983691e-01 1
17 2.413860554840308907e+02 7.834317632265292985e-01 0
8 -2.998620819112331048e+01 8.573594417056296102e-01 0
5 -9.185471595114386218e+02 4.641671995967495690e-01 3
2 -6.361237280229841417e+03 2.611556171813488869e-01 3
24 2.469760165000683116e+02 9.987319658101436737e-01 1
17 2.432937681987007181e+02 6.523813889541415501e-01 2
14 2.386482794802847138e+02 7.780938673529782523e-01 2
9 2.235364921758854564e+02 9.989230438875056350e-01 3
8 -1.310574701843272294e+02 1.093207286346717932e-01 2
4 -4.255539895962098171e+02 5.651071118184018971e-01 2
18 2.415948198639926545e+02 4.063142510651975292e-01 4
12 2.136935525239140361e+02 5.179651254345823963e-01 2
7 -5.526901290520288512e+02 1.706710345427664421e-02 2
26 2.476606221366308773e+02 1.498231691833278555e-02 1
1 -5.627798828459876859e+03 6.269198229472505712e-01 3
12 2.201547938617874252e+02 8.817817677733099657e-01 3
22 2.464636104574215381e+02 5.342090980971379022e-01 1
7 2.335109841772924710e+01 8.649246415339960636e-01 0
8 8.781342576827678670e+01 6.425431054556355326e-01 0
7 -4.875686182948181226e+02 1.786073856653949410e-01 3
10 2.024793003374874445e+02 1.751037789720055748e-01 2
13 2.209576888728701363e+02 9.463257531465457673e-01 3
10 2.085571215117315660e+02 6.079086035096270546e-02 1
7 -1.786010145136503411e+02 4.779777720713038747e-01 3
0 -2.392177554003278419e+04 4.213104428018299430e-01 0
20 2.461061962590620453e+02 5.772952441382483979e-01 2
18 2.425297046897980522e+02 6.947426432220211723e-01 2
15 2.329859178939992717e+02 3.487848643457714948e-01 2
25 2.474951765551262213e+02 3.170008382130156122e-01 4
17 2.426272716852495535e+02 2.131893572898988509e-01 0
8 -6.895238185412884491e+01 8.144399233556011419e-02 1
20 2.451092553731610053e+02 3.036218831221613179e-01 4
20 2.458644048485290909e+02 4.144125336735560161e-01 0
17 2.421881778266832441e+02 8.021968703145567758e-01 0
5 -8.799950075131245057e+02 9.849311720261444414e-01 1
18 2.440010324943399951e+02 9.491720202953886076e-01 0
27 2.475924229373208618e+02 6.816367412471752152e-01 4
23 2.466530608299014489e+02 8.700467281420016796e-01 4
29 2.478913265155703414e+02 7.703606341958153525e-01 3
29 2.478599755811788157e+02 6.397585495771096475e-01 3
1 -2.765633360133852420e+03 4.373251030737286271e-01 2
29 2.477943736980737413e+02 4.280735330783935755e-01 3
2 -1.529379102760166688e+03 2.368413671713926749e-01 4
13 2.207872454079619615e+02 3.621811110734184380e-01 1
5 -3.416557628481549500e+02 1.174691594239555548e-01 0
17 2.394939825296799540e+02 1.901838253042425486e-01 1
28 2.477028224084589283e+02 5.645493043113374299e-01 3
13 2.280353685315894836e+02 5.381091605393706345e-01 4
21 2.456166264461090805e+02 4.860608539027677644e-02 2
16 2.439673529179339084e+02 6.551868596379870624e-01 4
18 2.420351717044922850e+02 3.831798898781748619e-01 0
21 2.460196871031512842e+02 1.087071903743159762e-01 1
18 2.433655886140327880e+02 1.778988674355601596e-01 1
23 2.472009106039824928e+02 7.863631183775732225e-01 3
28 2.477290026725375185e+02 2.684301734723426591e-02 2
20 2.443867795017708886e+02 9.490778076639779792e-01 1
29 2.477939303206769921e+02 2.289002959557443484e-01 2
22 2.466531215375746910e+02 2.414831475644967640e-01 1
12 2.412439938906777002e+02 7.977849032029418197e-01 1
15 2.379202911004437624e+02 6.656832974060700181e-01 0
24 2.469381513100538541e+02 6.770089898405569073e-01 2
9 1.725722456722478455e+02 6.219586488638131350e-01 0
15 2.430263522596022483e+02 7.675505229423151832e-02 0
0 -1.011080381417245007e+04 8.635842878041399828e-02 3
1 -5.541799435113397294e+02 4.507162171273128015e-01 0
29 2.478224888584993266e+02 6.528530559424901014e-01 2
0 -3.452321251092489547e+04 8.044937852252933563e-01 0
9 1.222545588108403649e+02 1.085041770991069521e-01 4
7 -2.956515425931054324e+02 3.540084200499236111e-01 0
2 -5.014362050192576135e+03 3.122882606610239975e-01 1
15 2.372158904324867308e+02 6.408147209830526991e-01 4
9 7.911964279905149056e+01 6.728987884364180383e-01 0
10 1.450091696566076678e+02 4.852991738092936602e-01 3
17 2.393497471352678758e+02 2.222689213612042414e-01 3
4 -8.156454056192644657e+02 6.616613176278738351e-01 4
15 2.361363829927845188e+02 8.586434934989406464e-02 4
22 2.460401114638971194e+02 4.715919494889853070e-02 3
13 2.268825237799210583e+02 5.683304847963703832e-01 1
9 3.403652641515345323e+01 3.567020022408842195e-01 1
17 2.404624956489932401e+02 5.397217070876125788e-01 1
11 2.130367896337676541e+02 8.459921938335757119e-02 1
6 -7.287538388010060544e+02 2.195464957274312345e-01 2
0 -1.424964732399231616e+04 5.745092538123541814e-01 1
7 -3.991503578037381885e+02 8.619896696842878070e-01 2
1 -2.477846834666774612e+03 8.005062247931959973e-01 3
14 2.392333682385563520e+02 9.493953908034855615e-01 1
8 -8.272996021433667124e+01 5.752349507428415887e-01 3
14 2.299717623829509989e+02 2.259418815201028052e-01 2
16 2.375492619782933730e+02 1.894550306369380266e-01 1
22 2.462994379191500229e+02 9.256397446555113540e-01 0
1 -8.384578123324001353e+03 4.075028859080247479e-01 1
8 -6.325849234362954832e+01 4.698645300545400971e-01 1
1 -3.487243803960740024e+03 6.251875235368681283e-01 2
15 2.354285166520449195e+02 4.285495221872801519e-01 3
10 1.657480326233804249e+02 2.138359432891676626e-01 2
1 -6.380587600928527536e+03 8.009108255359587147e-01 3
21 2.453995806489587608e+02 8.999248635235079785e-01 0
26 2.477882044142290283e+02 5.821953877664923782e-01 4
22 2.464703988684791511e+02 2.634845117503399337e-01 4
1 -1.205183830879207380e+04 3.131866876985444637e-01 2
15 2.400988680649645346e+02 3.219506876760993563e-01 3
28 2.476816776575198276e+02 7.122160011299346616e-01 0
29 2.478127653569185895e+02 8.014942598827539122e-01 0
28 2.477286855330886510e+02 1.510748301187514464e-01 0
25 2.478770507005955608e+02 5.307662168006550552e-01 1
22 2.474754550751738122e+02 3.179102190718126053e-01 3
27 2.476988423534442632e+02 8.707242189537005572e-01 0
16 2.382875527644578426e+02 7.547588017452333542e-01 2
11 1.963965052966432836e+02 4.587667589592215323e-01 2
28 2.477451872378334485e+02 6.186767947903373255e-01 3
29 2.477980952621082906e+02 3.064392206750354841e-01 3
15 2.340461455860036324e+02 7.361186749415107311e-01 2
15 2.340447321025773419e+02 4.945710235989180248e-01 2
21 2.469221732009181096e+02 9.830950912697568045e-01 0
23 2.466657802370816626e+02 2.982832601960608843e-01 0
8 -1.270036763521487160e+02 7.502850347548903898e-01 4
8 3.253691421405764572e+01 8.812244667742950011e-01 4
21 2.456878834631515360e+02 8.779148106784036010e-01 3
27 2.476982008926319452e+02 6.174094262623854856e-01 1
14 2.294802993972514855e+02 6.399647710622478058e-01 4
4 -1.996660595981063864e+02 8.098324130665115472e-01 4
27 2.477153952388682967e+02 6.790396607827448028e-02 1
16 2.377778965530611686e+02 7.948548986649507375e-01 0
7 -1.805749369183079693e+02 1.160601136885569540e-01 2
18 2.417085260938396800e+02 3.162013271886543464e-02 1
3 -3.502600471487513460e+03 3.959178612636562455e-01 2
4 -2.051646128990841589e+03 6.815154252109481003e-01 4
2 -4.053638234092648872e+03 3.411974932694455953e-01 2
21 2.454633474580139136e+02 5.809445759672726695e-01 0
1 -1.016686844530575036e+04 2.057310073198127809e-01 2
21 2.469351792249411233e+02 6.354724573892801542e-01 0
26 2.475355882844982602e+02 4.839642858139525106e-01 0
4 -1.759517937151347269e+03 7.562193287491105753e-01 1
8 3.173289361622190796e+01 9.008871337453898676e-01 3
19 2.440203777160380127e+02 8.933572838561967266e-01 0
1 -5.454581671679950887e+03 2.202477877664876793e-01 2
6 -3.312888918473415742e+02 3.193015678227441034e-01 0
14 2.336238715317231538e+02 6.561892348451899837e-01 0
18 2.429184122962321908e+02 4.980503342206957784e-01 3
21 2.462324256930237141e+02 9.775076492299756836e-01 0
9 1.812947876180000151e+01 8.207760103372120364e-01 3
15 2.389752758906381018e+02 2.272098253756116293e-01 2
22 2.467781625620969237e+02 7.733640528316463314e-01 1
4 -2.212845309944218570e+03 5.337293905954298978e-01 3
22 2.468035234323239138e+02 7.361518751634233970e-01 2
4 -1.286205722877685957e+03 3.932782128437306568e-01 0
