-1.932284987924295550e+01 1.354549058466205380e-01 -8.379823703733216833e-01
-1.931692207350259238e+01 1.433267127473477343e-01 -8.243911005033517370e-01
-1.930217620870735828e+01 2.205130624797309313e-01 -3.592765952951397779e-01
-1.932303808403267453e+01 1.240857985108269196e-01 -9.219604018926629285e-01
-1.930105903854303762e+01 1.971726233241581083e-01 -6.173414471208463761e-01
-1.929832647969433168e+01 2.248680955672674731e-01 -3.579081935883337007e-01
-1.931111005687430193e+01 1.637271012236541645e-01 -7.859153246689446481e-01
-1.932413020226687195e+01 1.138604964268743469e-01 -9.524686110333264732e-01
-1.933140200975332945e+01 5.926318781633654192e-02 -1.323868364699756883e+00
-1.931978115788150063e+01 1.174517757824402459e-01 -1.030948029361264950e+00
-1.931065056800082758e+01 1.651569952991823742e-01 -7.106376305242696478e-01
-1.931978115788150063e+01 1.174517757824402459e-01 -1.030948029361264950e+00
-1.932364456181685597e+01 8.881692155850816339e-02 -1.120261263140324370e+00
-1.932440654743445307e+01 1.165545753173106713e-01 -1.001812664701684286e+00
-1.932913480146136109e+01 9.769766006246340118e-02 -1.073283618726242228e+00
-1.932820804756460120e+01 1.203709629711469248e-01 -8.697454582123669287e-01
-1.930642967143327837e+01 2.056158477485261205e-01 -4.573846151723490738e-01
-1.931439002083020995e+01 1.520030769578123442e-01 -8.065118422309246471e-01
-1.933671634025821362e+01 6.324776689069203095e-02 -1.300259994873774971e+00
-1.931561574012816607e+01 9.627885686413670263e-02 -1.240662709538542963e+00
-1.931083822964508911e+01 2.001640619619972083e-01 -4.589192442105292091e-01
-1.931581375189769290e+01 1.305929356730359814e-01 -9.162558636913354926e-01
-1.931539184207450077e+01 1.314221928713776022e-01 -9.613702158071095738e-01
-1.930435238979819346e+01 1.736876289403090079e-01 -6.896668152839379173e-01
-1.931499705010443435e+01 1.525529830563795153e-01 -8.336261312021882031e-01
-1.931784866814814450e+01 1.142520706828652338e-01 -9.314765317837258030e-01
-1.931869868732104933e+01 1.222160739294719106e-01 -9.821999467060322786e-01
-1.930329705261607387e+01 2.197817154602680900e-01 -3.858797856047020414e-01
-1.930753721058564665e+01 2.136451535562534088e-01 -4.531994430425201337e-01
-1.933296467475627267e+01 7.856303909028579391e-02 -1.095694305707961558e+00
-1.930419780070009494e+01 1.896102296211943372e-01 -5.149937419501863234e-01
-1.930448319403078372e+01 1.992614059641449609e-01 -4.782997238006373442e-01
-1.931569551657777239e+01 1.332931216653538142e-01 -8.862887112725099659e-01
-1.930483246343770176e+01 2.100658567583273961e-01 -4.547092595984321139e-01
-1.931213765980153951e+01 1.308505531252160403e-01 -8.800002949396680263e-01
-1.931775844902700712e+01 1.420441410837890439e-01 -7.521460396323100817e-01
-1.931946512400264027e+01 1.340578482740323318e-01 -8.608217545851296615e-01
-1.932116683249729761e+01 1.245012707721162432e-01 -8.453569218168294208e-01
-1.931939087643387509e+01 1.263826652157561958e-01 -9.376531215708798772e-01
-1.931397615738710272e+01 1.490822021281520415e-01 -8.439292966272698981e-01
-1.930820343559299701e+01 1.902100874790694229e-01 -5.910468884741659767e-01
-1.932175875809116761e+01 1.572629071479291762e-01 -6.902725640230664705e-01
-1.930419780070009494e+01 1.896102296211943372e-01 -5.149937419501863234e-01
-1.931869868732104933e+01 1.222160739294719106e-01 -9.821999467060322786e-01
-1.930968252596310464e+01 1.706438827226048616e-01 -6.642300426309718508e-01
-1.931249737169257230e+01 1.200596255727791051e-01 -1.115939679072984969e+00
-1.932303808403267453e+01 1.240857985108269196e-01 -9.219604018926629285e-01
-1.932347594132885149e+01 9.901259395289398191e-02 -1.209034000722623015e+00
-1.931246290151896261e+01 1.484333885852763268e-01 -8.041615069381933267e-01
-1.930217620870735828e+01 2.205130624797309313e-01 -3.592765952951397779e-01
-1.930898479914639054e+01 1.739098468320393054e-01 -6.916185421347151863e-01
-1.931972376588793594e+01 1.065200777762274759e-01 -1.009868765869326834e+00
-1.931635884339637244e+01 1.521646527849782882e-01 -7.034977354725781007e-01
-1.929604459436251318e+01 1.961199335006689748e-01 -6.145389737370768879e-01
-1.932820804756460120e+01 1.203709629711469248e-01 -8.697454582123669287e-01
-1.929832647969433168e+01 2.248680955672674731e-01 -3.579081935883337007e-01
-1.933066944988787128e+01 1.116188499234811449e-01 -8.857810989861387707e-01
-1.930105903854303762e+01 1.971726233241581083e-01 -6.173414471208463761e-01
-1.932295064342174840e+01 1.175099202184207714e-01 -9.283801116430723255e-01
-1.931454907056595971e+01 1.412404905431306756e-01 -8.581813620667352316e-01
-1.931775844902700712e+01 1.420441410837890439e-01 -7.521460396323100817e-01
-1.931844200033494019e+01 1.589197605396565904e-01 -6.591783731221116938e-01
-1.930854914968478298e+01 1.575199666094941331e-01 -8.528093678263943822e-01
-1.932965584980379958e+01 8.910779627473167097e-02 -1.138727282715830125e+00
-1.932451616449913701e+01 1.080853540511627076e-01 -1.017078536506207387e+00
-1.930217620870735828e+01 2.205130624797309313e-01 -3.592765952951397779e-01
-1.931213765980153951e+01 1.308505531252160403e-01 -8.800002949396680263e-01
-1.931115220887822659e+01 1.895729934111731463e-01 -5.502212212962152016e-01
-1.931513982694169584e+01 9.688921928396965200e-02 -1.149418745063660818e+00
-1.932291591063890124e+01 1.038405542434162332e-01 -9.998707600746880031e-01
-1.930854914968478298e+01 1.575199666094941331e-01 -8.528093678263943822e-01
-1.931519903255168558e+01 1.468175955210726524e-01 -8.501127997214971144e-01
-1.932544503319162388e+01 1.200291501678659029e-01 -9.401504971947279854e-01
-1.930799857129743557e+01 1.722432636871683853e-01 -7.151585784731349094e-01
-1.932420927909184982e+01 1.142289276381062563e-01 -9.921672600774670281e-01
-1.932070344279520668e+01 1.291804284695162175e-01 -9.215837039683366649e-01
-1.931844200033494019e+01 1.589197605396565904e-01 -6.591783731221116938e-01
-1.932238286423254792e+01 1.184316338444522249e-01 -8.979850601165526580e-01
-1.932116683249729761e+01 1.245012707721162432e-01 -8.453569218168294208e-01
-1.931198457265606194e+01 1.566648918491569398e-01 -7.872701101401329282e-01
-1.930503540817999308e+01 1.798093844586397261e-01 -6.436419269991736636e-01
-1.932451616449913701e+01 1.080853540511627076e-01 -1.017078536506207387e+00
-1.931359631576992442e+01 1.323976949985705975e-01 -9.428874133660554158e-01
-1.930642967143327837e+01 2.056158477485261205e-01 -4.573846151723490738e-01
-1.930642967143327837e+01 2.056158477485261205e-01 -4.573846151723490738e-01
-1.932371851353582315e+01 1.513118689970945063e-01 -7.291002120114039586e-01
-1.932440654743445307e+01 1.165545753173106713e-01 -1.001812664701684286e+00
-1.932433762924998533e+01 1.160634985647758660e-01 -9.591651673434429259e-01
-1.931115220887822659e+01 1.895729934111731463e-01 -5.502212212962152016e-01
-1.931553601535897968e+01 1.398516391179484286e-01 -8.871435175633355374e-01
-1.932820804756460120e+01 1.203709629711469248e-01 -8.697454582123669287e-01
-1.932715724957088810e+01 8.822579376961162123e-02 -1.118673046144121663e+00
-1.931186082856239850e+01 1.552489185049714671e-01 -8.058979354237220116e-01
-1.932269186766476921e+01 1.171251506271580867e-01 -1.036594151042768308e+00
-1.930278625713179963e+01 1.714930808102925475e-01 -6.957768825569955462e-01
-1.929450255697350158e+01 2.383301261944051341e-01 -3.859838288434780385e-01
-1.932175875809116761e+01 1.572629071479291762e-01 -6.902725640230664705e-01
-1.931155561476549565e+01 1.773774198378168798e-01 -6.316594582671006819e-01
-1.930753721058564665e+01 2.136451535562534088e-01 -4.531994430425201337e-01
-1.932413020226687195e+01 1.138604964268743469e-01 -9.524686110333264732e-01
-1.932116683249729761e+01 1.245012707721162432e-01 -8.453569218168294208e-01
-1.931065056800082758e+01 1.651569952991823742e-01 -7.106376305242696478e-01
-1.929604459436251318e+01 1.961199335006689748e-01 -6.145389737370768879e-01
-1.930852551413990170e+01 1.533332220571549109e-01 -7.820484614346121521e-01
-1.932451616449913701e+01 1.080853540511627076e-01 -1.017078536506207387e+00
-1.931033342136425190e+01 1.610233455000006086e-01 -8.526456882549354743e-01
-1.931026823002991222e+01 1.218783102890867026e-01 -1.007205676461108590e+00
-1.931397615738710272e+01 1.490822021281520415e-01 -8.439292966272698981e-01
-1.931999190531761457e+01 1.542317518006824095e-01 -7.804146892400164459e-01
-1.931111005687430193e+01 1.637271012236541645e-01 -7.859153246689446481e-01
-1.930842935864775356e+01 2.041455723415183110e-01 -4.101355498234942054e-01
-1.933066944988787128e+01 1.116188499234811449e-01 -8.857810989861387707e-01
-1.932604455359796702e+01 9.469105911550478039e-02 -1.113049712411526615e+00
-1.931777310531565561e+01 1.269459878107483397e-01 -9.308318808958601087e-01
-1.932295064342174840e+01 1.175099202184207714e-01 -9.283801116430723255e-01
-1.930513095667294365e+01 1.822008817959226701e-01 -5.289130935047194892e-01
-1.932820804756460120e+01 1.203709629711469248e-01 -8.697454582123669287e-01
-1.932405053968562214e+01 1.300032746471942446e-01 -8.177743815031858210e-01
-1.930579698565262703e+01 1.691190591535139398e-01 -6.962930242888787369e-01
-1.930250026533098051e+01 2.126127488454052084e-01 -5.186180950119546607e-01
-1.932082312122113876e+01 1.250923161359387137e-01 -9.325768121182825832e-01
-1.932146156877266918e+01 1.094090038557639089e-01 -1.038236109144894614e+00
-1.930209549089539323e+01 2.282513675933767749e-01 -3.324402123939493858e-01
-1.930209549089539323e+01 2.282513675933767749e-01 -3.324402123939493858e-01
-1.931652896011211240e+01 1.350355418624441528e-01 -8.847442866787244009e-01
-1.930503540817999308e+01 1.798093844586397261e-01 -6.436419269991736636e-01
-1.931033342136425190e+01 1.610233455000006086e-01 -8.526456882549354743e-01
-1.930777846191000435e+01 2.040971042733774887e-01 -4.466179198805992900e-01
-1.932291591063890124e+01 1.038405542434162332e-01 -9.998707600746880031e-01
-1.931939262545192193e+01 1.171188468823304296e-01 -1.060149460536262245e+00
-1.931775844902700712e+01 1.420441410837890439e-01 -7.521460396323100817e-01
-1.930799857129743557e+01 1.722432636871683853e-01 -7.151585784731349094e-01
-1.932086845469887848e+01 1.196168656155883192e-01 -9.817840952045276959e-01
-1.933832031095930759e+01 7.371828297516282158e-02 -1.200585462725834995e+00
-1.931280536265432701e+01 1.582312685303216560e-01 -7.504463063670587797e-01
-1.930419780070009494e+01 1.896102296211943372e-01 -5.149937419501863234e-01
-1.933303329904777002e+01 5.702875373039292123e-02 -1.240640262413830630e+00
-1.931978115788150063e+01 1.174517757824402459e-01 -1.030948029361264950e+00
-1.931635884339637244e+01 1.521646527849782882e-01 -7.034977354725781007e-01
-1.932116683249729761e+01 1.245012707721162432e-01 -8.453569218168294208e-01
-1.932103160316099988e+01 1.315933079427881736e-01 -8.766192974931596993e-01
-1.930898479914639054e+01 1.739098468320393054e-01 -6.916185421347151863e-01
-1.932438533734014285e+01 1.341886981833201320e-01 -7.975269460004306143e-01
-1.932296302341871197e+01 1.349295758659433686e-01 -8.473364192517266469e-01
-1.931934795613462441e+01 1.515009335071493268e-01 -7.719190641142489318e-01
-1.932604455359796702e+01 9.469105911550478039e-02 -1.113049712411526615e+00
-1.932604455359796702e+01 9.469105911550478039e-02 -1.113049712411526615e+00
-1.932544503319162388e+01 1.200291501678659029e-01 -9.401504971947279854e-01
-1.931213765980153951e+01 1.308505531252160403e-01 -8.800002949396680263e-01
-1.932303808403267453e+01 1.240857985108269196e-01 -9.219604018926629285e-01
-1.931561574012816607e+01 9.627885686413670263e-02 -1.240662709538542963e+00
-1.931810406886755160e+01 1.221301322521964744e-01 -9.369769099077195351e-01
-1.930642967143327837e+01 2.056158477485261205e-01 -4.573846151723490738e-01
-1.931327013370790979e+01 1.418038274319450565e-01 -9.114876749355047547e-01
-1.930786960102877003e+01 1.590599890960020801e-01 -8.039977388555595850e-01
-1.932274778568873330e+01 1.278814564256690045e-01 -9.642620588834868167e-01
-1.932157644685329956e+01 1.304954128792344958e-01 -1.033559986972449884e+00
-1.931993373802817970e+01 1.618608023968142184e-01 -6.686192534157725520e-01
-1.933671634025821362e+01 6.324776689069203095e-02 -1.300259994873774971e+00
-1.932544503319162388e+01 1.200291501678659029e-01 -9.401504971947279854e-01
-1.930631302667977423e+01 1.678247169305039921e-01 -7.228725879221614692e-01
-1.932579003547120777e+01 8.853394767492284156e-02 -1.077136320514197054e+00
-1.931213765980153951e+01 1.308505531252160403e-01 -8.800002949396680263e-01
-1.930209549089539323e+01 2.282513675933767749e-01 -3.324402123939493858e-01
-1.931349486910721325e+01 1.730239454756588025e-01 -6.169505487401714117e-01
-1.932175875809116761e+01 1.572629071479291762e-01 -6.902725640230664705e-01
-1.931115220887822659e+01 1.895729934111731463e-01 -5.502212212962152016e-01
-1.931673549475799945e+01 1.423215261590802250e-01 -9.433273085534849001e-01
-1.932413020226687195e+01 1.138604964268743469e-01 -9.524686110333264732e-01
-1.931253032488412202e+01 1.477462111400385802e-01 -8.351144745844379935e-01
-1.932440654743445307e+01 1.165545753173106713e-01 -1.001812664701684286e+00
-1.932157644685329956e+01 1.304954128792344958e-01 -1.033559986972449884e+00
-1.932195189415821091e+01 1.024114212817391345e-01 -1.125201745175403722e+00
-1.929604459436251318e+01 1.961199335006689748e-01 -6.145389737370768879e-01
-1.930917180677474931e+01 1.700982799032814408e-01 -7.163230198767913670e-01
-1.932146156877266918e+01 1.094090038557639089e-01 -1.038236109144894614e+00
-1.930753721058564665e+01 2.136451535562534088e-01 -4.531994430425201337e-01
-1.930209549089539323e+01 2.282513675933767749e-01 -3.324402123939493858e-01
