1.929669410929137685e+00 5.258954032116355037e+00
1.089947207457029110e+00 -2.275889219466087354e-02
1.159767081114463583e+00 8.610855238388722910e+00
1.033896489426662457e+00 1.127274287712994649e+00
1.405014589945031700e+00 2.860164722407848359e+00
1.016115446328841321e+00 7.958950753401293099e+00
1.258520800678120333e+00 4.662588211557421758e+00
1.138901064334483237e+00 6.715966198234340823e+00
1.207974304630033524e+00 -7.895446772644158173e+00
1.003275018196932988e+00 -7.569665102306313287e-01
1.010918773847774732e+00 9.721413608011125973e+00
1.284234009585751402e+00 9.195778987371930668e+00
1.007488446217114531e+00 8.367791320771868158e+00
1.049905534448773547e+00 7.457103202986672841e+00
1.007249006497400456e+00 9.765025695246496440e+00
1.032178231875583663e+00 9.640798403297509367e+00
1.011026650696070117e+00 8.240066482010291793e+00
1.000554350927988612e+00 9.745859163213999921e+00
1.011123912009921799e+00 9.947274118552414279e+00
1.001984807997602589e+00 9.849938140088788430e+00
1.010912227975551358e+00 9.924817965061230041e+00
1.037536698571790650e+00 9.743861660493962518e+00
1.000897274516957536e+00 9.935206426017874293e+00
1.000754531060214836e+00 9.926034731727092719e+00
1.095885656809604258e+00 1.358602723512277066e+00
1.002332711173390178e+00 7.524160695905642626e+00
1.000824459863463467e+00 9.994635170294500881e+00
1.108184704924217945e+00 9.687642813326934998e+00
1.009139311826316554e+00 9.990061376564689510e+00
1.004191109623930878e+00 9.165952052602662548e+00
1.006631149262595892e+00 9.890071751307146997e+00
1.000096384741908651e+00 9.973228710152781673e+00
1.001150709883772638e+00 9.971713436672843045e+00
1.018161587857554284e+00 8.773068532971564082e+00
1.584342285759736457e+00 -5.817359539671333124e+00
1.036353104849989215e+00 8.003927168245063228e+00
1.001724212293056970e+00 9.599773437602767245e+00
1.000024426402858158e+00 9.994242833550920579e+00
1.021826210865834472e+00 8.505573850972247385e+00
1.007780235056296547e+00 9.131627072043787763e+00
1.000358063764909655e+00 9.984248146756971920e+00
1.000002636757451491e+00 9.987763309599081651e+00
1.002562163247649574e+00 9.983171376897793436e+00
1.026613351261551399e+00 8.413957701483631979e+00
1.000063429032252094e+00 9.995030093075492061e+00
1.001359165320574673e+00 9.998600438612960772e+00
1.000059954744488167e+00 9.999362146684440233e+00
1.000436743139480944e+00 9.920102683679857591e+00
1.000054085968965056e+00 9.990989399351725808e+00
1.000104315869469573e+00 9.993079626956632211e+00
1.006295264572041104e+00 9.888118873245808516e+00
1.014720582925095371e+00 9.822819018381920841e+00
1.000088768985454291e+00 9.992032069110244663e+00
1.000189624364053342e+00 9.991822181759182797e+00
1.000042502086818441e+00 9.999626065950920406e+00
1.000011763186233527e+00 9.999082650448215759e+00
1.000008352190541849e+00 9.998209776902868384e+00
1.000094960189046978e+00 9.999911727237929426e+00
1.000006600626280218e+00 9.999529393207858163e+00
1.000000634470820104e+00 9.999102396552693506e+00
1.002445820366810958e+00 9.948928847074977710e+00
1.000009198262719501e+00 9.999884104087534809e+00
1.000040030020319604e+00 9.997714526166966209e+00
1.000004270685970864e+00 9.998657200775610931e+00
1.000159584457090078e+00 9.994838351795394260e+00
1.000019017788096765e+00 9.996937855346690327e+00
1.000012675193183709e+00 9.994023100671533655e+00
1.000002176209099369e+00 9.999876509622772858e+00
1.000065736382035331e+00 9.997936986974330864e+00
1.000005846977594759e+00 9.999925220723135055e+00
1.000004963795533941e+00 9.998910895714292479e+00
1.000632682004725105e+00 9.999484492226343946e+00
1.000391925384688463e+00 9.977126021090668928e+00
1.000089245631544665e+00 9.998842593264036793e+00
1.000005254163158108e+00 9.999296395857083297e+00
1.000001460773452422e+00 9.999953264604023673e+00
1.000213698206120716e+00 9.975804034575084245e+00
1.000000556238039184e+00 9.999975544819026396e+00
1.000046978431676559e+00 9.993370377745819155e+00
1.000137033967818168e+00 9.995229651424605066e+00
1.000005256269776988e+00 9.999701258526116021e+00
1.000689478011920430e+00 9.950562611962247672e+00
1.000935179422194121e+00 9.976570739475786098e+00
1.000103224375637589e+00 9.999101525366253185e+00
1.000007291155540878e+00 9.999905375701185761e+00
1.000000494336341195e+00 9.999988303227777209e+00
1.000000373693044953e+00 9.999998167631694912e+00
1.000000256041727376e+00 9.999994990414570850e+00
1.000000228396882518e+00 9.999996097359833414e+00
1.000000035101168860e+00 9.999989096633022712e+00
1.000000077284853850e+00 9.999988629250275096e+00
1.000000628975710848e+00 9.999912271925243346e+00
1.000000093765929909e+00 9.999971389583983239e+00
1.000004533572626642e+00 9.999917482928793788e+00
1.000000064394294785e+00 9.999993462833369762e+00
1.000000792791251980e+00 9.999772753309475348e+00
1.000000557509436616e+00 9.999961915646228050e+00
1.000000255738167088e+00 9.999884017602454378e+00
1.000025975813471968e+00 9.999961830647819738e+00
1.000005337568271813e+00 9.999821199854437737e+00
1.000000832180194754e+00 9.999978049923122114e+00
1.000031853002739224e+00 9.999845473650534444e+00
1.000000618959801635e+00 9.999991191059152129e+00
1.000009625548729852e+00 9.999934271716576006e+00
1.000806173299958690e+00 9.523467400607614763e+00
1.000077683705818066e+00 9.986301938842210291e+00
1.003035619588277916e+00 9.948730532865535992e+00
1.000002154541197230e+00 9.999917803422636808e+00
1.000004532110071898e+00 9.999971147298374774e+00
1.000503337509836888e+00 9.954803288663349292e+00
1.046523677639097594e+00 3.526075456648381845e+00
1.000313106844582300e+00 9.946303520377519192e+00
1.000001879790615611e+00 9.999935367325186064e+00
1.000008246419282321e+00 9.999591622594248719e+00
1.000503928388496888e+00 9.982326524695352532e+00
1.000002303630029399e+00 9.999866940118405267e+00
1.000006447908523333e+00 9.999891432174358386e+00
1.000093303840108749e+00 9.992270757171731077e+00
1.019731444990490177e+00 8.361897782084508179e+00
1.000270711346948227e+00 9.996914127616754797e+00
1.005922418065373414e+00 9.802668780537793225e+00
1.000006682198666619e+00 9.999654706679201865e+00
1.000009161667224866e+00 9.999489240360389886e+00
1.000000031500566600e+00 9.999893518271008475e+00
1.000003402477533498e+00 9.998559354552945422e+00
1.000006773251472802e+00 9.999368988659817603e+00
1.000003210551811961e+00 9.999618410044842420e+00
1.000000186492637111e+00 9.999963571218941638e+00
1.000864134118777615e+00 9.986654605530731033e+00
1.000005749218874529e+00 9.994836822378253771e+00
1.003444948363051870e+00 9.950222393583977976e+00
1.000007960408966001e+00 9.999425632149161913e+00
1.000007834240864035e+00 9.999872520105178353e+00
1.004143509287675151e+00 9.270921087867570520e+00
1.002051518740034286e+00 9.845303395229599630e+00
1.009764678357714995e+00 9.525480564222654323e+00
1.000000800834833781e+00 9.999974421007703285e+00
1.000095532946984500e+00 9.998509691647694098e+00
1.000000038554397452e+00 9.999982164289107800e+00
1.000000144956658010e+00 9.999903758480165550e+00
1.000023507007296919e+00 9.999428982118836018e+00
1.000109199622318146e+00 9.993997704443742691e+00
1.079941950865083600e+00 7.401232356940390389e+00
1.049196408537351966e+00 7.131640287677761592e+00
1.000065787830327624e+00 9.988417506747346408e+00
1.000022667078066974e+00 9.996179759816065769e+00
2.185663099488041272e+00 9.543036116266172542e-01
1.000000373193814518e+00 9.999980526220682009e+00
1.000012826113569231e+00 9.981951085785560451e+00
1.000026032436768464e+00 9.999420676983646672e+00
1.000000032139706452e+00 9.999971123837212872e+00
1.693455510938936870e+00 -9.781097819676318750e+00
1.000001021298531967e+00 9.999989044356343726e+00
1.000870318588605867e+00 9.707740612806176728e+00
1.000026548397429105e+00 9.999234831190811690e+00
1.003466543867447047e+00 9.975316734689513964e+00
1.000234231128941609e+00 9.994676427964357401e+00
1.000738318935973092e+00 9.894139963840757446e+00
1.000214365871132438e+00 9.882779986806184525e+00
1.000015236767055393e+00 9.999806604122063902e+00
1.000001157462528045e+00 9.999993713896714098e+00
1.000001842348572367e+00 9.999930156983545260e+00
1.053003461387084894e+00 2.406667533389752478e+00
1.000030834746164610e+00 9.999840624778926212e+00
1.000001591554863012e+00 9.999384504261193740e+00
1.000000320103627827e+00 9.999992209226796547e+00
1.000000874161993902e+00 9.999987778747293277e+00
1.000250317669376665e+00 9.425222502600412611e+00
1.175218602323889971e+00 6.462442580190348451e+00
1.000315123792408167e+00 9.987646209158135946e+00
1.000496033942096075e+00 9.971919981664616017e+00
1.000023040227897342e+00 9.998426016183465492e+00
1.000212746944877829e+00 9.943680333503841950e+00
1.000206350484867723e+00 9.995763383494661980e+00
1.000688003575305629e+00 9.990152629216915159e+00
1.000002196388422249e+00 9.999833909499741935e+00
1.000000077959477096e+00 9.999991888003961549e+00
1.005548893284325507e+00 9.886085216982252177e+00
1.000000258233370465e+00 9.999979544073724469e+00
1.000010659258634194e+00 9.999210721835229521e+00
1.000005938311812947e+00 9.998885287064041449e+00
1.000004111193401934e+00 9.999297545188074565e+00
1.000007950710393834e+00 9.999837002292586874e+00
1.000000253063937583e+00 9.999995520892021261e+00
1.014501228088002138e+00 -9.637151545143913367e+00
1.031871588546397156e+00 8.643632695350781603e+00
1.001463317724654578e+00 9.855618291001626119e+00
1.000040911537308341e+00 9.985850579126527293e+00
1.000101041344243491e+00 9.937604943101685961e+00
1.000005188029201353e+00 9.999980187858646730e+00
1.000212550118104060e+00 9.995581257836395395e+00
1.000004403645702977e+00 9.999995899127714694e+00
1.000119423039983246e+00 9.996298155201969848e+00
1.000049338421360234e+00 9.577365023560926005e+00
1.004705322735360618e+00 9.911808898566352610e+00
1.035024996765036231e+00 -1.067880522246774433e+00
1.003705053069535058e+00 9.459823424211627696e+00
1.001259037347984604e+00 9.985791725029795174e+00
1.078438755469692811e+00 9.373401946601148893e+00
1.000001192337304667e+00 9.999483520383819268e+00
1.043172557422729296e+00 -1.183299405573634999e+00
1.000530423481773790e+00 9.999794158243460629e+00
1.232741397813284401e+00 8.700924674852984708e+00
1.010336712791460201e+00 9.162388097895963313e+00
1.000000030507733895e+00 9.999996894666672631e+00
1.000269980074763643e+00 9.997940011224500267e+00
1.000158593286547548e+00 9.994442991633906814e+00
1.000097387114076586e+00 9.996792344094227900e+00
1.000034620105993310e+00 9.998449656305169242e+00
1.000002899248594312e+00 9.999895129500036006e+00
1.000000436108377633e+00 9.999999467366322392e+00
1.019734295593702988e+00 9.825310279401584523e+00
1.000218760522826766e+00 9.999572384521400181e+00
1.000000940419909723e+00 9.999999020688441931e+00
1.011501712905192862e+00 7.042900571467527016e+00
1.000005349101525276e+00 9.999807797908609075e+00
1.000225471588007009e+00 9.997936728351568547e+00
1.000164603087160264e+00 8.934459856493251806e+00
1.000000403176774411e+00 9.999836909499649096e+00
1.000137734190526428e+00 9.992390044625487633e+00
1.114996852692815787e+00 7.789953133137515806e+00
1.000031394238604765e+00 9.999689925801533263e+00
1.000012397267258102e+00 9.999526278800857426e+00
1.000079236983089315e+00 9.976065274466435540e+00
1.000000655871549293e+00 9.999963671013318844e+00
1.013257483941004011e+00 9.754074510014685728e+00
1.000010133257533962e+00 9.999992858298679010e+00
1.000001445623120322e+00 9.999963069923730075e+00
1.000012943075601735e+00 9.999221072321599735e+00
1.000156189293575970e+00 9.998920676211579206e+00
1.266006556249576809e+00 1.146561415084676128e+00
1.693377954188579171e+00 5.614706933673026867e+00
1.000005318948312016e+00 9.999779030405001379e+00
1.006616232144092127e+00 9.778194773881537571e+00
1.002859114850948474e+00 9.980546700060639154e+00
1.017739387897278025e+00 5.150862479548383277e+00
1.000038294484574930e+00 9.972943080467160826e+00
1.000014781092895211e+00 9.999638857252726609e+00
1.000001687086269797e+00 9.999958548893715715e+00
1.002465598908039768e+00 9.950347884661120190e+00
1.018003470354006623e+00 8.088949890886368621e+00
1.021452204711565059e+00 8.971438999252423940e+00
1.000021362914956136e+00 9.996535807716476540e+00
1.000006462215302871e+00 9.999768309391651400e+00
1.000002373432099967e+00 9.999973671224999805e+00
1.000000034068401655e+00 9.999995226888735544e+00
1.031131250455960657e+00 7.496154241750332403e+00
1.032339662754742315e+00 8.427989363861499328e+00
1.000012322410721133e+00 9.997033811666234726e+00
1.027121301233638651e+00 6.130148380605486835e+00
1.000036589082127669e+00 9.998439344887025015e+00
1.000038299358465554e+00 9.982208388340893634e+00
1.033149776680250431e+00 9.757624263012587562e+00
1.000000532455737279e+00 9.999991884735138115e+00
1.003364971360211744e+00 9.982056273226053378e+00
1.000608675558397387e+00 9.994574268641393644e+00
1.000001150199369082e+00 9.999957893443955470e+00
1.000000483129698026e+00 9.999153030536334086e+00
1.000008719033519622e+00 9.999703782633240223e+00
1.000000654370768460e+00 9.999986424723505962e+00
1.000000129582222730e+00 9.999980344639745056e+00
1.000000241469015005e+00 9.999994382087557199e+00
1.001432315131689288e+00 9.747435085796951171e+00
1.003292830289909565e+00 9.912420519512775030e+00
1.026095508448040761e+00 6.374675233608833480e+00
1.000965852460121708e+00 9.892957196927717689e+00
1.000000012663425419e+00 9.999990033073977713e+00
1.944804230077832319e+00 9.198411277681259435e+00
1.002994982315594585e+00 9.601368329032197835e+00
1.002821969110116340e+00 9.998515726508731660e+00
1.000028179901612191e+00 9.995748697627654167e+00
1.001050966764683858e+00 9.558906303689319373e+00
1.000001406342514887e+00 9.999948205018444725e+00
1.000000315455298994e+00 9.999982910554500393e+00
1.000000769584419746e+00 9.999482886824615946e+00
1.000039975227024591e+00 9.999010741797224711e+00
1.000000575257849800e+00 9.999936646568958309e+00
1.000011538348233753e+00 9.998405452198248611e+00
1.034975126635635290e+00 7.494142331156080417e+00
1.000005758313593951e+00 9.999482273180355207e+00
1.658584561679879110e+00 -8.871754994743412226e+00
1.000007116869759960e+00 9.999421503226159302e+00
1.000073721782540614e+00 9.993270463024671812e+00
1.000000223407389699e+00 9.999943253222195239e+00
1.000368610714129636e+00 9.844788396135303543e+00
1.002108589816461448e+00 9.899573143506501083e+00
1.000740913538838761e+00 9.984628500159882236e+00
1.147650504351707346e+00 8.094446929435619609e+00
1.000878876209806423e+00 9.838900455979533888e+00
1.061383052090116852e+00 4.735346556118644301e+00
1.000016670179589617e+00 9.999750605093279177e+00
1.000000087360436885e+00 9.999991823332333496e+00
1.021562132804054279e+00 9.701735337722894315e+00
1.027811546140989352e+00 7.314070567617459773e+00
1.000000359594177102e+00 9.999950190220523893e+00
1.051973022033127370e+00 2.342059425631031644e+00
1.055995592063198929e+00 -9.306748120351830522e+00
1.022827796413219081e+00 1.773602553887348776e+00
1.141881156831212385e+00 8.092874091077064236e+00
1.000029888759937480e+00 9.999883690378815970e+00
1.104889842265699418e+00 -8.308291932539136226e+00
1.000000002272721566e+00 9.999979793219864632e+00
1.000237250754599794e+00 9.996488433655816408e+00
1.000001601403639917e+00 9.999801127989798033e+00
1.000010673436541708e+00 9.998558842246183076e+00
1.000019781227420967e+00 9.994668202812313496e+00
1.000015353829521558e+00 9.999910636889929094e+00
1.000041580381663131e+00 9.975392553028122222e+00
1.000017061623633685e+00 9.983025362731275720e+00
1.000543442305015462e+00 9.998110301082050455e+00
1.000000430854295130e+00 9.999988880440291439e+00
1.004587131232815622e+00 8.623309136954269150e+00
1.000000700554278144e+00 9.999973478150884887e+00
1.073289018292207464e+00 2.655403154664099930e-01
1.010462376872073298e+00 7.420397280227721382e+00
1.005947014915148596e+00 9.437825038193651039e+00
1.000025568145448185e+00 9.998055269554605218e+00
1.011318210369480886e+00 5.674261022208499483e+00
1.006903465946171528e+00 9.508429725178135783e+00
1.000225086471877578e+00 9.998264165602577691e+00
1.003323885624906708e+00 9.879938109895999077e+00
1.000046915299385608e+00 9.985196003499130057e+00
1.000012641727424878e+00 9.998703661672696086e+00
1.000752782329889845e+00 9.943271182748915749e+00
1.117617855629786661e+00 6.462104115544882177e+00
1.000000127754810952e+00 9.999974890797613369e+00
1.000006595053696046e+00 9.999404851655434356e+00
1.004034095882464950e+00 9.873324757887573355e+00
1.000000249192110502e+00 9.999993455168528556e+00
1.000353376881285561e+00 9.978566562971010967e+00
1.000112114265969243e+00 9.987621970621624712e+00
1.006321269117579131e+00 9.826770796836129307e+00
1.000000203049174141e+00 9.993363902650763464e+00
1.000375438977087805e+00 9.990363785469838831e+00
1.000001155533045027e+00 9.999812595543801308e+00
1.000001901747642030e+00 9.999991851253678732e+00
1.358632852162277027e+00 5.638340132006348426e+00
2.352978032316140222e+00 6.846244222345379882e+00
1.000000577514107425e+00 9.999995928024191016e+00
1.000000264316246668e+00 9.999939659613048093e+00
1.000836714561500695e+00 9.928508871103833400e+00
1.000000817268740017e+00 9.999702405288854123e+00
1.000090132632829754e+00 9.995585557918044373e+00
1.000000367113830446e+00 9.999340806739084542e+00
1.008513357208679739e+00 9.974115608580916614e+00
1.000110142656823076e+00 9.983233380506163712e+00
1.000017409575574501e+00 9.964151448665180766e+00
1.000022619156884618e+00 9.999703930396655949e+00
1.000319051285507799e+00 9.931571293251501231e+00
1.000006854128744793e+00 9.999351351541477584e+00
1.005796435927347021e+00 7.857378776851156488e+00
1.006941851329490101e+00 9.789900946831373574e+00
1.146190232023879263e+00 -1.213262661805305953e+00
1.000032206827222270e+00 9.996672183983680071e+00
1.220700149588705541e+00 8.227179994057582491e+00
1.000016284736943373e+00 9.998880738556444214e+00
1.001229006699698276e+00 9.996191553626029958e+00
1.000003796500497977e+00 9.999980950587129769e+00
1.000001851764007244e+00 9.999611262930329758e+00
1.010348858021526297e+00 5.799577743764995574e+00
1.094149913384585338e+00 9.668341782431774334e+00
1.000018402620091784e+00 9.999910224602686526e+00
1.006120851263803129e+00 9.542537572292157932e+00
1.000000449878709619e+00 9.999995674029779735e+00
1.000634307133049461e+00 9.583310270171772061e+00
1.006562713927811270e+00 5.576809799301067017e+00
1.000000727481552776e+00 9.999971856331477227e+00
1.000000168414005186e+00 9.999994691837159166e+00
1.000000122669856717e+00 9.999953139683608327e+00
1.000037038336466066e+00 9.982302962515774425e+00
1.006046248382008734e+00 9.342746419353023413e+00
2.057465196266131002e+00 -1.323098723191606041e+00
1.022342744954263027e+00 7.001579863078301713e+00
1.002964696358858987e+00 9.961673086206882743e+00
1.002919101346016584e+00 9.907302640064809651e+00
1.000016711057600594e+00 9.999985984590516352e+00
1.005852913269523086e+00 6.295623162722527866e+00
1.000004130945961300e+00 9.999882690979546851e+00
1.000000346544556162e+00 9.999990863059963431e+00
1.008227707788093230e+00 5.266940078000315495e+00
1.000000618748298153e+00 9.999907299743433953e+00
1.000005839945902197e+00 9.891409026269926130e+00
1.124107534847310408e+00 8.720246855515100037e+00
1.000010514962452524e+00 9.999535499339774702e+00
1.000006935973161593e+00 9.997768852658026617e+00
1.048683189985404551e+00 8.704784167446057097e+00
1.000000004288823519e+00 9.999996853418004150e+00
1.000000841275145769e+00 9.999977281062847112e+00
1.000005667529833886e+00 9.999914935451450049e+00
1.000006589901714316e+00 9.994122345170495691e+00
1.000381733727153222e+00 9.962802368750722337e+00
1.006554824624446676e+00 9.660364542633846696e+00
1.000004008462501037e+00 9.999988399799896399e+00
1.000126152390999001e+00 9.998880562795413596e+00
1.036020855219801140e+00 9.933498937043037103e+00
1.001344610731529805e+00 9.878888893583301467e+00
1.000468132863018944e+00 9.986917488927680608e+00
1.000000207833367849e+00 9.999991208844942747e+00
1.002326207617289411e+00 9.988544567536855823e+00
1.002357799295245933e+00 9.839273974785410104e+00
1.000291937577068246e+00 9.998495143340981883e+00
1.000578357299665155e+00 9.864221617767647388e+00
1.000583505597873790e+00 9.973660036802808548e+00
1.000003673727501097e+00 9.999673061023024445e+00
1.000000410705357057e+00 9.999953967480159633e+00
1.000001724921223856e+00 9.999958786087017160e+00
1.012601917738757074e+00 9.624766830921252847e+00
1.000162406570023421e+00 9.997768770539593675e+00
1.008994618485326011e+00 8.528391046285037191e+00
1.005267451053162953e+00 8.386025453718993106e+00
1.318366928020023643e+00 -8.816026156752236886e+00
1.012258844387884604e+00 9.803462521872049251e+00
1.062232700334729385e+00 6.160132173387268040e+00
1.001963231029811663e+00 9.911291688319089133e+00
1.001847918994208220e+00 9.978561122541016459e+00
1.000000161033323787e+00 9.999802151935611505e+00
1.000000436542429538e+00 9.999925484838261269e+00
1.000766145119325490e+00 9.941002154915267397e+00
1.000004269975307780e+00 9.999979230058158919e+00
1.004736947559676796e+00 9.928398026263224097e+00
1.000000599484524022e+00 9.999890019035696298e+00
1.038007777851375213e+00 2.307031409443542458e+00
1.000000208107196364e+00 9.999991805101444697e+00
1.176310819555758336e+00 -7.187889975648497298e+00
1.063924444240951450e+00 -3.564570199228459302e+00
1.000078721380178726e+00 9.999980229407050558e+00
1.013089407663331221e+00 9.796662805310219824e+00
1.000000856884248002e+00 9.999988442442521830e+00
1.000001880010323418e+00 9.999984903837489725e+00
1.548243487110223748e+00 2.783880452718948462e+00
1.000001588535510466e+00 9.999967497947622519e+00
1.368065169494347533e+00 -6.041972370197239428e-01
1.472190005115432854e+00 8.566996774526156599e-01
1.000321349429200257e+00 9.984212834659565772e+00
1.000000055108612784e+00 9.999951329927583288e+00
1.004634339938377030e+00 9.539860767329088276e+00
1.001769802503691631e+00 9.963782176657993261e+00
1.000020576347516066e+00 9.997327721514849941e+00
1.000006424286607354e+00 9.999762860565780898e+00
1.000010105614233424e+00 9.999397886818066183e+00
1.008509553327539443e+00 8.848047913075113513e+00
1.218664472009626243e+00 -9.865849461067249138e+00
1.000432922132987956e+00 9.991154724822337130e+00
1.018545902856141439e+00 9.808522588253424601e+00
1.000594898741156591e+00 9.940621953583498538e+00
1.000031300334415674e+00 9.999781512613672874e+00
1.040036015424042448e+00 8.316439921637233113e+00
1.000158031902132594e+00 9.981810525555307123e+00
1.000052085608541974e+00 9.989349384589772285e+00
1.000000006280364229e+00 9.999988185915420047e+00
1.000000819494473614e+00 9.999977116688341994e+00
1.000026271906589770e+00 9.997861915026312829e+00
1.000003975277168333e+00 9.999965659874632706e+00
1.000000045295595275e+00 9.999984620794325707e+00
1.000002503743608218e+00 9.999986503135183113e+00
1.000000702613335957e+00 9.999923716299726095e+00
1.000000331267270059e+00 9.999998110297191545e+00
1.000153146174676433e+00 9.997653714524311397e+00
1.194625229637758634e+00 4.174356244997486698e+00
1.848479153012676290e+00 -1.986679317860893690e+00
1.000087175074254153e+00 9.153908211907051395e+00
1.001105304092955617e+00 9.849202821241952677e+00
1.000014704569796242e+00 9.989744464388643053e+00
1.000000310234189671e+00 9.999949060920847899e+00
1.000001624354769358e+00 9.999990973245768799e+00
1.000002134426839717e+00 9.994611651983404954e+00
1.000008484144993215e+00 9.999962381964088820e+00
1.000000035068204784e+00 9.999988229843566501e+00
1.000000018190575934e+00 9.999995432634840142e+00
1.000000810362448922e+00 9.999999198474196049e+00
1.000018672258224273e+00 9.997985672308153937e+00
1.003728546828961843e+00 7.018411927035053566e+00
1.000284789823017162e+00 9.814960047604440518e+00
1.027073704045557756e+00 1.994211741458624232e+00
1.000699630847363686e+00 9.688292510545764458e+00
1.091891753324969017e+00 7.798835075438553588e+00
1.000019493770498480e+00 9.998106190759255441e+00
1.014758043587865810e+00 9.021466622517337441e+00
1.000025332443169601e+00 9.999581340111394212e+00
1.000426885450946157e+00 9.993242016855063525e+00
1.000001377546770875e+00 9.999890968274044667e+00
1.034745712836908416e+00 5.878021276773768733e+00
1.000175896596597225e+00 9.991714816477561101e+00
1.005041701867910531e+00 9.989690896575311285e+00
1.026592819680206325e+00 9.110803088621501900e+00
1.000002349448356975e+00 9.999019522766808166e+00
1.000000127533362093e+00 9.999985952760383157e+00
1.000644836243126168e+00 9.857541257535121559e+00
1.000028419934167356e+00 9.975549909728286480e+00
1.000002055644443111e+00 9.999965837970208327e+00
1.000000841968557097e+00 9.999727678513234963e+00
1.000000177376173083e+00 9.999955759541997224e+00
1.000015106158399059e+00 9.998374609148918069e+00
1.000000651401805163e+00 9.999934971891772051e+00
1.000000047344002496e+00 9.999968194526697829e+00
1.003836805363809592e+00 9.716596300401956654e+00
1.000398851325235539e+00 9.845290308551213343e+00
1.000252785591906113e+00 9.974367110113448121e+00
1.532097140876288011e+00 -6.694669281330529742e-01
1.000464431590509129e+00 9.998155375865358963e+00
1.001961723338931964e+00 9.994771347445777110e+00
1.000293372496008582e+00 9.884427823280145020e+00
1.243465822849893376e+00 9.890020979305852222e+00
1.008848273166652598e+00 8.748482422473323084e+00
1.000204067022892440e+00 9.962220266162567839e+00
1.004703454118544670e+00 4.872777802676608871e+00
1.000027410503690151e+00 9.999815348959092631e+00
1.000003020760993122e+00 9.999591803115755795e+00
1.000016726208910134e+00 9.999509766808849065e+00
1.000002784511720533e+00 9.999975805838996479e+00
1.001221427353162552e+00 9.986224905806885488e+00
1.527752090898244042e+00 9.925277195774125261e+00
1.000892325908675273e+00 9.933337357711209847e+00
1.002529108614439002e+00 8.922954876607526842e+00
1.000134193818835948e+00 9.997128243005640513e+00
1.016042135623662190e+00 8.007137358193915588e+00
1.009195232551560961e+00 9.617130798092947686e+00
1.002155515279034681e+00 9.992100251264425026e+00
1.000000200977844367e+00 9.999989037405903503e+00
1.009545148097263034e+00 9.357354396277145270e+00
1.001251861172385738e+00 9.937604660809221002e+00
1.014113736192868931e+00 9.479418096841733643e+00
1.000000386424311438e+00 9.999822094988537913e+00
1.001864348401086957e+00 6.100283062981155524e+00
1.000001170229075864e+00 9.999982492712014448e+00
1.003866011028186733e+00 9.858843425495393831e+00
1.001552221291373446e+00 9.615356001873905711e+00
1.000000928742200701e+00 9.999967947703694904e+00
1.024040321756157557e+00 9.499700343646864553e+00
1.000082845162215905e+00 9.921665501474393523e+00
1.000230034865902340e+00 9.937127541681906706e+00
1.067599725513323605e+00 8.741331933702824131e+00
1.000019298795811418e+00 9.999420087781672351e+00
1.000000186621573084e+00 9.999996319930023247e+00
1.003196263846980019e+00 9.893204226186497863e+00
1.000234763338075927e+00 9.983374893316216969e+00
1.003106985185942435e+00 9.959719358303793513e+00
1.050374540444275251e+00 9.629687531466366579e+00
1.000538228269483687e+00 9.741692198496050281e+00
1.000087330394582086e+00 9.995846914046630616e+00
1.005952073500661070e+00 9.816555723698428437e+00
1.027226338875788958e+00 5.036703850692997975e+00
1.070304694734949047e+00 1.647961731144874875e+00
1.001892611107402686e+00 9.759515026958553108e+00
1.631312364371781065e+00 8.499889489345985538e+00
1.287633467344110105e+00 -9.069611809068812036e+00
1.004343363039023940e+00 8.524715442973015200e+00
1.000002978327081626e+00 9.999850276558184703e+00
1.000039184376811274e+00 9.997554851767482376e+00
1.002255719904004305e+00 9.980050546545975010e+00
1.000015709068556191e+00 9.999993200785119996e+00
1.003068835990405860e+00 3.829594188718877135e+00
1.000880087405956020e+00 9.783878684887959309e+00
1.001564898172670137e+00 9.972635027330237989e+00
1.002888182967624831e+00 8.112515632648428010e+00
1.341225866536926770e+00 -2.052228635742201490e+00
1.000000250970994431e+00 9.999992936534418675e+00
1.000280951136516272e+00 9.969171562988261570e+00
1.000173720949977474e+00 9.981430998009102495e+00
1.229909524762257345e+00 2.974019165009565313e+00
1.000000010534933592e+00 9.999818269744217503e+00
1.121351467543780345e+00 8.517716129525449986e-01
1.000000772114189918e+00 9.999997410480457205e+00
1.000623845608149098e+00 9.467769501708325208e+00
1.000433329923550607e+00 9.995082679198873166e+00
1.001724655533666297e+00 9.544324036563743618e+00
1.000000629808389441e+00 9.999997846480560781e+00
1.000146797839949198e+00 9.982116166407301705e+00
1.000129959113633227e+00 9.998349684688754735e+00
1.000028530643699343e+00 9.999593235132991254e+00
1.000001883232605193e+00 9.993788690113412088e+00
1.020609495702310188e+00 3.791826274607856817e-01
1.000002994698269365e+00 9.999991556635379197e+00
1.000001558876382202e+00 9.999973823130289929e+00
1.000249831479605556e+00 9.929895022872386789e+00
1.000000025657499014e+00 9.999979619591943703e+00
1.010373727297344981e+00 9.635474986684165799e+00
1.000002328648867289e+00 9.999978722645188611e+00
1.004096883533774465e+00 9.914528994079166324e+00
1.099726643907232404e+00 9.273555505041024105e+00
1.010376840696819656e+00 6.686563659707029927e+00
1.011677923889890085e+00 9.261120705917278428e+00
1.000085838972617713e+00 9.998577883237643960e+00
1.000001983006708173e+00 9.998871121821792940e+00
1.001123705762933414e+00 9.982617601461285517e+00
1.002035249290997632e+00 9.950573805366278890e+00
1.003375712112947404e+00 9.742902051512096762e+00
1.000000023835632357e+00 9.999992818012643170e+00
1.000005719128578496e+00 9.999350890405246162e+00
1.012627157648343657e+00 9.707199899717942060e+00
1.095145969101003258e+00 9.529869050043625833e+00
1.000001009111639805e+00 9.999566812623470469e+00
1.000854581682629751e+00 9.953839928475410659e+00
1.000000376123106438e+00 9.999982459426597359e+00
1.130324733025359407e+00 2.856522672711975019e+00
1.000946992814645942e+00 9.995838561891112306e+00
1.000000632861556937e+00 9.999864798517563713e+00
1.000000583934988141e+00 9.999981126046257884e+00
1.000004493677292716e+00 9.999384281029694677e+00
1.000062908694642871e+00 9.997787291000285848e+00
1.000313568523353958e+00 9.984698741857144455e+00
1.016578151468076952e+00 9.531957921228752184e+00
1.007783388134244396e+00 5.992189112214671098e+00
1.000000045382708924e+00 9.999993222911978563e+00
1.070940701280110874e+00 9.969904124769566778e+00
1.058001338962112348e+00 7.078453952907388214e+00
1.000000887402729521e+00 9.999216793009139792e+00
1.003700322289494240e+00 9.127799792601965834e+00
1.049890370533367312e+00 9.940695430293423840e+00
1.000007636348417606e+00 9.999311065773497376e+00
1.019260559953328427e+00 9.647239060141295397e+00
1.000322709915933306e+00 9.935593551262662970e+00
1.056937638462521090e+00 7.078729046898832422e+00
1.006127913532354867e+00 9.981620327257047620e+00
1.000513256253402261e+00 9.982386131240147620e+00
1.000000202558412932e+00 9.999857714533799680e+00
1.000009526943387517e+00 9.992108320494018869e+00
1.253835836473590648e+00 5.985544986774112175e+00
1.000000635897668300e+00 9.999984457414612393e+00
1.000000022054706950e+00 9.999971506204211380e+00
1.091008122147695714e+00 -3.144586482326258370e+00
1.000088437279687437e+00 9.998659615677169654e+00
1.000001190919753924e+00 9.999996640979482265e+00
1.000042263308164481e+00 9.970088308165653501e+00
1.001365488207693000e+00 9.989445665941516950e+00
1.000004196946767898e+00 9.999816391198727672e+00
1.000012695636806503e+00 9.999775747614869204e+00
1.002477577089397887e+00 2.242684269919601903e+00
1.097904884802656245e+00 5.673033454048091784e+00
1.031041326162803529e+00 9.055494242212361655e+00
1.033698634372206104e+00 7.268615133252694704e+00
1.073182129997169776e+00 5.781460414924303848e+00
1.022081839331290709e+00 9.706176365665356798e+00
1.019149043460554127e+00 8.585181926169376254e+00
1.024413963444867237e+00 8.829547646778824088e+00
1.002267482357507511e+00 9.923097570581880689e+00
1.045100431726686097e+00 7.325322317795613714e+00
1.000108451842950830e+00 9.922220446184340403e+00
1.011686774946074285e+00 9.813976506126657284e+00
1.000093936948773354e+00 9.989688518789506588e+00
1.000202896339143832e+00 9.985195255898716482e+00
1.000000210942293188e+00 9.999995291941402797e+00
1.038235894110354662e+00 8.736631394972668829e+00
1.000000085353275558e+00 9.999996316991811796e+00
1.001183295981877164e+00 9.807843173139044524e+00
1.000432867531813264e+00 9.241683855317070595e+00
1.008853420363273301e+00 9.226840979644443053e+00
1.000024043686177366e+00 9.996207049189727911e+00
1.000022133546278003e+00 9.999427995217420317e+00
1.000013721074319406e+00 9.999664638842361342e+00
1.000027771038277447e+00 9.999594115034803110e+00
1.000005458032469541e+00 9.999926319868166047e+00
1.001753721771654337e+00 9.995545189674523101e+00
1.000101618273691706e+00 9.998898816838419634e+00
1.331950398662926416e+00 9.559348604343441025e+00
1.177377868622764501e+00 -1.935509551059437783e+00
1.000006465009550372e+00 9.999868763235479463e+00
1.002270300545441417e+00 9.920502525073644051e+00
1.000281578988054143e+00 9.941250321769395271e+00
1.007184740282314195e+00 -1.253922835360677723e+00
1.031689027652958668e+00 -4.876501436507297171e+00
1.001631222379537833e+00 9.890924620356727814e+00
1.000039011121405030e+00 9.995636887903241785e+00
1.000000488330192505e+00 9.999985604113675208e+00
1.000004279377883831e+00 9.999867856425304069e+00
1.000036381513365713e+00 9.999220763296207792e+00
1.000001469602012305e+00 9.999965495586902620e+00
1.114192920670795450e+00 8.787831228321252297e+00
1.005110106230120870e+00 9.328434177805291938e+00
1.000000036539936410e+00 9.999993674313856218e+00
1.004362640650917848e+00 9.542112275670902477e+00
1.059958270499947508e+00 9.233154305744861290e+00
1.000045868262400717e+00 9.996944813529520246e+00
1.000001119532511362e+00 9.999917148192025707e+00
1.000000695275704787e+00 9.999949474913876202e+00
1.020842768003419554e+00 8.830436977119916264e+00
1.000029694835980143e+00 9.970629579696701938e+00
1.154844703844663867e+00 -8.471757055895277944e+00
1.008592826197474368e+00 9.657214877769405348e+00
1.000649975884084109e+00 9.905532056989443390e+00
1.000200515692179160e+00 9.986789069300151311e+00
2.530763566812848531e+00 -9.967432940809793251e+00
1.000000537529406319e+00 9.999970332054843425e+00
1.000000818580182971e+00 9.999986301523186683e+00
1.000001798468839409e+00 9.999826669106333554e+00
1.007718910882271723e+00 9.650364450314782516e+00
1.000004991412446254e+00 9.999379325673196206e+00
1.000000016330914621e+00 9.999991528535304042e+00
1.000038293053173266e+00 9.997144383702558201e+00
1.178171848382352005e+00 7.913889703721856961e+00
1.000000681622572163e+00 9.999992842883258959e+00
1.000023847725294512e+00 9.999775527288832677e+00
1.039446595263570750e+00 8.690877801964852267e+00
1.143370177076590277e+00 1.983020514235336762e+00
1.132798232649741887e+00 9.218502896023657911e+00
1.408146899815856612e+00 6.682043695586159515e-01
1.000017042373812837e+00 9.999370130381766586e+00
1.002933622405981273e+00 9.975336002381297362e+00
1.052080835802286618e+00 7.946221562616678113e+00
1.002225231037862985e+00 9.661951579015081393e+00
1.000016315474687500e+00 9.999671399355289481e+00
1.000381823233094325e+00 9.930330730865996713e+00
1.000000049114142975e+00 9.999964961981184786e+00
1.000009029334420374e+00 9.999921996982607197e+00
1.000016141598741637e+00 9.999245322454768825e+00
1.025417054003082029e+00 9.797995080593892681e+00
1.045873420746809668e+00 9.637345222903501707e+00
1.000020265830756205e+00 9.999852830216006794e+00
1.000000295478172596e+00 9.999920739103966838e+00
1.000053043196541980e+00 9.997728251565916935e+00
1.000004104887310508e+00 9.995406284601180857e+00
1.008244230629736338e+00 9.940418166951577206e+00
1.085153679272781169e+00 9.453138443932445512e+00
1.054409507060839912e+00 1.745616298186536852e+00
1.000123684509589328e+00 9.944141546751765759e+00
1.000000185298239419e+00 9.999987780909329160e+00
1.001895967894878225e+00 9.949406031856188548e+00
1.000132222161834061e+00 9.975463378380322155e+00
1.000003900340096452e+00 9.998445880420153031e+00
1.000224346803619158e+00 9.991268611953366019e+00
1.000036434990406287e+00 9.999066703256850985e+00
1.000003088888982372e+00 9.998764461198270226e+00
1.000000014738320786e+00 9.999999161845650519e+00
1.000002720568056169e+00 9.999893406162932763e+00
1.000000576821597376e+00 9.999904051824067608e+00
1.011109664798867325e+00 9.858926228496628141e+00
1.026414793851972318e+00 9.801437515815372592e+00
1.028375409391596884e+00 -7.778142880534328896e-01
1.000000148989137694e+00 9.999900328278080508e+00
1.003787145369008593e+00 9.973705079904974014e+00
1.000000171318311981e+00 9.999993091274877344e+00
1.000000163602667635e+00 9.999989370283074663e+00
1.000018475794233197e+00 9.979362326903917335e+00
1.000011063310267900e+00 9.990526713499598088e+00
1.000000378743516771e+00 9.999992982672296193e+00
1.000006150745197164e+00 9.999987040950344408e+00
1.000064254188843371e+00 9.971004512278696552e+00
1.000041766131320786e+00 9.996574542282374409e+00
1.280107172402793703e+00 6.978626014372693476e+00
1.000302564869139932e+00 9.445591873765931012e+00
1.002879379974449758e+00 9.995837217363980898e+00
1.000001824548728990e+00 9.999620668275881030e+00
1.021336769962850388e+00 7.571638363363224045e+00
1.000000503436017096e+00 9.999983521016957866e+00
1.001351826454706329e+00 9.993922622437342085e+00
1.072391545291267567e+00 6.563737731287545785e+00
1.000003356993808490e+00 9.998064878978762948e+00
1.000389209520715639e+00 9.678249845954439934e+00
1.000072774133758058e+00 9.995138543594233482e+00
1.000131223517548351e+00 9.998210466684547271e+00
1.000045457396841364e+00 9.999150931635561790e+00
1.009069781353176598e+00 9.939524518141745091e+00
1.031508096917666206e+00 -4.127852274162594703e+00
1.000006906941149687e+00 9.998886534029704620e+00
1.000000398326614137e+00 9.999990911354753820e+00
1.080525357822829768e+00 9.164723656002301766e+00
1.000000027563382465e+00 9.999548934672908729e+00
1.000002812753991721e+00 9.999834137354625341e+00
1.000256437570886892e+00 9.990062081808808614e+00
1.042176582249920047e+00 9.795025138445780044e+00
1.026445910139240025e+00 7.016608779641405391e+00
1.000023621130347040e+00 9.986765281293202179e+00
1.000011129908160656e+00 9.999562028368270461e+00
1.000079600758112974e+00 9.993748220807226801e+00
1.032081152141631541e+00 1.342543632136759868e+00
1.088562416607777417e+00 2.562202294490536048e+00
1.016044242123472774e+00 6.921444766288033179e+00
1.000221926044423837e+00 9.891912720609887799e+00
1.000000198805840013e+00 9.999989654253116811e+00
1.000000415870896608e+00 9.999787246457707113e+00
1.000029725030388450e+00 9.999470235312955424e+00
1.266028670241102549e+00 -1.407948032428077312e+00
1.000004943166571181e+00 9.999811440044503286e+00
1.001757030576958751e+00 9.962836005213603130e+00
1.000005455756716843e+00 9.999981878278802583e+00
1.000876640598931111e+00 9.967284316978027192e+00
1.001239900604157906e+00 9.961083136923598147e+00
1.028968692398042561e+00 9.097415433008634977e+00
1.000093920278451787e+00 9.999891332146482625e+00
1.006844613884965822e+00 9.769015721566141508e+00
1.001676569258816096e+00 9.957847192873330755e+00
1.000003393331736712e+00 9.999434874238655624e+00
1.000026693893663499e+00 9.995122779707408256e+00
1.223807401975570253e+00 8.147955391289016802e+00
1.000000273980797383e+00 9.999888116477585243e+00
1.004241235730752635e+00 9.241560839459822319e+00
1.000000020227737041e+00 9.999949951495466394e+00
1.000019056518321792e+00 9.999318572932352822e+00
1.004687201025491028e+00 9.904001713534860585e+00
1.000492740074596876e+00 9.958499854921718963e+00
1.000001215072584326e+00 9.999945142480378024e+00
1.000001679140495314e+00 9.999805362832269395e+00
1.008684984171881238e+00 7.356163940266700507e+00
1.000000974930364883e+00 9.998386036850874348e+00
1.003347856427478479e+00 9.951106568664364715e+00
1.140073036991597899e+00 -4.044676601101023117e+00
1.403743815615372315e+00 1.695893468634508849e+00
1.000006138333559891e+00 9.999743475501063017e+00
1.000010179074699357e+00 9.999459668921463873e+00
1.000015571365907130e+00 9.999210856598931940e+00
1.000004686936768472e+00 9.999959320359653958e+00
1.000000001816532924e+00 9.999989500942191967e+00
1.000305147212173562e+00 9.990780168673087047e+00
1.000021274147882888e+00 9.999334631360085268e+00
1.000000042158656788e+00 9.999956245280600342e+00
1.006555896116290150e+00 9.760083265967889332e+00
1.049485730891688284e+00 7.384579139763857825e+00
1.002264071607402274e+00 9.878126167167678773e+00
2.408214492407544149e+00 9.578516163221024726e+00
1.000029430251756501e+00 9.988872196335044862e+00
1.000018836994878146e+00 9.999647878881059881e+00
1.010001902761443748e+00 9.801144728630042380e+00
1.000002966740519028e+00 9.997358924971567973e+00
1.003349852856434854e+00 9.674967576606846364e+00
1.010153928521259514e+00 9.809339289508010040e+00
1.000133034977038538e+00 9.982855887205282386e+00
1.000044253241658243e+00 9.999618849504550155e+00
1.027713941773542805e+00 3.680953678341097657e+00
1.000001289662105775e+00 9.999984482510829054e+00
1.003191561972939017e+00 9.938383603046045067e+00
1.000001576762043154e+00 9.999912702523250374e+00
1.000001494835673910e+00 9.999891942290378921e+00
1.000084751974029684e+00 9.998925380604497093e+00
1.000000128570105451e+00 9.999978209709734500e+00
1.029395288223418303e+00 9.312056061311615451e+00
1.120428692385999403e+00 9.891722556145758460e+00
1.193540411342283392e+00 1.485881342248561054e+00
1.001588047404820880e+00 9.962202318701045556e+00
1.000000583953906119e+00 9.999863238532501697e+00
1.000921871137530728e+00 9.909856452661607307e+00
1.008706119096201226e+00 7.400545718503558135e+00
1.180447041931479424e+00 4.319939492687026927e+00
1.000000014520721292e+00 9.999993111423336245e+00
1.000363722679280531e+00 9.974034327247181864e+00
1.000000796746953524e+00 9.999716896421951162e+00
1.043515642932300036e+00 1.687950134151435577e+00
1.000000387963579707e+00 9.999929323990883745e+00
1.000005479067264114e+00 9.999228440727165435e+00
1.000000206133226044e+00 9.999989751249405145e+00
1.000003430227757173e+00 9.999937844380788476e+00
1.000612721109106928e+00 9.962451008212106274e+00
1.000002302933597820e+00 9.998008973259302934e+00
1.075202862813231075e+00 8.002552054155316341e+00
1.155307459283821281e+00 1.866619341457786518e+00
2.566651127906258267e+00 -7.382275023019541749e+00
1.001189817923450409e+00 9.744566299754893635e+00
1.011880392903220516e+00 9.668558367585411872e+00
1.058828249537747679e+00 9.965066127649855332e+00
1.080211602071318389e+00 7.497128645878877506e+00
1.017410491994707566e+00 9.143084802401297395e+00
1.000659738315099467e+00 9.982078222934923417e+00
1.000227058145193748e+00 9.992229293627502784e+00
1.000102057001825973e+00 9.996280326572168917e+00
1.026840081523589410e+00 7.250014975011975338e+00
1.000721263910920644e+00 9.987282092497917318e+00
1.000007990054220253e+00 9.976583130747130213e+00
1.000001810251591294e+00 9.998585870772746631e+00
1.000000318875627459e+00 9.999994658510509282e+00
1.000000055753531569e+00 9.999993053337824733e+00
1.000000173070215492e+00 9.999993254212242277e+00
1.000023780822329345e+00 9.999853057642543064e+00
1.000000979831736192e+00 9.999960967579809790e+00
1.000005835999131509e+00 9.999488250711344506e+00
1.000010760777484631e+00 9.867720675900095273e+00
1.001398456561722217e+00 9.472768037192672352e+00
1.000008195730587746e+00 9.982948731883023896e+00
1.000000473028916703e+00 9.998524346715814914e+00
1.000350034741133376e+00 9.986351980072868173e+00
1.002529862298129792e+00 9.537637021971121953e+00
1.000007345973750406e+00 9.996186987761660703e+00
1.000015020077824834e+00 9.999859580044127227e+00
1.062516631040556048e+00 3.663347069155758362e+00
1.000011022089543733e+00 9.997148798875116427e+00
1.000000110670560050e+00 9.999971551886737586e+00
1.000118049908042650e+00 9.986511253375759622e+00
1.011987371993583240e+00 9.609712772684716242e+00
1.027631973690128042e+00 8.770139719876539175e+00
1.000477984900949968e+00 9.783637419693022252e+00
2.157607834963208404e+00 4.587655195093827132e+00
1.000059722917826743e+00 9.989992222677585687e+00
1.000004848559969517e+00 9.996823750873936376e+00
1.000005755395346752e+00 9.999991027637843644e+00
1.000189418183795809e+00 9.987301561669944761e+00
1.000003663292226230e+00 9.999909584940887441e+00
1.000014186836653440e+00 9.999053178331323011e+00
1.020307433124754581e+00 9.833072043040452570e+00
1.007131049088089370e+00 9.798969037160688345e+00
1.000284799667769287e+00 9.995845990616714971e+00
1.000001374955725719e+00 9.999825203312745714e+00
1.000387698774784617e+00 9.997898319202604966e+00
1.000000138394982585e+00 9.999967655596456950e+00
1.254588588476143629e+00 1.538265768708590997e-02
1.000042600904965662e+00 9.995804892221769933e+00
1.000001542829549006e+00 9.999961511930152369e+00
1.000002694273812720e+00 9.999977207102070054e+00
1.000027593415825367e+00 9.999747607926288140e+00
1.000002524859201047e+00 9.999830267527038075e+00
1.000000371499139451e+00 9.999953405020569619e+00
1.000002226610458678e+00 9.999881237320160210e+00
1.004916567546209949e+00 8.405466307783662216e+00
1.000401515091226434e+00 9.859420767790936679e+00
1.004036313502585820e+00 8.976362022109491079e+00
1.000929910194341410e+00 9.211283164531941736e+00
1.060504569558165411e+00 4.199751324178144785e+00
1.000018298201513334e+00 9.999534499208209581e+00
1.016744766357719820e+00 7.038690050068616699e+00
1.354315502044633801e+00 7.235631704254963381e-01
1.000003047535305445e+00 9.999601132342057497e+00
1.094654072358907104e+00 5.355756438799414099e+00
1.000005629385668726e+00 9.999872724882557407e+00
1.000016356875083945e+00 9.999801360117388072e+00
1.008107984869463181e+00 9.933962822178450836e+00
1.000075765707116426e+00 9.991067968294153445e+00
1.000079476465303818e+00 9.997833013951812120e+00
1.078686244056868970e+00 -2.785633408571378311e+00
1.000027318637560780e+00 9.985668350416474937e+00
1.075590149133021534e+00 -3.245995604329585227e+00
1.000000030025885778e+00 9.999958290170209096e+00
1.025485848510379494e+00 9.161907410989556411e+00
1.067822738608265487e+00 9.597015730569992797e+00
1.049239646530784498e+00 9.743190526222591075e+00
1.000018270807877530e+00 9.999653494273871956e+00
1.130911555150701409e+00 9.385895094665393401e+00
1.000030061492287903e+00 9.994054189864630899e+00
1.023303702814568839e+00 9.896983340440559829e+00
1.000196207771577583e+00 9.999504682110384124e+00
1.000000264395392024e+00 9.999998089240857979e+00
1.000127852090400671e+00 9.999322296324585579e+00
1.000388516624488355e+00 9.993024302992495222e+00
1.000007497122776368e+00 9.999593970546960975e+00
1.000012233729134614e+00 9.999289481592796847e+00
1.008871747089399973e+00 6.589894140011313795e+00
1.000001100775917529e+00 9.999921164419735220e+00
1.001266925953488096e+00 9.957988948661544271e+00
1.116441642866596640e+00 9.048109805251346671e+00
1.663318539391336559e+00 -5.308739858281857238e+00
1.000565224342840454e+00 9.862494176350885766e+00
1.000006157039592836e+00 9.999593583434403854e+00
1.000000549759529456e+00 9.999971042791045761e+00
1.000010298469847347e+00 9.999835204933717137e+00
1.000000454178648912e+00 9.999936492804735622e+00
1.000271590954515899e+00 9.987088080557683156e+00
1.251124586209511724e+00 7.473438707002664216e+00
1.001234819317911029e+00 9.963807287241984056e+00
1.000006044105894443e+00 9.999502522605141053e+00
1.018291365237064650e+00 9.537954620681407647e+00
1.006592596547883689e+00 9.754041559905267889e+00
1.000594370029973312e+00 9.978919196285652049e+00
1.045466838922525232e+00 -2.570948396421487203e+00
1.001251690398360150e+00 9.980982025904424404e+00
1.000007861840032319e+00 9.999573832591281075e+00
1.000621741383676433e+00 9.785175101731468317e+00
1.012772334789198148e+00 -2.124237245070432323e+00
1.031830501464008565e+00 7.611340067655881114e+00
1.003419113833410314e+00 9.968756507186483873e+00
1.000000821919779126e+00 9.999435929683858859e+00
1.001067135284210652e+00 9.973022106385229790e+00
1.009540214811087244e+00 9.830790928595561695e+00
2.424169726862478669e+00 -1.227878638135551981e+00
1.802971360623952357e+00 2.768922754271212483e-01
1.000650479105214430e+00 9.962162423178916981e+00
1.000000179978884685e+00 9.999809386757338103e+00
1.000011003382865749e+00 9.999743632467012588e+00
1.000051866111650867e+00 9.993684713600991643e+00
1.000215180688317496e+00 9.993444557802614980e+00
1.000044748399531169e+00 9.996393125212257758e+00
1.000480006056585935e+00 9.974208142988864267e+00
1.000182001608633353e+00 9.993843384967494359e+00
1.001931285583444575e+00 9.612628817122121916e+00
1.000000024621912731e+00 9.999982538681248201e+00
1.477827591159373011e+00 2.367790110417837823e+00
1.000054259884527230e+00 9.999846104245705192e+00
1.084018339992305791e+00 6.274745194095238787e+00
1.000000243185027227e+00 9.999991084962267962e+00
1.000000768072313528e+00 9.999954584084942866e+00
1.000000244169007679e+00 9.999950686690947776e+00
1.000078256884369798e+00 9.882454308698260803e+00
1.000003984804423540e+00 9.999289441672075895e+00
1.556342209478252414e+00 2.969868974695799579e-01
1.004053021909173227e+00 9.586111332253210549e+00
1.000004535023261809e+00 9.998742534060500731e+00
2.519272134158600185e+00 8.695992333751533465e+00
1.000003021445972751e+00 9.999912626011102645e+00
1.000007556298359690e+00 9.999872179428550112e+00
1.000015428632282433e+00 9.999930352139628553e+00
1.000032065647478374e+00 9.998520587352068389e+00
1.000002941267147394e+00 9.999616677367693995e+00
1.000001296862230271e+00 9.999972840550597653e+00
1.001191666684687620e+00 9.995869111038480526e+00
1.000000051250898636e+00 9.999905881145284781e+00
1.012250377891537489e+00 9.749837862264740806e+00
1.004872774381535772e+00 8.342200503540624368e+00
1.000005254575767610e+00 9.999733183318383567e+00
1.000000104539284118e+00 9.999987899287127391e+00
1.000004939021084338e+00 9.999983687536335708e+00
1.000013937461007973e+00 9.983863305877552108e+00
1.000000516918692739e+00 9.999999424709532292e+00
1.384254191065138695e+00 2.460854794371014620e+00
1.123487696260655921e+00 7.437110619454127658e+00
1.032092545476368528e+00 9.774764214658979711e+00
