-1.940001627940428364e+01 8.314984675671084347e-01 -2.091409286992135241e-01
-1.918231202497686994e+01 9.948096003428710254e-01 3.726373927412325315e-01
-1.902600560663374907e+01 6.224096138727276406e-01 8.102071507552293106e-01
-1.937300644613763367e+01 8.562185766103419526e-02 7.093934085068758222e-01
-1.883076756486667946e+01 5.550612088497803853e-01 -2.953633180645311995e-01
-1.926301936848561880e+01 3.750584753928930537e-01 7.558393892890282739e-01
-1.951147606325884354e+01 3.343297419446717433e-01 -8.107638485136182682e-01
-1.935672629208905704e+01 1.954968743700244982e-01 2.220870953360019051e-01
-1.940460196771514845e+01 1.224452193888930229e-01 -5.238158745688692441e-02
-1.927447572692798516e+01 3.240515613504149073e-01 -6.106578741913937236e-01
-1.817441514195758501e+01 3.770842658916574996e-01 9.519066921381194035e-01
-1.910272330270744234e+01 5.437533979175707133e-01 6.639223836160206282e-01
-1.929021404170748966e+01 3.098994906396024818e-01 -2.419551903969612283e-01
-1.929752094506632787e+01 2.935697724024624589e-01 -2.775161595686768123e-01
-1.935206634154911143e+01 2.096233413320219563e-01 3.945068439300589702e-01
-1.926211734674958365e+01 3.784271441099230082e-01 5.243894830750948088e-01
-1.927045414668604195e+01 3.548663720047333103e-01 2.588476604771747791e-01
-1.927202193199334701e+01 3.789171924265800628e-01 -9.356887521038954603e-01
-1.923525640573978990e+01 6.584256434409827552e-01 4.763810342425172095e-01
-1.920042443303067259e+01 4.766879978614901869e-01 -5.224109710765425518e-01
-1.928800904944642625e+01 3.332159543704982796e-01 2.752871122150617467e-01
-1.932058346062361309e+01 2.333424252248485764e-01 -3.423867973427837663e-01
-1.928124013039816731e+01 3.444594697252847948e-01 8.767323648957960902e-01
-1.927003842747003759e+01 3.532693437633456779e-01 1.396786332648101148e-01
-1.928316502602535820e+01 3.196986342358216771e-01 9.082150625102345387e-01
-1.928974406638072736e+01 3.223414332376574598e-01 3.535067318522000512e-02
-1.927486873046482074e+01 3.423299518088174787e-01 -1.781306829197049080e-02
-1.927404129493152851e+01 3.305436711765641911e-01 1.519293541420085880e-02
-1.929349522371149916e+01 3.100882134287291647e-01 -4.370458945792465855e-03
-1.929034230177412823e+01 3.079444073778742630e-01 3.171481465226611007e-03
-1.928836826605294519e+01 3.166997790555243220e-01 2.879487457919971405e-02
-1.927051595695419550e+01 3.487864101215266133e-01 -2.789147234775137818e-01
-1.936456706209925471e+01 3.040404352175948288e-01 1.093949144723846967e-01
-1.928537212371754350e+01 3.159341779682601214e-01 5.287751635617787827e-03
-1.927524953404928354e+01 3.476564626144474923e-01 5.702168164043341925e-01
-1.928459699831321927e+01 3.222439208026108282e-01 -2.774171221294896572e-02
-1.928568492498276754e+01 3.166774997644233869e-01 -8.392287262426423311e-02
-1.927080499281291281e+01 3.470159437260194601e-01 1.374179126161052533e-01
-1.928816348539464798e+01 3.177929675819899935e-01 -3.601075371253281698e-02
-1.910711263779766966e+01 7.542565143259732929e-01 -1.343688447390936069e-01
-1.927966729559344472e+01 3.499107534264637720e-01 4.117119826810866634e-01
-1.927318544419594559e+01 3.395919128524610975e-01 1.638252545457508091e-02
-1.929114609827474780e+01 3.084851751815695931e-01 2.281660287212217142e-03
-1.928354406364310236e+01 3.161607962160336571e-01 1.256821146398934275e-02
-1.928795195144423857e+01 3.287805459150788812e-01 -5.063832287374814278e-02
-1.928704546326465774e+01 3.152664646995126385e-01 -5.144597927910221635e-03
-1.928579048897365666e+01 3.108803019654204358e-01 6.599490446657085840e-05
-1.928535626998123576e+01 3.074599998132663270e-01 2.081484393734456262e-06
-1.928788431374338330e+01 3.222598800960825294e-01 -1.931214789977875324e-02
-1.928847987207751302e+01 3.151784519037169052e-01 -4.084074481773836141e-02
-1.928506680847280208e+01 3.137614298651277833e-01 1.096050165676709653e-03
-1.929598866348781172e+01 3.139874949145215477e-01 1.194651815486245106e-01
-1.928483293990888114e+01 3.238400127537962025e-01 -8.285218727727916566e-03
-1.928330436259020786e+01 3.234031081259567952e-01 1.754441687334962197e-03
-1.929184871145183777e+01 2.972773289937432617e-01 -1.390415421775870186e-05
-1.929265255764178733e+01 3.002077372457124804e-01 1.568770691509069337e-04
-1.928680103736801144e+01 3.184316384202699468e-01 -2.290754114285920018e-03
-1.933549097553050800e+01 2.938447926797795873e-01 -5.076313235701788162e-01
-1.928057926664929411e+01 3.377875648962795907e-01 1.210366193971079696e-01
-1.927990043892216931e+01 3.383786310614907422e-01 5.302923252299662771e-02
-1.928326140531322608e+01 3.192266788880937511e-01 1.278679527449311237e-02
-1.926990587108604203e+01 3.446407378534873667e-01 5.056049785288854181e-01
-1.927792723349738679e+01 3.412397865274067188e-01 2.396397069857880702e-01
-1.928662873956418977e+01 3.096367270379739023e-01 4.160272149822397125e-04
-1.929276013735325535e+01 3.204773300717085327e-01 2.064203356386329347e-02
-1.929190228948859342e+01 3.211947358771526928e-01 2.222937175097126072e-01
-1.929108138268565753e+01 3.062825122591599225e-01 3.646532054788487187e-04
-1.929096148610299011e+01 2.999779506967332199e-01 -1.082809474417523177e-06
-1.929344633237089823e+01 2.958869216406245783e-01 -5.912436216171101933e-07
-1.929064545508319028e+01 3.096244010441041583e-01 -1.252779260412451023e-03
-1.928684216996428447e+01 3.092451878765559159e-01 -1.079640896142208817e-03
-1.928891309020642453e+01 3.070119231846498153e-01 -5.520591599639246283e-06
-1.928733678137231067e+01 3.250620448160599363e-01 -4.626212659179809172e-01
-1.928170493544049791e+01 3.360275812438119902e-01 -7.167070651163032213e-02
-1.928140619835209435e+01 3.319166253407894174e-01 -1.152642532333439940e-01
-1.928487117961354613e+01 3.430982608829266090e-01 7.322885665832323809e-02
-1.928482716370819716e+01 3.221713478243723450e-01 -3.120213037689500979e-03
-1.928029743777893756e+01 3.358866121727228093e-01 -7.742816951289099858e-02
-1.928704376133054765e+01 3.051023518050159922e-01 1.282628329768442654e-06
-1.928442333668916575e+01 3.454136657187847903e-01 -3.640383636603874429e-01
-1.929204609859587194e+01 2.943749188730593880e-01 -1.704669878588305210e-07
-1.927541653403060096e+01 3.470541418280248536e-01 -4.268779373983970782e-01
-1.929088226213492163e+01 3.005131488586977873e-01 -3.812563915683853111e-07
-1.928964468210434902e+01 2.997424634692527623e-01 2.930018939251155530e-06
-1.929011206738329420e+01 3.032739479963056928e-01 3.250932609999424017e-06
-1.929004569805120539e+01 2.989575069443259348e-01 5.402880292049161426e-07
-1.929165758476121795e+01 2.981307842872404357e-01 5.422014970335453654e-08
-1.929200121319236771e+01 3.117702102060747604e-01 1.230634339040426184e-02
-1.928850576077924472e+01 2.997990066676440302e-01 -9.343306017761676685e-08
-1.928776884083228182e+01 3.049013027130598186e-01 -1.907604051165634473e-06
-1.929054821214669957e+01 3.001417616644633246e-01 -1.910149678430173026e-07
-1.928614353619825295e+01 3.040527440788645674e-01 -6.042632814118320539e-07
-1.929162503064110723e+01 3.096953809887190712e-01 5.764550066796436667e-03
-1.929060239320581260e+01 3.036082516043595581e-01 1.431397087925390110e-05
-1.928450461123754422e+01 3.243855635120057035e-01 1.819296150016613822e-02
-1.928766353515286625e+01 3.072857804127769876e-01 -1.192463218476769171e-04
-1.928641393389604275e+01 3.157972644020641262e-01 -1.513592348251768804e-03
-1.928641480545821807e+01 3.146228706402550146e-01 2.506595777724385243e-03
-1.928878331771517907e+01 2.979806931048557539e-01 -2.943393706544839006e-08
-1.928455836583705363e+01 3.227621019693188154e-01 2.993349915982035370e-02
-1.929007590264116700e+01 2.990589081335461863e-01 -3.633346652431868051e-07
-1.928931988385387086e+01 3.087812065837172160e-01 2.912880765231884439e-03
-1.928911225029985843e+01 3.050223604119600695e-01 -9.821797562370448986e-06
-1.928905481426947688e+01 3.054822431308705788e-01 4.540966979016403116e-05
-1.928847800347238461e+01 2.982223044399392453e-01 1.504956140707669476e-05
-1.928896010436727337e+01 2.993126122042945592e-01 4.134481256024002960e-06
-1.928010082699771743e+01 3.381060827550039782e-01 -8.451561288492104307e-02
-1.928592611461678530e+01 3.181539768345280628e-01 2.776428490923041892e-01
-1.928050735356168488e+01 3.214939621252511648e-01 1.610906983887794297e-02
-1.929009707405939977e+01 2.989018664539405679e-01 1.375328673169917693e-07
-1.928835042268515920e+01 3.004119197812102904e-01 2.034801234174210549e-07
-1.928932257270509254e+01 3.018632432718906800e-01 -1.064610504197815999e-07
-1.928917087151240395e+01 3.014950185410291694e-01 -4.439573586534351080e-08
-1.930273615386585107e+01 2.927465166751684333e-01 -2.531267932154502853e-01
-1.928040916342531474e+01 3.419494991079923829e-01 6.715811622990361940e-01
-1.932974945519818633e+01 2.993887517327622483e-01 4.222120516276373081e-02
-1.928137217774770562e+01 3.424213328443171944e-01 -6.426688096217558765e-01
-1.918491841411485410e+01 7.061946236394788246e-01 5.564689760018022291e-01
-1.929023222837919604e+01 2.986709829321197995e-01 -2.477069660500319515e-08
-1.926715945165953059e+01 3.148703512311639141e-01 5.063384205712833097e-01
-1.928863948946860418e+01 3.022091608457858625e-01 2.018446831897335869e-08
-1.929252990393898060e+01 2.945879327197303832e-01 -1.312894537530695516e-08
-1.929240703242288291e+01 2.968038509043214312e-01 -4.955233660064450874e-07
-1.929105718214187348e+01 2.962231412710702450e-01 -1.220849711325300291e-07
-1.908952213988123603e+01 7.406419241411884569e-01 9.916580397998733254e-01
-1.935790263975361114e+01 7.661801554653906443e-01 2.448732726716986718e-01
-1.929047165624169580e+01 3.065319476614916661e-01 -1.905556913119776929e-03
-1.929005970138875625e+01 2.960708351323055876e-01 2.101407936550003797e-09
-1.929152628941082526e+01 2.968064324896309558e-01 2.478241167835903980e-09
-1.928858770419235569e+01 3.030839839948687997e-01 2.324450123492027842e-07
-1.928972353031617715e+01 2.969522979516814321e-01 3.068224552205123246e-07
-1.929230789702010185e+01 3.000524920276099738e-01 -6.426966149197799183e-05
-1.929024745956645503e+01 2.995574075293435112e-01 3.555515193376379557e-07
-1.928415349264724910e+01 3.180939683790185990e-01 -2.698516737179135205e-03
-1.929132423209623681e+01 2.986139581102330021e-01 3.271654533953949340e-07
-1.929182513021849843e+01 2.956472252412036261e-01 3.271396644688451261e-07
-1.933062393972094739e+01 3.915351369366072420e-01 5.555857789873699382e-01
-1.929045679793841472e+01 2.979287894550833315e-01 1.622404490753126538e-07
-1.944699428288343412e+01 5.322129113985045734e-01 3.525309831856149323e-01
-1.924276002670474384e+01 4.274284563663083847e-01 -9.686572531148462950e-01
-1.928768027813025654e+01 3.915430067088918609e-01 -3.435619412969339592e-01
-1.928936636709902430e+01 2.967841759662802059e-01 -4.949298748613273347e-09
-1.929197368779212240e+01 2.942960326584054820e-01 -2.928002063029566671e-09
-1.929266555813668305e+01 2.995129286593362639e-01 4.759221274408531599e-06
-1.929379702118934503e+01 3.035051631517486914e-01 -8.271946532469098834e-03
-1.928761258919790222e+01 3.007000187357737331e-01 1.369751144952857658e-06
-1.929133148926097263e+01 2.996456706100334433e-01 -6.371404341898312396e-07
-1.928647315555448216e+01 3.128663821855373062e-01 -1.311481649661550009e-03
-1.929337994042245796e+01 3.001644393081689954e-01 -1.742092139433992770e-07
-1.928809143185074859e+01 3.045051648384197174e-01 1.532383975266782272e-05
-1.929032611024748789e+01 2.980024345254916329e-01 -1.202101237918196119e-05
-1.929106037937905427e+01 2.985918752026347489e-01 7.506938761947523631e-06
-1.928975785081443206e+01 3.074724392543473073e-01 4.548293473066733483e-03
-1.929241527390869493e+01 3.092453226820628398e-01 -6.598251437497593130e-03
-1.928227821093720706e+01 3.719715484732883937e-01 6.028056077295000925e-01
-1.928902737951006685e+01 3.046689864884439825e-01 -5.406597171409011082e-06
-1.928716746027035711e+01 3.317194830715622933e-01 -6.452621616913063463e-01
-1.928874409803650281e+01 2.990713067129106562e-01 4.387469942912503029e-09
-1.928714062973232757e+01 3.309923231319696901e-01 1.514601649269544659e-01
-1.928835563191665514e+01 3.018572974847083534e-01 -5.522315926764775895e-07
-1.929340084982851522e+01 3.084869072122926048e-01 8.395743898119927273e-01
-1.930310280406187928e+01 4.386313005432214140e-01 -4.889110128210034656e-01
-1.932382353259090380e+01 3.797180052221857949e-01 -9.565089373059094680e-01
-1.930550687203256643e+01 2.824863834197564039e-01 -8.361708197229282824e-01
-1.928269945967677756e+01 3.239841239973160758e-01 -7.423052704399357715e-03
-1.929209285039110711e+01 3.104809075658532813e-01 -9.450375795025909298e-01
-1.927506612037987566e+01 3.381805549320933690e-01 2.099527628749831010e-02
-1.932138176428939857e+01 2.312996616856241583e-01 -6.456441125732116371e-01
-1.928863513080077752e+01 3.021252245434738470e-01 2.273949006870168432e-08
-1.928443947808994707e+01 3.125680824909987665e-01 -2.223812808231917515e-04
-1.929060719294216497e+01 3.017239668215308535e-01 3.706783423691462076e-04
-1.929302978163195448e+01 1.987710144837967763e-01 2.802070760510766423e-01
-1.929936173976167524e+01 3.031608327973827621e-01 6.299867647244061786e-01
-1.928847773082297934e+01 3.117838954761057990e-01 5.526730534658907956e-03
-1.929020070958733868e+01 2.955379796035359496e-01 -6.649405137615360672e-09
-1.929107136818456425e+01 2.965015972697522262e-01 -7.937607127139756358e-09
-1.932941834939065728e+01 2.488129930104359955e-01 2.069190048416540417e-01
-1.929104938626050014e+01 2.962603564194741801e-01 -2.799334997138913650e-08
-1.929122951395262930e+01 3.263421367602110656e-01 2.467489845752690591e-02
-1.927983183750267315e+01 3.361778171323657749e-01 -9.718845475161563829e-02
-1.927435987096077596e+01 3.355839779027061098e-01 1.090105829743486243e-01
-1.928572521009056473e+01 3.109196821884859241e-01 -4.341067881630245040e-05
-1.928928893343371698e+01 3.035796363759999394e-01 -1.819614753273413044e-05
-1.928887351211163192e+01 3.035817067881360076e-01 -5.710497310684736760e-06
-1.929269319219030976e+01 2.965900627456372618e-01 -1.877306484193708158e-04
-1.928677883239805979e+01 3.079181050514801510e-01 -2.575154044626160044e-05
-1.910846633083778201e+01 1.797717485787760361e-01 -6.309320560012654511e-01
-1.928923685927794196e+01 3.112694723815495057e-01 -1.749444146894596486e-04
-1.928742793356432017e+01 3.811233869131590568e-01 -5.040386466512751795e-01
-1.919120915015556150e+01 5.151176149143238403e-01 4.423179025735477499e-01
-1.918230304699835997e+01 4.727317879488239782e-01 8.640791146895887564e-02
-1.809569434698158474e+01 1.575739395618647731e-01 4.990868653963609347e-02
-1.929478650812229290e+01 2.760352341588186431e-01 6.092287347281453158e-01
-1.847068293435116004e+01 9.896939063022820449e-01 -2.667432426659521738e-01
-1.928259683474851016e+01 3.274074376810729992e-01 -3.841740233682811034e-02
-1.929035495784648546e+01 3.052758202028710843e-01 -5.379766775412964108e-04
-1.881180404930957906e+01 9.631762434960364772e-01 2.165158748238464881e-01
-1.928694539187538481e+01 3.115260132047772967e-01 5.788894341762773621e-04
-1.928331338652774818e+01 3.364034599085546362e-01 -4.556664765400830763e-02
-1.929580938110765231e+01 3.543261916230880382e-01 -7.942420499949282009e-01
-1.928303775764448957e+01 3.168716824316842318e-01 5.917667871132570312e-03
-1.925456980978527355e+01 3.817982073588225278e-01 -8.160189951283562948e-01
-1.954331471025527023e+01 4.015103949307675668e-01 -8.094278396157984501e-01
-1.928918621885590312e+01 3.169251385349097228e-01 -4.394732880733887015e-03
-1.926975619272121776e+01 3.445085064850053613e-01 -1.414231749193346488e-01
-1.927135996384145500e+01 3.669636346639841840e-01 -8.650521871177124789e-01
-1.922097814610013700e+01 4.427062612698655641e-01 -3.823720712853106996e-01
-1.925881738245579911e+01 3.771174132165206472e-01 2.681399343634680577e-01
-1.939958394272317577e+01 1.195796381097333355e-01 2.564193545908945993e-01
-1.928116621084567939e+01 3.219264649613391427e-01 1.368102736365228722e-03
-1.928112569887983341e+01 3.336894822901208535e-01 -2.796823107928242402e-01
-1.928425464101780662e+01 3.259934123830721120e-01 2.697553485053960642e-02
-1.928036204160564893e+01 3.258834533901259767e-01 2.032345590256119383e-01
-1.928800147198503367e+01 3.399434471502436050e-01 -8.776757850736494060e-02
-1.928952345257392409e+01 3.027855541627822444e-01 -1.019824579007178045e-06
-1.928979373863964852e+01 3.004891222216687363e-01 3.731907156634406419e-07
-1.932907587423384399e+01 9.613008141330355860e-01 -5.474032047533136103e-01
-1.928909244143768831e+01 3.051663355550532919e-01 9.139672079072624911e-05
-1.928898662126147912e+01 3.074149861915821957e-01 1.118869088503338105e-04
-1.928953369328465328e+01 3.042269696294867543e-01 -1.562405955723988882e-06
-1.928999560767851662e+01 3.035496348818519374e-01 -6.979683030872152472e-06
-1.929101550994258574e+01 3.013020417466580336e-01 -4.677892612936496164e-06
-1.928894542888578201e+01 3.056221821345684875e-01 2.277274127084893962e-04
-1.928917054991086744e+01 2.984119129991095742e-01 -1.087495596796550501e-06
-1.928713924001087676e+01 3.115314795246595936e-01 4.878562924120810607e-03
-1.929073703698093922e+01 3.132399521827339273e-01 -4.748453873374525180e-03
-1.928937177470222863e+01 3.061022605620082881e-01 1.052163333221667330e-04
-1.929013345722441386e+01 3.044449453039055342e-01 -4.098104169925065321e-05
-1.929056944672581153e+01 2.984491743035751488e-01 2.096099271930995656e-08
-1.928925787232552480e+01 3.024907066463722316e-01 -1.661776566197481486e-05
-1.928811477115100814e+01 3.104050323148618840e-01 -1.621264002819688965e-02
-1.928543684167733119e+01 3.089202390190783354e-01 -2.410260462215596533e-06
-1.928593824583825977e+01 3.324375846699274550e-01 1.605585737252275269e-01
-1.928929151773192530e+01 3.019008241557343819e-01 1.425783913155953542e-08
-1.928019860013469611e+01 3.545053495414708378e-01 -5.034460615191260757e-01
-1.938732248108696865e+01 1.745807078859727413e-01 -9.208357410208334315e-01
-1.929015949847914513e+01 3.063410224809107740e-01 -4.922392761614879930e-04
-1.929188166271719496e+01 2.968535150176549453e-01 -8.770901505084083283e-08
-1.929173153453319856e+01 2.974243038408783679e-01 -6.466922575221190073e-08
-1.929518240473987589e+01 3.037954437143102204e-01 3.156152199378059464e-02
-1.929504820630045003e+01 3.070337726160237701e-01 -2.160900528435294454e-02
-1.929146159033827956e+01 2.962157202079962470e-01 1.790201575868621831e-07
-1.929185843038068171e+01 2.954531235001173761e-01 1.721694165013332167e-08
-1.888584928157648335e+01 9.239572962162647674e-01 6.605775835120448747e-01
-1.929188925413074429e+01 2.958642433020474138e-01 -5.204477682152486295e-08
-1.929130634355593088e+01 2.983690060039971836e-01 3.854473682451953209e-07
-1.947494444462048335e+01 4.444146894345789023e-01 6.316443200868022689e-01
-1.929309876021535430e+01 2.995788849103410145e-01 -2.731170822191431036e-03
-1.936532151131153512e+01 2.924875502465733579e-01 -7.888771219931529632e-01
-1.929232055729445605e+01 2.932504768631762904e-01 -7.018450554063804248e-08
-1.928848887101441534e+01 3.190441821955875001e-01 -6.759817998934880556e-03
-1.929110144258280712e+01 3.132450289628506135e-01 -3.421647995232035555e-04
-1.928653214994496423e+01 3.148072730862150337e-01 7.257326766263005879e-03
-1.929186179764258213e+01 2.945778617067416616e-01 -2.591917547256628040e-08
-1.928526413587607635e+01 3.200771492947835362e-01 -5.042136717259610990e-01
-1.929272809407136791e+01 3.082887421361188984e-01 -6.836360948386721592e-02
-1.928255064606282687e+01 3.270897064793351627e-01 -4.706830863169586543e-03
-1.929267084706375357e+01 2.973485947558333620e-01 1.475411837148499217e-07
-1.928994859330625289e+01 2.997453932920262076e-01 -4.344672488443279690e-08
-1.928902668830341938e+01 2.984810108562148678e-01 -3.764542555462213613e-08
-1.928837254402070656e+01 3.050190201298721981e-01 -7.571731449163010552e-06
-1.928882480704435665e+01 3.040064004544761889e-01 4.192848608775001651e-05
-1.928947530852086345e+01 3.031564128886783949e-01 -5.408037486720473908e-06
-1.928894699940655499e+01 2.996432446690874274e-01 4.160899136351758898e-08
-1.928676320179179626e+01 3.036827157178384473e-01 4.286236365835804918e-08
-1.929326556022757799e+01 2.991018890553370779e-01 -2.574646880715292241e-05
-1.929125073396554413e+01 2.938499742850065322e-01 2.481226728967556028e-06
-1.955072774654937717e+01 4.311855993008490984e-01 -3.224532744130366169e-01
-1.928744488600239393e+01 3.043364859840861913e-01 -2.413931968425764296e-06
-1.928956176982597626e+01 3.010761661085020746e-01 -6.209880695329239586e-06
-1.929006071020721436e+01 2.988597093725689491e-01 -2.544964466943966386e-07
-1.928756127312231428e+01 3.047563050122747974e-01 -6.373051978569854725e-05
-1.928787134494099220e+01 3.055908825503376725e-01 -2.610744297404377079e-05
-1.928792964750018513e+01 2.998685317427294272e-01 -1.871866408198474829e-04
-1.928483300052533878e+01 3.231494625161309142e-01 3.049834662562411758e-02
-1.929212546576992438e+01 2.970581283991665100e-01 -1.344516599166567516e-07
-1.928860521767357383e+01 2.983883155203518323e-01 1.103825986170647866e-08
-1.928968283733825118e+01 2.988255513838827260e-01 -5.664500424273910539e-09
-1.919751251531208780e+01 4.195346539085952897e-01 7.381297524376804198e-01
-1.929002862608268032e+01 3.004784987965861132e-01 3.892344839773187459e-07
-1.929162757965389829e+01 2.975241762232139209e-01 -3.559056793722703560e-08
-1.928231692280111531e+01 3.179118722362150873e-01 1.667685029309584621e-03
-1.918606625806055987e+01 4.239745451173075330e-01 8.730390088341453136e-01
-1.928931610051456147e+01 2.950349962110273561e-01 2.077843763714781744e-08
-1.929175535900768068e+01 2.980032438979510201e-01 2.872774729212324019e-08
-1.935120437901667145e+01 8.106195470449869545e-01 4.270347799554867763e-01
-1.927926406322925246e+01 3.081157598458028057e-01 2.330985100521076880e-02
-1.926833274585012035e+01 3.635708415409485417e-01 2.592380821954312076e-01
-1.927517892853970238e+01 3.625003080261353094e-01 -3.149949476296376449e-01
-1.928975609945871383e+01 3.022710034895995102e-01 -4.173847583111012227e-06
-1.929066642116529451e+01 3.042318670774842859e-01 2.792407779936612044e-03
-1.928949230200294096e+01 2.999369666107366550e-01 6.409882542524059090e-07
-1.928634706847638469e+01 3.137846267574874171e-01 5.175545576077134058e-04
-1.928986132935259690e+01 3.054092729884365087e-01 6.514036999107908343e-04
-1.928557692258234013e+01 3.213521816142694831e-01 -2.609459237417177668e-03
-1.928789366018430940e+01 3.373462358285577167e-01 3.623397157777659139e-01
-1.928814287687782070e+01 3.198953277573022835e-01 9.064930629165024456e-03
-1.929040344882480795e+01 3.547935995688832889e-01 -7.558515922110169427e-01
-1.950012841077743531e+01 4.187886399191204645e-01 -1.747178013103447558e-01
-1.925747588150438361e+01 3.987544327290050150e-01 -2.371787339634069403e-01
-1.928242633978800313e+01 3.250287977274673445e-01 1.981070932585726752e-02
-1.927995226206896362e+01 3.311429067242029345e-01 -3.092811834139452820e-02
-1.929482772646097644e+01 3.065165722561572492e-01 -8.060024774621410426e-02
-1.929344967967417901e+01 3.035429953170624140e-01 -2.542247697361998959e-03
-1.926586563543870412e+01 1.153378193479381864e-01 1.650112752291486018e-01
-1.928785873471750634e+01 3.099437113657485532e-01 4.175300403908011049e-04
-1.928605308291550102e+01 3.139095328747372737e-01 -3.811534166593411044e-04
-1.928763698078306987e+01 3.061295215093656208e-01 1.878277862354948979e-05
-1.929330301471488340e+01 2.985655066069536900e-01 -3.818959399248811337e-05
-1.929047281908487932e+01 3.011210378715472591e-01 1.905146524538992026e-06
-1.928965334259837761e+01 2.996562649237166087e-01 7.145605148473066492e-06
-1.928985634722646125e+01 3.008055603052534610e-01 -5.658723917001395876e-06
-1.927304636356974044e+01 3.304619351128632587e-01 -3.169087896025972739e-01
-1.928266525217595628e+01 3.225107234045569427e-01 6.274998433259959540e-03
-1.928085561595516140e+01 3.191430725760091014e-01 5.769730680450724236e-03
-1.929077043286599391e+01 2.976335809742536864e-01 -8.619670532894474491e-09
-1.929038083069499265e+01 3.034563246508238388e-01 -5.686236343972472795e-04
-1.942569773015942758e+01 7.180077887788502422e-02 -8.104784096471739918e-01
-1.928624609586964667e+01 3.079055611355794309e-01 -4.614106025702113811e-06
-1.928791966984067230e+01 2.997944424171114508e-01 3.501452239262903277e-09
-1.970342250441551357e+01 6.953527458466330913e-01 -6.671941624777180113e-01
-1.929093252687853166e+01 2.953711741030121130e-01 4.056618618797358522e-08
-1.928821109589782523e+01 3.054427482726582155e-01 -4.153585024035955087e-06
-1.928027660454726799e+01 3.264770967237599630e-01 -2.463126032873885762e-02
-1.928669872734395696e+01 3.294299130800888431e-01 -9.299531857093596976e-01
-1.929424237864532898e+01 2.915349850484050820e-01 4.503494337448898932e-07
-1.927449824431947434e+01 3.293923581378846999e-01 -1.517361882158780872e-01
-1.976999847553514300e+01 9.647503688595460147e-01 5.245841271890121504e-01
-1.929098605152844215e+01 2.969888735486065356e-01 -8.951027807846401174e-09
-1.930400288896510830e+01 4.197318099433995364e-01 5.992738134634958413e-01
-1.927786104906227038e+01 3.357329217266802335e-01 2.321404566519524870e-02
-1.926383335844585076e+01 3.978738104656409647e-01 8.913716207178090656e-01
-1.929060573895027986e+01 3.025414591399974151e-01 -3.607541351646759153e-06
-1.930013796127316539e+01 3.157006707493063002e-01 -5.427702927896094209e-02
-1.928853369161509690e+01 3.128747163157110656e-01 -6.454218598865857359e-04
-1.929100118292215882e+01 2.976838300283143890e-01 -4.445812582076769104e-06
-1.929104682033520746e+01 2.952696105758023104e-01 2.308111777260535291e-07
-1.933376424491856227e+01 2.884189606764266944e-01 8.253991216302880574e-03
-1.950528371274073081e+01 4.786762229683869663e-01 -3.515660731515891646e-01
-1.929003543622483363e+01 2.968130275387562134e-01 -3.168804574293915266e-08
-1.929154119072310536e+01 3.008446149216928434e-01 -4.184418981423299044e-06
-1.929684421827182916e+01 3.215306589025712092e-01 -4.748901921352854938e-02
-1.929355599165719326e+01 2.912184125794563538e-01 7.755396325137553504e-11
-1.928741261768935189e+01 3.055794368653894644e-01 2.981398204759955206e-05
-1.929432698308720262e+01 2.993632893495621894e-01 -2.286300713361888448e-03
-1.928975241206212843e+01 2.988574411720434920e-01 -9.485604499648303545e-07
-1.929239868710558525e+01 3.011522349043190827e-01 -3.139229199392579162e-04
-1.928974462874174378e+01 3.028612110831921944e-01 -8.294575815415150544e-06
-1.929235972023368717e+01 2.948991238180389551e-01 1.367762741755207401e-05
-1.986544081312448284e+01 8.574792584533277306e-01 -9.427066291142470744e-01
-1.928501920571974182e+01 3.173139443853760233e-01 3.134069357227331487e-02
-1.929141441816330627e+01 2.978772071274230493e-01 -1.566042850953408561e-07
-1.928719083118110689e+01 3.173525478315223358e-01 1.358477162252125225e-03
-1.929527852634279839e+01 2.959386038739432734e-01 -4.612088898237054480e-06
-1.935663267267774401e+01 2.930731244947247238e-01 2.231102264927073975e-01
-1.929537048112567277e+01 3.078632623250061040e-01 2.606122280719680440e-02
-1.928976620028890920e+01 3.114048909493787876e-01 -1.500998179742696337e-03
-1.929272472077292022e+01 2.984568040738757588e-01 3.353105713339576965e-04
-1.929258429244750772e+01 2.965860043011231406e-01 -1.471187089485681554e-06
-1.929125438004821902e+01 2.973937960311626716e-01 4.924947372644261634e-04
-1.929108589324669154e+01 2.955392305834083078e-01 -3.568212015740979126e-04
-1.929301846005190413e+01 3.043146481837281647e-01 2.838247273777572133e-04
-1.929143277719501981e+01 3.045864911392555663e-01 -3.261125730471436945e-03
-1.925096107408355905e+01 4.252032025695449691e-01 9.521023652410804949e-01
-1.937191491852841807e+01 4.287069684153779203e-01 -1.412839940383059378e-02
-1.928256424371368993e+01 3.212150035236635004e-01 9.105831034570388560e-02
-1.929180703403870112e+01 2.962722984164278817e-01 -4.279888680858157102e-05
-1.928724669078582821e+01 3.133962453272314819e-01 2.789770250921641548e-04
-1.928480534788396739e+01 3.010896721813011156e-01 -2.385041787457686802e-03
-1.928875848262233816e+01 3.079475456246367759e-01 -3.581868100698271107e-04
-1.930122769101161495e+01 2.921092742727491309e-01 1.224881026665114447e-02
-1.928385395308944794e+01 3.246369466136860837e-01 -7.320175760663460984e-03
-1.929355357673364324e+01 2.862026677777699812e-01 4.842743533643556475e-03
-1.928977003821242064e+01 3.653237237115439240e-01 4.364923273737348897e-01
-1.933174693545539213e+01 2.715352608323884920e-01 -7.873357108234255719e-01
-1.927602021788583286e+01 3.709058495544216294e-01 9.426653484555438389e-01
-1.938146204116528537e+01 3.917969762202952455e-01 2.431681927818385436e-01
-1.922649548083835569e+01 4.057264784811331904e-01 -2.921795757971410445e-01
-1.936655306787816500e+01 1.007493415839509909e-01 2.748256503954431551e-01
-1.928566200217055382e+01 3.117414418734315018e-01 8.314818040489058149e-04
-1.927605776282267058e+01 3.395266242999821493e-01 2.879095868867023178e-01
-1.929038551123598566e+01 3.171371220272994340e-01 -3.750632719861035635e-02
-1.927655814737314799e+01 3.506992166094775043e-01 -5.738220255749774124e-01
-1.928957206953501213e+01 3.120410093949490538e-01 2.819692537125995102e-03
-1.928101840965426561e+01 3.293682237933605039e-01 -5.590023596616133794e-02
-1.927763703933925399e+01 3.444785182777578836e-01 8.150851269731145265e-01
-1.928888229548595845e+01 3.331044255089020689e-01 -2.939031415537296521e-01
-1.836912484831489678e+01 6.077456400749948751e-01 2.142269857347551820e-01
-1.917996119562695867e+01 5.578053928478990953e-01 -3.250007227197352355e-01
-1.921507702102469040e+01 4.210442111960847611e-01 6.286264806380095216e-01
-1.930492165123845183e+01 2.870448832145438556e-01 -5.995597756339418050e-01
-1.923404762443466254e+01 6.063551802380824363e-01 9.365767583232091908e-01
-1.928692318273235884e+01 3.334858631081838443e-01 -6.127254659115884960e-01
-1.934218485749493865e+01 2.102311957134059273e-01 -4.635045360799672221e-02
-1.928755874179754670e+01 3.046385334151861524e-01 -2.902476260335795644e-06
-1.929005109768889170e+01 3.034709219343746378e-01 -6.972512365477356866e-06
-1.901585340722315465e+01 9.558000911572630542e-01 2.976529435609418517e-01
-1.929072570050274393e+01 3.012208508270907137e-01 -6.487064772020545433e-07
-1.928856988734069589e+01 3.025245327921111116e-01 9.612126146585353581e-06
-1.927703263147365931e+01 3.622155242955518717e-01 2.926809449521412532e-01
-1.929024033725630005e+01 3.013301064730929957e-01 7.930350356399884504e-07
-1.928984900057042040e+01 3.005730433341494701e-01 -3.983867759016490595e-07
-1.928975414431727131e+01 2.997832388547938542e-01 -2.877643858756329109e-07
-1.929014367721333301e+01 2.983820704624609021e-01 -7.165653126417481644e-08
-1.929041644668727074e+01 3.000257224472501760e-01 -5.495732002813724648e-08
-1.928581785446531072e+01 3.067396626083736533e-01 -3.887556209229980908e-04
-1.929069297445439801e+01 2.979648040713194779e-01 -1.000792693162111391e-08
-1.929054887376563343e+01 2.963498487130520886e-01 3.163415751572529189e-09
-1.929125097152794410e+01 2.953717858623827741e-01 9.189929484065828547e-09
-1.928649413010177582e+01 3.248632291415463058e-01 -1.047784861824707647e-02
-1.928973751661007086e+01 2.978851707293045936e-01 1.345630606941483620e-08
-1.928695155036743003e+01 3.128485713181604067e-01 5.628466527693998245e-04
-1.929011921145461628e+01 3.009753708527598826e-01 1.811284018549130792e-06
-1.929278140287288323e+01 2.958013414716259004e-01 1.243128018302286364e-07
-1.929174173747855292e+01 2.952635809466362393e-01 -2.017522837682861336e-08
-1.928955016435653746e+01 3.009446024060272173e-01 6.702564570026936508e-08
-1.929072290463661687e+01 2.958109365767201404e-01 1.051656262074374126e-07
-1.929221146641381779e+01 2.985098558840841299e-01 3.801529853131313530e-07
-1.929642342240722641e+01 2.973435185864779506e-01 3.656974847388028138e-06
-1.929695591118882803e+01 3.057290413481886793e-01 -1.641505183549885061e-03
-1.929032247403161904e+01 3.036184361183284497e-01 -2.736017100882781605e-04
-1.928587369718420419e+01 3.098635412144039591e-01 -2.666665673098922440e-04
-1.929133037866239064e+01 3.050068383572406838e-01 5.180171389724819164e-04
-1.929409547205991515e+01 3.127179091850605386e-01 -1.153980752180483460e-02
-1.928598680511035823e+01 3.189258568551422424e-01 2.621920186114161666e-01
-1.928409716262363816e+01 3.161102628573176920e-01 -4.265886550262054655e-03
-1.928770056039505931e+01 3.367864538202070546e-01 4.180058997453417469e-02
-1.945059432151435885e+01 1.449128963742977172e-01 7.428577828399216543e-01
-1.928396739661129189e+01 3.148114358142166669e-01 -1.024024334432460659e-02
-1.930014108244944282e+01 2.964744766932770892e-01 3.520276376066600044e-02
-1.928374528425947076e+01 3.348535209162220583e-01 1.991204787582767644e-02
-1.928245751319290591e+01 3.646659740003208028e-01 -1.159652815373822810e-01
-1.929239063386600606e+01 3.230129789189668532e-01 -2.097869520465245330e-01
-1.907182913563357474e+01 7.322602389351017260e-01 -9.767564357572988687e-01
-1.928955933665167422e+01 3.041722656110823486e-01 7.606062680487468697e-05
-1.927327454193986611e+01 3.477325427601817842e-01 -1.153678604385222073e-02
-1.927489122068458016e+01 3.414747236201245428e-01 4.497084539425217908e-01
-1.924869678663219119e+01 4.274837742186484713e-01 -5.053708244355425983e-01
-1.926677148471575407e+01 3.848324757709622457e-01 -6.735167497371687961e-01
-1.928334314619252154e+01 3.392761162873006997e-01 2.605134988319157685e-02
-1.925936028982855674e+01 3.771586961227141321e-01 5.201938691636003309e-01
-1.929507016769116490e+01 3.006572201569101543e-01 -1.297882052875287684e-03
-1.929278009307376607e+01 2.981762622499818938e-01 5.494443677578342289e-03
-1.930561053495724622e+01 3.223503185965050921e-01 -9.755201053582658322e-01
-1.934989495401162429e+01 2.239267849829931212e-01 -5.322577377130653931e-01
-1.936354130395375606e+01 3.803294023533302926e-01 -4.484313707782039415e-01
-1.929007402371083657e+01 8.092334039275979052e-01 -6.735822925429246766e-02
-1.899765194037448879e+01 2.849399444735762899e-01 8.392659760708447436e-01
-1.928092028750288733e+01 3.679742778855492613e-01 -6.863320870606210988e-01
-1.928278670077929391e+01 3.327712791485001320e-01 -4.459957867336294957e-02
-1.929099390580095630e+01 3.088232853673383849e-01 2.456771849895034165e-02
-1.928440602509670043e+01 3.209815833439344512e-01 7.772716944819624274e-03
-1.927664644156580209e+01 3.463776130112216078e-01 -2.153272644601171848e-01
-1.929280907996738748e+01 3.119696855368339627e-01 -1.364490472085948536e-01
-1.930672585572120781e+01 3.145569690521625161e-01 1.313650750958206270e-01
-1.928764063793957462e+01 3.136022197250267762e-01 -1.469992797615726765e-03
-1.928921756643226004e+01 3.004722424845391315e-01 -6.164797066166016748e-07
-1.926832453155100922e+01 5.552059356153322689e-01 1.041110758869123742e-01
-1.928537750512778715e+01 3.203202034818686816e-01 -7.304827219400955585e-04
-1.928364353473858728e+01 3.202412103759441631e-01 -1.074237029415625599e-02
-1.928938832322679886e+01 3.019953456888000431e-01 7.674424568282489645e-06
-1.929034578852412452e+01 3.205177222303539630e-01 -1.038465099482833720e-01
-1.929028017948959572e+01 3.180367585619390813e-01 -3.424598737531000525e-01
-1.928961549945041298e+01 2.994462134152592880e-01 2.676789168098991922e-08
-1.929085748463707262e+01 3.139371895888530273e-01 4.409973038166370429e-04
-1.923844344462872868e+01 4.499816147062664085e-01 -6.158840405424790276e-01
-1.929255582070350883e+01 2.964441876847210833e-01 7.454469142853525909e-06
-1.928931595466832860e+01 2.982528712625830414e-01 -3.450482899403084502e-09
-1.929395923910671939e+01 2.942655055603357050e-01 -1.418176802436832418e-06
-1.914408940305407825e+01 7.215185415136416980e-01 4.403675438091605443e-01
-1.929026965776865765e+01 2.982299878566844753e-01 1.107140112921456421e-08
-1.926367465691292935e+01 3.993872581018466650e-01 2.327389927615739484e-01
-1.929127192822683767e+01 2.924465227361340292e-01 -4.222336702497386796e-09
-1.928862095717867220e+01 3.002500841740661786e-01 1.203334831778590797e-08
-1.933848068376190810e+01 2.845251917674360698e-01 1.842304593458339301e-01
-1.926928934009290373e+01 3.484827735384966596e-01 7.615077140419290735e-02
-1.929020239680395576e+01 2.981806661938297687e-01 -1.163778088675293532e-06
-1.928946126842969733e+01 2.991566676580263429e-01 -1.385186451985376266e-06
-1.929250284042205976e+01 2.925703728784879720e-01 8.984491817187745255e-09
-1.928930490536851394e+01 2.989025769668450794e-01 8.178434440786475079e-08
-1.929056863812771994e+01 2.972930164329131153e-01 -8.660387029735261422e-08
-1.928730316457463090e+01 3.107826775412146358e-01 1.077999320766576119e-04
-1.928893776113726943e+01 3.016996251105245608e-01 3.296650681328117116e-07
-1.928774385475674435e+01 3.083309902217971077e-01 -5.842699931690731319e-05
-1.928967971235688239e+01 2.993702970099738070e-01 -3.803023021831108963e-06
-1.928987542760946639e+01 3.001424633498060990e-01 5.383816859660939258e-06
-1.928938451779072594e+01 3.026693984206331178e-01 1.250947071262942245e-06
-1.929132391029041216e+01 3.031817402856077925e-01 -1.838547749897223582e-04
-1.929008857813294853e+01 2.980900846704163110e-01 5.820893989039177541e-09
-1.928863480388229590e+01 3.051736306357929474e-01 -1.185648768609048886e-06
-1.929160897879930658e+01 2.976355319821921697e-01 -1.245455483189772394e-07
-1.929181012315868315e+01 2.968538193358306043e-01 -1.516683684199549020e-07
-1.929193567006575805e+01 2.994071343492564763e-01 -5.439147624519691249e-07
-1.929027802340874587e+01 3.090816905688236194e-01 2.798622366007030848e-03
-1.928035598926525296e+01 3.219163442824053978e-01 1.432471725066553070e-02
-1.927780329018699845e+01 3.339151756686236094e-01 -3.902967474205265574e-03
-1.930248221780090034e+01 3.117134385026137378e-01 2.703167443993546026e-01
-1.929276712758514378e+01 2.930121904230768570e-01 -1.311319386410048082e-09
-1.929241485480378770e+01 2.931284359890763969e-01 -4.353662652611944850e-09
-1.929629792245077269e+01 3.122919453180499350e-01 -1.797105599047987834e-02
-1.928706465754678234e+01 3.232312228950666722e-01 6.241760575963706259e-02
-1.927736870710051420e+01 3.317882543056056011e-01 3.044207891123518195e-02
-1.930954577678278383e+01 3.031208438848541076e-01 6.948710186478921358e-01
-1.928974812727705412e+01 3.021438075072222507e-01 5.095525579257298432e-08
-1.929035015717219892e+01 3.021846624760812228e-01 6.549104387021387197e-06
-1.938647445451291063e+01 1.787276314700209090e-01 9.023685320842178559e-01
-1.928782466914677585e+01 3.060273429261800016e-01 -1.788660613655235210e-05
-1.928953476795744493e+01 3.041276657191271937e-01 5.384393343854654290e-06
-1.928004881452369190e+01 3.468549431205314448e-01 -7.423281596088625589e-01
-1.930018054215734935e+01 3.012637966119675603e-01 -2.910480206830785566e-01
-1.979241741054476122e+01 3.547341221555022628e-01 -6.089865254302933018e-01
-1.928740850946977048e+01 3.173643131900297232e-01 1.047786888549229189e-03
-1.928845118952722615e+01 3.053854440549039206e-01 -2.651876973505029600e-02
-1.927578223532670876e+01 2.964736575717061839e-01 -9.136235961151886187e-01
-1.928092821631941334e+01 3.301771641463238094e-01 2.072118542456902190e-02
-1.926931371534369219e+01 3.541238732438045655e-01 8.868300126421870822e-01
-1.926015849739007635e+01 4.025951364970463686e-01 5.728662922250937761e-01
-1.928564747381767930e+01 3.129725366839550271e-01 -8.028996472557725639e-04
-1.928715079758803341e+01 3.319115584468984581e-01 2.464940051945738730e-01
-1.929578977291501829e+01 2.932877819083791748e-01 -6.890501466969567446e-04
-1.925281859299465737e+01 1.715345638925853677e-01 2.070078984323551197e-01
-1.927892267388528680e+01 3.260389018431503194e-01 1.113293081600685852e-03
-1.929549607518445598e+01 6.865088285598028861e-01 1.457834739236707478e-01
-1.921592745502335120e+01 3.251729035093249287e-01 2.398358069278003768e-01
-1.928439807923271232e+01 3.210419537712998483e-01 -2.413541721845935406e-03
-1.921089797481637262e+01 4.912410520852404927e-01 3.811959831921640784e-01
-1.929287361282409563e+01 3.089375090353848607e-01 1.189391477470991276e-03
-1.929637697344977809e+01 3.273385619478188513e-01 -2.832123820235221690e-01
-1.928930564055578500e+01 3.033427144006500265e-01 -2.443651767147780873e-05
-1.927913899059011982e+01 3.545605864537169638e-01 -1.493931750705801420e-01
-1.937306284273835288e+01 1.091886830378726719e-01 9.510508646156243806e-01
-1.931116560460004905e+01 2.187350826375951685e-01 -4.654401153670226776e-01
-1.928486412407885098e+01 3.182720376237964111e-01 -2.424698265894975613e-03
-1.928781201338005147e+01 3.083005413802578643e-01 -1.006873664337604168e-04
-1.923543518937722752e+01 4.406791763142283158e-01 -9.681664060946306716e-01
-1.925508926289576195e+01 4.180054356925884673e-01 9.639875430323296968e-01
-1.928808415737108461e+01 3.061109881126175547e-01 -3.300734182531961380e-05
-1.928800517574709517e+01 3.097140495155044637e-01 1.027932125630126592e-04
-1.929044527595615222e+01 2.960274977778625249e-01 3.073109708706667220e-06
-1.928337026575886526e+01 3.273753123725666181e-01 -2.715815351461076110e-01
-1.928527310754820689e+01 3.188659737199643351e-01 7.447026956844893242e-02
-1.928238997284600842e+01 3.185157438873015279e-01 2.177366353461884785e-04
-1.943301924664412184e+01 2.840072610278377985e-01 1.501538200977070581e-02
-1.928086307793465437e+01 3.276219357891949624e-01 1.690278319322557898e-02
-1.924456550349565731e+01 5.934817153557736535e-01 -8.674970310377805305e-01
-1.928514670090411798e+01 3.336917200336815270e-01 -7.114946266120270035e-02
-1.928896990537254652e+01 3.006498034376645645e-01 -8.049604254378728285e-06
-1.931120310296658360e+01 4.086456861383041539e-01 8.747388834889679998e-03
-1.929131336965260957e+01 2.976961489336307776e-01 -4.792378450746426211e-07
-1.929024464474331779e+01 3.004737302975974966e-01 3.801048971130427390e-07
-1.929055381808651504e+01 2.978472907565942185e-01 1.649270298109684063e-08
-1.928916363155547486e+01 2.998936812334119795e-01 1.781295200231625131e-08
-1.929164659818859207e+01 3.079038609334441845e-01 -1.706892258524161932e-03
-1.928911154967738639e+01 2.979655743551412050e-01 -9.439514525588776905e-08
-1.928838456202732488e+01 3.129324243209702372e-01 4.886822353085129578e-04
-1.928767376273848910e+01 3.090502532795784685e-01 -1.327617428924510179e-03
-1.929067593779271306e+01 3.034007675086529687e-01 -3.205970114964484807e-04
-1.930232281294255614e+01 3.510312041793127724e-01 3.021894557204918286e-03
-1.929007747661052363e+01 3.001634555879725275e-01 1.523000323633283415e-07
-1.929014837255222048e+01 2.996684825609457481e-01 1.490721950325735179e-07
-1.929091857258828924e+01 2.958681754992789070e-01 -1.141232897072796959e-08
-1.926795647302299841e+01 3.707453684063644062e-01 -8.949929702396508535e-02
-1.952352039701878894e+01 8.827131194239042911e-01 3.093995534460347585e-02
-1.908531891274796521e+01 3.749657983532051486e-01 -9.577560887826287450e-01
-1.944781845603519344e+01 4.905492969119261693e-01 9.631556571740835793e-01
-1.929071215824144758e+01 2.971358192237915641e-01 4.263438713181244566e-09
-1.949233570096201973e+01 9.044355206582969930e-02 -2.581380725684960797e-01
-1.926463252195371112e+01 4.191145846462636659e-01 4.046899143939004517e-01
-1.929767941821461719e+01 2.862617919417319023e-01 3.099336256084361807e-02
-1.930396925067580938e+01 2.979730325845818539e-01 1.587020260720364284e-01
-1.928930392114568093e+01 2.976279943551189966e-01 5.170536199194941673e-08
-1.928777036131568323e+01 3.095959921375943114e-01 -5.100443266525811481e-05
-1.928740063187031595e+01 3.147284553613121649e-01 -5.297114206075870246e-02
-1.928783945657081134e+01 3.307829812193530672e-01 3.784356367078856032e-02
-1.930339587251772215e+01 2.847630544313401457e-01 -3.517698425715265476e-02
-1.928361261080026523e+01 3.289970175670321462e-01 -2.201227301191699404e-02
-1.928028971891862398e+01 3.298629009636345200e-01 -6.607274581798883162e-03
-1.927901198505523439e+01 3.297212582391920721e-01 1.573840859807624781e-01
-1.928473964639631433e+01 3.171426986760789157e-01 -3.626607935446446440e-03
-1.923902057775224961e+01 3.741951972796129233e-01 8.587534085013288632e-01
-1.927135868774078276e+01 3.869409621016927092e-01 6.377894893645796870e-01
-1.928400015116559629e+01 3.218310002970226069e-01 -5.179963901541739801e-03
-1.929123629457530953e+01 3.168575895317252700e-01 -4.982535488420791747e-02
-1.928923475256340581e+01 3.050492408355675034e-01 -1.331769796397708205e-05
-1.928929409348419810e+01 2.986252139042590015e-01 -7.004659335896334937e-07
-1.928774765406964420e+01 3.060685893211209097e-01 -8.325400145947625674e-07
-1.827532284662743223e+01 2.128906396681061117e-02 -8.315717507454433166e-01
-1.929171187660163866e+01 2.972638681747477585e-01 7.345783270551464739e-08
-1.929293844482406683e+01 3.337046049405620329e-01 9.656074934604741422e-01
-1.928231518113987519e+01 3.268880806892938140e-01 -1.491196110475542236e-01
-1.926285042280521864e+01 3.666498150698445646e-01 5.909431896168326759e-02
-1.928374149902847634e+01 3.285304355896473405e-01 8.292865341396256085e-01
-1.929106832834484209e+01 2.946335022654072988e-01 -2.493688374682889730e-07
-1.923194101300639858e+01 3.387711198049654926e-01 2.268493087971634736e-02
-1.927821640816225823e+01 2.566601058689658710e-01 5.688654281562670612e-01
-1.925288001528613790e+01 3.964381860544138325e-01 6.194240089277913697e-01
-1.927392207563563176e+01 3.448081230994137769e-01 -4.671879762741282249e-01
-1.928307767098543479e+01 3.266637369606836816e-01 -1.911867643066578193e-02
-1.928851047272426555e+01 3.073970045332707346e-01 1.596879286842600720e-04
-1.928282327597207413e+01 3.247339393201895130e-01 4.521156643785717577e-03
-1.929183535681799455e+01 3.008069108371607125e-01 1.287937348415368888e-05
-1.928397895390128980e+01 3.187724946397881287e-01 -2.076639980071459668e-03
-1.929056318758263089e+01 3.012881249022539287e-01 -1.837903858292744275e-05
-1.929379212179978609e+01 3.169996273633881034e-01 2.967279337519139748e-01
-1.929033519537917485e+01 3.015296612993372816e-01 4.218248101972577047e-05
-1.928732484008170900e+01 3.189042702313483191e-01 -2.922083841369516044e-02
-1.929445745399428347e+01 3.007783051199434121e-01 1.930699093783960762e-04
-1.928907991416926748e+01 3.041991958926839046e-01 -2.830490218885817200e-05
-1.928651778040615383e+01 3.053490756966379394e-01 -1.731190073936517138e-03
-1.929879874546785956e+01 3.087842955561147518e-01 -2.939181438449622874e-02
-1.928607145668843259e+01 3.222153248857121954e-01 -5.249324960470080903e-02
-1.929071094552710619e+01 2.993909832591076792e-01 2.963228233898718145e-07
-1.929062594329447222e+01 2.997937453506600569e-01 -4.702194045247409804e-08
-1.929085133275838615e+01 3.032671088137184889e-01 -4.040734142531920980e-04
-1.929056277651666207e+01 2.989473430160807244e-01 5.630532484701689100e-09
-1.928899370738808372e+01 2.980677262369546554e-01 5.485909948532707858e-09
-1.928695409134139993e+01 3.272976540769259590e-01 8.741719725809504737e-03
-1.939101896785268053e+01 1.497439700608940993e-01 1.400855249711490114e-01
-1.927941022190847065e+01 3.475422392261726667e-01 -9.088114347761688805e-04
-1.928856274248513714e+01 3.342692592631341109e-01 2.375644491591550889e-01
-1.928438044666470219e+01 3.231209947535781946e-01 4.693561024158077188e-03
-1.929629147991523297e+01 2.700060099738349484e-01 -2.497739227272949281e-01
-1.945510609355258680e+01 5.884732348640386856e-02 -3.009669074573162462e-01
-1.929021847293692460e+01 3.000382196428670323e-01 3.428208028566359644e-08
-1.929020298794145205e+01 2.978352513509515131e-01 2.851880598342404483e-08
-1.928937164431033580e+01 2.984207977004626478e-01 1.098194202242552819e-09
-1.933149389892346193e+01 4.985221051382282553e-01 -2.183038749083183738e-01
-1.928660093275268750e+01 3.114097644510342988e-01 -2.662464580782675228e-05
-1.925886504846972969e+01 4.096980024973832513e-01 6.667052082170692451e-01
-1.890178326572578271e+01 6.159739887103476974e-01 -8.181005463601813688e-01
-1.929200719969848521e+01 2.959526524223630717e-01 1.102858426804687042e-08
-1.928854470114669795e+01 3.242805449940066587e-01 -5.802585493793399607e-02
-1.929208454964165043e+01 2.958185531893214315e-01 5.961924953723496401e-09
-1.929097705214806524e+01 3.021476655846697668e-01 2.712097136203794889e-05
-1.929257565674445729e+01 2.921605435323295641e-01 2.397629539352408301e-08
-1.928232523567944057e+01 3.336952395425088480e-01 1.863305343478691700e-01
-1.925116903796500623e+01 3.695466059016113691e-01 -1.122902590861336591e-01
-1.929162343935523083e+01 2.980121672206317296e-01 -4.128603778852379946e-07
-1.929080698112968406e+01 2.994854565980534788e-01 2.738768329901830612e-06
-1.928970059034750051e+01 3.240098998703403455e-01 8.091471475090195042e-02
-1.928972088737712198e+01 2.993337818088026014e-01 -6.601091306901452072e-08
-1.929509365286016731e+01 2.967636536345655274e-01 -7.719765046465543179e-05
-1.929279916181467769e+01 2.952174623003126497e-01 -8.011245972638914026e-05
-1.925903044189348989e+01 1.711623359670103595e-01 9.961445876061474358e-01
-1.929139886645892688e+01 3.071544031589384383e-01 -1.451328809243257467e-06
-1.928786728778082704e+01 3.029404330533470024e-01 2.316365106391771178e-07
-1.927035025008620650e+01 3.876390576759565776e-01 7.411207429875894537e-01
-1.928972803018417537e+01 3.004091592540852895e-01 -1.082724155887504480e-07
-1.929001621562611390e+01 2.997614900256219128e-01 1.497947512696384820e-07
-1.928981545478560378e+01 2.958162153988416199e-01 3.687144212172199786e-08
-1.926552438649276411e+01 3.473072046990961503e-01 2.392681983691136161e-02
-1.928781988827005023e+01 3.088759712562882398e-01 3.213959219785067489e-03
-1.928474293947878948e+01 3.142863525108701706e-01 1.242765859063310607e-02
-1.929208039419605214e+01 3.059244066924689531e-01 4.934060178703747468e-02
-1.929046023549036448e+01 2.979495506504349356e-01 -5.115647072617690583e-08
-1.929098144987900554e+01 2.990608690238321654e-01 -2.160218342183828355e-03
-1.928940886967765422e+01 3.069861969504085186e-01 -9.996728480573535691e-04
-1.929146184894472782e+01 2.953080897739180366e-01 -1.173411212640473877e-08
-1.928619101516287415e+01 3.118394146044648485e-01 4.174238419232256803e-04
-1.929323563500011574e+01 2.912915677841017015e-01 -9.662822275657845239e-08
-1.930922668366189754e+01 3.003805072462246151e-01 2.533121427110822665e-01
-1.927961007604162447e+01 3.261353721218639978e-01 2.855461717702523217e-02
-1.929044041373703777e+01 3.133354816403181031e-01 -5.927620265310240555e-04
-1.928511203238080185e+01 3.436418394337338866e-01 7.036560512896694597e-01
-1.929260934319559340e+01 2.927042247359351590e-01 -6.068053159946629194e-08
-1.928760188519038010e+01 3.023504791993425478e-01 1.714181668832637229e-06
-1.928942785001718008e+01 3.032623080501848367e-01 -4.432489330019606655e-07
-1.928013313120160532e+01 3.389431147812150824e-01 3.488017617216270239e-01
-1.928736448689742033e+01 3.127958048219157683e-01 8.492932666019914478e-04
-1.929109654410057217e+01 2.984759404575330066e-01 -4.015769192733387172e-07
-1.929054883856267821e+01 2.995747683679685358e-01 -3.669778627646280711e-07
-1.946337563867444942e+01 5.942885985577319730e-01 -7.733398612716779752e-02
-1.911544039359917946e+01 6.029134531082607218e-01 2.525372332044715229e-01
-1.905372457943977338e+01 9.071189670936472549e-01 -6.957199251883358082e-01
-1.932778920223574559e+01 2.496058706186160825e-01 -4.760182341543350848e-01
-1.929117499531531621e+01 2.984366365510991437e-01 9.415648150046251885e-08
-1.928990745710250820e+01 2.980547209351410709e-01 9.757007868316236454e-08
-1.929098017229940609e+01 2.998291461982783845e-01 -5.496419832717869269e-05
-1.804260878184500783e+01 9.469895145628886013e-01 -4.600181262375908631e-01
-1.929197939680400964e+01 3.084237130495648405e-01 -1.225803900979949290e-02
-1.928921235379260324e+01 3.004362965489613679e-01 -1.242803889800470074e-07
-1.928875776016385046e+01 3.053149140238446413e-01 -1.349068276312870296e-05
-1.928828392463384134e+01 3.118296140685141715e-01 5.990668626874029457e-04
-1.928734146233806968e+01 3.047008503274388214e-01 6.331779771606704799e-07
-1.928776606938193083e+01 3.212049290691727510e-01 1.257364634936974923e-03
-1.929107209561298220e+01 3.072549451045917812e-01 -5.011548320699166226e-05
-1.928379342655126649e+01 3.354550848196182211e-01 -8.012732795457988555e-02
-1.928749003701446441e+01 3.102355501974214391e-01 1.205731286240130373e-04
-1.929001227150939002e+01 3.029615233028598587e-01 1.559337477599065380e-04
-1.928367808906138947e+01 3.225049268118763135e-01 5.344040205604860816e-03
-1.928868107469120474e+01 3.150156913518002977e-01 2.060298506485480630e-04
-1.929088304834644063e+01 3.163663031772438461e-01 6.927661566213139110e-02
-1.921583788011655614e+01 5.634539943954904873e-01 3.098715501684621287e-01
-1.928659889962834484e+01 2.990702232930125826e-01 4.364159934993250278e-01
-1.928902723669076380e+01 3.170677391519658994e-01 1.047324409379157828e-02
-1.929018530192721315e+01 3.041558790689361524e-01 -1.501773141043827309e-04
-1.927692599275938079e+01 3.533501202075539638e-01 4.768403923844344305e-02
-1.928704217516889230e+01 3.195402757660824600e-01 3.435836222523658279e-02
-1.929074368087477964e+01 3.195266800541025631e-01 -3.012303260689925821e-01
-1.928641252644627357e+01 3.205423458923059021e-01 4.812626518330587189e-03
-1.929016756920686149e+01 3.034845035972895677e-01 -1.834640974940349167e-05
-1.957427646108763497e+01 9.264734556885647621e-01 -5.449665155738698807e-01
-1.943293142119992467e+01 4.219844178151888059e-02 -7.656309297828397531e-01
-1.929597286809479328e+01 3.013499459920032653e-01 -1.551817751514572574e-02
-1.928949823618439297e+01 3.009304126814699165e-01 -2.305964699300666609e-06
-1.926288876788302673e+01 3.804694577349156948e-01 -9.458765404138791411e-02
-1.935099517761026888e+01 6.197113282685209334e-01 -4.026497158678370436e-01
-1.996480953232745748e+01 5.198063131962366024e-01 6.217208380104468635e-01
-1.928706799999214638e+01 3.159637214139946471e-01 3.010479549433009439e-03
-1.925996938376106371e+01 2.985119112824771159e-01 8.124240404039380081e-01
-1.928363181749863386e+01 3.200485979712325846e-01 -8.455582442949416411e-03
-1.929002175537987185e+01 2.983476315777878196e-01 1.434577256986813154e-08
-1.930336098370208475e+01 3.056213262516740969e-01 -5.464346141221487763e-03
-1.929034235092274585e+01 2.955767310842506990e-01 1.100762281325273761e-08
-1.929088216318389470e+01 3.047523257668458552e-01 -7.737572891403265984e-02
-1.924584292868010138e+01 3.864884428683810214e-01 -7.288135768013548343e-02
-1.928937950987274164e+01 3.086824886225491560e-01 5.249910002687041555e-04
-1.928325021131695394e+01 3.236867471202513613e-01 4.160763304608150470e-02
-1.929050273231660029e+01 3.033345410946860499e-01 1.294175503030459140e-05
-1.927196644084976285e+01 3.616615615767731495e-01 -2.128802814241838037e-01
-1.928815940739584534e+01 3.029737079740012495e-01 1.124980334887837330e-06
-1.928841997727763058e+01 2.965467029973243296e-01 -5.040803330302878749e-10
-1.929148065432198322e+01 2.992202972499621305e-01 -2.289533578403446512e-05
-1.928854268962670560e+01 3.033283780137114860e-01 7.431862891049689779e-05
-1.931099009799723731e+01 2.940464802742391304e-01 -7.063918103445954166e-02
-1.924589633465392779e+01 3.638562229988875352e-01 9.647247461887764608e-01
-1.929246690440715639e+01 2.930928051933325285e-01 1.591635045983252894e-09
-1.927447143564617349e+01 3.991779343767487553e-01 8.674076432772208634e-01
-1.922408948237047355e+01 5.709502986988116424e-01 2.426769898404135262e-01
-1.929273849372335192e+01 2.935927720041074940e-01 -2.531639287095543978e-08
-1.929351294784915538e+01 3.093857388713279200e-01 1.055055998530374239e-02
-1.929428690889331932e+01 3.046732444101654669e-01 -1.871330282938621359e-03
-1.923264700419756323e+01 4.253989296507456053e-01 -3.191227046995714911e-01
-1.925209069419130614e+01 3.658533736225348387e-01 1.282708119676647662e-01
-1.928815026950938361e+01 3.308615310090639028e-01 -1.211308989316361995e-01
-1.928234828549328128e+01 3.229337919647463639e-01 -6.079151397965887327e-02
-1.929088826990894390e+01 2.986151351817166177e-01 7.302040023748901376e-07
-1.929010926051356734e+01 3.421747961124370074e-01 -6.514320995329647701e-01
-1.923085826261868547e+01 4.037618766016071725e-01 -2.457958423995323383e-01
-1.909864683363249327e+01 9.747048883541094000e-01 -8.732049823859044935e-02
-1.928605749681881321e+01 3.097626368081745074e-01 4.194256810856611395e-04
-1.928673114016190837e+01 3.296891476548955424e-01 9.139792794663370579e-02
-1.923048349445770100e+01 4.364195296667847113e-01 5.698520624743412810e-01
-1.928546068736568486e+01 3.166292333303055706e-01 -1.178023218972057418e-02
-1.928488169786769291e+01 3.193971264214690020e-01 2.249232931684996828e-03
-1.928957746869221523e+01 2.976820358851666182e-01 -6.043097133812125321e-10
-1.928988961605833197e+01 2.994594985269708465e-01 8.093399728181793762e-09
-1.928926682307283968e+01 2.977876369310438198e-01 -1.432100849019235511e-08
-1.908508746462937111e+01 3.314338326678848978e-01 -6.950760900068170267e-01
-1.928792339716732229e+01 3.128122835370784061e-01 -6.634196012984538982e-04
-1.929677616085708181e+01 3.003709980460841367e-01 7.719649644417809764e-01
-1.928884617273711655e+01 3.121638945309091473e-01 2.472241285935705690e-04
-1.928783475947274795e+01 3.099227979352141005e-01 -4.428423691966720810e-04
-1.928990472763187469e+01 2.995414692285948699e-01 7.748477119928764978e-07
-1.928663880885656212e+01 3.033862832970853907e-01 7.677071045542049887e-07
-1.928843243515082762e+01 3.027267373558487074e-01 2.712980022856470441e-07
-1.930382722037243326e+01 2.811928735953192482e-01 -6.224956800701965109e-01
-1.928899034554558867e+01 3.017943072836521412e-01 -2.071361254740722302e-07
-1.929214692185234981e+01 2.951725612661453835e-01 5.018022020131240879e-08
-1.928077038109010743e+01 3.415802823033180502e-01 -5.945751252695852251e-02
-1.929220247346640349e+01 2.944287985920315265e-01 4.267331086271752838e-07
-1.929168929714186476e+01 3.023649753321638323e-01 -6.970094183511577057e-05
-1.929257229124941730e+01 2.999682091545698426e-01 -4.732642634297512529e-05
-1.929058771776810133e+01 2.975710354069922015e-01 1.713704911310287571e-08
-1.928925300167988155e+01 3.008738066248728971e-01 -1.675995961347709340e-06
-1.929177372276801705e+01 3.069162091263571424e-01 -3.188733346633498833e-03
-1.929114950618762236e+01 2.980843013027283384e-01 1.748426168290961868e-07
-1.928873465192679859e+01 3.008460566793851876e-01 -5.592064695747467340e-07
-1.929048021622737608e+01 2.995281323014189478e-01 -9.830593016291189201e-07
-1.929048225725879107e+01 2.982833804160351932e-01 4.525764725205050354e-07
-1.929041798620187365e+01 3.533371763441987001e-01 -7.769717394689598100e-01
-1.928899000871819069e+01 3.032066827602956094e-01 1.147759194575215247e-05
-1.938035533760140083e+01 4.291069856203870714e-01 9.908528521581156934e-01
-1.929371771619056730e+01 2.944840820430507100e-01 -6.102774144922662458e-07
-1.928736721775063501e+01 3.045738708208384771e-01 2.991452115197468231e-05
-1.928665841276355053e+01 3.082279832490078531e-01 1.566931429672901999e-04
-1.929400935571273834e+01 2.945347902518097305e-01 -9.037592141325490047e-08
-1.928803512783615304e+01 3.012687151041805733e-01 -1.177795526663416581e-07
-1.928716262070314613e+01 3.117909533398922628e-01 -1.166388040258703462e-03
-1.929036163607212018e+01 2.968247056250958305e-01 3.832226314059994365e-08
-1.929113521540997311e+01 2.970849301513547314e-01 4.762131022850724094e-08
-1.928965117913211813e+01 3.063071417167925747e-01 1.841268262690043400e-04
-1.929050169128077385e+01 3.001986219590290217e-01 9.154870284078242548e-08
-1.928992915021529342e+01 3.102693990099519850e-01 -1.115802733497872623e-04
-1.929006656568580524e+01 3.130647638771433261e-01 5.867999820526659249e-03
-1.929148121106848635e+01 3.039570243400318006e-01 5.941868199377253745e-05
-1.928773030518192044e+01 3.182079223649474375e-01 -4.162019695923446783e-03
-1.925817492278889986e+01 4.168186483062750192e-01 8.025581918198687603e-02
-1.929093919603606366e+01 2.955808317729963774e-01 8.692902686568970694e-08
-1.928282186623376404e+01 3.266263059572785954e-01 -5.021576287218709744e-02
-1.928949066468238271e+01 3.032771280314572881e-01 -5.499045171553085254e-06
-1.931459027302172871e+01 3.001566271751850978e-01 2.154252763327835218e-01
-1.929063608265310847e+01 2.933023931889929270e-01 -4.345220770973767799e-07
-1.929132086867909379e+01 2.984541787078469621e-01 -4.168992487896261423e-07
-1.928965444102054150e+01 3.007117137263796147e-01 4.656191987528757181e-08
-1.928874824977700086e+01 3.267702618696863848e-01 -1.413483997668419923e-01
-1.934426586738740994e+01 2.383337051197328971e-01 3.772090079836294407e-01
-1.930641978020355864e+01 7.065657618034926202e-01 9.868257778375810751e-01
-1.928637444300439086e+01 3.082274984385565686e-01 1.192621890362399739e-04
-1.928769407638873545e+01 3.048772692624613923e-01 -1.140951933276124208e-05
-1.928874192797311338e+01 2.995927829419867683e-01 -8.876391510703740551e-09
-1.927232169044325616e+01 4.167921097854986878e-01 -9.432333839151033628e-01
-1.929209107489867847e+01 2.949681033598625657e-01 -5.107939626824986590e-09
-1.816574516623548519e+01 1.322440374962250420e-01 -3.562818008272031767e-01
-1.928986547599072310e+01 2.975147950785351214e-01 8.877893975522965775e-10
-1.929073423178683555e+01 2.971744416172683034e-01 2.667601317618562007e-08
-1.937896414665359757e+01 5.851376024903807149e-01 -1.435335030793336575e-01
-1.929146438432690047e+01 2.958314533427249815e-01 -3.307308305000589144e-08
-1.929067569553906125e+01 2.949468229692494559e-01 -3.308939711121894334e-08
-1.928897954993588826e+01 3.172420150719024723e-01 -3.592897469065019500e-01
-1.928523874788087156e+01 3.313741829499899927e-01 1.803987109820834878e-01
-1.928850295478251908e+01 3.008815217855597690e-01 -3.699381888067065915e-05
-1.928141999572410015e+01 3.318421126651554531e-01 1.490973110166771143e-02
-1.929170797300296059e+01 3.009662817659733425e-01 3.894821363870093478e-06
-1.928384013947151487e+01 3.321372279619065893e-01 1.389837163687857036e-02
-1.928702911649217810e+01 3.071543419541147291e-01 3.377477981514331873e-06
-1.928037008036909938e+01 3.141988482250064885e-01 9.899867941174367303e-03
-1.927181752664122172e+01 4.414910332103813007e-01 -3.525686986621227037e-01
-1.928821585370339520e+01 3.080838036338999775e-01 -1.665496043146141858e-05
-1.922868051927857636e+01 4.642018909159489892e-01 9.594665875890693307e-01
-1.929020518870402867e+01 3.026353281194707479e-01 -1.378373835636548250e-05
-1.928966280710928061e+01 3.079792395252904380e-01 1.240450461491970913e-02
-1.927387019194452833e+01 3.947708012826250945e-01 3.709301327794314318e-01
-1.927469592276594312e+01 3.307173826870458133e-01 3.350251049185737351e-01
-1.928461435595773921e+01 3.142688265680219639e-01 -3.099230776510308871e-03
-1.928342818469019448e+01 3.187750437820885963e-01 2.288822386917077623e-03
-1.919956379572123950e+01 4.217410112897758689e-01 2.104837524023350781e-01
-1.929379702878945935e+01 3.128909065975176151e-01 -2.135789649712172000e-03
-1.929471597111310288e+01 2.929931300496604885e-01 -3.538057881848022390e-03
-1.928652123149795017e+01 3.153289487904490929e-01 -2.962818486965668185e-04
-1.920069514891965312e+01 6.401694980267198520e-01 7.507815682826191050e-01
-1.928885966472394742e+01 3.096908905335811757e-01 -9.699191568363296767e-03
-1.928296730330200504e+01 3.254540894537659712e-01 1.531438787548444758e-02
-1.927431667262546000e+01 3.751741979837153185e-01 2.951625056216315990e-01
-1.927454943822908717e+01 3.431289065572733499e-01 9.252758456741307924e-01
-1.929189894269869043e+01 3.118208884578021478e-01 1.570013218413612854e-02
-1.928742378954533976e+01 3.077627319045032062e-01 -5.521633607210141292e-03
-1.928456542679357000e+01 3.278673890213600894e-01 -9.047663812037365361e-04
-1.933081337261979726e+01 3.108244881399051529e-01 8.120225526540134631e-01
-1.928644543473460615e+01 3.176797265353080713e-01 -4.409936415819881717e-03
-1.928222472447707148e+01 3.167881809001664162e-01 1.179511574131097973e-03
-1.928056569838278378e+01 3.615391810521468297e-01 -6.331426090245032556e-01
-1.928380194361127309e+01 3.200282725606389822e-01 3.932078428597440833e-03
-1.928819604553289935e+01 3.185192362888450979e-01 1.430530729376726651e-01
-1.925884588921411833e+01 3.791850142589267558e-01 4.877560156092264343e-01
-1.928318778307388826e+01 3.316955031320016345e-01 4.244793208073693869e-02
-1.928208467162679440e+01 3.259874932772898193e-01 -2.846577679307960018e-03
-1.929087510530964522e+01 3.050186878280096159e-01 -3.975877496580348947e-04
-1.948300112571261522e+01 1.834486659915656181e-01 9.418345759165118736e-01
-1.905852172659157517e+01 1.373716683004811423e-01 -3.475853918334579351e-01
-1.935327317009456394e+01 2.578213010706928432e-01 3.655640868702412227e-01
-1.928921694718431112e+01 3.057561672248670925e-01 3.627647151893675925e-05
-1.929172853682993960e+01 2.995631484525009269e-01 -1.729589710108836442e-05
-1.927800484193722141e+01 3.336016819728222504e-01 -6.419617544479505611e-01
-1.922430430726926431e+01 4.520273787167948809e-01 2.503119240371183274e-01
-1.928135152418322562e+01 4.104520679346906897e-01 -5.326773053942308600e-01
-1.914566323951121518e+01 7.843296382673941025e-01 3.372482653619610637e-01
-1.928502977775613303e+01 3.203459633915755056e-01 3.669168535069156079e-03
-1.929267770558113426e+01 2.946148863958975017e-01 -1.061449865003005755e-06
-1.929352663223825459e+01 2.958689170193160578e-01 -6.624902725294035122e-07
-1.929201463030659625e+01 2.961786531170186310e-01 3.807037542991054124e-07
-1.929187482824689681e+01 2.968637410190414494e-01 -2.216546218791748402e-07
-1.926894039204190179e+01 3.605011977275052737e-01 8.866927529013528542e-01
-1.927665554890392130e+01 3.273661840571990278e-01 1.497663620924027938e-02
-1.934693428308065677e+01 4.159337404953514228e-01 -5.018014406411772654e-01
-1.929067685826639433e+01 2.978773078171091937e-01 8.972410281415932332e-08
-1.925891537266856446e+01 4.077335491969973358e-01 6.872782931395375883e-01
-1.927719168045755893e+01 3.346569114721320570e-01 6.692527864202615362e-01
-1.922094551923570549e+01 4.688465867190406144e-01 7.609549924647143193e-01
-1.929229638525491097e+01 2.976493436677795645e-01 4.483308226888027548e-07
-1.938062930415684448e+01 2.568473126033449794e-01 -3.759498635038964753e-01
-1.928361062393462433e+01 3.196266533188231729e-01 1.832270379244509417e-01
-1.928715188391521806e+01 2.637297803548729336e-01 1.843048225431742626e-01
-1.928788974909222986e+01 3.214184470430442309e-01 2.426114381679589371e-02
-1.928290970040966812e+01 3.388944527374574411e-01 1.249170893506055258e-01
-1.924535059126520053e+01 3.452216232618710023e-01 -2.254447214318431314e-01
-1.922200247405176654e+01 3.084346973778913092e-01 1.266957857865125270e-01
-1.898216446196306606e+01 8.083867269605276018e-01 -5.384474409823647445e-02
-1.928918593483586008e+01 3.096063210153746637e-01 -6.196782143059742509e-04
-1.929343664239474165e+01 3.085303776097894080e-01 -2.067921264494279043e-01
-1.928616481197111909e+01 3.245105729362935398e-01 1.396158201216457506e-02
-1.928973739955992528e+01 3.000640865821648795e-01 -1.254113836002268556e-06
-1.926483515283307568e+01 3.718105652445671261e-01 -2.899471933040731475e-01
-1.928804209565801386e+01 3.021460382366270014e-01 -1.181097208147185995e-06
-1.927178130554168689e+01 3.599042191163350224e-01 1.810729207412120623e-01
-1.929016458970048120e+01 3.064820639510105194e-01 2.133980053831807666e-03
-1.928965517043047484e+01 3.051162608999820613e-01 4.007290145935371584e-06
-1.928490150903835953e+01 3.205607112288065830e-01 1.809818460067647017e-02
-1.929045593977512141e+01 3.004784197190599748e-01 5.569472433686328827e-06
-1.934734253091779266e+01 2.125721195569314215e-01 3.772708585016149030e-01
-1.929012591545781063e+01 3.123921312283147178e-01 -5.127017688669965878e-03
-1.929036962513761821e+01 3.028348221192317946e-01 -4.894220017259698352e-06
-1.928430036571179329e+01 3.245656157894151184e-01 6.143302745573953061e-02
-1.928607861593741291e+01 3.123397587454114221e-01 3.485386414432412039e-03
-1.929074293103699489e+01 3.045355814493630464e-01 4.057498325662489691e-04
-1.929112025522508844e+01 3.226282001869386629e-01 5.533479141667285717e-02
-1.929038870868437172e+01 2.974937905555356532e-01 -9.119113419941982102e-08
-1.928988673624673211e+01 3.022210146999761426e-01 4.963843391880828904e-07
-1.928977796660458210e+01 2.994687648499682053e-01 3.153965626445653925e-07
-1.928847408405839303e+01 3.238933584177082214e-01 3.635979116402843214e-01
-1.929118967312467348e+01 2.958702049159271930e-01 -4.523219576668680020e-09
-1.929167964132218316e+01 3.047321297610916524e-01 1.276608116276123361e-02
-1.929287260149624572e+01 3.159718741494212946e-01 1.146954789187897283e-01
-1.942064935984833340e+01 1.898616457806278912e-01 1.779192545363075251e-01
-1.928996082612983543e+01 3.266543518841358296e-01 1.604818591873915512e-01
-1.929005820845681285e+01 2.986402146941428137e-01 7.242175814603513118e-08
-1.831829711478551914e+01 7.450864756800901212e-02 -6.911220382425559139e-01
-1.923853784175184245e+01 4.081234180776762144e-01 -1.515370445735454430e-01
-1.924176608076045980e+01 4.305015601144345228e-01 -4.160567429225004998e-01
-1.929025083595296408e+01 2.974435108391266791e-01 -2.204422635543323850e-07
-1.928958694901802318e+01 2.994580417200889411e-01 -1.085608813955474261e-07
-1.930456620767537856e+01 3.157372446268308930e-01 9.054565165419414807e-01
-1.929192901665275528e+01 2.953959411941144420e-01 -2.561068912498853933e-08
-1.929196474061520661e+01 2.936604543731747841e-01 6.183483947097556666e-09
-1.929149905336895898e+01 2.960193943924473436e-01 8.142767349283985823e-09
-1.929160970717833123e+01 2.965569075171589075e-01 5.982812267824044739e-08
-1.930274146470049601e+01 3.126997478374258232e-01 -4.288918499078391289e-01
-1.930269086478962137e+01 3.056333789072948615e-01 2.184345329956796089e-01
-1.928967424450690871e+01 2.996436623207555661e-01 9.857829321724409510e-07
-1.924281061896954981e+01 3.225615399917260984e-01 7.298060081802704158e-01
-1.928977779991080865e+01 2.975752120466508832e-01 -1.470511500345494937e-07
-1.928909823405211910e+01 3.075392389617362388e-01 1.101544749559923986e-04
-1.928923863594611277e+01 2.998941576441098156e-01 -1.189006225699174024e-07
-1.928896956275212915e+01 3.011882286104179962e-01 3.483281503235957643e-07
-1.928991316773479880e+01 3.008722374679821399e-01 9.158258693631182723e-07
-1.929016762147648834e+01 3.001189149243770338e-01 -1.662368231958311071e-08
-1.929205602115241192e+01 2.951010209146715524e-01 1.187299503158101288e-08
-1.928752653948863482e+01 3.043675652982554825e-01 -2.410675327579880900e-06
-1.929131373402234928e+01 2.951947984691182247e-01 5.466164565426367972e-08
-1.929103452721786738e+01 2.965463878712271684e-01 7.892959996702586523e-08
-1.928910683373577228e+01 3.020151130893391489e-01 -4.795774717347711658e-07
-1.928833092499382573e+01 3.050287663745524513e-01 -4.312302791520394862e-06
-1.929070720114265924e+01 2.970649560191013783e-01 1.175068731207318251e-08
-1.928142225815183153e+01 3.186038435427165916e-01 -3.249472989619084373e-03
-1.928723713741353052e+01 3.201865683701120568e-01 -1.280979901134404741e-03
-1.929007643189150301e+01 2.968917778524803874e-01 2.804710685921918412e-09
-1.929169395553321920e+01 2.929780776377379214e-01 -2.895751527454137886e-09
-1.927341079102719590e+01 3.525745332327068771e-01 7.363415938873885125e-01
-1.929146903856890205e+01 3.230297843353106546e-01 -1.621913021593242021e-01
-1.928082406740424304e+01 3.260894755964809932e-01 4.404786889292333640e-02
-1.929172367241448072e+01 2.951746228619341883e-01 -5.471048678540313404e-07
-1.928069358000026412e+01 3.426266886300278758e-01 -3.551255260836727601e-01
-1.927877255069555318e+01 3.402044146374370581e-01 1.205881998658384635e-01
-1.929164922832111628e+01 3.064775973106818596e-01 1.571965220394933027e-04
-1.928532414363339953e+01 3.210222448842452447e-01 1.067500721625425086e-02
-1.930604905832188223e+01 3.318963823585052153e-01 -1.619810442698366160e-01
-1.913014793717686146e+01 8.257038198032229381e-01 -9.862965471881116608e-01
-1.931539914267823832e+01 2.955783711063080799e-01 -7.468391193859892363e-01
-1.928487228098693151e+01 3.210714325001730041e-01 8.618269303369396894e-03
-1.928666131343486612e+01 3.161458915449442131e-01 -4.475510160726337006e-04
-1.929655188465205740e+01 3.065813794922994662e-01 -2.233536312449391215e-02
-1.929218465617520550e+01 3.054790466646828406e-01 -1.133072138024049380e-03
-1.894564584645853245e+01 7.728754904629586697e-01 2.925502870553451373e-01
-1.928593131356547019e+01 2.416566857558561099e-01 5.840666180515974304e-02
-1.925244953764364197e+01 3.178792548236292759e-01 8.630791962279156238e-01
-1.931306728864197098e+01 1.991220535563828775e-01 -3.559453933459812980e-01
-1.830545478159173456e+01 8.340277943625259427e-01 9.956806848200652205e-01
-1.928551584627201620e+01 4.010757958442435211e-01 6.950052559518127282e-01
-1.928987305411240527e+01 3.041531757842639294e-01 -6.278553848503509727e-03
-1.928633667623566694e+01 3.100502192517447519e-01 3.699093152185195521e-04
-1.972127374197189198e+01 1.033165278596452907e-01 9.532607173837672754e-01
-1.928754010584828649e+01 3.234274775854016903e-01 -6.534222889421581471e-02
-1.926653121155230508e+01 3.739953631890911012e-01 -3.418531765336243478e-01
-1.927886201824706447e+01 3.306904079984208655e-01 -6.143229529126759125e-02
-1.929239263923873793e+01 3.097516535236210511e-01 1.092190729456898879e-02
-1.927250548791010587e+01 3.480273301256874285e-01 9.545092717565992757e-01
-1.929181503851799917e+01 3.257309729640636697e-01 -2.521335132306845583e-02
-1.928650111649319143e+01 3.104076953838341146e-01 4.888856371216832031e-04
-1.927583775801940291e+01 3.388164699432585358e-01 2.940154744664669195e-02
-1.929323068686275633e+01 2.511891888066668521e-01 6.258253057772877881e-02
-1.929017840399830064e+01 3.021906532274187818e-01 -1.953729121439984340e-05
-1.920451181695164067e+01 4.605636745097306251e-01 -1.139782480737006054e-01
-1.929491382591058724e+01 3.111318683882198788e-01 5.512431711719121274e-01
-1.928934300086300269e+01 3.051531164656282047e-01 1.424771066251828699e-04
-1.928851492998692763e+01 3.056603360910626899e-01 9.620861977022165945e-05
-1.929201577992446559e+01 2.935609575330377918e-01 6.862647667471577506e-06
-1.928152594362673611e+01 3.310806814708214252e-01 3.179643878493387810e-02
-1.927333619432463507e+01 3.419960347064400219e-01 1.289349764362790474e-02
-1.928102238253446643e+01 3.403675705299930021e-01 -3.514513697012977556e-02
-1.928926536656582158e+01 3.033203809040366794e-01 1.026941193194019775e-06
-1.928045354873204786e+01 3.305245543165852840e-01 -6.065327986791413384e-02
-1.928913419847230770e+01 2.973983396261342671e-01 -1.562731849480414326e-07
-1.927098607965880461e+01 3.037302761748405522e-01 -4.162737817662127693e-01
-1.895302487961777871e+01 3.222294561645780986e-01 -3.999093576256294025e-01
-1.929103708930943384e+01 2.937052061497458788e-01 -9.028260361532147726e-10
-1.929018728360556878e+01 3.250293055736573899e-01 -1.259208246546943410e-01
-1.929109921107492553e+01 2.926899026328193543e-01 3.063051146057205187e-09
-1.929284492058864586e+01 3.168001792734141953e-01 1.067335281590084950e-01
-1.926990227550182411e+01 4.015232458998179155e-01 4.049927163228932425e-01
-1.916326125159466898e+01 3.495005901520631397e-02 8.688252907243914080e-01
-1.929141981234509373e+01 2.948022880561722014e-01 6.697022203461244771e-08
-1.924902698999980899e+01 3.744227617680166986e-01 1.893512159197145994e-01
-1.929208960179067844e+01 2.961235733934844960e-01 5.367026956104581359e-05
-1.928823401964563544e+01 3.060265237481200606e-01 3.183589783484208624e-05
-1.929012302742289009e+01 3.061616481834673054e-01 -1.793293216798552692e-04
-1.928692949713119020e+01 3.196751880330325202e-01 -2.678057394777111355e-03
-1.925380452187657099e+01 3.973317188310563908e-01 7.188942757741778600e-01
-1.939678294243126189e+01 4.010771799731182585e-01 -5.307695832025655092e-01
-1.929086535620945142e+01 3.208244766442837070e-01 5.347945495497574697e-02
-1.928982983170332943e+01 3.019998947237314546e-01 3.057695803221349706e-07
