# level_assignment log_likelihood tiebreaker ID
1 -6.720867646019094391e+05 2.634489554158063740e-01 2
1 -1.700902501884232042e+06 5.891638283071267690e-01 0
0 -6.754083703100960702e+06 4.262702624085479286e-01 0
0 -3.050785550117790699e+06 3.969086597861570809e-01 4
4 -8.536217485740390839e+04 5.505314225694173391e-01 2
5 -6.489600631256392080e+04 7.024596528128470574e-01 1
1 -3.007223814224125817e+05 1.143258504268427345e-01 1
1 -1.642271219682045339e+05 3.786273121946059916e-01 3
3 -6.696317374510908849e+04 2.672148733682613297e-01 4
0 -1.019837360526919737e+07 6.294959836677924692e-01 1
7 -5.402430523011826153e+04 2.834356779975974461e-02 3
7 -5.333193898388274829e+04 7.267382935786416143e-01 4
0 -1.442719100786051480e+06 6.124722548263239474e-01 0
7 -5.201811611853218346e+04 9.270736565796289241e-01 4
8 -5.078280290681048791e+04 4.677219648642738092e-01 4
9 -5.077355129498268070e+04 6.784056035093772863e-01 4
10 -5.007429919535070076e+04 2.324513903026506068e-01 0
8 -5.148148049276959500e+04 4.725346382017968638e-01 4
5 -6.890168341186406906e+04 4.725693702531754137e-01 4
10 -5.032810293021576217e+04 4.356151343802139309e-01 1
9 -5.115017447983349848e+04 6.187149314314714932e-01 3
8 -5.365082334242849174e+04 1.087670662877153333e-01 2
9 -5.204466395015556191e+04 3.083111339725599365e-01 2
8 -5.193615178439048032e+04 1.976825051452060222e-01 2
2 -3.395028481698138639e+05 1.827070037450207463e-01 3
3 -6.548700151788814401e+04 8.847272641311418884e-01 4
13 -5.005327927379620087e+04 9.467393769811578708e-02 3
12 -4.994961094567520195e+04 5.740410862198839226e-01 1
15 -4.991619973563735402e+04 4.300543720565679351e-01 4
15 -4.990824854224560113e+04 6.574382930119417878e-01 4
15 -4.993298147502984648e+04 1.955011900149210557e-01 4
9 -5.232449188658907951e+04 2.863545381303365112e-01 2
4 -5.072304749260015524e+04 1.851474659359721997e-01 2
6 -5.192493749772400770e+04 6.331803185357903763e-01 1
13 -4.996581279379969783e+04 3.354886846509695930e-01 1
11 -5.004229313852835185e+04 1.868729009294778365e-01 4
16 -4.992935578249932587e+04 6.341951085783839037e-01 2
14 -4.992137378637833172e+04 1.641296161831462541e-02 0
18 -4.991119232321915479e+04 6.984712895638907071e-01 3
16 -4.993461393648503145e+04 3.855914085247734158e-01 0
11 -5.038032118134162738e+04 7.138569034871715679e-01 2
9 -5.111773033108957316e+04 1.024397849813293015e-01 1
19 -4.990804328660617466e+04 3.422100771155289767e-01 4
19 -4.990667481557160500e+04 1.016199464275164832e-01 4
12 -5.005607803120833705e+04 9.593731420488056383e-01 2
11 -5.047981291470612632e+04 6.590535919077910032e-01 3
10 -5.096799083367772982e+04 4.971409979754303765e-01 1
11 -5.018016574375081109e+04 1.664869897743956884e-01 1
10 -5.030754029166655528e+04 8.959670703073027154e-01 1
13 -4.996273777164248895e+04 6.846803020324869760e-01 1
20 -4.990595209299214184e+04 7.386023769784167969e-01 0
17 -4.991718094613624271e+04 2.965716081256545289e-01 3
15 -4.992551301580928703e+04 8.382593605210651999e-01 2
18 -4.990639526693872904e+04 9.033634773868381984e-01 0
17 -4.991888029651022225e+04 9.841874523012983378e-01 2
13 -4.998437000340047234e+04 2.296581088714155783e-01 3
7 -5.178641065843617253e+04 7.955019907932219247e-01 1
20 -4.990626552193362295e+04 4.053224982169854052e-01 4
18 -4.990556119578438665e+04 9.943016712413240699e-01 3
11 -4.996495731705925573e+04 1.995241206150701885e-01 0
12 -5.004978238314204646e+04 7.828378004813718594e-01 0
21 -4.990431198407152988e+04 3.017421143064069611e-01 3
21 -4.990466952198500076e+04 8.363516373536258319e-01 3
22 -4.990461325268053770e+04 3.948108906729460021e-01 3
20 -4.990569926466800825e+04 9.163351499360412600e-01 4
18 -4.991111745520215482e+04 2.307895549156163961e-01 3
22 -4.990432808655932604e+04 9.889849713018780131e-01 4
20 -4.990490048371790908e+04 3.078900088440090776e-01 1
22 -4.990425386782055284e+04 1.765923939733433645e-01 4
19 -4.990711880612499226e+04 7.503630178245112026e-01 1
15 -4.994854840427523595e+04 6.902537880393985192e-01 0
11 -5.027996859203269560e+04 5.546657548445734333e-04 2
21 -4.990471889994325466e+04 9.043066034690886434e-01 4
11 -5.016926428152781591e+04 4.250465052795338039e-01 2
8 -5.228964713224511070e+04 4.235005928533441821e-02 2
5 -5.492463075900357217e+04 1.961602496672132379e-02 2
22 -4.990438304272363894e+04 4.193204458911790056e-01 1
25 -4.990413592244475149e+04 2.458631263475080930e-01 3
3 -9.896383209412595897e+04 5.634224461124632821e-01 2
25 -4.990412233086221386e+04 7.547270024718877313e-01 3
18 -4.991037061562633608e+04 8.254097274725702427e-01 1
12 -5.015122130469786498e+04 8.049404060133701355e-01 1
4 -8.118674326753197238e+04 4.420343083592281896e-01 2
24 -4.990408204278736230e+04 8.935973951330390408e-01 4
22 -4.990443254740757402e+04 3.246227093043739798e-01 0
21 -4.990454472273853753e+04 2.682453185679481988e-01 0
25 -4.990411024540420476e+04 3.032241185235058367e-01 0
27 -4.990408295955444191e+04 9.218476473273742311e-01 3
18 -4.990654346379702474e+04 9.959972051589751629e-01 2
27 -4.990409589586274524e+04 4.549630859112351322e-01 3
23 -4.990422167169649765e+04 9.569096015915663500e-01 0
2 -2.758126556429573102e+05 8.472002638562886601e-01 1
26 -4.990408104013568664e+04 2.105288633929455061e-02 4
26 -4.990409863537590718e+04 8.007872090523440733e-02 4
27 -4.990409723955029767e+04 1.037426156180583092e-01 2
26 -4.990407776554695738e+04 5.872818032369941932e-01 0
4 -7.889342793839951628e+04 4.410651070910431848e-01 1
7 -5.446906453685363522e+04 2.456909987962848374e-01 1
26 -4.990409419500990771e+04 6.800040341552592293e-01 2
24 -4.990409346308439854e+04 3.697403896521447852e-01 0
25 -4.990412924925565312e+04 3.522666897861181923e-01 4
25 -4.990413407421797456e+04 9.193588635034490864e-01 4
28 -4.990408249759270984e+04 5.711438779946209632e-01 3
23 -4.990425689904911997e+04 3.433818228871365896e-01 4
29 -4.990407762131460913e+04 5.816470856672886214e-01 3
24 -4.990417769404514547e+04 6.704708937664036750e-01 4
27 -4.990408539304831356e+04 2.365288675625603076e-01 3
23 -4.990409312985183351e+04 4.082435398172353236e-01 3
28 -4.990408643559680058e+04 2.661655733528382473e-01 4
20 -4.990450055217227782e+04 5.276610890420760924e-01 2
12 -4.996050796603763592e+04 6.975224374712610809e-01 0
18 -4.991262433377970592e+04 8.068210712317038791e-01 3
18 -4.990469340484586428e+04 1.142718673438978677e-01 4
3 -8.002015746559925901e+04 3.034185090839420784e-01 0
4 -6.119803224129320733e+04 8.595607476627793453e-01 2
2 -8.412034645727989846e+04 6.265008072368600800e-01 2
3 -8.243067788348674367e+04 4.097123792779207019e-01 0
6 -5.890184737382017192e+04 6.485403454691498482e-01 1
9 -5.222221726416733873e+04 1.608844121548848871e-01 1
3 -7.774542902173688344e+04 7.470741610146407474e-01 2
5 -6.562063289027608698e+04 4.880622743892057969e-01 2
18 -4.990671455941483146e+04 7.759905330766563303e-01 4
22 -4.990445350545195834e+04 1.880701698760142981e-01 4
12 -4.993064488046211045e+04 5.983351322939831074e-02 2
19 -4.990613109337164497e+04 9.607031273465551635e-01 3
16 -4.992968729302832799e+04 2.936560355110664489e-01 0
6 -5.621056380311969406e+04 4.810681831477022219e-01 1
22 -4.990435387593154155e+04 4.693402770162720672e-01 3
5 -5.534069535649720638e+04 7.831238843390224691e-01 0
22 -4.990449916584255698e+04 7.183367731875454076e-01 3
13 -5.005925147800760169e+04 3.824191517929335649e-01 4
10 -5.062342497877866117e+04 1.396416134098039663e-01 0
13 -4.994182797233780730e+04 6.698291349210663270e-01 4
14 -4.995523425771648908e+04 5.652888935921183133e-01 4
18 -4.990942723600381578e+04 8.285234405050472262e-01 2
7 -5.256621886189477664e+04 2.886541646425946905e-02 4
10 -5.057173842578745825e+04 1.333761480328128357e-01 2
4 -7.956181846255768323e+04 5.387303734893574836e-01 0
5 -6.411973920225950133e+04 1.222986153098247902e-01 0
9 -5.238248094680956274e+04 4.007759484379988524e-02 2
0 -5.820225259835803881e+06 5.334960149776037108e-02 0
10 -5.050817496614763513e+04 5.335814724856200453e-01 0
4 -7.610400704843821586e+04 4.062528999951743325e-01 0
1 -8.366745462878071703e+04 7.980485011872737178e-02 0
13 -5.003728590170845564e+04 4.061914435992974859e-02 1
11 -5.003441521574753278e+04 4.234150715100877815e-01 4
2 -1.024028552129486925e+05 3.590723517783231955e-01 0
25 -4.990410410457699618e+04 2.171652146449639109e-01 3
0 -4.472551316453482956e+06 8.312086520850234805e-01 0
20 -4.990637784476698289e+04 1.874356274837770397e-01 4
2 -2.455225689475041290e+05 9.432751340721483579e-01 0
27 -4.990409732456472557e+04 5.191646621669261386e-01 4
25 -4.990408356655226089e+04 3.015912976687542546e-01 4
28 -4.990408407231666206e+04 2.335112175336844231e-01 4
8 -5.202874205397930200e+04 1.689628690749241657e-01 0
13 -4.991854016248173139e+04 4.524479659334008641e-01 2
23 -4.990415852697270020e+04 3.960374287011323435e-01 4
18 -4.991237652502749552e+04 4.781872840141940806e-01 2
23 -4.990411810437338136e+04 5.822049380068349267e-01 1
20 -4.990608375956589589e+04 7.411791101811664451e-01 1
20 -4.990645855396873230e+04 1.972797250774562805e-01 2
24 -4.990413600197229243e+04 2.822257340231717482e-01 1
17 -4.991124666986391821e+04 6.467816874648677494e-01 2
21 -4.990507267525515635e+04 3.013531804576987105e-01 1
19 -4.990739721608218679e+04 1.386536866654370925e-01 1
8 -5.190836982289285515e+04 7.826541190257241265e-01 2
14 -4.990778040806276840e+04 4.366816021714127194e-01 3
13 -4.993826826205846737e+04 3.781741452785108981e-01 4
12 -4.995736789023406891e+04 9.848688989527293325e-02 2
18 -4.990675051809924480e+04 9.463771145219919134e-01 0
7 -5.690288055981603975e+04 5.657756038029120305e-01 2
10 -5.085052328750657762e+04 5.559416367449388635e-02 2
15 -4.995678180146669911e+04 6.014664222317218645e-01 0
9 -5.213867445097045857e+04 8.653182309709250841e-01 2
0 -1.352508456250014715e+06 9.410957129765641360e-01 2
26 -4.990409698665381438e+04 8.847308996437805440e-02 3
6 -5.977643828794020374e+04 4.521656637538047363e-01 1
27 -4.990408836496024014e+04 4.642819270980241275e-01 3
11 -5.045357301350956550e+04 1.865052956622353930e-01 0
2 -4.597354652725119377e+05 7.699971588488332408e-01 2
13 -5.001526749668156845e+04 1.117107498146358152e-01 0
24 -4.990408578314270562e+04 3.054673172621917288e-01 3
29 -4.990408258309621306e+04 9.899540201782803805e-01 4
4 -7.489493250812886981e+04 9.099410715225975110e-02 1
22 -4.990411933141399641e+04 1.732603424815692961e-02 3
23 -4.990426938791375869e+04 4.856196386845332835e-01 3
0 -5.891971684072542004e+06 7.075411345852291589e-01 0
21 -4.990502416031829489e+04 4.599480587964683287e-01 2
26 -4.990408913620266685e+04 9.554120883912966544e-01 3
25 -4.990412942292126536e+04 1.807687985535597619e-01 4
24 -4.990418252452584420e+04 6.670600261290442479e-01 3
17 -4.990567023353543482e+04 8.480753225792750927e-01 2
6 -5.170352413956879172e+04 1.142038757028955853e-01 1
7 -5.584827718240555259e+04 8.552695922838965403e-01 1
24 -4.990415325307946478e+04 3.085101815717610774e-01 4
0 -8.677658464758669958e+06 6.886080765698565642e-02 2
25 -4.990413668422505725e+04 2.695036444269049980e-01 3
14 -4.992478960240632296e+04 5.737029589869354490e-02 0
23 -4.990424857031462307e+04 9.669575783530327540e-01 3
22 -4.990454500670309062e+04 6.232044700521400804e-01 0
25 -4.990412409096826741e+04 5.387907387682627780e-01 4
17 -4.991266365587855398e+04 8.187386086161403398e-01 3
13 -5.004702668154929415e+04 6.314308787739845164e-01 2
28 -4.990408523078262806e+04 4.853388869839543873e-01 4
20 -4.990568343563123199e+04 1.901040416679222744e-01 3
26 -4.990410295201070403e+04 1.867250585498516358e-01 3
29 -4.990407820824847295e+04 3.700090750677063056e-01 4
26 -4.990408407689136220e+04 7.709666759172910666e-01 0
25 -4.990413572516862769e+04 3.509876718732367618e-01 0
12 -5.014587629534544249e+04 1.180376365001764294e-01 1
0 -2.529661830007874873e+06 9.288967595925166076e-01 2
12 -5.011706770385209529e+04 5.694847621353004152e-01 1
2 -2.568671728546605445e+05 3.707892232715703784e-01 2
10 -5.041342568380264129e+04 3.186149744964857922e-01 1
24 -4.990410064304911793e+04 7.390975921552538352e-01 4
23 -4.990426072930486407e+04 8.236452922754615713e-01 1
7 -5.441186432722136669e+04 2.625250963063959775e-01 3
0 -9.097786004376295954e+06 1.813528887423556668e-01 2
22 -4.990426884994424472e+04 2.902055748098497645e-01 1
6 -5.457070703510785097e+04 5.713348170724252828e-01 2
18 -4.990777156927337637e+04 2.133077132989256164e-01 0
10 -5.082848749783795211e+04 3.700562459084980604e-01 1
12 -5.006080251753709308e+04 5.685746397735692570e-01 2
16 -4.993395873292470060e+04 8.832298087870209535e-01 3
12 -5.000293016886861005e+04 2.231625247908759491e-01 4
16 -4.991701993241156742e+04 2.111278192592513925e-01 4
16 -4.992324142726128048e+04 6.315210557701016469e-01 3
13 -4.993570111162158719e+04 1.134721958194342267e-01 2
20 -4.990592351623534341e+04 5.370945529998336632e-01 2
24 -4.990410138584945526e+04 9.774551573202572285e-02 1
28 -4.990408247885358287e+04 1.657567105197693957e-01 2
22 -4.990451965472269512e+04 5.674226301948170903e-01 1
17 -4.991838005810793402e+04 7.104650034325723507e-01 1
22 -4.990441715196527366e+04 9.759112396514283416e-01 0
17 -4.991448500808533572e+04 8.739092310027062049e-02 0
7 -5.489947570167582307e+04 7.541719111982079227e-01 4
7 -5.455009328708460089e+04 8.437245062876320700e-01 4
8 -5.154846150570969621e+04 1.605259763995247058e-01 0
20 -4.990571533331382670e+04 5.264715355294100618e-01 2
12 -5.011864321204951557e+04 7.151957613186822327e-01 3
10 -5.104150524625008256e+04 4.737067783808992516e-01 3
12 -5.011618421043634589e+04 5.790798013049753834e-01 0
5 -5.499836763563901332e+04 3.260166632206490944e-01 1
9 -5.075201500398146163e+04 1.882259723667559781e-01 3
5 -6.975758447349784547e+04 3.910563430301646770e-01 4
7 -5.665332804894074070e+04 6.325599015211218479e-01 4
9 -5.079395819638337707e+04 1.135886787331460979e-01 4
24 -4.990412949897634098e+04 5.710853192170319836e-01 2
0 -1.035559341072752327e+07 8.499858725251243641e-01 4
19 -4.990844553028307564e+04 5.782534310502943642e-01 3
10 -5.070084091766877100e+04 8.716150802150970378e-01 1
2 -9.309695011601508304e+04 9.451529962236939753e-01 1
6 -5.850261392797472945e+04 3.852787274886941282e-01 0
1 -1.097924605105100491e+05 1.141464525776155481e-01 3
12 -4.997805651111501356e+04 3.314305300947222310e-01 2
13 -5.005250966779781447e+04 6.999213839240638890e-01 4
8 -5.373301068302009662e+04 5.285136001250434479e-01 0
9 -5.170725416795512865e+04 4.435279532484939780e-01 3
15 -4.995168266063758347e+04 1.872979553233553723e-02 2
14 -4.999962966552342550e+04 3.862641298447404559e-01 1
11 -5.042721211738631973e+04 2.665481753323866165e-01 4
18 -4.991110372935334453e+04 2.425925729797391850e-01 1
6 -6.093677338937979221e+04 2.937499754070920233e-01 2
4 -6.619065234389901161e+04 6.444250612852746585e-01 3
2 -2.331553245298095571e+05 1.913753536986551596e-01 3
21 -4.990491027848874364e+04 8.964407316039810780e-01 4
6 -5.702986372625247168e+04 6.245144177352521808e-01 1
10 -5.053607913001350244e+04 2.615927311058960925e-01 2
5 -6.348891028609022032e+04 9.243651240739777508e-01 3
1 -9.008560333198696608e+05 8.600264693927384130e-02 1
16 -4.993454339416496077e+04 9.297235875785172521e-01 0
18 -4.991119760904752911e+04 2.042853587564774642e-02 0
18 -4.990905518004945770e+04 9.779105703403558891e-01 2
19 -4.990853778400196461e+04 8.351727251849807576e-01 3
0 -3.683680422877093777e+06 7.986363375895559891e-01 1
16 -4.992630816119953670e+04 2.057855824531473754e-02 3
25 -4.990408177050617815e+04 1.017195152568855510e-01 4
24 -4.990413018916056171e+04 6.579586495016673808e-01 4
18 -4.991170218510319683e+04 5.801380353918168531e-01 3
26 -4.990409153466027055e+04 1.653636828448597773e-01 4
21 -4.990435809560050984e+04 7.217916170664042674e-01 3
26 -4.990409274727287993e+04 6.269845833919607259e-01 2
26 -4.990410743233867106e+04 4.764475230357622104e-01 2
27 -4.990409479109445238e+04 4.565623141814942332e-01 4
24 -4.990412354125160346e+04 5.669968321930494159e-01 2
19 -4.990881830893752340e+04 8.857403849053344658e-01 3
14 -4.996015436247541220e+04 5.974316320926948976e-01 1
17 -4.991025390764646727e+04 3.789548416906173278e-01 2
29 -4.990407919031074562e+04 7.410049855303180166e-02 4
23 -4.990418366735713062e+04 6.494478332878577120e-01 4
22 -4.990447944411759090e+04 2.546137008154504278e-01 3
19 -4.990474080390541349e+04 2.165360629531859760e-01 3
22 -4.990457687867672939e+04 5.758660019558801135e-01 1
23 -4.990426778098687646e+04 5.520542556409802071e-01 3
3 -8.099911240584266488e+04 6.602284135902272144e-01 2
21 -4.990413763630318135e+04 9.179732322565106739e-02 3
5 -6.091941936176942545e+04 2.191975125521694948e-02 4
28 -4.990408566705593694e+04 6.588293866554904010e-01 0
8 -5.187552705528221850e+04 6.319147908399738167e-01 1
25 -4.990413798351439618e+04 8.021047690551155185e-01 3
17 -4.991064233594410325e+04 3.685653069846808738e-01 0
11 -5.014794755610638822e+04 6.932099932565692901e-01 1
6 -6.152413680753641529e+04 4.926512928813631675e-01 2
1 -1.574738261278797872e+05 2.391378233738101766e-01 4
12 -5.015282453174723196e+04 6.827916621595094826e-01 2
17 -4.991352843454982212e+04 3.856688526296320751e-01 1
16 -4.991171543789535644e+04 4.674821980977815206e-01 2
4 -8.567671463919468806e+04 1.959561942923805367e-01 4
4 -7.690849273674021242e+04 4.188135070119120701e-02 4
10 -5.061442611400124588e+04 8.491531997527760334e-01 2
25 -4.990410947140145436e+04 4.491018987338037394e-01 3
12 -5.009707513157114590e+04 5.774660891626148818e-01 4
19 -4.990685246016136080e+04 7.333576658213318833e-01 1
21 -4.990511069802108977e+04 7.315948548661519446e-01 1
10 -5.011009210071254347e+04 9.561861363609375219e-02 4
15 -4.995164945432725654e+04 9.754408864368375731e-01 0
3 -1.045151361909255938e+05 4.771343161398688970e-02 2
8 -5.089926106953911949e+04 5.118946437404598981e-01 0
6 -5.083855670181761525e+04 8.815096088929429419e-01 2
4 -6.022193252310347452e+04 9.334317411440857803e-01 0
5 -7.101215145611800835e+04 4.544574625536679235e-01 0
3 -8.363863652591666323e+04 5.731395318793793825e-01 0
15 -4.990576169433887844e+04 1.773437769255622742e-01 1
25 -4.990413810974264925e+04 5.641956361471880399e-01 3
14 -4.999120510166552413e+04 9.269410273994231897e-01 0
20 -4.990593178077076300e+04 5.220451634307712308e-01 1
15 -4.994516422905912623e+04 8.389447123482333263e-03 0
1 -1.254387160929557867e+06 9.452387473399868068e-01 3
18 -4.991130911458576156e+04 2.430208510258774213e-01 0
14 -4.996820880783347820e+04 9.221725008522106970e-01 2
15 -4.994634865071742388e+04 4.987266299893178267e-01 0
12 -5.014294331062529091e+04 6.848726126266359016e-01 2
1 -1.258019784958360397e+05 2.482126888506088203e-01 4
13 -4.996039776581960905e+04 4.037155914152498193e-01 0
11 -5.004563277994157397e+04 9.001145039797495695e-01 0
14 -4.998508893861382967e+04 9.426431266371437800e-01 0
20 -4.990538509929939028e+04 9.827493986121330627e-01 3
29 -4.990408249711105600e+04 9.642969652410497972e-01 1
4 -8.452312514637720597e+04 4.503998053469948637e-01 4
24 -4.990417042921024404e+04 6.643088530793791469e-01 3
3 -8.808715136952996545e+04 2.696452392707023860e-01 4
27 -4.990409389797492622e+04 3.587309503138427780e-02 1
20 -4.990461851872636908e+04 5.508479032725952518e-01 2
15 -4.991944548717200814e+04 9.976569244045656593e-01 2
17 -4.991627381483365025e+04 5.344570304994524790e-01 2
28 -4.990408285156943748e+04 5.536842398885308270e-02 1
16 -4.992517031132762349e+04 1.224197689241215414e-01 3
25 -4.990411687516262464e+04 5.137378167917958649e-01 2
6 -5.952063554246253625e+04 6.563121583600081133e-01 0
26 -4.990410630339136696e+04 1.701800485029745236e-01 1
27 -4.990408830084536748e+04 1.003703235014968276e-01 2
29 -4.990407623923072242e+04 1.162961221551757074e-01 1
20 -4.990577033488965390e+04 8.791976946547332972e-01 2
16 -4.991750558707403979e+04 1.293429376106054463e-01 2
11 -5.018330949179566232e+04 5.224791422098551408e-01 0
22 -4.990442206154717132e+04 6.931850473051005546e-01 1
11 -5.045152007955393492e+04 2.078285160401223131e-01 0
15 -4.991368271748679399e+04 6.080435860305551943e-01 1
16 -4.991999592557428696e+04 2.622657472452547545e-01 3
12 -5.002614578349889052e+04 4.648891345650838502e-01 1
17 -4.991267267319324310e+04 6.885194373762646425e-01 3
29 -4.990407862694883079e+04 7.910234541890779347e-01 2
4 -5.533986394458280120e+04 4.365855376792637799e-01 1
0 -5.337994025769293308e+06 1.519994449872168474e-01 1
26 -4.990409456482576206e+04 9.573534078070551345e-01 2
15 -4.993281778969691368e+04 6.258361629317434893e-01 0
14 -4.999835832432349707e+04 7.933213328258759134e-01 4
16 -4.993660315567025100e+04 1.600717010053953615e-02 4
16 -4.993005940142457257e+04 2.153347337849889076e-01 0
13 -5.002104745116170670e+04 7.853285014973969691e-01 1
15 -4.994699425804304337e+04 9.948129225385571317e-02 1
11 -4.999659488038736163e+04 1.883194473083875664e-01 4
9 -5.132093227807680523e+04 9.935092637193158049e-01 0
29 -4.990407831347174215e+04 9.510833765880292168e-01 2
29 -4.990407820084814739e+04 1.862263265844994464e-01 2
15 -4.990641231672278082e+04 5.827255733577842989e-01 1
15 -4.994631523629273579e+04 5.131469450571152224e-02 1
22 -4.990442210199685360e+04 2.889027517896384789e-01 3
24 -4.990414433444481983e+04 9.177968944084842207e-01 3
19 -4.990735762963460002e+04 7.348094724378733122e-01 4
23 -4.990417132353471243e+04 4.694373572346939305e-01 3
21 -4.990511650458630902e+04 6.160843723194098231e-01 4
5 -5.621574310992902610e+04 8.283176121164104178e-01 1
22 -4.990425765614998090e+04 1.279045542271835534e-01 4
19 -4.990704007173238642e+04 4.051295776491130596e-01 0
22 -4.990430844095235807e+04 4.499687759088679684e-01 0
0 -2.416987240395183675e+06 7.894830467059430479e-01 1
15 -4.993336315698990074e+04 9.719127540792594777e-01 3
12 -5.001804615016906610e+04 5.741551438811143271e-01 3
26 -4.990410976664201007e+04 5.811067042292922258e-01 2
25 -4.990410957809853426e+04 5.926260719234722751e-01 2
13 -4.999553963025592384e+04 8.311942131798066846e-01 4
16 -4.993601138698428258e+04 8.070644138286403590e-01 0
5 -7.003699498045869404e+04 1.508886954981729644e-01 3
20 -4.990567469478766725e+04 9.431748186661121913e-01 2
2 -4.602878839497487643e+05 7.160599601037836992e-01 0
3 -1.071924989658203995e+05 1.514731774535518494e-01 3
25 -4.990411602988207596e+04 1.060012574676732489e-01 2
28 -4.990408542140781356e+04 2.557071412080436090e-01 2
13 -5.004351253888944484e+04 2.723262922960206223e-01 4
9 -5.173690339644948835e+04 4.097550857586904627e-01 4
3 -1.261915640896986151e+05 6.840029926040394059e-01 0
18 -4.990881168629584135e+04 5.120546617958376956e-01 3
1 -6.723617425437162165e+05 7.687712010439702315e-01 0
29 -4.990408114721835591e+04 8.309459736320551348e-01 2
10 -5.061079852246946393e+04 3.666968764858875574e-01 1
0 -5.340243471778813750e+06 3.239911175765002316e-01 4
16 -4.993098534646996268e+04 4.163353392923009322e-01 0
27 -4.990409402434995718e+04 5.203121311317819853e-01 3
10 -5.083318086339251749e+04 2.060971815227795878e-01 0
10 -5.017358202901764889e+04 9.770519632010697952e-01 4
7 -5.021263883007981349e+04 7.540892076111677111e-01 0
23 -4.990424520022473735e+04 8.593783678207326249e-01 2
26 -4.990410593937072554e+04 8.577582757851589523e-01 3
18 -4.990954237327316514e+04 6.627503582870435395e-01 2
19 -4.990492392013303470e+04 2.370713508969326533e-01 2
13 -5.004304713433809229e+04 4.043504205531557594e-02 4
14 -4.993158931849941291e+04 9.607427263342432910e-01 0
16 -4.991047098324133549e+04 7.343213141712423564e-01 2
22 -4.990433196248942113e+04 8.627017162014932739e-01 3
26 -4.990408037855644943e+04 9.505154366122257059e-01 1
22 -4.990434194373287755e+04 3.659094159232513799e-01 2
15 -4.994207902080428903e+04 9.079735126880263962e-01 2
11 -5.014845124229512294e+04 1.694531339319932106e-01 2
26 -4.990410007690252678e+04 6.798662082306946575e-01 3
23 -4.990426373392155801e+04 1.435009438170049834e-01 3
17 -4.991902889155346202e+04 5.796204494842774890e-01 0
7 -5.712971025341149652e+04 2.551594419809930514e-01 2
3 -1.117989545407942787e+05 8.847226341222701462e-01 2
9 -5.081502620417918661e+04 9.015754119898762298e-01 4
15 -4.994676370325716562e+04 7.570990909698968596e-02 4
28 -4.990407724305014563e+04 7.514999785347242778e-01 3
4 -7.335864127346436726e+04 8.088002802347457054e-01 2
0 -2.605118893644976197e+05 4.982477083201932722e-01 1
6 -5.718184301499038702e+04 8.209381791725607336e-01 2
19 -4.990727568834610429e+04 8.604886828484558103e-01 3
15 -4.992704577080176387e+04 1.355652598229906414e-01 0
13 -4.992582233679097408e+04 7.802420345189815809e-02 4
12 -5.010895333704474615e+04 6.173076397520080860e-01 4
11 -5.010190993458830053e+04 9.136510869898886167e-01 1
3 -1.243554034315244498e+05 2.114721039130855740e-01 4
0 -1.354095351067098964e+05 9.032600611959580306e-01 4
4 -7.954974923500412842e+04 2.007602123281513329e-01 2
25 -4.990412137483808328e+04 4.699112809206689723e-01 3
6 -5.094597787924084696e+04 4.096124729642792728e-01 1
21 -4.990518707891596569e+04 8.411654399125434445e-01 0
2 -8.107186150289580110e+04 8.866167697718485563e-01 4
0 -3.811319016374864150e+05 7.890175564177321910e-01 2
7 -5.150972009142272873e+04 8.024739115992292060e-01 4
5 -6.933930786464497214e+04 7.658747397370753163e-01 4
6 -5.297617277858551824e+04 6.468076814465533175e-01 4
1 -1.719319827636847738e+06 1.919231503044639964e-01 1
20 -4.990635535528391483e+04 5.809961457860239875e-01 3
9 -5.037324881555213506e+04 8.548861493738499906e-01 2
9 -5.185053583392896689e+04 3.314132344325308455e-01 1
2 -2.904606484707286581e+05 6.351023149502585952e-01 1
9 -5.114916905769734876e+04 8.845853295246439707e-01 4
22 -4.990432668295413896e+04 1.079880375930621916e-01 0
15 -4.992941878151374112e+04 2.640642078417429484e-01 1
25 -4.990407796496617084e+04 9.641421103864002973e-01 3
29 -4.990407816918821482e+04 5.075576232476195493e-01 3
17 -4.991197580975580058e+04 6.563060359771274443e-01 0
13 -5.002279766299121547e+04 6.508096123908192476e-01 1
17 -4.990829435495926009e+04 8.581646361681105617e-01 0
15 -4.994318376764834829e+04 9.200146102040354656e-02 1
28 -4.990408023761385266e+04 9.561014189744458658e-02 3
9 -5.163828935734533297e+04 7.030313779855101863e-01 4
8 -5.420865458492386097e+04 1.655271856951580078e-01 2
24 -4.990412400501071534e+04 2.033358802889345118e-01 1
11 -5.021614673930540448e+04 6.464341841757592633e-01 2
24 -4.990413284804906289e+04 8.761133046592787244e-01 1
24 -4.990416912649253209e+04 1.321129883091951562e-01 0
13 -5.005356538467415521e+04 2.361592468166765491e-01 1
19 -4.990826782120883581e+04 6.334238076794808103e-01 3
12 -5.009490681421582121e+04 3.040633017727094600e-01 1
11 -5.031537372744499589e+04 9.893718721392764648e-01 1
16 -4.990776583956390095e+04 4.260210630053498093e-01 3
14 -4.996156933218931954e+04 1.304944930347382015e-01 3
10 -5.063739550318851252e+04 6.893482995486770459e-01 4
13 -5.004139784500627138e+04 5.264740994671583962e-01 3
1 -2.279362749698304106e+05 6.219770314781882803e-01 2
15 -4.991624078586071118e+04 2.798580301864168618e-01 4
19 -4.990680329063955287e+04 2.740532985423649315e-01 1
24 -4.990415611453164456e+04 1.231607730996664429e-01 0
7 -5.563847229156368849e+04 4.692948632861898561e-02 2
23 -4.990412905351421796e+04 8.663833725223458737e-01 0
29 -4.990407760825248988e+04 4.531466904162069764e-01 0
27 -4.990409239665808127e+04 9.598266443643190815e-01 0
27 -4.990409182443383179e+04 3.396615797929580793e-01 4
0 -6.742858611243966036e+06 3.078872232934342090e-01 3
10 -5.068404250398505246e+04 3.733158608565854131e-01 3
11 -5.039553775263048010e+04 9.650260861904843557e-01 3
12 -5.014721375651761628e+04 9.195218033478946840e-01 2
16 -4.992136068409850122e+04 5.286861209831394959e-01 1
14 -4.995681335580403538e+04 5.689043752264303366e-01 1
13 -5.001839839487760764e+04 9.587040295396844769e-01 1
1 -3.284318189054279937e+05 4.989070092562964964e-01 3
22 -4.990419492638439988e+04 9.875850041292473236e-01 0
2 -7.760309015457141504e+04 8.294363669363638003e-01 3
28 -4.990407868388140196e+04 1.286193226575034210e-01 4
12 -5.014132834574463777e+04 6.704757383005853777e-01 2
1 -1.440174529555428308e+06 1.405817931703168822e-01 1
26 -4.990410645835468313e+04 9.884126185359705108e-01 0
25 -4.990410863495826197e+04 7.854814774528112720e-01 0
6 -5.961613577475291095e+04 4.135574324467785612e-01 1
29 -4.990408004810069542e+04 6.389724850547650048e-01 0
21 -4.990501384595222771e+04 1.316044559803005720e-01 4
23 -4.990422245944260067e+04 1.216330749677092676e-01 3
20 -4.990487940282478667e+04 3.055128808366824322e-01 3
9 -5.182168064332207723e+04 8.947110281988711611e-01 2
20 -4.990566894574072649e+04 6.016886576191339264e-01 3
7 -5.203669237869829522e+04 4.573723797209894304e-01 1
17 -4.991885985115358926e+04 6.637323240418234738e-01 0
20 -4.990584312343900820e+04 9.587013368423309423e-01 3
4 -5.748235520147009083e+04 7.635524289957837940e-01 4
7 -5.681824932298754720e+04 2.575477642931885414e-01 4
21 -4.990491115334990900e+04 7.236658348181347622e-02 3
18 -4.990497783899733622e+04 7.989392267159098893e-01 1
11 -5.035588563742174301e+04 5.609428613545837106e-01 0
15 -4.995687888666166691e+04 8.277212068909550746e-01 1
4 -6.251634429419149819e+04 1.557569007689686424e-01 0
24 -4.990414563602507405e+04 1.927722363582749232e-01 3
12 -5.016457227660914214e+04 3.978945182853603768e-01 0
7 -5.723722297895632801e+04 1.359897818446498263e-02 4
3 -9.603012254714955634e+04 3.669246312437684510e-01 2
26 -4.990409895864816644e+04 3.450195909653572812e-01 3
15 -4.995153595583589049e+04 8.727029209553849309e-01 0
4 -7.716831687689428509e+04 2.907765656521039688e-01 2
25 -4.990408180899661966e+04 6.623336931629049407e-02 3
8 -5.222703817521352175e+04 4.396628687864049811e-01 2
18 -4.990636300770231173e+04 5.352243326866389372e-01 4
18 -4.990946838945037598e+04 6.701375674995212472e-01 4
5 -6.548937674069352215e+04 5.394046118500677167e-01 2
23 -4.990423640849890944e+04 7.147075344208737580e-01 3
22 -4.990445209502062789e+04 4.267283700234727473e-01 3
2 -3.602217715940423659e+05 4.545148375749473169e-01 2
6 -5.742178423153873882e+04 3.772378843331463116e-01 2
7 -5.341352262193422212e+04 1.232806055313318966e-01 2
8 -5.336112362638025661e+04 7.679478726314054038e-01 2
12 -5.002145044141356630e+04 8.104446398710141164e-01 3
6 -5.096570133007077675e+04 5.448856967348536529e-01 0
6 -5.779500354011352465e+04 8.020933996421416579e-01 0
22 -4.990446276847197441e+04 8.840197861544840663e-01 1
17 -4.991322852201596106e+04 5.646208616528669566e-01 2
9 -5.209817838051878789e+04 1.375209011374446851e-02 0
15 -4.994715378489611612e+04 2.740107065234918537e-01 3
20 -4.990581260973373719e+04 9.349112428508790096e-01 1
22 -4.990416169038540102e+04 7.224539480439350347e-01 1
13 -5.004062781100381108e+04 4.015994683378375507e-01 3
26 -4.990409833768436511e+04 4.276115824643030305e-01 1
26 -4.990409416322108154e+04 8.112827695643234360e-01 1
28 -4.990408515319325670e+04 7.923974262554732695e-01 4
24 -4.990411021691250789e+04 9.948419670598003250e-01 1
25 -4.990409105864817684e+04 6.714465439125385515e-01 1
0 -8.450103885775194503e+05 4.144085234796998085e-01 2
24 -4.990408320927876048e+04 9.468142452447063651e-01 4
25 -4.990409069653473853e+04 7.585856542145094084e-01 1
16 -4.992011041573184775e+04 9.134169139011873995e-01 3
10 -5.052484200269119174e+04 9.828615664564112064e-01 3
18 -4.990807336309590028e+04 3.123254822805683895e-01 4
18 -4.991256417396818870e+04 7.147662797503772092e-01 4
3 -7.869910166972127627e+04 9.242280670969993395e-01 3
22 -4.990436620495162060e+04 1.060312948332562399e-01 1
10 -5.025293193087157852e+04 8.881414278039012622e-01 2
19 -4.990583214188139391e+04 1.417048194279471041e-01 1
17 -4.991912714183267235e+04 7.404241546773913940e-02 1
20 -4.990431535501492908e+04 6.592725775956959078e-01 4
14 -4.993861957741266815e+04 5.297428159062971681e-02 3
17 -4.991922322015085228e+04 2.755686846769860310e-01 4
15 -4.995668695152654982e+04 6.180807806478405553e-02 4
13 -4.995703164871149056e+04 8.521537375416343707e-01 4
17 -4.990669130831166694e+04 2.213871425136712534e-01 0
15 -4.991167820531918551e+04 3.073010708615679931e-01 2
13 -5.001323233848127711e+04 2.611187099814256674e-01 0
19 -4.990657090104176314e+04 2.097747257129513598e-01 4
15 -4.993288002830001642e+04 3.053658546103066307e-01 0
16 -4.992712992448265140e+04 7.867785633484033481e-01 3
1 -3.045328154281246243e+05 9.283850551232858406e-01 1
23 -4.990421712370702880e+04 5.343766753070430253e-01 2
2 -2.431570549909908441e+05 8.452547494118878291e-01 1
17 -4.990847322028733470e+04 1.283751328843129591e-01 4
22 -4.990441580056481325e+04 2.489473365157505169e-01 2
25 -4.990411426428400591e+04 5.679835146548352087e-01 0
25 -4.990412879608295771e+04 2.295309184520061829e-01 2
10 -5.074682969426384079e+04 1.518556130026330886e-01 4
9 -5.126511265913122770e+04 3.330684045787766223e-01 1
4 -5.573084084163789521e+04 5.316157682138573648e-01 1
4 -5.552675913607983966e+04 7.967030744496139683e-02 1
11 -5.007252380879087286e+04 7.784164211403569178e-01 3
15 -4.995018446370289894e+04 4.666593605461330507e-01 1
21 -4.990429245503174752e+04 2.543205159429181572e-01 0
18 -4.990916039907364757e+04 7.704506757729020494e-01 1
26 -4.990408941960893571e+04 6.800352761973408322e-01 0
18 -4.990596467592103727e+04 6.976771840507737243e-01 1
21 -4.990421169149243360e+04 3.544657786726137516e-01 2
21 -4.990476512490683672e+04 2.176666911768004031e-01 1
21 -4.990478556969456258e+04 6.369691793953012882e-01 1
0 -3.143854100047917571e+06 2.645296077405845381e-01 3
12 -5.013120430417128227e+04 6.323597505852056599e-01 4
6 -5.438773221782099426e+04 1.837103697896781684e-01 4
29 -4.990407801558651408e+04 3.364249262025502674e-01 0
17 -4.991940042153897230e+04 3.957365925363255932e-01 2
4 -6.244922902938642073e+04 8.735433211628828021e-01 3
22 -4.990455436842083873e+04 4.756200685389133653e-02 2
18 -4.990690205864098971e+04 8.213907148961192561e-01 1
23 -4.990416436261656054e+04 8.594011880967887818e-01 1
23 -4.990417847631646146e+04 6.328872438923740518e-01 1
27 -4.990409475941862911e+04 4.621867931856901701e-01 2
14 -4.996978473256184952e+04 7.982515941387150482e-01 3
9 -5.223052965029999905e+04 3.279986699527606686e-01 4
17 -4.990505528657336254e+04 9.494627020547968810e-01 3
25 -4.990413659213038045e+04 1.601975836257377717e-01 2
16 -4.991646991100092418e+04 3.089731201230028201e-01 0
2 -1.224205629537972854e+05 2.039143624891423812e-01 4
11 -5.036584754808706202e+04 1.174303256936255480e-01 1
2 -7.121574854480978684e+04 4.740259433941300671e-01 0
20 -4.990642117971036350e+04 5.687793713443320964e-01 2
9 -5.147021784179162933e+04 7.641602940148078948e-01 0
2 -1.217534468151467736e+05 6.017133845129358782e-01 0
1 -1.100276339306597365e+05 9.803630058071728381e-01 1
6 -5.829174675330462196e+04 2.371055467317608190e-01 4
8 -5.261085231258557178e+04 2.753447739820102935e-01 2
8 -5.154825362912223500e+04 8.892799860510924859e-01 1
10 -5.064780677034187829e+04 3.024680031186246509e-01 0
10 -5.093401448937999521e+04 4.859227221887123527e-01 0
5 -5.655909557762539043e+04 5.080696259420933725e-01 0
23 -4.990426083053246839e+04 2.903648039779290757e-01 4
7 -5.601023173051029153e+04 2.000416412367811148e-01 2
29 -4.990407953251227445e+04 8.526521603245957870e-01 3
20 -4.990588293193507707e+04 8.921100804536112872e-01 1
24 -4.990418452401811373e+04 6.114805274446493133e-01 3
10 -5.032659180530946469e+04 5.393567096405316175e-03 0
24 -4.990409109852731490e+04 5.890912962971347477e-01 1
25 -4.990409995414098375e+04 2.707995951901203124e-01 1
5 -6.466686124349576130e+04 7.648971683162005819e-01 3
15 -4.993942180940655817e+04 4.638330140055882400e-01 2
26 -4.990410965261831007e+04 7.176469512726657562e-01 1
1 -7.431787162400006782e+05 1.199320290297576364e-01 0
5 -6.135088333333515038e+04 2.790397519023923856e-01 3
16 -4.992250263431944768e+04 6.080732440045034659e-01 2
3 -7.791708761607449560e+04 7.860556779126394167e-01 0
23 -4.990415642836839834e+04 1.213750837331790400e-01 2
11 -5.010340907172047446e+04 2.681339947797107270e-01 3
17 -4.991165460623536637e+04 4.127630866309451307e-01 1
22 -4.990442355246708030e+04 1.079691545753232451e-01 4
15 -4.992918946823883016e+04 9.882296514296255996e-01 2
8 -5.223806594160105305e+04 1.686756538673319095e-01 3
13 -4.992832349957745464e+04 5.096237572450020847e-01 3
10 -4.996805658674889128e+04 5.779789720858031776e-01 0
8 -5.331038470846961718e+04 8.854701372384816693e-01 2
24 -4.990411017081000318e+04 8.532711233272749496e-02 3
29 -4.990408152011577477e+04 7.766526145060089759e-01 3
20 -4.990551210647290281e+04 8.388615418394103074e-01 0
19 -4.990751994341496902e+04 8.831727506847089071e-01 1
18 -4.991161356761179923e+04 9.277548706955383029e-01 1
23 -4.990421746562757471e+04 3.589804244580068193e-01 3
7 -5.027397638645724510e+04 1.370159232660523307e-01 1
21 -4.990423287750012241e+04 9.126443268127539810e-01 0
21 -4.990465407159946335e+04 2.234534907751230814e-01 0
2 -7.766960116028258926e+04 2.433546051496418006e-01 4
25 -4.990409804577539035e+04 8.292543444603301950e-01 0
24 -4.990411187303224142e+04 8.941192472257704082e-01 3
5 -6.171714598078691779e+04 1.551771337068585943e-01 2
5 -6.904929456184065202e+04 9.388854786007592157e-01 4
24 -4.990414171220525168e+04 9.107533589891878556e-01 3
3 -8.212577662688963755e+04 2.203451255636762474e-01 4
28 -4.990408362542509713e+04 4.398986547478975218e-01 0
14 -4.991873743936521350e+04 7.988165036564964794e-02 3
14 -4.998879987231641280e+04 2.587070588471958033e-01 3
2 -7.946083309636962076e+04 5.768535436276898132e-01 4
1 -4.999127216360850725e+05 6.870438116534137718e-01 4
0 -1.960811411713958951e+05 6.446035273818443434e-01 4
14 -4.995574537380387483e+04 9.994768656825554487e-01 2
14 -4.995549393921370211e+04 9.474238106694512496e-01 0
25 -4.990413160102872644e+04 9.585573969588024879e-01 3
25 -4.990410046043002512e+04 5.862466060858296801e-01 3
12 -5.004725167675383273e+04 5.050656151962534812e-01 0
16 -4.993160630741868954e+04 6.080638035292385002e-01 1
17 -4.991627674908986955e+04 7.956607008316144425e-01 1
18 -4.990781456019538018e+04 3.076736380166806839e-01 1
28 -4.990408484964469244e+04 2.056369803536083896e-01 3
21 -4.990469017766173056e+04 1.856060574091284998e-01 1
26 -4.990408633866895980e+04 4.649795573788223502e-01 3
22 -4.990435126545721869e+04 5.896539894770320700e-01 0
18 -4.990993807948981703e+04 1.574779776977952572e-01 0
29 -4.990408232828415930e+04 4.839297436784105733e-01 1
18 -4.991248314522732107e+04 7.714208711141633534e-01 0
13 -4.996401392807130469e+04 5.005323439000852748e-01 2
27 -4.990408823290701548e+04 1.208065747957970219e-02 1
7 -5.335403854449147184e+04 3.397093285772756488e-01 3
24 -4.990411621747698518e+04 9.324661689333098025e-01 1
24 -4.990416329511236108e+04 9.544720506263359994e-01 1
23 -4.990425476677843108e+04 6.226031222227135231e-01 1
24 -4.990415967962777358e+04 2.333603550708783225e-01 0
23 -4.990419865928011859e+04 8.466724780511158954e-02 0
19 -4.990520326605363516e+04 7.809106551229376691e-01 3
14 -4.993026243640453322e+04 2.338326804760790800e-01 3
24 -4.990416091052185948e+04 3.307668785178555226e-01 0
9 -5.185200302293276764e+04 1.150425978856839393e-01 3
18 -4.991212583953101421e+04 6.163800065852991228e-01 3
29 -4.990408264792295085e+04 9.241725190437350967e-01 0
29 -4.990408026085243182e+04 5.542874450549550858e-01 0
14 -4.997193867605049309e+04 2.661148388975984047e-01 3
14 -4.996419874596867885e+04 4.379256271219741925e-01 3
15 -4.991660002765318495e+04 5.662362470883842702e-01 3
19 -4.990793385304799449e+04 4.970531505631594626e-01 3
24 -4.990414949716946285e+04 2.850758154368313591e-01 3
4 -6.957376254165648425e+04 8.138023718919151772e-02 4
17 -4.991699236235990247e+04 7.389193463981875709e-01 2
1 -2.509592028634179733e+05 5.109280514149042718e-01 4
17 -4.990799418847181369e+04 8.473098741701368120e-02 3
28 -4.990407818726945698e+04 4.656778385749518745e-01 0
15 -4.994561621261141408e+04 7.346906405667518181e-01 1
26 -4.990409433164845541e+04 4.400693640592169831e-01 0
24 -4.990416049158151145e+04 8.017079719937277027e-02 3
25 -4.990412668833731004e+04 7.380418808039657108e-01 3
28 -4.990408116303279530e+04 8.967311030201483568e-01 0
16 -4.991818734678140754e+04 1.816709670992117942e-01 1
27 -4.990409580404094595e+04 1.800844490708479739e-01 0
25 -4.990411791029245069e+04 4.114387573144405730e-01 0
27 -4.990409249005936726e+04 8.429543749094540184e-01 0
0 -4.412949334979920648e+06 2.077289586668177312e-01 4
29 -4.990408194054336491e+04 9.463325025948363667e-01 0
20 -4.990598281676873012e+04 2.976977141136556981e-01 1
21 -4.990427460221426736e+04 7.736745559076765311e-01 1
25 -4.990412406282960728e+04 8.493294369931849719e-01 1
22 -4.990416311610113189e+04 9.752930167086993896e-01 2
5 -6.588963608913503413e+04 1.354765265892700632e-01 4
12 -4.999195784974884009e+04 3.229859630994785791e-01 2
6 -5.916834415889530646e+04 9.027704050018834359e-01 2
2 -8.106796659130688931e+04 5.030373275448027925e-01 4
17 -4.991853733798812027e+04 2.565795364481091023e-01 3
23 -4.990422768910492596e+04 5.715804259647336849e-01 1
21 -4.990420880172711622e+04 2.434079958216114337e-01 0
14 -4.997439015538636158e+04 2.262779580820444281e-01 2
22 -4.990444017411820096e+04 4.980412459094996636e-01 1
2 -1.244634036449676641e+05 8.094325146012271155e-01 0
6 -6.009637060215551901e+04 7.967895048149533643e-01 2
22 -4.990441714886108093e+04 2.441777121277510787e-02 3
20 -4.990604172485324671e+04 4.123907657323965248e-01 1
16 -4.992593036230991129e+04 6.569193115231395375e-01 1
7 -5.400657685411817511e+04 7.545279995638777271e-01 0
16 -4.991424009750789992e+04 8.849047676872228152e-01 1
0 -7.619624174906687811e+06 9.630891191967894116e-01 0
17 -4.991136446507718210e+04 9.594252586865712473e-01 1
10 -5.048854981974547263e+04 3.709539073526073594e-01 1
0 -2.010708739919049433e+06 2.208107562888209641e-01 2
14 -4.994505376914990484e+04 6.109854915544261633e-01 1
12 -5.014819809322531364e+04 6.323357252170581644e-01 0
6 -5.505026033845097118e+04 7.042511442195400484e-01 4
4 -8.522425738208121038e+04 6.711835519970774655e-01 4
10 -5.016423371947866690e+04 8.972934876600419107e-01 0
11 -5.043467816084506921e+04 9.304948595190539740e-01 4
12 -4.992929054327055928e+04 9.415957831679858669e-01 0
8 -5.093266138416064496e+04 8.939239280001793908e-01 4
19 -4.990705283243354643e+04 4.882838409705197447e-01 0
17 -4.991680594990814279e+04 7.990247784620423122e-03 0
20 -4.990543622146143753e+04 5.536370550305138583e-01 1
21 -4.990484873250351666e+04 7.657031316953624156e-01 3
16 -4.992950170999186957e+04 4.150724457529034739e-01 3
3 -1.114758266980802873e+05 8.282141381526849644e-01 2
10 -5.084517546080122702e+04 9.476487396798560781e-02 0
6 -5.504617233854885853e+04 9.743523133194907926e-01 2
8 -5.369842336027625424e+04 7.640144138831225229e-01 0
5 -6.252428175223016297e+04 6.966713050253625639e-01 2
13 -5.002664578194154456e+04 2.155162295139994022e-01 3
9 -5.223666200801239756e+04 5.148980537459564299e-01 0
5 -6.846708385989215458e+04 8.709683092510640823e-02 4
28 -4.990407999393231876e+04 2.524965941030441474e-01 1
8 -5.341682728886418045e+04 2.253023261477075656e-01 4
20 -4.990641940510698623e+04 8.117163011875931922e-01 2
7 -5.378692689067858737e+04 2.563827099938474907e-01 3
13 -4.995625300937690190e+04 9.981754974176370032e-01 4
4 -6.094824521165395709e+04 4.502233709183460775e-01 3
9 -5.220282900376623729e+04 3.486076227535627181e-01 0
9 -5.098911434289651515e+04 6.058259762446558394e-01 3
10 -5.091393072695255250e+04 6.140668391157165784e-01 0
1 -8.181746196694155515e+04 6.556840267994896720e-01 3
14 -4.992470580434535805e+04 4.416519632537684314e-01 1
9 -5.181382758611791360e+04 8.013479701448180670e-01 3
28 -4.990408616580578382e+04 3.616053541427959317e-01 4
27 -4.990409270373370964e+04 8.465977591430742244e-01 4
1 -6.538509887313873041e+05 6.724204520977150601e-01 1
18 -4.991064395377131586e+04 9.679159546890681032e-01 3
0 -5.391261504993937910e+06 4.274424100698133167e-01 1
0 -4.879761646511156112e+06 6.522953567103044747e-01 0
0 -1.076371409820204717e+05 8.876266697553116813e-01 1
27 -4.990408018355006061e+04 7.752456241716639829e-01 4
24 -4.990409583408672188e+04 5.407652844832111505e-02 4
25 -4.990410549585349509e+04 5.664042988008637092e-02 4
1 -1.729142867440945236e+06 5.802121944484649463e-01 1
14 -4.997301746266476403e+04 2.289904524925820972e-01 0
14 -4.999255276663690893e+04 6.410703336044405454e-01 0
28 -4.990408396963705309e+04 5.528438652774204654e-01 2
23 -4.990427193255358725e+04 9.331556634246788162e-01 3
0 -1.025729228903172916e+05 9.939249133557055416e-01 1
0 -3.402432218830789439e+06 8.588337768331497646e-01 1
21 -4.990492869698239519e+04 5.915037341053889230e-01 0
20 -4.990547530188028031e+04 6.790487310821042843e-01 0
29 -4.990408004603569134e+04 2.121253936075464808e-01 2
20 -4.990551632165080810e+04 1.715698461669286357e-01 0
16 -4.990869550333321968e+04 9.839045654682611053e-01 4
14 -4.992281143676814099e+04 2.387275396524977111e-01 4
17 -4.990842242357340729e+04 6.948798713879414390e-02 3
2 -7.492858504517466645e+04 7.488872845058325289e-02 1
2 -9.469938562363109668e+04 2.266547920100059343e-03 0
28 -4.990408240944772115e+04 2.867737806891876851e-01 2
4 -7.375266617523475725e+04 8.756821097836918477e-02 0
28 -4.990407766849805193e+04 2.382960609068730529e-01 3
28 -4.990408829542400781e+04 1.678840346247263970e-01 3
11 -5.035298328859481262e+04 4.977633776706285040e-01 0
11 -5.044137361070344923e+04 2.896947017090004822e-02 0
10 -5.090329689363574289e+04 3.594938365347387643e-01 0
10 -5.101942238606323372e+04 5.248882515566408724e-01 0
1 -2.989038248009495437e+06 8.862563512247297881e-01 1
23 -4.990427602969298459e+04 1.197558948276702534e-01 3
17 -4.991497057240302092e+04 5.476085368295946498e-01 2
8 -5.253886640541148518e+04 6.068829179664552154e-01 4
25 -4.990413738110207487e+04 3.382861382695940833e-01 3
27 -4.990408923964235873e+04 3.379006633243619717e-02 3
0 -2.187993317824213882e+05 7.638044331596817171e-01 1
2 -1.385051667677406222e+05 8.693261190264814919e-01 1
5 -5.783217406531235611e+04 8.243227271436481818e-01 0
3 -8.619198746766890690e+04 4.601441762667900504e-01 0
14 -4.996950001490757131e+04 6.374490620147081898e-01 4
12 -4.999674612539522786e+04 3.750613019125810799e-01 4
6 -5.688313649952469859e+04 5.183864112556413328e-01 0
20 -4.990638447102175996e+04 4.931663035242889181e-01 3
6 -5.615069928254980186e+04 6.564985956691167246e-01 1
20 -4.990486293711919279e+04 6.102497023269850551e-01 3
5 -5.099979219454028498e+04 4.585657806513576129e-01 2
21 -4.990494151798863459e+04 7.924646130283574674e-01 3
20 -4.990481414499515813e+04 8.035363398828536674e-01 3
26 -4.990408510349789867e+04 5.530489124232519371e-01 4
22 -4.990449239309148834e+04 2.692507447244421037e-01 3
27 -4.990408655408264895e+04 4.746383088734269506e-01 4
23 -4.990421577974196407e+04 1.243862744715277524e-01 0
24 -4.990416657592638512e+04 3.594559124018896767e-01 1
26 -4.990410560358040675e+04 3.593759962267784047e-01 3
22 -4.990451494456723594e+04 3.402455642041135597e-01 0
4 -7.027291930050768133e+04 4.966700912208523722e-01 2
29 -4.990408032836542407e+04 7.982348425875298581e-01 1
22 -4.990416649277963006e+04 4.289104909536023413e-01 0
29 -4.990407953411839844e+04 5.845229081679533811e-01 1
21 -4.990437928295688471e+04 2.004958165872128273e-01 4
18 -4.990655305523730931e+04 3.922492514451577095e-01 3
21 -4.990425290573341772e+04 6.117680138491196074e-01 4
21 -4.990497672710700863e+04 2.377938207117631930e-01 3
24 -4.990416717587265885e+04 2.396954287978843579e-01 3
18 -4.990962333374092850e+04 4.581534935694433486e-01 0
21 -4.990454581788032374e+04 4.370195791728024859e-01 3
15 -4.995417497353340150e+04 6.663676117705703561e-01 0
14 -4.994184038832734223e+04 9.799920171271302438e-01 1
9 -5.213883816400891374e+04 4.673082324279476674e-01 0
10 -5.050952273811794294e+04 4.582769201006056115e-01 1
0 -1.193210214127288666e+06 1.792314133651380370e-01 0
13 -4.992365369165996526e+04 5.537900033814130429e-01 2
1 -1.357353784443324432e+06 7.272637258257946824e-01 1
22 -4.990441693491913611e+04 2.484188514139291648e-01 4
4 -6.880518176890522591e+04 1.676048365260018880e-01 1
1 -5.899966002910519019e+05 2.137045072541443602e-01 1
9 -5.245637881982159161e+04 4.290653405109213225e-01 2
18 -4.991010130304905033e+04 9.283092193587336727e-01 3
8 -5.214920191865372180e+04 9.475185168508040157e-01 2
8 -5.407715490596699237e+04 8.797570611461896783e-01 4
16 -4.992441522873403301e+04 4.512848950225838984e-01 3
20 -4.990631123908358859e+04 3.616775618289087002e-01 3
1 -1.825107541983356932e+06 6.116317710303522670e-01 2
11 -5.032016799862684275e+04 2.291151841590952642e-01 4
7 -5.516374770747146249e+04 3.129551636456717745e-02 2
6 -5.850637329217862134e+04 5.879597009177524036e-01 0
15 -4.991275161914073396e+04 4.352192685502382363e-01 3
15 -4.991977088531813206e+04 5.018799659858661499e-01 3
13 -5.002944743560741335e+04 6.732914706188855014e-01 1
11 -5.026050382614690170e+04 5.099329293163576970e-01 1
18 -4.990930608951360045e+04 3.346692970089364394e-01 4
14 -4.995373371632379713e+04 9.050089308106679109e-01 4
15 -4.993992762319852773e+04 4.044895532291302165e-01 1
12 -5.010524155471985432e+04 5.120636280903578808e-01 0
13 -5.006683034732933447e+04 7.524139811389218835e-01 1
28 -4.990408639305996621e+04 2.771762332424039244e-01 3
28 -4.990408641304710181e+04 9.892516700112030659e-01 3
6 -5.455330364034169179e+04 8.445793660405253034e-01 0
9 -5.243154734680080583e+04 2.328032396161797968e-01 0
6 -5.895472363046409737e+04 4.420185823218751864e-01 2
0 -8.585844840209458023e+06 4.805420914424770595e-01 1
29 -4.990408172495799226e+04 2.599296894035596495e-01 4
7 -5.575985104221748770e+04 5.574039611171884012e-02 1
13 -5.002460013013614662e+04 5.158566266189710259e-01 0
25 -4.990408726246261358e+04 7.654645084045200720e-01 4
24 -4.990409488004966988e+04 7.556117811092371017e-01 3
21 -4.990487904911806254e+04 3.355226985477068880e-01 2
27 -4.990408879906775837e+04 4.894495834280986751e-02 2
24 -4.990412900180972065e+04 5.666072085666291613e-01 0
3 -1.099888676549846423e+05 4.776457217870255789e-01 1
25 -4.990409843530364742e+04 6.964899674682039077e-01 0
22 -4.990435142250353238e+04 9.196648148485291330e-01 0
28 -4.990408343192852772e+04 3.239606351377326277e-02 2
20 -4.990535510128563328e+04 4.892946669521602843e-02 3
19 -4.990543826668593101e+04 5.461957184348698036e-02 0
25 -4.990412006366404239e+04 3.155252408341142623e-01 2
20 -4.990533679492327792e+04 8.609160512993000447e-01 1
19 -4.990880618475588562e+04 2.948564275476948104e-01 0
17 -4.991492048568390601e+04 2.593187237782416665e-01 0
16 -4.991204328718351462e+04 2.946369871341696922e-01 1
23 -4.990415376400965761e+04 2.459006226902396008e-01 3
29 -4.990408094560161408e+04 7.645328958341437442e-01 4
9 -5.087363701932624099e+04 9.940736296117738124e-01 1
15 -4.995362774124716816e+04 1.825753293546289457e-01 0
28 -4.990407947025753674e+04 7.112884054867487649e-01 3
21 -4.990495815197828051e+04 5.572576280347090183e-01 2
3 -9.347306508599914378e+04 3.518916571655059111e-01 0
22 -4.990455517067791516e+04 7.279019996632815070e-01 4
24 -4.990416814885262283e+04 5.242523889024764960e-01 4
19 -4.990639231291855685e+04 8.962544169164888830e-01 2
27 -4.990408493542926590e+04 4.242220421681273113e-01 3
11 -5.029709850472860853e+04 1.390556543860044236e-02 0
27 -4.990409501620467927e+04 8.719912232242679195e-01 3
10 -5.099617385322159680e+04 8.246588304199082842e-01 1
15 -4.994652618925625575e+04 3.226133326772733234e-01 0
16 -4.993644512299584312e+04 3.991054476010980068e-02 3
11 -5.015916494562003936e+04 8.180068324806132329e-01 0
23 -4.990423310617292009e+04 8.925332162421328874e-01 4
0 -1.333065813126828521e+06 2.320757045541915753e-01 0
8 -5.095517725233459350e+04 8.441731638999507847e-01 3
4 -8.181343487239388924e+04 3.610652261950382247e-01 0
0 -4.106636444116740488e+06 2.610534309144535436e-01 1
21 -4.990413627188817190e+04 8.645145131897924440e-01 4
0 -2.742646755079295021e+06 8.417974448976783819e-02 0
4 -8.632626514386563213e+04 2.141798302345137017e-01 1
20 -4.990559983701055171e+04 8.880301349643744402e-01 3
23 -4.990426533569091407e+04 6.677825232478554751e-01 4
12 -5.007098611873740447e+04 6.365196630118973298e-01 3
11 -5.045824436308068107e+04 1.002293133709368789e-01 0
9 -5.096955040490085230e+04 2.482314254344724080e-01 1
5 -5.223835533328195743e+04 4.086287563980071091e-01 3
10 -5.101436395476548932e+04 6.921362021034376255e-01 2
4 -7.831106135557225207e+04 1.046144544554400424e-01 1
23 -4.990416175658845168e+04 3.432103346852733439e-01 0
6 -5.764371359823979583e+04 2.078518101907548404e-02 3
6 -5.552378506177636882e+04 1.206286598306539753e-01 2
3 -1.093829067072403559e+05 5.481020002660360602e-01 2
1 -2.217046509049692540e+05 9.128759269080192196e-01 2
4 -6.504641967579079210e+04 2.922545453397295545e-01 3
1 -7.787379846617748262e+05 1.005932703434764264e-01 1
25 -4.990413230315681722e+04 4.903718377565755016e-01 4
9 -5.195495596310925612e+04 9.596500120605240269e-01 3
13 -4.997315789496276557e+04 5.054501080422906245e-01 0
14 -4.999199988319221302e+04 1.460551916372151982e-01 3
18 -4.991021380924909317e+04 6.936439949123914817e-01 4
21 -4.990430816082081583e+04 1.472113410446424520e-01 4
23 -4.990427336033318716e+04 6.512599430445838999e-01 3
3 -9.985557215265829291e+04 4.807924072972147300e-02 2
10 -5.097463287824473082e+04 6.087268176617838256e-01 0
12 -4.993524295539531158e+04 1.371557521519455591e-01 1
12 -4.998069595969255897e+04 3.727183562433378228e-01 4
2 -2.466174622276501032e+05 7.200077070655837019e-01 0
12 -4.993926089331979165e+04 7.575610964982039397e-02 1
11 -5.000412307508489175e+04 6.593461683554444619e-01 2
18 -4.991000415016950137e+04 1.068081780814093273e-01 4
20 -4.990624530842075183e+04 4.072481103469378638e-01 4
27 -4.990409239872217586e+04 1.090860460409428523e-01 3
10 -5.017762643878466042e+04 5.497511363826272923e-01 1
27 -4.990409153523166606e+04 9.441582325198961956e-02 3
28 -4.990408435070197447e+04 5.837500476829120544e-01 3
24 -4.990416399538290716e+04 9.052005661155817506e-01 4
1 -1.189913510909314035e+06 7.955643907956804206e-01 2
9 -5.146459500609292445e+04 3.539185137012266780e-01 0
7 -5.550572985479090130e+04 8.394880820606847038e-01 2
11 -5.006180245258814830e+04 8.112819224677032537e-01 0
14 -4.995885993826044432e+04 1.946545565737970440e-01 0
5 -5.101084054556339834e+04 2.604687976921688519e-01 2
14 -4.998027944194433803e+04 9.456149810265297440e-01 0
27 -4.990409627119587822e+04 5.393909752007074454e-01 3
7 -5.574519310045928432e+04 3.292027962722150480e-01 2
14 -4.998581710411161475e+04 5.041285274253495263e-01 1
18 -4.991037861520069418e+04 8.266321714738537052e-01 0
29 -4.990408245894080756e+04 8.944802970333031178e-01 3
29 -4.990408257116778987e+04 5.534888205683580198e-02 3
18 -4.990647667250991799e+04 7.896392266013887440e-01 0
18 -4.991182175152814307e+04 7.766159193372458303e-01 0
6 -5.116380500115948234e+04 2.399366012310650831e-01 1
22 -4.990456742447145371e+04 5.942649306014260446e-01 4
21 -4.990467957410718373e+04 9.702161621694500582e-01 3
8 -5.230006830860210175e+04 2.793622841205873897e-01 1
22 -4.990457004536337627e+04 4.324904358644081626e-01 3
24 -4.990417783513966424e+04 4.531900414527484933e-01 0
5 -5.660690838120837725e+04 2.678848490214676970e-01 2
15 -4.992873931850949157e+04 5.582695849155214773e-01 1
21 -4.990440995717933401e+04 4.288591076130625623e-01 2
21 -4.990468811606453528e+04 9.558006187497227746e-01 1
21 -4.990517718160798540e+04 1.981772935094404664e-01 1
23 -4.990411819975174149e+04 4.618151954528331160e-01 1
23 -4.990424715072980325e+04 6.550783094132404116e-01 1
26 -4.990409628731867269e+04 9.639568358948089610e-01 4
27 -4.990409602933111455e+04 9.275779287715479882e-01 4
11 -5.017189255517964193e+04 9.067310749289205773e-01 3
7 -5.453087629570781428e+04 1.007457134950442423e-01 3
0 -8.879742340157356113e+06 2.043155055790011332e-01 3
26 -4.990410334831866203e+04 7.744308697608756065e-01 1
