0.000000000000000000e+00
0.000000000000000000e+00
0.000000000000000000e+00
0.000000000000000000e+00
0.000000000000000000e+00
0.000000000000000000e+00
0.000000000000000000e+00
0.000000000000000000e+00
0.000000000000000000e+00
0.000000000000000000e+00
0.000000000000000000e+00
0.000000000000000000e+00
0.000000000000000000e+00
0.000000000000000000e+00
0.000000000000000000e+00
0.000000000000000000e+00
0.000000000000000000e+00
0.000000000000000000e+00
0.000000000000000000e+00
0.000000000000000000e+00
0.000000000000000000e+00
2.590991748803053804e-35
0.000000000000000000e+00
0.000000000000000000e+00
0.000000000000000000e+00
1.543437018884535993e-192
1.155581833333971349e-67
1.307380809493469780e-48
4.553440015307262924e-227
6.904118177748407391e-76
0.000000000000000000e+00
0.000000000000000000e+00
0.000000000000000000e+00
0.000000000000000000e+00
0.000000000000000000e+00
6.509351577168294875e-23
2.262431770060295783e-27
0.000000000000000000e+00
4.916075898924603175e-212
0.000000000000000000e+00
7.010227812931888458e-01
0.000000000000000000e+00
0.000000000000000000e+00
2.351927433676317371e-45
0.000000000000000000e+00
0.000000000000000000e+00
0.000000000000000000e+00
0.000000000000000000e+00
0.000000000000000000e+00
9.257979113181843411e-01
0.000000000000000000e+00
0.000000000000000000e+00
0.000000000000000000e+00
0.000000000000000000e+00
4.082327222946851899e-11
0.000000000000000000e+00
5.589454526366278860e-233
0.000000000000000000e+00
0.000000000000000000e+00
2.963843730506052089e-73
8.721530224140941125e-132
0.000000000000000000e+00
0.000000000000000000e+00
0.000000000000000000e+00
0.000000000000000000e+00
1.467738504677141230e-240
0.000000000000000000e+00
1.140293350018982847e-103
0.000000000000000000e+00
2.130896800286732895e-03
9.486425256299825718e-25
0.000000000000000000e+00
3.802291864073015781e-01
0.000000000000000000e+00
1.015179083005756239e-01
9.839942248208267961e-02
0.000000000000000000e+00
3.101721519676378103e-01
4.531898775271864244e-01
4.237250038273351904e-05
2.464948284556889302e-02
2.673927284803374042e-05
1.371798725216405819e-11
0.000000000000000000e+00
2.459043990632206467e-02
0.000000000000000000e+00
0.000000000000000000e+00
0.000000000000000000e+00
3.239254615138199633e-25
1.732407788332211290e-298
7.851124158439340972e-01
0.000000000000000000e+00
2.467328613480648108e-02
0.000000000000000000e+00
6.791366593829965968e-60
2.423249203676140426e-02
9.110908879198150501e-11
0.000000000000000000e+00
4.922089235692396307e-03
9.277075105691421240e-09
6.211356134255383576e-01
2.454120184600801918e-02
1.517450198924200945e-03
0.000000000000000000e+00
2.428799320641692600e-02
5.143037402026626984e-06
2.743052030819792628e-04
2.449479190859373684e-02
2.743009234668119709e-04
0.000000000000000000e+00
2.800643637152855673e-21
4.929779513447251314e-03
7.911680264331608884e-05
2.742847378992019922e-04
7.911777308369129648e-05
0.000000000000000000e+00
2.742188019578868262e-04
7.447272199384945665e-13
1.260525886714862232e-05
2.649261543966042045e-29
3.165625747382064117e-39
5.107481092635677289e-01
1.508371447362040051e-14
2.181399728922130132e-01
3.248630444488502245e-01
1.105345008654176316e-03
8.437630554838688882e-04
2.742751962835065236e-04
6.060860427671063144e-01
3.028989221391765676e-05
3.028966120847906973e-05
3.028964891244167860e-05
9.815995235552921194e-02
2.433651709600365837e-02
0.000000000000000000e+00
0.000000000000000000e+00
0.000000000000000000e+00
0.000000000000000000e+00
0.000000000000000000e+00
0.000000000000000000e+00
2.742069971006881319e-04
7.911507865828205379e-05
2.617517717332963738e-313
3.028961412056032759e-05
0.000000000000000000e+00
0.000000000000000000e+00
1.260538885721607744e-05
1.260531217529462098e-05
0.000000000000000000e+00
2.742767341052647508e-04
2.742861104738095125e-04
3.241503104352507214e-01
0.000000000000000000e+00
1.007895377566256610e-41
5.558871710417987397e-19
8.009114667023490286e-01
1.260534969478287475e-05
2.742518711939179372e-04
1.012863194732005999e-02
1.103998904608410765e-13
3.242368818150263010e-01
3.029001438532715089e-05
7.120251063264061172e-10
2.455646734380178761e-02
3.622905476061322738e-01
2.446314297272296490e-02
1.046066110126594312e-01
0.000000000000000000e+00
0.000000000000000000e+00
1.517981175799239160e-03
3.413054654023149892e-01
1.105035406666636001e-03
3.268672849784362011e-01
0.000000000000000000e+00
2.741869726131433921e-04
4.930918371493865464e-03
1.203107056586390222e-02
0.000000000000000000e+00
1.260529320664135340e-05
2.741840864256375504e-04
7.911605196926380524e-05
3.028945708721875318e-05
6.869784210614098072e-34
1.260545833132795040e-05
7.911654131144360569e-05
4.929269434362519055e-03
8.372868635941307727e-88
2.470706022009684644e-01
3.856027217423832852e-48
2.742391005837079899e-04
2.741943301705143665e-04
2.742003421622159296e-04
3.028945781424068772e-05
0.000000000000000000e+00
1.104835074852518690e-03
2.742534987235902759e-04
1.010111042269350723e-01
0.000000000000000000e+00
0.000000000000000000e+00
1.029460470456474708e-01
3.620554814275750988e-01
0.000000000000000000e+00
0.000000000000000000e+00
0.000000000000000000e+00
4.928097547479225356e-03
1.204817247065510973e-02
5.316764484623344167e-01
0.000000000000000000e+00
2.269253598706785931e-14
0.000000000000000000e+00
2.124031836741416254e-65
2.742046689040593724e-04
0.000000000000000000e+00
0.000000000000000000e+00
0.000000000000000000e+00
0.000000000000000000e+00
0.000000000000000000e+00
0.000000000000000000e+00
0.000000000000000000e+00
2.899968258503338756e-12
4.798377859601701205e-14
1.614388106170186449e-68
2.207371701384976820e-02
0.000000000000000000e+00
5.718767872170483768e-01
3.028976535258564681e-05
1.260534245768253618e-05
0.000000000000000000e+00
7.911320353265702287e-05
0.000000000000000000e+00
1.518493846791106302e-03
0.000000000000000000e+00
4.930248578661105933e-03
5.545591858825950071e-01
2.935649035528890336e-06
7.846000115295597155e-01
8.217446886120532978e-01
9.850212857668899646e-02
1.105397285224747183e-03
7.911325132683033211e-05
1.674677513173216438e-12
3.109835537307862330e-01
1.104933065725081411e-03
1.104962145406521374e-03
7.911805847004096687e-05
2.436414879079403309e-02
0.000000000000000000e+00
1.260529096946929013e-05
3.210914715135396169e-01
0.000000000000000000e+00
1.104819258075926238e-03
3.438683250704457350e-01
0.000000000000000000e+00
1.260543769596346153e-05
0.000000000000000000e+00
1.562183077604517946e-45
2.379702712272490854e-198
0.000000000000000000e+00
4.340071578462810698e-05
1.104672158822106627e-03
0.000000000000000000e+00
0.000000000000000000e+00
1.533099937267576828e-145
0.000000000000000000e+00
3.028940665467723148e-05
1.260548483913336662e-05
0.000000000000000000e+00
3.028957583634967688e-05
0.000000000000000000e+00
0.000000000000000000e+00
0.000000000000000000e+00
7.911821587518748746e-05
0.000000000000000000e+00
7.562202376785013353e-270
0.000000000000000000e+00
1.003773302678218488e-01
0.000000000000000000e+00
2.464071063717498608e-02
3.361683134699284814e-01
0.000000000000000000e+00
2.454678934620368666e-02
2.442196631024243572e-02
2.112388960541983773e-01
2.244412587447094974e-04
0.000000000000000000e+00
0.000000000000000000e+00
0.000000000000000000e+00
4.875508523516142044e-219
0.000000000000000000e+00
1.663549232333219786e-26
0.000000000000000000e+00
1.518542368060898061e-03
0.000000000000000000e+00
0.000000000000000000e+00
0.000000000000000000e+00
0.000000000000000000e+00
9.648399420511695698e-22
0.000000000000000000e+00
4.293196099465256266e-01
7.196976459014742377e-11
3.666947111087680826e-08
0.000000000000000000e+00
0.000000000000000000e+00
1.203338645577006934e-02
2.741965975168325501e-04
0.000000000000000000e+00
1.207288396603011134e-02
1.518416966309388272e-03
0.000000000000000000e+00
0.000000000000000000e+00
2.045278014597784878e-30
9.581535231058912250e-14
2.741782503567796086e-04
0.000000000000000000e+00
2.450453231043695293e-02
7.911750106660367658e-05
3.028939803367997096e-05
0.000000000000000000e+00
3.679781475569629534e-01
6.806315310455810508e-01
1.783540984940230480e-12
0.000000000000000000e+00
0.000000000000000000e+00
1.260527163122331298e-05
0.000000000000000000e+00
2.742691526062708812e-04
2.742141572539539456e-04
5.373449838356428865e-01
1.105218500503121629e-03
1.105499311388306221e-03
1.260544368898173630e-05
4.931299303691098410e-03
1.260529676932206381e-05
2.742029238247131544e-04
2.741814947927719904e-04
1.030817411450824228e-01
0.000000000000000000e+00
9.989194781668292444e-02
1.044574121424229757e-01
2.742952733459802657e-04
1.105247670576778307e-03
1.207528569082602470e-02
7.032920257237258443e-01
2.458325238064642745e-02
1.260530850290612701e-05
1.029678384219470666e-01
4.062059603013477710e-11
3.390541686338622570e-46
0.000000000000000000e+00
0.000000000000000000e+00
0.000000000000000000e+00
0.000000000000000000e+00
0.000000000000000000e+00
0.000000000000000000e+00
0.000000000000000000e+00
0.000000000000000000e+00
0.000000000000000000e+00
9.083705127917426204e-91
6.877572631360997502e-01
3.245684611710842660e-76
0.000000000000000000e+00
7.616487853906207279e-299
5.448260458326522582e-64
8.439462665579449318e-59
1.260541321429637801e-05
2.742827024668531739e-04
0.000000000000000000e+00
0.000000000000000000e+00
0.000000000000000000e+00
6.874156286733981975e-10
0.000000000000000000e+00
1.260545581435605778e-05
0.000000000000000000e+00
0.000000000000000000e+00
0.000000000000000000e+00
0.000000000000000000e+00
3.408761767908145082e-54
7.670872365009613336e-01
9.985402352502412149e-02
1.905692384737535217e-09
3.194272907783721194e-01
1.105179004871749892e-03
2.424827635743166329e-02
1.200604375886481744e-02
1.057927775892729266e-01
0.000000000000000000e+00
0.000000000000000000e+00
3.803826437456910847e-01
1.518263448025808024e-03
0.000000000000000000e+00
2.422381794157672449e-02
2.426498733605830099e-02
0.000000000000000000e+00
3.234756932873965556e-14
0.000000000000000000e+00
4.591750055034485090e-91
2.203327738079471491e-86
5.332143045939274906e-01
4.712989267005644144e-76
2.025646393844574011e-03
0.000000000000000000e+00
0.000000000000000000e+00
0.000000000000000000e+00
0.000000000000000000e+00
3.854067616043250783e-03
2.435652999571052621e-02
0.000000000000000000e+00
0.000000000000000000e+00
0.000000000000000000e+00
0.000000000000000000e+00
0.000000000000000000e+00
0.000000000000000000e+00
1.105091670832446553e-03
7.092702018386202794e-18
1.635844794553881994e-12
1.205100255325322499e-67
1.616845711153099012e-12
6.712788526431055426e-10
0.000000000000000000e+00
0.000000000000000000e+00
2.742510773431954744e-04
0.000000000000000000e+00
7.857132621294667940e-01
1.203235018223327776e-02
0.000000000000000000e+00
4.819502220212680821e-01
2.445726476571559446e-23
0.000000000000000000e+00
4.343749943284617165e-01
7.911511906145725760e-05
2.493221567823682010e-25
1.452681954197625971e-06
1.518242212760807612e-03
0.000000000000000000e+00
9.462553486892482236e-05
7.911528323236212835e-05
3.028952484487860121e-05
3.028991781000791669e-05
2.742323286623757567e-04
0.000000000000000000e+00
3.028961546995597299e-05
0.000000000000000000e+00
0.000000000000000000e+00
0.000000000000000000e+00
0.000000000000000000e+00
1.260534935257905514e-05
1.071788354390025705e-01
0.000000000000000000e+00
0.000000000000000000e+00
1.023480726498989662e-01
3.028972629093480774e-05
1.260530259247327830e-05
1.260535187218945539e-05
6.212866819208826552e-01
3.456566502032525912e-01
3.028957492709351314e-05
1.260539304281509515e-05
1.260529282165375225e-05
7.911349979862849525e-05
3.814701200161708661e-01
9.965187600444028182e-02
3.685836801697542353e-01
0.000000000000000000e+00
1.104833252603840132e-03
1.260548196254547085e-05
2.419731379620666811e-02
2.742185484884865181e-04
7.911461693387463444e-05
0.000000000000000000e+00
3.028965389749532520e-05
1.517662863187974791e-03
1.204888218005704774e-02
1.204332932976602023e-02
2.459290892196244055e-02
2.527618938999577902e-01
1.034785787333096785e-01
3.792779947425309829e-160
6.842006290948767855e-186
0.000000000000000000e+00
0.000000000000000000e+00
2.052715557350297512e-62
0.000000000000000000e+00
0.000000000000000000e+00
0.000000000000000000e+00
0.000000000000000000e+00
3.396492684125449713e-201
0.000000000000000000e+00
0.000000000000000000e+00
0.000000000000000000e+00
3.821445391718512052e-01
7.501670594326253772e-22
2.641614839578677598e-01
4.221713834440662603e-69
0.000000000000000000e+00
1.104672051303834997e-03
0.000000000000000000e+00
0.000000000000000000e+00
1.518159152975144316e-03
0.000000000000000000e+00
0.000000000000000000e+00
0.000000000000000000e+00
1.792994185283939775e-195
0.000000000000000000e+00
3.061566134053328590e-126
0.000000000000000000e+00
0.000000000000000000e+00
2.042133233942849272e-07
0.000000000000000000e+00
0.000000000000000000e+00
2.083402166351625284e-01
4.925797252449320984e-03
0.000000000000000000e+00
2.480400695782645071e-52
1.033119214006844588e-01
0.000000000000000000e+00
3.434122233237449362e-01
1.003095333059419031e-01
0.000000000000000000e+00
4.924430729278618003e-03
9.812772739324979177e-02
3.418480108329426947e-01
4.923341601382084237e-03
1.645647322462449181e-11
7.911299714671332802e-05
2.742735950231575985e-04
2.742070206952097592e-04
1.260530008989744416e-05
1.260546191242161887e-05
1.557466443247805780e-26
5.074388323362437614e-01
2.741820246424840559e-04
1.517874979552596808e-03
1.260541941831974517e-05
2.742493290067872101e-04
3.028999051774635705e-05
1.105022843553021914e-03
1.260539326921679690e-05
1.260527208687700267e-05
7.911543598102735301e-05
2.741727482854842924e-04
2.742495004149742791e-04
1.260531643628145142e-05
4.085040324992999811e-04
0.000000000000000000e+00
3.435055553268248917e-68
1.105397175222046224e-03
3.568136597650561348e-01
0.000000000000000000e+00
0.000000000000000000e+00
2.422197719403569247e-02
2.742908284410429300e-04
0.000000000000000000e+00
4.173205793689811934e-03
0.000000000000000000e+00
0.000000000000000000e+00
0.000000000000000000e+00
1.215395147383060266e-154
0.000000000000000000e+00
0.000000000000000000e+00
1.012350443803960581e-01
0.000000000000000000e+00
0.000000000000000000e+00
1.518133385117950186e-03
0.000000000000000000e+00
0.000000000000000000e+00
7.911655166405263452e-05
0.000000000000000000e+00
4.338041723857689446e-05
0.000000000000000000e+00
1.247356955822314815e-12
1.198398368872343953e-02
0.000000000000000000e+00
0.000000000000000000e+00
0.000000000000000000e+00
2.448393736450926381e-02
4.923591114258507595e-01
0.000000000000000000e+00
4.931256453447455980e-03
0.000000000000000000e+00
3.905371296884075916e-01
1.991138026195394063e-228
0.000000000000000000e+00
1.202535450379883103e-02
0.000000000000000000e+00
4.962976243945738704e-37
1.563029206368652582e-34
1.787812678534330183e-04
3.129339861938583954e-03
1.757814772299582874e-20
0.000000000000000000e+00
0.000000000000000000e+00
6.439795376199330956e-01
0.000000000000000000e+00
1.198873335736183078e-02
1.302055182060669790e-17
3.284023499617553016e-07
0.000000000000000000e+00
1.368686767596901641e-33
0.000000000000000000e+00
0.000000000000000000e+00
1.201727557912644039e-02
0.000000000000000000e+00
0.000000000000000000e+00
1.517695250309781044e-03
0.000000000000000000e+00
3.232774617465068445e-01
0.000000000000000000e+00
0.000000000000000000e+00
0.000000000000000000e+00
1.285497322343599064e-02
3.546714920762371603e-01
0.000000000000000000e+00
0.000000000000000000e+00
0.000000000000000000e+00
0.000000000000000000e+00
1.020814628955950126e-01
0.000000000000000000e+00
7.911609815047263245e-05
7.911623141464824670e-05
0.000000000000000000e+00
1.518443552986648839e-03
2.742845679240935139e-04
7.911428400615897849e-05
0.000000000000000000e+00
7.911502215058612464e-05
6.424872681189695892e-78
6.285846102594884188e-01
3.541869057322613333e-13
7.409702890369536794e-51
1.200851174030547613e-02
1.203710470735755433e-02
0.000000000000000000e+00
0.000000000000000000e+00
6.665778923300460507e-08
9.724868130076072325e-228
2.451217266666809794e-02
1.260535621579145629e-05
7.911854393019779547e-05
1.386131786732500848e-27
1.260531941698629147e-05
3.252416740816173441e-83
7.264920128346760738e-06
0.000000000000000000e+00
1.260542839363058768e-05
3.627246366397501069e-09
0.000000000000000000e+00
0.000000000000000000e+00
0.000000000000000000e+00
2.741990754011386019e-04
0.000000000000000000e+00
6.538567134050523588e-01
0.000000000000000000e+00
0.000000000000000000e+00
3.660174393703782281e-01
0.000000000000000000e+00
0.000000000000000000e+00
0.000000000000000000e+00
0.000000000000000000e+00
1.260542679256904630e-05
0.000000000000000000e+00
0.000000000000000000e+00
0.000000000000000000e+00
0.000000000000000000e+00
1.203654440829587599e-02
2.742282775806377331e-04
0.000000000000000000e+00
0.000000000000000000e+00
3.263468250879530601e-08
0.000000000000000000e+00
1.105498193227607640e-03
7.142117003214631943e-01
7.848410091175963554e-01
5.230625652918868829e-01
9.673626663115561257e-13
1.000000000000000000e+00
0.000000000000000000e+00
4.926939361887594515e-03
1.198563988593019485e-02
1.203835998128859053e-02
1.104739620762153901e-03
0.000000000000000000e+00
7.725666008970664423e-168
0.000000000000000000e+00
1.260529869382514187e-05
1.260543184600298341e-05
8.383172208157520863e-46
1.260544770425811199e-05
0.000000000000000000e+00
3.028985690621487748e-05
2.742914648780845613e-04
0.000000000000000000e+00
1.674364413201378067e-40
1.565358923940115056e-45
0.000000000000000000e+00
7.911327245715111894e-05
0.000000000000000000e+00
1.517955291820854676e-03
0.000000000000000000e+00
1.105012575306408033e-03
2.467281503619604341e-02
0.000000000000000000e+00
0.000000000000000000e+00
9.738144292034307037e-139
2.120019517122001517e-36
1.325471997240582791e-14
7.144260763228732535e-04
0.000000000000000000e+00
0.000000000000000000e+00
1.260535939088643090e-05
9.496285971184767178e-32
0.000000000000000000e+00
1.260530631640425905e-05
6.656908113044804898e-01
2.388389848744784861e-05
1.568738982768558277e-02
1.260543540403386410e-05
0.000000000000000000e+00
2.742578788249759266e-04
2.820331010179670876e-11
0.000000000000000000e+00
0.000000000000000000e+00
0.000000000000000000e+00
0.000000000000000000e+00
7.911637297880373210e-05
0.000000000000000000e+00
7.911535453253531851e-05
0.000000000000000000e+00
0.000000000000000000e+00
2.742068393310030661e-04
2.742480377863040276e-04
0.000000000000000000e+00
0.000000000000000000e+00
0.000000000000000000e+00
0.000000000000000000e+00
0.000000000000000000e+00
1.518707715905539060e-03
0.000000000000000000e+00
1.202301126868707964e-02
8.993949033225353365e-09
1.562626413733564238e-03
7.016891304138166445e-13
5.592636241268924557e-01
4.433499876111149389e-43
4.794474980831729104e-68
2.450549038977213601e-02
2.465743074646687891e-02
0.000000000000000000e+00
1.199884910428874150e-02
2.743073049252478133e-04
1.825406436618622643e-199
3.282528668670767556e-12
5.404079132880272935e-28
7.911436882503010274e-05
1.206831463308666481e-02
1.014174370332890809e-07
1.027770911023752343e-01
2.842332012088062965e-01
1.287936750489917874e-04
0.000000000000000000e+00
5.260250845952916254e-01
1.517524333152538022e-03
1.067848972765814142e-01
2.742852122066242689e-04
1.124988061756768503e-45
2.399608065106832835e-05
0.000000000000000000e+00
3.101212682569655654e-01
0.000000000000000000e+00
0.000000000000000000e+00
0.000000000000000000e+00
2.466058471231130297e-02
0.000000000000000000e+00
0.000000000000000000e+00
0.000000000000000000e+00
0.000000000000000000e+00
1.652857675870370092e-09
0.000000000000000000e+00
0.000000000000000000e+00
0.000000000000000000e+00
0.000000000000000000e+00
0.000000000000000000e+00
1.518314267360258924e-03
5.511635068700771790e-37
5.946131017777067103e-237
8.898148155640944268e-48
0.000000000000000000e+00
1.104676468605843981e-03
0.000000000000000000e+00
0.000000000000000000e+00
2.742000334878920897e-04
0.000000000000000000e+00
0.000000000000000000e+00
1.965511856030886101e-02
1.035779944604599406e-01
0.000000000000000000e+00
0.000000000000000000e+00
5.171455502328282785e-66
0.000000000000000000e+00
1.000533989015431890e-01
0.000000000000000000e+00
0.000000000000000000e+00
1.031867321066878701e-01
1.063137548595594895e-01
0.000000000000000000e+00
1.104918155765336916e-03
0.000000000000000000e+00
1.785148955882981732e-14
0.000000000000000000e+00
0.000000000000000000e+00
1.392552932920436181e-14
1.517927046999221650e-03
0.000000000000000000e+00
0.000000000000000000e+00
0.000000000000000000e+00
8.914411187768475160e-20
9.717277673101749266e-44
0.000000000000000000e+00
0.000000000000000000e+00
1.219687153325050739e-164
3.057114980587817277e-01
3.296979067185097883e-04
3.641000312636551306e-233
3.064694858758123530e-01
0.000000000000000000e+00
0.000000000000000000e+00
2.685876508517623527e-07
9.665674023309238049e-26
7.911518180490042975e-05
0.000000000000000000e+00
3.028996295605987631e-05
0.000000000000000000e+00
1.260536331450011637e-05
7.911763297092312057e-05
0.000000000000000000e+00
0.000000000000000000e+00
1.105314726309854960e-03
0.000000000000000000e+00
5.761339172134863388e-29
1.260544110172341565e-05
0.000000000000000000e+00
0.000000000000000000e+00
1.260531325627903897e-05
0.000000000000000000e+00
0.000000000000000000e+00
0.000000000000000000e+00
3.799370527075107742e-137
1.682122007024366584e-25
2.742661300586608959e-04
4.925232345657528515e-03
1.518147061200617130e-03
0.000000000000000000e+00
9.041780889308178443e-03
1.260530540569057353e-05
2.743036358263861631e-04
5.466871857782445630e-96
3.237674783236700882e-01
7.911473026626288118e-05
9.885924961705989944e-02
1.203412152574887158e-02
1.260534198606772863e-05
1.104771888824303489e-03
2.742174000136548434e-04
2.436368041175424048e-02
3.635517356698598213e-01
1.260537955495363945e-05
2.447791031471538079e-02
1.260531468146123447e-05
4.925141554520955263e-03
1.655266111160036413e-02
1.260530448000437279e-05
1.104712921630145563e-03
1.260537505492165653e-05
2.742584450866365352e-04
9.907863698200931879e-02
2.741904475091935496e-04
2.742128266854006050e-04
2.452600722379894363e-02
0.000000000000000000e+00
1.104926997906448011e-03
8.057579441434073800e-04
5.953299186857430314e-01
0.000000000000000000e+00
0.000000000000000000e+00
0.000000000000000000e+00
0.000000000000000000e+00
1.517564132881847778e-03
1.198867994316287627e-02
0.000000000000000000e+00
1.518520197019084840e-03
1.199690598161573182e-02
0.000000000000000000e+00
0.000000000000000000e+00
0.000000000000000000e+00
0.000000000000000000e+00
0.000000000000000000e+00
2.759990038307430461e-168
2.615377713171370051e-04
0.000000000000000000e+00
4.907758818314765544e-19
1.635372109074834779e-15
3.229962315700583864e-20
9.847871564283036672e-02
2.741891769831498560e-04
7.911631788123799428e-05
0.000000000000000000e+00
2.742273963763239503e-04
6.962192914545297859e-03
0.000000000000000000e+00
2.742052141800698601e-04
1.518036970675730284e-03
2.742278027306892002e-04
0.000000000000000000e+00
0.000000000000000000e+00
7.911441637260101798e-05
7.911461340401139733e-05
2.742820348586540364e-04
0.000000000000000000e+00
1.260540180988806973e-05
1.260531373229512458e-05
3.739440117350007424e-27
1.260531764056660053e-05
0.000000000000000000e+00
6.968362862066965757e-01
0.000000000000000000e+00
0.000000000000000000e+00
1.104687649507720207e-03
1.518652564401941959e-03
1.008564707806424016e-01
4.929228908064564423e-03
7.911437410559772545e-05
3.672498541237084746e-01
7.911674660073733515e-05
2.742432496703787960e-04
1.031353121117575405e-01
0.000000000000000000e+00
1.206800020412113900e-02
2.742026299442926673e-04
5.433237758177859762e-231
0.000000000000000000e+00
3.376730238875460532e-01
7.486380664354942758e-10
1.200816040378569968e-02
1.077886264117738914e-149
7.911850253333446833e-05
3.028971804508249000e-05
0.000000000000000000e+00
0.000000000000000000e+00
1.260529050558344647e-05
1.202386119148454550e-02
3.553061385668964678e-01
2.465016357210234738e-02
1.019878417538757770e-01
0.000000000000000000e+00
2.132188772976630499e-07
8.882979520713831789e-01
4.543781169544883550e-03
1.206579456479303300e-02
0.000000000000000000e+00
0.000000000000000000e+00
0.000000000000000000e+00
6.118973491298636093e-260
0.000000000000000000e+00
4.922029739052959964e-03
0.000000000000000000e+00
0.000000000000000000e+00
0.000000000000000000e+00
0.000000000000000000e+00
0.000000000000000000e+00
0.000000000000000000e+00
0.000000000000000000e+00
0.000000000000000000e+00
1.218333351273453474e-12
3.028970725610837864e-05
0.000000000000000000e+00
0.000000000000000000e+00
9.904532368891165450e-02
0.000000000000000000e+00
3.028950070790460618e-05
0.000000000000000000e+00
0.000000000000000000e+00
4.572382509394616492e-24
0.000000000000000000e+00
3.028974446254526434e-05
2.436411542239056566e-02
3.757169871151317676e-89
0.000000000000000000e+00
1.105010781346206939e-03
2.741983220781691135e-04
9.868817085028579184e-02
0.000000000000000000e+00
6.120525850143740026e-117
1.518190303514431244e-03
2.743015288121561888e-04
3.028994090895467309e-05
5.474055440519075555e-01
7.911638803349513944e-05
0.000000000000000000e+00
8.590686440328111351e-01
0.000000000000000000e+00
0.000000000000000000e+00
