-1.839121377769171062e+01 1.268566736268652850e-01 -1.160087060155612360e+00
-1.903937157734401353e+01 5.391504314060571179e-01 -1.276326704511511867e+00
-1.888468352330304256e+01 6.107101304489809257e-01 -1.052445524736917548e+00
-1.930431312970889479e+01 2.344590831532824271e-01 -1.479179360176632319e+00
-1.915448930135536543e+01 2.995635787861898880e-01 -1.673702183030038482e+00
-1.923593313054132992e+01 2.688602994837229199e-01 -4.586832833944876064e-01
-1.898931533912681502e+01 5.021254801612593521e-01 -4.683263720798371832e-01
-1.952797065122560483e+01 1.481000113542948193e-01 -5.248949812716443564e-01
-1.929782475023498733e+01 2.287144292519352196e-01 -1.088292150663348501e+00
-1.929373341851968249e+01 2.108007663121682640e-01 -1.372727042159899380e+00
-1.908405434419374203e+01 4.212807501282325728e-01 -8.133068922849111537e-01
-1.812703270470660044e+01 2.698773244159342610e-01 -6.589090281440332930e-01
-1.933095357237188594e+01 2.194745444696288572e-01 -1.082926572490946260e+00
-1.946152072700267155e+01 1.265825193811478955e-01 -1.473171901084634694e+00
-1.922918934861767681e+01 4.342942319443571786e-01 -1.700733592749760437e+00
-1.928189799566001739e+01 3.699998769222234141e-01 -2.561272676832069273e-01
-1.930880818841768232e+01 2.620581960751183215e-01 -2.716954730869487467e-01
-1.964440161158100295e+01 1.816783800975714236e-01 -8.987335599597630065e-01
-1.908001285455099350e+01 5.143114936330819287e-01 -1.771842042855797494e+00
-1.931035260624867433e+01 2.819906174326858861e-01 -9.680201296015056300e-02
-1.932367135712883055e+01 2.891274326164504638e-01 2.142399412733775321e-02
-1.935697679407172345e+01 2.699725447288779945e-01 2.162036821752311155e-02
-1.929697079148007433e+01 3.104196695897809555e-01 8.348993369388546526e-02
-1.930757242482176039e+01 2.695026444784212050e-01 -3.124731594347442964e-01
-1.929531291548182281e+01 3.176649701069780840e-01 -8.387280885305292699e-02
-1.947062152953568059e+01 1.988363762351173514e-01 -4.347262061613055284e-01
-1.927282712667928521e+01 3.084654701859749770e-01 -9.651064021439292873e-02
-1.930111727971783253e+01 2.488997934862890171e-01 -5.102751335653588072e-01
-1.932462733828165113e+01 2.554067718995166603e-01 -3.857609083375186376e-01
-1.934375125348252666e+01 2.489045019767494038e-01 -3.091096586664989765e-01
-1.935706099631999777e+01 1.957039475977297993e-01 -1.731799302441178856e+00
-1.930185683471541225e+01 2.980075882984261071e-01 1.514843394272391564e-02
-1.931480732906543452e+01 2.675843383770394324e-01 -1.549135688560554502e-01
-1.931655390816780127e+01 2.916949252491325972e-01 6.893427438912835825e-02
-1.941203106864232097e+01 2.212013345358224137e-01 -1.610094810187379100e-01
-1.870141139249790641e+01 6.001116416288546640e-01 -1.721551085513522539e+00
-1.929613653196168599e+01 3.033397135408527623e-01 7.037286257986874460e-02
-1.929697096576534321e+01 2.935353330428711605e-01 2.328282554823912776e-02
-1.930465700535468443e+01 3.001078848693994328e-01 6.359907233107797708e-02
-1.930071516149195787e+01 3.033414848192054758e-01 6.255721251444201769e-02
-1.907648564049143758e+01 5.929365246364004527e-01 -9.065404257008515820e-01
-1.930981285916533352e+01 2.641465545017905314e-01 -4.278629768730146665e-01
-1.930290050829263038e+01 3.025063332082381096e-01 9.284456776177218984e-02
-1.890505193663383210e+01 8.176702933991872868e-01 -1.961516767918002113e+00
-1.930825422253780843e+01 3.015593486353767005e-01 9.185331231261884000e-02
-1.927430725923792565e+01 3.208491206716859168e-01 3.135104258441634428e-02
-1.930222924309769894e+01 3.051144540764629265e-01 9.490802258857655715e-02
-1.930654704539217192e+01 2.897399601085698939e-01 4.958440027068933276e-02
-1.930536507455779471e+01 3.031844914913115474e-01 9.822471183498926450e-02
-1.930553897515800799e+01 3.014903978332087453e-01 9.915352940946497995e-02
-1.921233996536181010e+01 2.736752631275362613e-01 -9.604382498623520448e-01
-1.931309324167630237e+01 2.950512217009373939e-01 7.745495423464188178e-02
-1.933808049675994667e+01 2.324725951559080961e-01 -6.998669014184284443e-01
-1.930497303608485282e+01 3.018364183719844940e-01 9.392568048178207007e-02
-1.889257131850265736e+01 6.645091623202302733e-01 -1.583055790357286163e+00
-1.957582071065151652e+01 9.063453392694449662e-02 -9.473254090837963659e-01
-1.929136940107056475e+01 3.019866703557759768e-01 1.823534117483038841e-03
-1.880611353720546219e+01 8.461103467222322871e-01 -1.957956123213518307e+00
-1.928448739044228333e+01 2.903717765615816404e-01 -8.681343062939617106e-02
-1.932379659693016549e+01 2.879538998083436829e-01 8.578984445885051713e-02
-1.931863751554120867e+01 2.862340262340581365e-01 2.346717823273136716e-02
-1.931943492290722020e+01 2.881946280261710736e-01 4.274814419353667461e-02
-1.931291677841204546e+01 2.957192057718491807e-01 9.164779516214194288e-02
-1.931532320140989256e+01 2.924296761183897142e-01 5.703697538800422961e-02
-1.931698931283044374e+01 2.844245963336176630e-01 -2.843092255432999593e-02
-1.931187453659056175e+01 2.961526400313139740e-01 7.694552840641266656e-02
-1.930864824817027525e+01 2.912232035683783304e-01 -2.458506810368454865e-02
-1.931199658120568685e+01 2.978626518635973941e-01 9.825206139681030848e-02
-1.931211908211720640e+01 2.976994730350830953e-01 9.762376441357423218e-02
-1.931200475907827752e+01 2.969539596188500719e-01 9.999295921370965345e-02
-1.931221677519258151e+01 2.966881187568090050e-01 9.489077510041710184e-02
-1.931094191137084692e+01 2.984997329666845833e-01 9.859954204462528793e-02
-1.931068382512833281e+01 2.986224179415501445e-01 9.993648106989772018e-02
-1.931212851372487904e+01 2.977201607758443447e-01 9.815476457947136524e-02
-1.930974802514411692e+01 2.994441005222616692e-01 9.846859505439287119e-02
-1.931032231101724861e+01 2.985671196229419122e-01 9.836362975518664342e-02
-1.930989006392786322e+01 2.992090261087448355e-01 9.951446835597010931e-02
-1.930965604883175502e+01 2.992325220737182545e-01 9.904194799500620761e-02
-1.931043800814734368e+01 2.992592761757275621e-01 9.995043302464079460e-02
-1.931179840879181953e+01 2.975428958428167903e-01 9.025550267806803362e-02
-1.931270497880941406e+01 2.973685409120109813e-01 9.890454186977626350e-02
-1.931118190056215056e+01 2.978584130679982622e-01 9.979043536356035915e-02
-1.930978818375301387e+01 2.990996242803282690e-01 9.944752101889475782e-02
-1.931169258255391696e+01 2.979539346217967566e-01 9.980726798543937406e-02
-1.931130285479865805e+01 2.982337444681901761e-01 9.993879852446241330e-02
-1.931173386238733514e+01 2.956853680693583009e-01 7.247734808418115904e-02
-1.931021229823804575e+01 2.977809007401837071e-01 7.675802318232927135e-02
-1.931175139925500872e+01 2.978568151179406542e-01 9.834479283107055991e-02
-1.931183812543769562e+01 2.980530406320947012e-01 9.910629613534593929e-02
-1.931066874764075081e+01 2.986411177880470835e-01 9.999244430472753464e-02
-1.931160527932004456e+01 2.982710407494083005e-01 9.674286918988705963e-02
-1.931081888258524870e+01 2.986087755935009080e-01 9.994932818774016070e-02
-1.931323663607589936e+01 2.957820459339801089e-01 9.657753557077075612e-02
-1.931049840643861160e+01 2.986991219008661713e-01 9.998448264672088470e-02
-1.931138386646291849e+01 2.977877142305954683e-01 7.843287116679853455e-02
-1.931700489198110660e+01 2.847211392778766781e-01 -5.381916106046036319e-02
-1.930945395527939468e+01 2.980724878131446043e-01 4.718102465989693073e-02
-1.930026969476495324e+01 3.036091441287430137e-01 6.660555131320622380e-02
-1.931073634164284414e+01 2.986437854488821486e-01 9.997287422395784162e-02
-1.958057369047715213e+01 1.490580842951040597e-01 -4.345405404751709888e-01
-1.931048784394542039e+01 2.987344318885499228e-01 9.998130582216679940e-02
-1.931079347062204477e+01 2.986256511695976057e-01 9.998642656519729499e-02
-1.931039538446144732e+01 2.987575775089585939e-01 9.998730751929940652e-02
-1.931072010280573537e+01 2.986480024172807335e-01 9.991838551366116761e-02
-1.931044783313872770e+01 2.987623114092520793e-01 9.990395742410784763e-02
-1.931078373927731562e+01 2.986178474215298029e-01 9.999751295048220356e-02
-1.930623637175169094e+01 2.480685377265651470e-01 -1.014429537416493110e+00
-1.932891484721957198e+01 2.686671609319988829e-01 -1.510153664850617528e-01
-1.932082831867710127e+01 2.731863259625007534e-01 -3.419157129107606163e-01
-1.931096856043135546e+01 2.985065626969571340e-01 9.996630811707429842e-02
-1.931080951239539800e+01 2.987623379023603420e-01 9.997518712047748224e-02
-1.932409564743846531e+01 2.847711896188919733e-01 2.120593085733935013e-02
-1.932169026215446550e+01 2.879981905861505043e-01 4.346956468492146897e-02
-1.931077655945664517e+01 2.986643378528826553e-01 9.952379274439904222e-02
-1.933065520323944497e+01 2.813914271506114395e-01 5.395819087584996510e-02
-1.931951930918769733e+01 2.869426475127168641e-01 2.044164866205999687e-02
-1.931112028306629469e+01 2.983749060913092332e-01 9.999324741739590294e-02
-1.931176905840793268e+01 2.973433545774386566e-01 9.987017201350267825e-02
-1.931099049672495838e+01 2.984503067585064784e-01 9.996735652933885774e-02
-1.931745456904944902e+01 2.652809861596978624e-01 -3.712657316228558102e-01
-1.929246007008238450e+01 7.984818964165097954e-01 -1.341429941271870430e+00
-1.931099774467377728e+01 2.984730679179490864e-01 9.996758822224638408e-02
-1.880640043353459845e+01 4.470840671016602097e-01 -1.321585179328025994e+00
-1.931082394148724646e+01 2.984569520630918626e-01 9.994784379333898627e-02
-1.921325778601223178e+01 2.964674437078393954e-01 -1.264306840781985297e+00
-1.931073809956843235e+01 2.986689163791905188e-01 9.998806288514927587e-02
-1.933687844923335319e+01 2.012961125144986652e-01 -1.306746823013674730e+00
-1.931487033185610969e+01 2.971447385075375869e-01 9.740687370033374037e-02
-1.931550949270231854e+01 2.945788694081752923e-01 9.850389432189388117e-02
-1.931088856965163814e+01 2.981122881155903181e-01 9.338889012168616333e-02
-1.930943792358892352e+01 2.974973359833394393e-01 9.293404936164373353e-02
-1.936859589889839839e+01 1.640752628947476366e-01 -1.224146380213044560e+00
-1.931204322816467922e+01 2.972363321214449017e-01 9.706946893304246871e-02
-1.933174571578237888e+01 2.646893406761764989e-01 -1.924221204394411799e-01
-1.933085161536870444e+01 2.387531427425316211e-01 -5.389629766383170484e-01
-1.931168519993986266e+01 2.976142124375404929e-01 9.989344157465085416e-02
-1.935608099352419487e+01 2.148014661237143963e-01 -7.697399452628101990e-01
-1.930968386189236696e+01 2.994584002475060847e-01 9.883576510017233474e-02
-1.936687478168934007e+01 3.275484899037994224e-01 5.972261401582201756e-02
-1.913815130187353830e+01 3.394314182966844951e-01 -1.231038434618293653e+00
-1.931080632707793399e+01 2.985608413802797734e-01 9.989021597254854612e-02
-1.936931640624360895e+01 1.760702565805454811e-01 -1.551478302987046698e+00
-1.932241872648566172e+01 2.888794229370771349e-01 9.426280084100246981e-02
-1.931264454987514512e+01 2.942508666609559564e-01 7.820540514437768209e-02
-1.976771711451952385e+01 5.352027756517705598e-02 -1.489345216695226570e+00
-1.931302099939349404e+01 2.969049953691476063e-01 9.245570263215752149e-02
-1.901110291115114848e+01 6.770646050340680677e-01 -5.937201248691166278e-01
-1.930764765880144296e+01 2.296149498211001172e-01 -1.329989851712152005e+00
-1.933792725371418442e+01 2.206864420046915909e-01 -1.091539495162364481e+00
-1.931051645628468805e+01 2.987525780797383734e-01 9.997246286315686348e-02
-1.931193887388534947e+01 2.445686675816247935e-01 -6.597948435533660394e-01
-1.930550870223471094e+01 2.971032460758943339e-01 5.538604659546253473e-02
-1.931657627513003916e+01 2.906407007977048762e-01 3.638944743919303448e-02
-1.931047136263572739e+01 2.989281355171176657e-01 9.985197888605767957e-02
-1.931033640212311653e+01 2.990159052111047155e-01 9.971170404038476320e-02
-1.931048468431748333e+01 2.954008027365798705e-01 2.604901047037122552e-02
-1.930962050983378475e+01 2.992604338284543530e-01 9.841037571188682165e-02
-1.931341591627404952e+01 2.959149564172454672e-01 9.947625377885538356e-02
-1.931004523130940242e+01 2.988010300408203701e-01 9.934764086499425773e-02
-1.931025779387102048e+01 2.977258258894436294e-01 9.565081895181126725e-02
-1.931097497159812448e+01 2.984264295905034725e-01 9.669936970436365797e-02
-1.931269615043536803e+01 2.980698420987173969e-01 9.696240472520223364e-02
-1.931151574507670787e+01 2.973836319828706554e-01 9.917473122202835611e-02
-1.931030391037426952e+01 2.978699157506318196e-01 9.143161343881578418e-02
-1.931056968620624303e+01 2.984262853985777952e-01 9.946154763306713775e-02
-1.931092238957247886e+01 2.985016764792226551e-01 9.999372352682023291e-02
-1.930970209201478127e+01 2.993194034781938573e-01 9.997041638918569006e-02
-1.930909151757002817e+01 2.994896454192966795e-01 9.985286600828047199e-02
-1.931052877605239715e+01 2.988496458359550245e-01 9.985776993201378460e-02
-1.931087270389284427e+01 2.985176956405447002e-01 9.999628973821250710e-02
-1.931162348831602671e+01 2.979507767411174179e-01 9.522231266828962148e-02
-1.931194086315590752e+01 2.986174335784533285e-01 9.395549174984063612e-02
-1.925809828292276293e+01 2.897526841760119098e-01 -7.022363249202234758e-01
-1.907113540567911159e+01 3.057546393355845549e-01 -1.655587059164415731e+00
-1.931087542762420028e+01 2.952054615002862592e-01 6.769201417228520867e-02
-1.931013821179799450e+01 2.994672131159704653e-01 9.980040097455455950e-02
-1.931106033467364114e+01 2.984629555155920988e-01 9.996839582302996519e-02
-1.922110637738714445e+01 2.623684822974343689e-01 -1.370494355251434815e+00
-1.917372596784576899e+01 2.660534650092537534e-01 -1.843561932701238915e+00
-1.922621477632334219e+01 3.624355306917333430e-01 -8.786661948275131806e-02
-1.936636969951745257e+01 1.693284691224854199e-01 -1.757545272757696786e+00
-1.931743456652470670e+01 2.918137666467069402e-01 3.644236241670961718e-02
-1.930071788913912911e+01 2.893400931201193238e-01 -3.111690058352070132e-01
-1.927195208273854377e+01 3.820898815500058388e-01 -3.490234426329996698e-01
-1.925322392847196795e+01 3.211713739454238326e-01 -2.428235593629151090e-01
-1.930617660426081272e+01 2.712339671984853595e-01 -3.648285978721823586e-01
-1.891486874763059944e+01 4.075629297720113620e-01 -1.250530915315246183e+00
-1.931637063322414249e+01 2.948137346987899643e-01 9.693553672009125322e-02
-1.926619467570028732e+01 2.716513314075035268e-01 -1.569658910890101344e+00
-1.805501400950851476e+01 8.577781383539876403e-01 6.484412609145451256e-03
-1.931078794196918480e+01 2.985702696456202787e-01 9.998998878526554890e-02
-1.942630110371545982e+01 1.429378494313107428e-01 -1.674681262653390901e+00
-1.931072310504063694e+01 2.986751998203291958e-01 9.999332692100404429e-02
-1.934039004931361205e+01 2.469437349762324541e-01 -3.774048503092448659e-01
-1.930893378128190463e+01 2.995032405507135898e-01 8.625984745512660368e-02
-1.931097438562632007e+01 2.985291452736557050e-01 9.999693651023155994e-02
-1.930991115120189860e+01 2.996215349133437011e-01 9.813832363634578115e-02
-1.916379791077986283e+01 4.035105106234070371e-01 -1.687187750773219808e+00
-1.931124200557092863e+01 2.980249454496932127e-01 9.952090256314827244e-02
-1.931092198354521017e+01 2.981308393739042772e-01 9.944666791934242411e-02
-1.906646152672421834e+01 4.446980284278776452e-01 -5.884624478299462780e-01
-1.918923272743550612e+01 2.972445617073696256e-01 -1.289272224728253979e+00
-1.931098801409132903e+01 2.978909463439413097e-01 9.935714339053891564e-02
-1.922822783444680184e+01 3.371260841518896600e-01 -8.268947432130575592e-01
-1.933528552544986923e+01 2.928526274370339411e-01 -1.372875231535184426e-01
-1.930872458717387730e+01 3.012082337335773574e-01 9.979195145636543529e-02
-1.930549577208321566e+01 3.016385711842738959e-01 8.931524658511635906e-02
-1.933388841109361778e+01 2.797196682735562101e-01 6.980267079214907966e-02
-1.931375270380313580e+01 2.977912200164923306e-01 9.780527686437023860e-02
-1.931629859145467520e+01 2.926830509728511331e-01 4.917148113925806641e-02
-1.930617059558306181e+01 3.012994271093139553e-01 9.622573490280128539e-02
-1.931014562930225154e+01 2.989464839700349263e-01 9.825677416151146204e-02
-1.930918991373684079e+01 2.999394992347995115e-01 9.978236948131202766e-02
-1.931209180067860487e+01 2.982524234653783912e-01 9.948867996820798254e-02
-1.931067521414916754e+01 2.986340675684563961e-01 9.971026579349917540e-02
-1.930860391719951963e+01 2.987956886445871096e-01 8.774690630277959258e-02
-1.930627136862068127e+01 3.021827174877267930e-01 9.937325092288551431e-02
-1.931012031533168738e+01 2.992939099577680562e-01 9.994143734530114287e-02
-1.931015732057985801e+01 2.990266198193650138e-01 9.984945338860251596e-02
-1.931275324550877670e+01 2.922386523405723913e-01 -1.220272171229352942e-02
-1.931019943344422529e+01 2.990248271463692986e-01 9.965962698468722181e-02
-1.932727201144237839e+01 2.485436681934599379e-01 -4.047827606622655949e-01
-1.931219627629063140e+01 2.979708569051411349e-01 9.920095486628888182e-02
-1.931049323315963662e+01 2.990954498886426172e-01 9.556667938155616326e-02
-1.934453112961677590e+01 2.641046778615893098e-01 -2.452233693514001001e-01
-1.945936584647298417e+01 1.710046766727462142e-01 -7.432332640430270310e-01
-1.931089098821920302e+01 2.984045147943867327e-01 9.989307122426582808e-02
-1.931113180548854658e+01 2.982618210076984355e-01 9.990891016228564681e-02
-1.931071225716694784e+01 2.986603625499841264e-01 9.999831433657169200e-02
-1.931101265149030866e+01 2.983943992925123800e-01 9.992789371112031915e-02
-1.934323351973240435e+01 2.283848066068651095e-01 -7.886652840849626145e-01
-1.865797101522851165e+01 2.542130958272071917e-01 -6.704668015261638914e-01
-1.930996780533261514e+01 2.994735755252995735e-01 9.968823503773549533e-02
-1.931072101157355903e+01 2.986319665548499702e-01 9.999863300552380707e-02
-1.939438445127175825e+01 2.212794284880892082e-01 -4.492575005817487366e-01
-1.931067140813972571e+01 2.911715990194145287e-01 5.046876527346855212e-02
-1.930414745424091905e+01 2.609688126067988834e-01 -4.302627236000833300e-01
-1.930590333207564413e+01 2.659453361517709613e-01 -3.502692323348135517e-01
-1.931081439682847289e+01 2.930314670181007886e-01 -3.863154411475999694e-03
-1.931087415114486561e+01 2.984821849706036367e-01 9.999273265361985352e-02
-1.931142028069819361e+01 2.962937292350458773e-01 6.313429737343723147e-02
-1.932853399648509551e+01 2.794111012526654392e-01 -1.245341218840960718e-01
-1.931452539824435988e+01 2.953910275512440231e-01 9.477109104321890243e-02
-1.930974615141669659e+01 2.986514657012816487e-01 9.928084846613893788e-02
-1.931032870816382996e+01 2.994123625790083842e-01 9.923119545281888776e-02
-1.981092533805183109e+01 5.320155787969729211e-01 -8.832615415318496588e-01
-1.931445097076218786e+01 2.959198038119308927e-01 9.856270277586265394e-02
-1.931115376422089724e+01 2.984323190497562561e-01 9.991867115600339133e-02
-1.931089226012647586e+01 2.985521374267492978e-01 9.980164501919919218e-02
-1.931851421196338592e+01 2.923104986104538838e-01 9.260923384677965942e-02
-1.910180379771267312e+01 4.293915309882357922e-01 -8.993590960760267095e-01
-1.906361310213058857e+01 6.115261722319096371e-01 -1.500380131973340303e+00
-1.907097773746438918e+01 7.945494253478303515e-01 -1.666583023327943280e-01
-1.935680308695158303e+01 2.450010109349425313e-01 -1.157004530523213504e-01
-1.931045238031105171e+01 2.980277797192875111e-01 8.491758676220051427e-02
-1.932768379851919605e+01 2.121874544726294054e-01 -1.465900484505374912e+00
-1.936885475456136163e+01 2.412043616239022137e-01 -1.915090058331659240e+00
-1.882941817676583440e+01 7.614165449558717436e-01 -5.444480307942729524e-01
-1.934625072963598669e+01 2.202268153391671868e-01 -1.234491575798038365e+00
-1.931456846406162597e+01 2.965651510085600129e-01 9.981648160801803726e-02
-1.942856970357339108e+01 1.238416760990615345e-01 -1.939092381134797538e+00
-1.931082668296135907e+01 2.985731176691361899e-01 9.999423830624065701e-02
-1.934433551425604492e+01 2.219913711712110660e-01 -7.116106821343639588e-01
-1.929323354492530385e+01 2.771766590639860861e-01 -5.283251309032932497e-01
-1.929164459251224528e+01 2.658442770432124513e-01 -4.897442340799673666e-01
-1.931090613755657870e+01 2.984762239382045546e-01 9.999893925694447461e-02
-1.929968725105933913e+01 2.626704202423049139e-01 -6.090701578216157763e-01
-1.931039074001105860e+01 2.988745621707141753e-01 9.997076886441291776e-02
-1.941497040927927387e+01 2.048951647579650426e-01 -4.762846944555718665e-01
-1.931065869621149744e+01 2.987132407613715679e-01 9.999732222298129969e-02
-1.934308135364256032e+01 2.405705440015836194e-01 -3.886122795134214769e-01
-1.931063015252802373e+01 2.987579087304128023e-01 9.995266133405422693e-02
-1.931064335763274897e+01 2.987762149458142447e-01 9.996156339400297242e-02
-1.932751393990513478e+01 2.697202793053847802e-01 -1.878463634567424378e-01
-1.931072320164807721e+01 2.987043566675480211e-01 9.997916945363982677e-02
-1.930967105021057506e+01 2.989164388971348729e-01 9.928282450700987027e-02
-1.863146655027762222e+01 6.516829411853990450e-01 -3.795247251195346117e-01
-1.930731384227836145e+01 2.997168952236410888e-01 9.837809159307120410e-02
-1.931474658271222822e+01 2.910144949100110234e-01 8.165949019253782026e-02
-1.931110641319999033e+01 2.989969894169746123e-01 9.069268379503281352e-02
-1.935669987366312839e+01 1.974333191284997069e-01 -1.230866926526573479e+00
-1.931353687686277709e+01 2.912171432561297957e-01 2.609643033312192273e-02
-1.930117042335911037e+01 3.051583421379464034e-01 9.422295997923857414e-02
-1.930227152211665853e+01 3.036820818503082609e-01 9.187647138589083440e-02
-1.931038680117260853e+01 2.999473797112647278e-01 9.389709746765673160e-02
-1.936662775540652248e+01 2.035342356036544953e-01 -1.030415197279589412e+00
-1.940952403893174960e+01 1.616771394277173868e-01 -1.830836313937015181e+00
-1.931953109227732313e+01 2.826739014160561947e-01 -4.407553852692847052e-02
-1.930860558126355997e+01 2.999615059567574682e-01 9.909331773382445974e-02
-1.931178742297321094e+01 2.933784022367343924e-01 -9.102626604439612024e-02
-1.931225822298504369e+01 2.971756883699609442e-01 9.983540381052247170e-02
-1.930904817705821941e+01 2.998835236636658297e-01 9.454058093539696728e-02
-1.932072677500283575e+01 2.613426064973023433e-01 -2.643121845767364420e-01
-1.931039737290498337e+01 2.988726940241158148e-01 9.909985001054533171e-02
-1.930977396677861790e+01 2.995126914503089544e-01 9.992424631361851439e-02
-1.931061630006031749e+01 2.985781294918980477e-01 9.995521280243169215e-02
-1.872883710153379155e+01 6.127550607301968100e-01 -1.474372244077835070e+00
-1.924041220770824978e+01 7.330568002843752540e-01 -1.249567452943210144e+00
-1.928890516261267862e+01 1.786664669460325539e-01 -1.708069831683028950e+00
-1.931069266556478681e+01 2.983454404709032781e-01 9.998010152047465127e-02
-1.931073758635736226e+01 2.987242083152991667e-01 9.995184899808284840e-02
-1.930871680156566228e+01 2.994771159350936851e-01 9.498787264744157355e-02
-1.931141034160812353e+01 2.989636545003903634e-01 9.880591097380841958e-02
-1.930992892471206090e+01 2.974061817625873738e-01 7.808594416840719532e-02
-1.931224007126777664e+01 2.959375625782463826e-01 6.316778783405219144e-02
-1.931107123587543128e+01 2.984806154143390122e-01 9.985312702916449012e-02
-1.931153099227442382e+01 2.979674858890706268e-01 9.982243372420240846e-02
-1.931182633958929173e+01 2.976717432664884311e-01 9.978429956163115122e-02
-1.931722317881449413e+01 2.928385852377698995e-01 5.863628441338253339e-02
-1.927538682068120579e+01 2.932339429912867446e-01 -6.432815993389051634e-01
-1.930402766541503112e+01 3.038904864771100334e-01 9.540448246365151874e-02
-1.929653496719214090e+01 3.050222688663683512e-01 7.638882531953905541e-02
-1.930754886750504795e+01 2.951997540532473319e-01 4.262493600917416359e-02
-1.931959919004032855e+01 2.901307115294756156e-01 4.986544648824331460e-02
-1.929482330073204466e+01 2.893425783333243850e-01 -1.445213316465465692e-01
-1.931003880033173203e+01 2.992612416521164831e-01 9.827228397851550667e-02
-1.901475607289775738e+01 5.369818253835489941e-01 -1.051169892785934090e+00
-1.918140655293429830e+01 2.977762114714369024e-01 -2.901161964005449789e-02
-1.965588334012960914e+01 2.909741515733266226e-01 -3.347255703909430835e-01
-1.931068269255223413e+01 2.978688774976627762e-01 9.618021476727500740e-02
-1.931047455938186275e+01 2.988678361369767611e-01 9.999726209109827124e-02
-1.900779747225146465e+01 5.002259876429793195e-01 -1.653669684070026680e+00
-1.857070452598663834e+01 9.900982171619879812e-01 -4.948684253566808522e-01
-1.931018918179983501e+01 2.989354677551920303e-01 9.998894636319333173e-02
-1.931021759327751042e+01 2.989779775173813658e-01 9.999653303106859070e-02
-1.929253944560529632e+01 2.642807562100696339e-01 -6.907672748618975955e-01
-1.931097382908893323e+01 2.981725126631290523e-01 9.693129933294564182e-02
-1.931775417323899191e+01 2.911791140860373606e-01 8.253523074061464015e-02
-1.889090890189119420e+01 7.940354214917939579e-01 -1.576258726952102229e+00
-1.931036480464834781e+01 2.988269827775201226e-01 9.998356714641198906e-02
-1.931115513110033888e+01 2.982454748337677874e-01 9.999904244150892296e-02
-1.931617778156311971e+01 2.826884929404287483e-01 2.903968328894723783e-03
-1.931126228333117822e+01 2.985508105720734440e-01 9.978555866258531637e-02
-1.931295485083177255e+01 2.979948384748287160e-01 9.845705874034260674e-02
-1.926287106683331274e+01 3.350011885260664179e-01 9.339181615578340256e-02
-1.927729053434321571e+01 3.328210106755191688e-01 2.898072490184500083e-02
-1.924040538068909001e+01 3.100580747600076847e-01 -5.469467395209530736e-01
-1.926332357018035069e+01 3.202983975140394346e-01 7.555995414035088231e-02
-1.931106840341401565e+01 2.984920153141937260e-01 9.999137247307965382e-02
-1.931175478620883723e+01 2.984680476843837860e-01 9.758370466145960265e-02
-1.931037774260252249e+01 2.989646703854239584e-01 9.910996814868111571e-02
-1.931127532413668746e+01 2.989164586648275779e-01 9.892550045272319181e-02
-1.931325362599897488e+01 2.966337965788293229e-01 9.776066421118612126e-02
-1.931048145314957054e+01 2.970371627652231838e-01 8.800632891795778789e-02
-1.931078348121183907e+01 2.985375808152720967e-01 9.983494598645847873e-02
-1.930797378596624370e+01 2.999636100262534355e-01 9.388294135588548528e-02
-1.931519883597517762e+01 2.886192176818713206e-01 1.530512178832088566e-02
-1.925152002592948364e+01 2.846754182782318399e-01 -5.307174285387377122e-01
-1.848364930811298024e+01 9.049948116972785783e-01 -1.671775629313272837e+00
-1.931439646043714475e+01 2.962170383177705202e-01 9.598361610145644818e-02
-1.931183695719240845e+01 2.970583379229243537e-01 9.716675389413209629e-02
-1.931456661248126139e+01 2.967937081252450260e-01 1.220360651720708844e-02
-1.931333438857096141e+01 2.844376540333361514e-01 -9.122972146711028074e-02
-1.921125581595832088e+01 3.661353550822264435e-01 -4.615849811087948673e-01
-1.931154860182804356e+01 2.979378588943034645e-01 9.985071685673485575e-02
-1.930173332626096894e+01 2.946366672879399684e-01 5.012997023364729188e-02
-1.930712078326519432e+01 3.017445594038701828e-01 7.692742699235077808e-02
-1.942878921822454075e+01 1.536905942770563638e-01 -1.212552089764593166e+00
-1.947320924869641345e+01 1.576639735739147341e-01 -9.337609283669627835e-01
-1.931007830212136511e+01 2.993809439072134815e-01 9.926546203742336871e-02
-1.931016349641718577e+01 2.987946896968276533e-01 9.970501557937749837e-02
-1.918976379403816779e+01 3.119927282806757018e-01 -2.710870892328118842e-01
-1.931013280708008750e+01 2.987355825762922912e-01 9.970194456856207310e-02
-1.931330427022746221e+01 2.932399990219235475e-01 4.202371843130636719e-02
-1.930090274572301823e+01 2.698451802557320089e-01 -9.630155224938183878e-01
-1.931067777519651329e+01 2.977829708265865571e-01 9.601640599830929546e-02
-1.930738246005799041e+01 2.177097961211316435e-01 -1.340265818251240582e+00
-1.929011237846385285e+01 3.072555189217548999e-01 -1.135906975093359250e-03
-1.930295727789682303e+01 3.019300608505398609e-01 8.275992162707934696e-02
-1.965241830352958985e+01 8.567478273862605409e-02 -1.201892752151282773e+00
-1.943855133603552687e+01 2.151555964276299637e-01 -5.389224916724022485e-01
-1.931159021333808923e+01 2.981660757298810749e-01 9.761885912986256741e-02
-1.929628054623153233e+01 3.007381897567412143e-01 7.739804280359141586e-03
-1.933067068925947751e+01 2.720790013022069687e-01 5.813778602842267773e-02
-1.932364301918801885e+01 2.835920669914652748e-01 -1.277740989684361672e-02
-1.930925491658834048e+01 2.994495506580480138e-01 9.982419227515659799e-02
-1.934973780552532574e+01 2.017539973964710409e-01 -1.244965796845714401e+00
-1.930749200704149615e+01 2.962788301674681435e-01 -2.759239029440352375e-02
-1.931411684469414780e+01 2.935733951279259624e-01 7.197936716841901728e-02
-1.930907838698855983e+01 3.003375556897930343e-01 9.459797734897001931e-02
-1.882249799242953259e+01 8.113123900694474422e-01 -1.331203630776642832e-01
-1.949978499446171298e+01 2.233313227752921626e-01 -4.033061795549850448e-01
-1.931390295792887812e+01 3.008861189885982390e-01 8.796247670061196899e-02
-1.931601692815320703e+01 2.939449293342176750e-01 9.869210140559614430e-02
-1.931011353463773617e+01 2.988413021015534632e-01 9.915196992126817932e-02
-1.933255484423225923e+01 2.856211516870631462e-01 9.057936203542826803e-02
-1.920855425221789403e+01 2.538246725053692199e-01 -1.629973643266629635e+00
-1.905264963857159444e+01 4.749278534903837445e-01 -1.370762634504322008e+00
-1.930872979714155235e+01 2.914778981474281938e-01 -9.425626153855004574e-03
-1.930926714978935976e+01 2.718375926160890299e-01 -2.498660401391044061e-01
-1.930645999293629345e+01 2.994653109369727062e-01 9.753267490862826961e-02
-1.951106553460124715e+01 2.131606947114782491e-01 -5.397306463501378992e-01
-1.930945485814130791e+01 2.992625138097630977e-01 9.947768977717208472e-02
-1.889912536749456251e+01 9.696419289393158891e-01 -1.566799921254499850e+00
-1.931210593542275333e+01 2.968893800187156207e-01 8.856846821704156270e-02
-1.930654833852576857e+01 2.923456596346900027e-01 1.995735816378996219e-02
-1.932505830555159321e+01 2.568050739508856983e-01 -2.508242963829259153e-01
-1.931061345273280239e+01 2.986670226487022628e-01 9.985686137700922060e-02
-1.931047786719106796e+01 2.113378383555137852e-01 -1.073800155749319529e+00
-1.930784237093238076e+01 2.399619817546653766e-01 -6.413393287189532721e-01
-1.931053879577479648e+01 2.987332775038387678e-01 9.993655198092810110e-02
-1.932305651699707738e+01 2.187064894655687541e-01 -1.050640195287522616e+00
-1.930767422357959617e+01 2.988285451718438179e-01 8.920400958075180853e-02
-1.896361055170573806e+01 5.629942485895993443e-01 -4.457668195554815860e-01
-1.931062942840657826e+01 2.986840357506714283e-01 9.998463038534044500e-02
-1.930886345604231025e+01 3.004928484417228041e-01 9.934147914635582666e-02
-1.954545090482955061e+01 1.216922775332056339e-01 -5.648773620990166222e-02
-1.930959523929591626e+01 2.993708984967425879e-01 9.942173186483449498e-02
-1.930955780257970389e+01 2.990368482187140131e-01 9.762771943222459115e-02
-1.931168433617274260e+01 2.978484179251636443e-01 9.800132429354979635e-02
-1.931054157836372198e+01 2.987947910586497002e-01 9.998865851504490365e-02
-1.931078182991594261e+01 2.974671901527573548e-01 9.288877562063113658e-02
-1.931063886225251025e+01 2.963458188983188468e-01 7.396188624800492661e-02
-1.931059060200034239e+01 2.987540343210247085e-01 9.999724516150587661e-02
-1.931211596375613126e+01 2.977067072790872126e-01 9.949917515223694053e-02
-1.931086029804353998e+01 2.985144511579372328e-01 9.990368044020403460e-02
-1.931060199426219270e+01 2.987442290442507420e-01 9.994730927686257260e-02
-1.932268747362571304e+01 2.623227667325454537e-01 -3.202928646118390343e-01
-1.932635155553205664e+01 2.742880444742599733e-01 -6.826393677134023896e-02
-1.931061016682564357e+01 2.987119681692087525e-01 9.999524764351575001e-02
-1.933376832024664083e+01 2.816952729251900323e-01 8.912822526412389479e-02
-1.931325960629097338e+01 2.957635107171347477e-01 6.824565446463504159e-02
-1.931033826613626658e+01 2.987551826279843947e-01 9.994435685660274515e-02
-1.931500424875358135e+01 2.953015961583360105e-01 9.573409196244409003e-02
-1.931594020662918254e+01 2.911723551958425027e-01 8.186269180123639799e-02
-1.931083716477649403e+01 2.985869331707650121e-01 9.993543693630746461e-02
-1.931101959842927229e+01 2.984919047266210157e-01 9.994692377212066603e-02
-1.931223673879902236e+01 2.978882584682242540e-01 9.491429363654235729e-02
-1.930952044248418886e+01 2.994373067321229875e-01 9.940890867644736062e-02
-1.931077398315108340e+01 2.986095574563223942e-01 9.999381621737191139e-02
-1.931111405155287386e+01 2.955412189277908941e-01 7.045360448268489506e-02
-1.931189614363920271e+01 2.963401335257235814e-01 8.872978405873555019e-02
-1.930987819171372522e+01 2.992040513611766706e-01 9.987113058848962055e-02
-1.931248101401060069e+01 2.971279115665062531e-01 9.911879749904617398e-02
-1.932390205664083638e+01 2.606108275236004856e-01 -2.569922041385763745e-01
-1.931177003224225430e+01 2.977185798509357495e-01 9.874196168277649122e-02
-1.931084836497478463e+01 2.985829404371149742e-01 9.999145369281059459e-02
-1.931294637094595501e+01 2.978819810641522015e-01 9.774848590856777264e-02
-1.931169129139418317e+01 2.976561220553341491e-01 9.998309199898436361e-02
-1.931370151174247596e+01 2.946827150055978950e-01 7.672055589073378812e-02
-1.931039747134382623e+01 2.988616478713413960e-01 9.998559942719698057e-02
-1.931033826510874718e+01 2.988196095772837624e-01 9.998966046752233439e-02
-1.930420935296323393e+01 3.026036437923355082e-01 9.248782905957098066e-02
-1.931011102064515939e+01 2.989933476735781581e-01 9.992968914702338168e-02
-1.931028802075640982e+01 2.991550360780764750e-01 9.909976153557797929e-02
-1.930747205603791983e+01 2.964538014084242556e-01 1.859642917220227787e-02
-1.931063482862196423e+01 2.987567321255545916e-01 9.998904759851923174e-02
-1.930828720825345712e+01 2.872206719777559147e-01 -1.056675055902021043e-01
-1.931064104854078067e+01 2.986565558512880858e-01 9.997437067481573791e-02
-1.931070112929120697e+01 2.986587976066914507e-01 9.997449783620293573e-02
-1.931067892666732533e+01 2.986683488660303309e-01 9.999241049553697636e-02
-1.931170802180688995e+01 2.979737039396955223e-01 9.946084305501123879e-02
-1.932144739363774377e+01 2.885750376541185713e-01 3.799820447211921248e-02
-1.931075570625108284e+01 2.986559478745391960e-01 9.998708567111869172e-02
-1.920333495490653419e+01 4.611444677191418040e-01 -1.108020742857633856e-01
-1.930968909386142940e+01 2.987406126290764741e-01 8.790192901048365925e-02
-1.935687821679504950e+01 1.638357525770578194e-01 -1.815981785543700822e+00
-1.871882324859925362e+01 7.322566862323250936e-01 1.326998310616245291e-02
-1.939000078422371587e+01 1.529761310000062324e-01 -1.756592915126393262e+00
-1.931182190106825303e+01 2.956611964238706758e-01 6.155790704328945040e-02
-1.934885996263313146e+01 1.915965461907624123e-01 -1.469286393860123052e+00
-1.937614870266419587e+01 1.869004536630491375e-01 -1.281065009170699653e+00
-1.930920294561445161e+01 3.003749302862280812e-01 9.452990630313973242e-02
-1.932252395511144272e+01 2.064052597419527568e-01 -1.370408954000776447e+00
-1.931358845953259973e+01 2.976071896846882447e-01 9.593140437762137651e-02
-1.931056181928714111e+01 2.987549281729587891e-01 9.992724019415399894e-02
-1.931056730213144590e+01 2.987834953694407658e-01 9.996143272643731592e-02
-1.931057430795468122e+01 2.987274533345131156e-01 9.989316463711572780e-02
-1.930977259354502706e+01 3.012412390469533796e-01 9.744363561334434820e-02
-1.931201576628076566e+01 2.968352727380100808e-01 9.702386102343574237e-02
-1.933899983458536909e+01 2.554732042944599102e-01 -2.505021286999074004e-01
-1.933133573307440045e+01 2.755836011891695247e-01 -8.802900448788952836e-02
-1.931144103123931899e+01 2.975016540340257865e-01 9.479336465366960951e-02
-1.931130523874687555e+01 2.955879263768998455e-01 9.760574920471576377e-02
-1.931262161964407653e+01 2.948278990906883501e-01 5.394022303135859175e-02
-1.930477762638592054e+01 2.956027734203170998e-01 2.686228253190181547e-02
-1.916213112939556495e+01 1.736924377334916614e-01 -1.936782434632924543e+00
-1.930205231210372929e+01 2.978911399879075050e-01 2.171699659093784263e-02
-1.933225004897079913e+01 2.586202466084133178e-01 -2.052182500944736976e-01
-1.929530510942209531e+01 3.196783867585071826e-01 5.425722200803484441e-02
-1.930899922077474073e+01 2.995379528970236183e-01 9.786185896566568232e-02
-1.932876318620889577e+01 3.011373966704938843e-01 -3.819466577089025705e-01
-1.916601356278466284e+01 1.987684722240067869e-01 -1.000215223541398579e+00
-1.932354912140070979e+01 1.578675153770452699e-01 -1.442552495128991197e+00
-1.907114940334942332e+01 3.357605419854086115e-01 -1.429665719471453933e+00
-1.933453386240404726e+01 2.411130597711124701e-01 -7.208279419818031108e-01
-1.931040123143135645e+01 2.988342342087185188e-01 9.999735880148330480e-02
-1.931047269651171305e+01 2.988556543304822788e-01 9.999608429569883938e-02
-1.931029508428746766e+01 2.989003687597591719e-01 9.999113675749349284e-02
-1.931021234469235992e+01 2.987323410435127613e-01 9.996148542663663150e-02
-1.898289239780870119e+01 6.881315970977754937e-01 9.823712257154060268e-03
-1.931096814063937828e+01 2.983127162401615906e-01 9.994576006505440091e-02
-1.931666570789638016e+01 2.936134737938689843e-01 9.023367686357008921e-02
-1.930063896984204064e+01 3.043870475618188909e-01 9.810046117819704037e-02
-1.864526972088739853e+01 9.440720895099442567e-01 -8.241107444388637848e-01
-1.930305896113978292e+01 2.985120207789731528e-01 2.471062006060753546e-02
-1.931164292105793479e+01 2.974802724276757737e-01 8.159099928141966274e-02
-1.930357570502676978e+01 3.072776490654159365e-01 8.344942860623572045e-02
-1.930838592503099349e+01 2.996750446602571838e-01 9.997159530951993389e-02
-1.802160951242175813e+01 8.702120469370986378e-01 5.216006234388181895e-02
-1.915833014261437484e+01 3.481089511129894509e-01 -5.551250157009957054e-01
-1.931734806254294767e+01 2.899307518358190117e-01 3.518916637557945037e-02
-1.879796911865034303e+01 7.865908719224392609e-01 -8.384334066938305963e-01
-1.931127026342140596e+01 2.981445250578259598e-01 9.930497308016583702e-02
-1.930780694407233966e+01 3.004994045246166534e-01 9.653921049576252855e-02
-1.930688167323551951e+01 3.013310202695377304e-01 9.848805408892546964e-02
-1.918154450938132172e+01 3.377968018788283788e-01 -6.129879570829048774e-01
-1.929839889637021244e+01 3.014637322159535171e-01 6.514172437201626309e-02
-1.888726237458679336e+01 3.654198501813974431e-01 -1.264069018085425045e+00
-1.930827572626955302e+01 3.001768106455575125e-01 9.916564355558721289e-02
-1.930958335837880568e+01 3.001241064873343967e-01 9.627009881806580793e-02
-1.931132839192035888e+01 2.983947664427837876e-01 9.998448456709185805e-02
-1.923863771630012920e+01 3.439686107509429824e-01 -8.102496174561302222e-01
-1.908763500097818522e+01 4.389277267980180031e-01 -3.479912379189968874e-01
-1.931140613756871360e+01 2.981223690958276218e-01 9.999182831726205478e-02
-1.932983791589594702e+01 2.518384488838794066e-01 -5.038424480968348718e-01
-1.931089335011289521e+01 2.982886586779447402e-01 9.742461305509664271e-02
-1.929668475315155263e+01 3.032904531532858994e-01 -1.011800941817249111e-01
-1.931298417493873032e+01 2.911132717301457284e-01 3.858227670048286484e-03
-1.931164587046443160e+01 2.981405246329711933e-01 9.980234495485440505e-02
-1.931192364517670867e+01 2.976947383309972439e-01 9.964537487247859815e-02
-1.930951399286111325e+01 2.988092212767509137e-01 9.567928975445738615e-02
-1.931739746378188727e+01 2.398192128380642330e-01 -9.243677626432309502e-01
-1.931126518248633062e+01 2.962692384512168320e-01 6.815931219943127672e-02
-1.930585616945026572e+01 2.864198284500102942e-01 3.637844425089298284e-03
-1.921998070000321945e+01 4.786026880402154959e-01 -8.841900001931277675e-01
-1.931611125679784990e+01 2.953717085048623292e-01 9.570137215288143651e-02
-1.905834074542293521e+01 4.053730461474431834e-01 -4.344948028397059847e-01
-1.930929578820946091e+01 2.996791342279906956e-01 9.900686901349020630e-02
-1.922173345740241501e+01 3.796752835328585096e-01 -1.091591036586156971e+00
-1.932316074956958118e+01 2.886143223878261943e-01 4.650298905112215664e-02
-1.930772511555206705e+01 3.016244187707652347e-01 9.375027970739413519e-02
-1.931151117632008507e+01 2.966547494072414581e-01 8.356104880374104482e-02
-1.930928519585859249e+01 2.993467583431944079e-01 9.245109548026730906e-02
-1.930859169055165125e+01 2.997527353820523821e-01 9.875523238373062895e-02
-1.931022106423087692e+01 2.989417511110332160e-01 9.995654891069127856e-02
-1.946480698317481384e+01 1.005995943450193331e-01 -1.853682263006499298e+00
-1.952587627962626371e+01 1.013829420390780084e-01 -1.784141238159009601e+00
-1.931006458964228045e+01 2.979859252476710907e-01 9.514565800203600432e-02
-1.930874033056560535e+01 2.997965315795179109e-01 9.452715368821440478e-02
-1.931051292954584753e+01 2.987472778564173592e-01 9.999006499935436665e-02
-1.931100606647537887e+01 2.987369367451529478e-01 9.785899130504471799e-02
-1.927342045041212160e+01 3.257143588221157460e-01 5.984034015544059670e-02
-1.931109653331763454e+01 2.975215332496216614e-01 9.723766358788932251e-02
-1.931018805269111027e+01 2.989419697208172133e-01 9.963651215627233881e-02
-1.934044035890763169e+01 2.052021154733048025e-01 -1.073392244152041153e+00
-1.931048650257215371e+01 2.987343090333097195e-01 9.996577165551734367e-02
-1.931063267608270095e+01 2.989149777745629954e-01 9.856967041747832781e-02
-1.929970884421457100e+01 3.022895445255902036e-01 7.051010340165930756e-02
-1.931057361484223733e+01 2.986986624708737881e-01 9.998756948544640366e-02
-1.931078264580780157e+01 2.985790903568680266e-01 9.998501755964550597e-02
-1.931022363770783201e+01 2.982605928535960738e-01 8.434195457639104276e-02
-1.929853531416615908e+01 2.950419177197320941e-01 4.933038903225828165e-02
-1.931057678492440743e+01 2.987188753342726599e-01 9.999001884687386266e-02
-1.931064805256257699e+01 2.986833424798913117e-01 9.998808618446775043e-02
-1.931055416318382001e+01 2.988575923381134869e-01 9.996025580746836781e-02
-1.931035892474330140e+01 2.988510756147447767e-01 9.997930283415623620e-02
-1.931028410906872139e+01 2.988845356174491541e-01 9.997301553999271562e-02
-1.930944213175113688e+01 2.997644961085466631e-01 9.863072421609020424e-02
-1.931081040699999107e+01 2.983807398373196085e-01 9.995588483728257145e-02
-1.931814503590433674e+01 2.923389904100447412e-01 9.796332861451384488e-02
-1.931068914096773170e+01 2.986493983838364730e-01 9.941597675175151139e-02
-1.931390005158225875e+01 2.972400294483184546e-01 9.119490703858534886e-02
-1.930983025915308104e+01 2.998097459598377257e-01 9.650458460087474322e-02
-1.930369171584822752e+01 2.792746374355137284e-01 -1.731867429188098662e-01
-1.931068922674515775e+01 2.986463603551670620e-01 9.997902539222414120e-02
-1.930978182137491572e+01 2.971030757693333135e-01 8.110283539675755549e-02
-1.933124910632626836e+01 2.824464076623336983e-01 1.291868675990404114e-03
-1.931059868038068572e+01 2.988039072719174127e-01 9.999551230239145383e-02
-1.931210458355047521e+01 2.977944355113046893e-01 9.954329758220570312e-02
-1.931004142157009795e+01 2.988435384718789445e-01 9.951156009365691446e-02
-1.930911862880885010e+01 2.993715478700282873e-01 9.957285113714586799e-02
-1.975046006258186893e+01 8.106240650415941218e-02 -2.583461250994492087e-01
-1.928267105666024150e+01 3.028900180414031418e-01 -9.465212149889001836e-02
-1.931039547257131517e+01 2.898085994692932710e-01 7.345588000400304907e-04
-1.929904023360039744e+01 3.017033826703775512e-01 5.954589502389318056e-02
-1.931072357822446506e+01 2.986372594113703149e-01 9.997069297503458074e-02
-1.931040339537413075e+01 2.986358089968007001e-01 9.981294980063548650e-02
-1.931092512001944783e+01 2.986807156322706658e-01 9.993618425896189095e-02
-1.931007782809338380e+01 2.993365277019819914e-01 9.961426404754281094e-02
-1.933885306394036263e+01 2.626332063224707247e-01 -1.966804199098208805e-01
-1.931071558333747973e+01 2.985998985212107160e-01 9.990569133539306534e-02
-1.931888732947965437e+01 2.852803273444900478e-01 2.805599539284608923e-02
-1.938243020644310377e+01 2.084293458493589601e-01 -3.427656929224445204e-01
-1.930950069762821997e+01 2.994880826656433626e-01 9.959568487507608481e-02
-1.938318201847645383e+01 1.909748132063991688e-01 -1.175971116030868124e+00
-1.931086937583978624e+01 2.982286886887722810e-01 9.919789991735639134e-02
-1.931073507116622423e+01 2.986558043058583634e-01 9.998414474921180073e-02
-1.880642001150988918e+01 4.354042706421134556e-01 -2.399436959077030362e-01
-1.931122192670544280e+01 2.981521046027144628e-01 9.892484339463036846e-02
-1.931058930909331295e+01 2.987529064773740695e-01 9.982644813803265293e-02
-1.942648915219821504e+01 1.025621847300727946e-01 -8.986741707857177630e-01
-1.931593577295383213e+01 2.943494935248696098e-01 9.737311937998160971e-02
-1.920609358843975656e+01 3.641187137333314894e-01 2.988544975880635945e-03
-1.930611966436209670e+01 2.963373443050058564e-01 1.561541026197765802e-02
-1.931137848568783255e+01 2.980911099241453366e-01 9.968519421130972447e-02
-1.929981803567889997e+01 2.753624759386501530e-01 -3.511870942913857263e-01
-1.929798257884433355e+01 3.004899132457690136e-01 3.470769259412254115e-02
-1.971441837034229039e+01 4.674079949859568511e-02 -2.806776943850690653e-01
-1.931131048403149819e+01 2.975304919852158059e-01 9.817262023469153220e-02
-1.928596421330464494e+01 3.032953403286134941e-01 4.747927287708275657e-02
-1.899685954662648157e+01 4.970040813624830300e-01 -5.338177611948333734e-01
-1.935758980247013028e+01 2.361657593891954843e-01 -3.619940916682122811e-01
-1.934919826705203505e+01 2.540766525163596912e-01 -2.731505051092604219e-01
-1.932929597973696545e+01 2.842758039319671082e-01 9.181374296919297961e-02
-1.929876559998901087e+01 3.038381646901457955e-01 5.353392941967438645e-02
-1.933424968080140971e+01 2.716635357036261689e-01 -3.043016644458185205e-01
-1.931399893258883083e+01 2.937988706544815143e-01 5.971118020754229150e-02
-1.933726912761719063e+01 2.200776484031630453e-01 -1.149559328165187022e+00
-1.931070752515266520e+01 2.985794499976489602e-01 9.995762990394085890e-02
-1.930511044060931169e+01 3.055742753129847000e-01 8.273462480535442864e-02
-1.931093013777718426e+01 2.981124918645553512e-01 9.622006456531106977e-02
-1.931037373605373375e+01 2.986801780297993480e-01 9.957254314416497110e-02
-1.931228749913444886e+01 2.978740715060104738e-01 9.978406774068426799e-02
-1.930977856426999040e+01 2.983725113632721415e-01 9.187888638161201271e-02
-1.931117478326206793e+01 2.985217843450460040e-01 9.935237429163956691e-02
-1.930700225110075863e+01 3.022340736358918312e-01 9.526731175046121436e-02
-1.931152069848328168e+01 2.969719339221304488e-01 6.295241827062580953e-02
-1.930956026409532811e+01 2.973787011428849492e-01 9.258232154603351916e-02
-1.931062360363756625e+01 2.990798975080661837e-01 9.947056414812927017e-02
-1.931175469478705153e+01 2.980704071771230756e-01 9.943498883344048522e-02
-1.955891427103452074e+01 8.271356742824180486e-02 -9.996025481685046898e-01
-1.936862002375852754e+01 2.422597792662263549e-01 -2.643791243137358915e-01
-1.932749880630217731e+01 2.263827231239359250e-01 -8.692978480140882702e-01
-1.930527425326453894e+01 2.986563614691424284e-01 6.219798916896124297e-02
-1.929840747329120987e+01 3.038253197740999889e-01 6.655743315921913705e-02
-1.931954547719838189e+01 2.582259623816706706e-01 -2.856480539668093677e-01
-1.931480133740947736e+01 2.940146302152707447e-01 7.048636887421766417e-02
-1.931432657769370209e+01 2.956201660739150583e-01 8.676176051650008603e-02
-1.871237926366865878e+01 7.915530146830462854e-01 -5.532262043754760938e-01
-1.931051219267454755e+01 2.980606383084083433e-01 9.831977879669517861e-02
-1.932573629125317893e+01 2.632337548032231411e-01 -2.861422501051267275e-01
-1.931124233090237041e+01 2.984370713137716735e-01 9.935009721608922817e-02
-1.932820160972227796e+01 2.833234084591841895e-01 1.508871109705900437e-02
-1.931462259965822881e+01 2.947223124238091962e-01 8.272532517720820877e-02
-1.931432439842167526e+01 2.952231328075243244e-01 9.552916687818591157e-02
-1.922573322044561905e+01 2.746296641596319144e-01 -1.835711599830421648e+00
-1.931314486649316464e+01 2.951940286150144255e-01 9.743992315073146671e-02
-1.931129151068156702e+01 2.948057941440215268e-01 6.746163396592086414e-02
-1.931153998139139105e+01 2.982030714102726354e-01 9.907992802712284330e-02
-1.930824436280582290e+01 2.998274308608513405e-01 9.861869083139973569e-02
-1.931189273136900297e+01 2.978964412888866486e-01 9.921054450601518582e-02
-1.931051350573891767e+01 2.988191329128624951e-01 9.982008570794054236e-02
-1.950185475306163241e+01 1.727395459040949044e-01 -7.126293418334761487e-01
-1.959709245695941249e+01 6.445028074115133343e-02 -1.561316856033827527e+00
-1.901454716885362117e+01 4.680352049580533969e-01 -9.030248978466330900e-01
-1.935119205453597147e+01 6.095733128991175365e-01 1.879515256027897152e-02
-1.931028274752432594e+01 2.989149134924375395e-01 9.999711004058431385e-02
-1.930354026676323187e+01 2.059751750572663687e-01 -1.500465640988234650e+00
-1.931046120569457258e+01 2.989184045630824960e-01 9.999592884001051729e-02
-1.935331162789131909e+01 2.474166524984127702e-01 -5.170469410173552660e-01
-1.931079959501781929e+01 2.985741011829901592e-01 9.999554170385449581e-02
-1.940748370214396701e+01 1.148389869447698636e-01 -1.120895159034895672e+00
-1.930809219666486243e+01 3.004055787905334785e-01 9.611574127012101343e-02
-1.931130200282454723e+01 2.983199293201799218e-01 9.998825289914714531e-02
-1.908265518584806486e+01 3.999263053970373849e-01 -7.087771226774910449e-01
-1.885103847869383031e+01 8.329889853373526609e-01 -1.607868659808316503e+00
-1.931024917031802701e+01 2.993875864201962500e-01 9.921018409567317065e-02
-1.931092221530656872e+01 2.985420415120109139e-01 9.995852713815711610e-02
-1.930962768153109366e+01 2.983441834707039608e-01 8.720690360544702813e-02
-1.931082967489895097e+01 2.985284655604581450e-01 9.999381097574522315e-02
-1.931001866517338428e+01 2.991362161866309988e-01 9.936499410567689594e-02
-1.931303811624454170e+01 2.953321060492509198e-01 9.920468682736505173e-02
-1.931300736293193765e+01 2.967365582023842041e-01 9.359848778284129978e-02
-1.931221358810356392e+01 2.977968721231174509e-01 9.868669726197865089e-02
-1.931138889961377814e+01 2.977820568361443376e-01 9.349273790774548232e-02
-1.931899724514764927e+01 2.844320178622431472e-01 -6.102085921334432506e-02
-1.932503570329903653e+01 2.648448395079815443e-01 -5.329493680558416990e-02
-1.931570293373052394e+01 2.637731566325358656e-01 -1.962681825878047626e-01
-1.933436866554712452e+01 2.538893362214659222e-01 -5.192354706053987634e-01
-1.934948832019935239e+01 3.959606283543256611e-01 -5.951556899391796662e-02
-1.932001066525104349e+01 2.831336913197896599e-01 -1.222282972416715019e-01
-1.930978799374630483e+01 2.906375477396884732e-01 -3.094391633206461378e-03
-1.932962453491165178e+01 2.925160981464471899e-01 -3.051333343647932850e-03
-1.929218488844146506e+01 3.078738021803666403e-01 5.684155001611612690e-02
-1.931069077635054043e+01 2.986592223737740137e-01 9.998145520274892561e-02
-1.929817909443477220e+01 2.969984417939188770e-01 -1.012422748627450630e-04
-1.931825837254358191e+01 2.240488884781980383e-01 -1.569931930129674136e+00
-1.929813679162120010e+01 3.021746716546216405e-01 4.189407592953697801e-02
-1.901032818198307695e+01 4.182918653388582597e-01 -8.081072456575082441e-01
-1.896952698257512182e+01 5.870101998265048193e-01 -1.626259744610271341e+00
-1.931057411353194198e+01 2.987344732227612543e-01 9.995735544526773708e-02
-1.907092797170101051e+01 7.441914264247566635e-01 -1.432771675913734999e+00
-1.946211392443104771e+01 1.803907093717411203e-01 -6.562037675462124575e-01
-1.934465323424880623e+01 2.200103751556005682e-01 -8.093629691905781520e-01
-1.926515601459606586e+01 3.338476310015411896e-01 4.826936418220917346e-02
-1.931054675310292623e+01 2.986935925110364431e-01 9.976141844871078135e-02
-1.938180251996845627e+01 1.723737681301431290e-01 -1.247981461967196282e+00
-1.930240872758267656e+01 3.037304089249485139e-01 8.521268949332805320e-02
-1.931054730401605468e+01 2.977855984133022105e-01 7.877112132677277501e-02
-1.930129158942738599e+01 3.046691689289031668e-01 9.872705070904608249e-02
-1.930868687528933592e+01 2.991090043443189739e-01 9.013103822027979106e-02
-1.931302477333348122e+01 2.980704362026984078e-01 9.156855568321997652e-02
-1.926122421407458418e+01 3.083037755706832250e-01 -2.715677557271489739e-01
-1.931502160134884960e+01 2.937041214976067738e-01 5.443068902971548439e-02
-1.927124609634675423e+01 3.125790370706178489e-01 -1.935276708522675193e-01
-1.931351516784112476e+01 2.967219060421143473e-01 9.863435771075357295e-02
-1.931082219931469623e+01 2.985676443588247131e-01 9.825503034004023917e-02
-1.931362965892937211e+01 2.962614812977023004e-01 9.971302718422725420e-02
-1.931352343070572530e+01 2.962055424166833983e-01 9.217857295124920469e-02
-1.931133863161510433e+01 2.981858654499449646e-01 9.997071845267946344e-02
-1.931113892778678931e+01 2.982720010900528629e-01 9.991439500661991602e-02
-1.931143808801909856e+01 2.867373523451697270e-01 -7.537953759848825541e-02
-1.931034437363437206e+01 2.986596476510671727e-01 9.748069682954785264e-02
-1.931021080834217329e+01 2.992875328402287982e-01 9.904148571065629625e-02
-1.926099279227837258e+01 3.247515843357213217e-01 -8.167383213680956544e-02
-1.930995087180103909e+01 2.989877881706082263e-01 9.853334510969835591e-02
-1.931626436718082473e+01 2.538992783977083723e-01 -5.715829254809667859e-01
-1.930930320328544525e+01 2.995006329146979174e-01 9.676134848414053025e-02
-1.932639787749169713e+01 2.870954959126960637e-01 7.741100122127342331e-02
-1.931063089575562230e+01 2.987370923733259076e-01 9.999341624999846800e-02
-1.931056926479240943e+01 2.987436381742952229e-01 9.999548442292160999e-02
-1.930995482130512286e+01 2.990441008889882513e-01 9.101815001845192654e-02
-1.930669198176196133e+01 3.001484438899821305e-01 9.526327925523547790e-02
-1.930709817436198250e+01 3.015398181410176570e-01 9.939782860477119897e-02
-1.931102136689467130e+01 2.985914352829657781e-01 9.992725004479430240e-02
-1.930966323625258951e+01 2.999418868407322525e-01 9.591372002419040754e-02
-1.916015070097920514e+01 6.289636542293057797e-01 -1.263664652644631792e+00
-1.912758806697746294e+01 4.536635648125759701e-01 -5.359135400403245431e-01
-1.971032008563171445e+01 2.980116890900497140e-04 -5.348478306456432296e-01
-1.931107149892628883e+01 2.984344872821527161e-01 9.998326294454518148e-02
-1.931104078622115594e+01 2.984107754765636389e-01 9.994894401812093321e-02
-1.935605600016288008e+01 1.916098494974714794e-01 -1.203334431949168559e+00
-1.931572223372983643e+01 2.754218264290960727e-01 -1.143267415054691760e-01
-1.931038165817513530e+01 2.990475272160348919e-01 9.994674282225268769e-02
-1.931021085120480762e+01 2.960941441954634268e-01 7.862053014416670038e-02
-1.931207956511323687e+01 2.960089642503704321e-01 9.103959669121719500e-02
-1.938354527947052119e+01 2.255547946212252963e-01 -2.757149225884774069e-01
-1.930990440843331513e+01 2.989033099371513069e-01 8.146972956929987575e-02
-1.938039208049756468e+01 5.388542729117836716e-01 -7.279577679356163955e-02
-1.928459262139858410e+01 2.557070888905254580e-01 -9.853139803295212218e-01
-1.931049165075177498e+01 2.987748517615380628e-01 9.998781282420177163e-02
-1.930877166304992087e+01 2.991898599323438157e-01 8.727685767647663795e-02
-1.931065280064314393e+01 2.987294151764646188e-01 9.999789566382322192e-02
-1.912216599633478609e+01 4.113918420397992270e-01 -1.172215845324179995e+00
-1.931517585795680247e+01 2.930191792228463710e-01 7.121841263078554363e-02
-1.930476557211704147e+01 2.999553553968527519e-01 -6.670032100880574077e-03
-1.931042820751950373e+01 2.987952642577166862e-01 9.988972646522409349e-02
-1.931059337683098676e+01 2.987669845499514865e-01 9.990394596484453160e-02
-1.932483194308495555e+01 2.619955503863722890e-01 -4.509696439362300691e-01
-1.931079514034095723e+01 2.986504573768868909e-01 9.989718068005037921e-02
-1.933464411122563220e+01 2.936870865310003409e-01 -3.190317481805315936e-03
-1.932198033385617464e+01 2.901088886419783686e-01 7.610891380479323232e-02
-1.931407861589958586e+01 2.840164045334281351e-01 -3.762409692966772745e-02
-1.932068901090977064e+01 2.871654302633674383e-01 4.405402183630569013e-02
-1.931473203135237782e+01 2.949100802003545851e-01 8.741478826376303246e-02
-1.931065199877187055e+01 2.987429352150203221e-01 9.998525439070338194e-02
-1.930793548183762454e+01 2.978009773857458464e-01 7.050814152429740744e-02
-1.931081418901302271e+01 2.985375006280536758e-01 9.996796534820129310e-02
-1.932659234506182244e+01 2.847655826957985470e-01 1.073546746450171341e-02
-1.931084066478791783e+01 2.986121245802955126e-01 9.999870913878705636e-02
-1.931875563303483290e+01 2.913571490933882790e-01 9.614530540033738859e-02
-1.929502192101050184e+01 3.005199044120839269e-01 9.345922235346471041e-04
-1.931068589233718669e+01 2.985771725405048649e-01 9.999841253257946150e-02
-1.933682384961467804e+01 2.717668959102601534e-01 -1.680749124997444888e-01
-1.931069139105031951e+01 2.986308703728106084e-01 9.999769264704783112e-02
-1.931053223030878385e+01 2.987863567234935180e-01 9.836737654399563269e-02
-1.931016327141451328e+01 2.995784595556741925e-01 9.885469221643861104e-02
-1.931020410945562560e+01 3.000381261406925848e-01 9.901933343312396829e-02
-1.931082495877480554e+01 2.985646035130152809e-01 9.998421033887439080e-02
-1.931073990129375062e+01 2.986197447156156426e-01 9.998294801139984145e-02
-1.931958494928606740e+01 2.289603819317725386e-01 -8.298561859698094789e-01
-1.931078354386137264e+01 2.985585238696090715e-01 9.998942421598044916e-02
-1.942845969734395339e+01 1.313059610759695905e-01 -1.803282314203329406e+00
-1.931069921629083908e+01 2.986425558435713001e-01 9.999695698379440501e-02
-1.931122917073808409e+01 2.982021375771496952e-01 9.941281545196067881e-02
-1.931111943322875746e+01 2.981060077005610043e-01 9.961029061277626440e-02
-1.931229581723151156e+01 2.974347082310143109e-01 9.869161907119172739e-02
-1.903706800148905742e+01 3.776361363669997750e-01 -1.349954379542698257e+00
-1.931064362811166646e+01 2.988762103339021037e-01 9.995977849151849171e-02
-1.930902701041929959e+01 2.976364031681261735e-01 8.293537271445927672e-02
-1.930997631164598616e+01 2.989993066036805147e-01 9.821483187405899429e-02
-1.931093314645023540e+01 2.985945188007699258e-01 9.987887148491259026e-02
-1.930259327539598502e+01 2.461136220918414552e-01 -1.426119463106976681e+00
-1.931032421673133470e+01 2.989298066771524653e-01 9.999059467738069529e-02
-1.930821695334323707e+01 3.004587293399690329e-01 8.349701367187245538e-02
-1.931055041688065188e+01 2.986194726023816970e-01 9.998955899256589674e-02
-1.931059484333956888e+01 2.987782082782983184e-01 9.999636395298194813e-02
-1.924716368149682566e+01 2.952265885247175592e-01 -1.616383653765290696e+00
-1.931050851933717283e+01 2.987761502278021841e-01 9.999967529803788224e-02
-1.930980400197187308e+01 2.988140001975986282e-01 9.476052031836301737e-02
-1.931207684050394136e+01 3.008435478796824825e-01 9.301211340085258072e-02
-1.931050353468588199e+01 2.987591500400680333e-01 9.998642082061692804e-02
-1.937077113845742105e+01 1.790072160204038698e-01 -1.184617923770611814e+00
-1.937564202368674060e+01 1.671437967011713266e-01 -1.554697912826797923e+00
-1.930974042829628345e+01 2.994151512340679777e-01 9.990661577054238407e-02
-1.930968275946012014e+01 2.992392981189733181e-01 9.999051689524973696e-02
-1.932698644041268921e+01 2.766607056775787221e-01 -1.753114728298039715e-01
-1.931011441782632687e+01 2.990831668411195743e-01 9.942464268521300497e-02
-1.930983733464141494e+01 2.990815265126873790e-01 9.982508766522935062e-02
-1.932325676816227045e+01 2.684581323865671831e-01 -1.870595116049209583e-01
-1.931013813774775301e+01 2.987883265117572407e-01 9.992390889168767387e-02
-1.930923560667629602e+01 2.976313532649977889e-01 8.706171684392716159e-02
-1.930695384045712615e+01 2.921477078673412331e-01 -1.931253304598068432e-02
-1.931306055818246392e+01 2.766539947555523016e-01 -1.487874933661610388e-01
-1.931055977099424581e+01 2.986911361421499267e-01 9.941693626483516510e-02
-1.931058381734723639e+01 2.983931571501219904e-01 9.883888520294670244e-02
-1.931105284944133516e+01 2.983233807361722056e-01 9.945568202445986827e-02
-1.931551458438069346e+01 2.962703431468687865e-01 9.611364070620576072e-02
-1.931064201919324574e+01 2.987148926574760832e-01 9.890238852079225040e-02
-1.930948590707193446e+01 2.982485783930510781e-01 7.548674664364263265e-02
-1.931062632188197270e+01 2.986380074551379105e-01 9.995088176686328651e-02
-1.931754822361421020e+01 2.937967597081254101e-01 8.774193383632988841e-02
-1.931119394683585710e+01 2.983488427977612489e-01 9.985377506259540681e-02
-1.929828732843385453e+01 3.083802085278302130e-01 9.346810190591270384e-02
-1.931213705247824564e+01 2.971047462625686642e-01 8.422241283175502247e-02
-1.930989638872116032e+01 2.996067269100667341e-01 9.893442701897070535e-02
-1.932993307270504602e+01 2.500433579595287004e-01 -2.888899114599192686e-01
-1.930941496858114803e+01 2.986611146300526265e-01 9.539851531628951165e-02
-1.931240400062789675e+01 2.975748461922873012e-01 9.440593813672482071e-02
-1.930745104506446808e+01 3.004153085935745704e-01 8.089227317145208929e-02
-1.931269962711684940e+01 2.969336379470757792e-01 9.890084725745218464e-02
-1.930922922900397509e+01 2.984145140991978917e-01 8.932905764729737186e-02
-1.931582263219842233e+01 2.938477745741160940e-01 9.403183307952023284e-02
-1.931381431249928582e+01 2.965216141640984460e-01 8.883659266636279028e-02
-1.931469573785208027e+01 2.970969213847154955e-01 9.405243380780481388e-02
-1.925583171483270206e+01 2.917639254725943321e-01 -5.474718901532951154e-01
-1.931161310975450363e+01 2.962964510942540097e-01 7.873285495475501605e-02
-1.925111123268417401e+01 2.824449880503501764e-01 -1.706139770826518465e+00
-1.931185914436033002e+01 2.975014742077086161e-01 9.817489079043051348e-02
-1.931205994307489249e+01 2.973074348023921343e-01 9.829143051862088143e-02
-1.930318945345692327e+01 2.544456435426412089e-01 -6.491203713894195815e-01
-1.931098203631878718e+01 2.984698927910952593e-01 9.974721712845990851e-02
-1.890103412461156296e+01 7.094992047890158471e-01 -7.220799574488094841e-01
-1.931006276514975895e+01 2.991133603981525613e-01 9.992745508241984709e-02
-1.931077480768181687e+01 2.983659196672522329e-01 9.995333248691817829e-02
-1.931021979243386966e+01 2.989715564944958048e-01 9.998040566641108740e-02
-1.931025010684720300e+01 2.900795475795989731e-01 4.319729745353972916e-02
-1.931037951186687351e+01 2.989513818758830488e-01 9.995579696688672300e-02
-1.931080890261111094e+01 2.985225622072847917e-01 9.999161417368451765e-02
-1.944779170985432160e+01 1.565093462301407889e-01 -1.018980364096353508e+00
-1.932831223955129829e+01 2.873854761804178204e-01 5.575249223488221162e-02
-1.931068814423490210e+01 2.986698590559813127e-01 9.991995453293256446e-02
-1.925710205707445510e+01 3.261243575776961445e-01 3.858924595630419674e-03
-1.931116175809003721e+01 2.968899583491172445e-01 8.022385215220051435e-02
-1.931058448655410942e+01 2.986718205354246258e-01 9.999269495215123982e-02
-1.931080579434266653e+01 2.986148962710650223e-01 9.998306026979841832e-02
-1.944911996901941365e+01 4.231170078871239193e-01 -1.974366723853799854e-01
-1.931021662918499970e+01 2.995657959010679106e-01 9.705910909158355082e-02
-1.931126110729501022e+01 2.980130861329851055e-01 9.990104246072650795e-02
-1.931089972519838227e+01 2.978381346483136571e-01 9.593234110017512251e-02
-1.931083872921595201e+01 2.985974823354077823e-01 9.994146019586835905e-02
-1.931087937546839939e+01 2.985623213405729226e-01 9.999614238610021744e-02
-1.926586010698508034e+01 2.928746263042268372e-01 -4.357793052566383274e-01
-1.931147488049720451e+01 2.981562306634850112e-01 9.993232025547316155e-02
-1.931023596706275569e+01 2.989591447865769247e-01 9.986010933510236498e-02
-1.931115839937373480e+01 2.983686532859046170e-01 9.982397325030634150e-02
-1.930672689615905213e+01 2.929697091431254785e-01 3.301761227314070624e-03
-1.930959332641159776e+01 2.994709345996898198e-01 9.970077592867898630e-02
-1.931078042049150056e+01 2.985671524122647247e-01 9.998292904605765585e-02
-1.931072400879869377e+01 2.985458661965540994e-01 9.999739376835448113e-02
-1.930999344312965604e+01 2.991851851177117494e-01 9.984347253693570678e-02
-1.932161218130190505e+01 1.699190054600210886e-01 -1.613173257942218886e+00
-1.931092603569750565e+01 2.986199143427302749e-01 9.996631719314930109e-02
-1.931152015937986732e+01 2.977299057721552455e-01 9.987566709362782902e-02
-1.931099112721098976e+01 2.983874772980594225e-01 9.996751618774091241e-02
-1.930669558617965009e+01 2.962701966531063325e-01 3.027833997788187403e-02
-1.931933067529495673e+01 2.663679362454889898e-01 -3.448157728100240682e-01
-1.963774917976331480e+01 1.684105319677182688e-01 -5.285406947823916290e-01
-1.930903735030753410e+01 2.976354072286315211e-01 5.264864452734885347e-02
-1.929767902671951063e+01 2.967164548292610116e-01 2.509590596287036846e-02
-1.931168993823518321e+01 2.980684401708511566e-01 9.962685198424514610e-02
-1.926135378360588390e+01 3.087086880900627439e-01 -1.217889624927490644e-01
-1.931095654523045013e+01 2.985145172146710379e-01 9.337574535257120445e-02
-1.929776667119882561e+01 3.057248584126251445e-01 -2.611864150250298167e-01
-1.931182362070695646e+01 2.957674415542400070e-01 8.169966100913095275e-02
-1.931974602126735618e+01 2.930069674219378806e-01 9.402702059945156066e-02
-1.930709009258350406e+01 2.959680542419259042e-01 -2.058512477839835597e-03
-1.931081619096237389e+01 2.984885881572700295e-01 8.191715085422757170e-02
-1.906108346066133663e+01 5.988714567267181543e-01 -5.333773058796724698e-01
-1.890678490441748494e+01 8.636101110227374367e-01 -6.017291569905212079e-01
-1.931310085586436998e+01 2.954753626271233724e-01 9.424823340703580854e-02
-1.927885800881987777e+01 2.873769156879967257e-01 -8.179864855804788171e-01
-1.925859631262375515e+01 2.859080140761225963e-01 -1.533900119736231638e+00
-1.955979072611363279e+01 1.549755042065025235e-01 -1.112196354286519195e+00
-1.925590352379395753e+01 4.080190599812191787e-01 -3.130718993897503299e-01
-1.930231387763058137e+01 3.010204909787357330e-01 -1.930090613213364392e-02
-1.930665770655858537e+01 2.938669864262045683e-01 1.864374838604954121e-02
-1.921819411501268249e+01 3.176755267714890252e-01 -1.427280363730153212e+00
-1.932415155084341052e+01 2.575555218659962842e-01 -5.378508692803114499e-01
-1.931202650325056425e+01 2.976806905041818330e-01 9.892966385961798892e-02
-1.930827070100964349e+01 3.035553927852982503e-01 -7.522859627337186161e-02
-1.931097521245807869e+01 2.985370766555379141e-01 9.996091512987614891e-02
-1.930816648086089771e+01 2.919228785326819509e-01 -1.416377119351452940e-02
-1.931088022839582763e+01 2.984847425609902238e-01 9.998669541018401219e-02
-1.930768937017231224e+01 3.017215251275202070e-01 9.241905788352733353e-02
-1.934164760091597302e+01 2.695063346343156141e-01 -1.494633992063620909e-02
-1.930780856967108861e+01 3.006195419278334668e-01 7.954766492496156971e-02
-1.931131700925967820e+01 2.985589819068540374e-01 9.873317913692369885e-02
-1.932183998187120011e+01 2.833736613039604668e-01 4.353560016290902723e-02
-1.931083210228123903e+01 2.985898014593501570e-01 9.998640545730763662e-02
-1.931064893968596863e+01 2.987404580368966389e-01 9.996600815380407568e-02
-1.931073064378806947e+01 2.986331329027469561e-01 9.999592122617295686e-02
-1.931548647565914933e+01 2.935143649715470926e-01 7.160885321693211125e-02
-1.931019247558083762e+01 2.984869267511437996e-01 9.965585337031246382e-02
-1.931540615257416604e+01 2.953176206645748425e-01 9.876746413060910612e-02
-1.931545630547661574e+01 2.953037456845974407e-01 9.696913382212191124e-02
-1.931371360456116903e+01 2.950586014518135070e-01 8.277090830369449037e-02
-1.931194268825434435e+01 2.963683272763635301e-01 9.955676199023377748e-02
-1.930096806014880428e+01 3.041231736946738429e-01 7.950167503841587546e-02
-1.930883189668859856e+01 2.987461911001128012e-01 9.593754030908074881e-02
-1.931024149211770080e+01 2.990312435872714558e-01 9.976604485796070065e-02
-1.931098187374177755e+01 2.985148458624201084e-01 9.998284022432768481e-02
-1.938616806060289832e+01 2.063516364001801440e-01 -8.533734286506615696e-01
-1.930865597002932432e+01 3.004823043972710828e-01 9.637246095261087220e-02
-1.931066202734562864e+01 2.986826263474660070e-01 9.997425630912015748e-02
-1.929529917188786214e+01 2.618712859791482161e-01 -1.513841975533882778e+00
-1.932647387484352564e+01 2.931587907297700246e-01 8.607176682245043509e-02
-1.931072849292733906e+01 2.987115665052115232e-01 9.995874687188610608e-02
-1.931069379425096599e+01 2.985938782819693160e-01 9.956877648541073711e-02
-1.865117552559310354e+01 6.784961160876707975e-01 -1.748598998812522121e+00
-1.898042890352479617e+01 5.011345520263602582e-01 -1.772544693433725449e+00
-1.886416330250033369e+01 6.749506335839966509e-01 -1.159705850234227675e+00
-1.932863907881541721e+01 1.891699766473572963e-01 -1.666108180316912435e+00
-1.935847644159926872e+01 2.174861198889043445e-01 -6.635530126665076800e-01
-1.932970836876194909e+01 2.568819754892883722e-01 -2.960165867731840983e-01
-1.934355573883187063e+01 2.132525258254465150e-01 -1.053506240198879063e+00
-1.930426847973381044e+01 3.035460201028372107e-01 8.688482304271305523e-02
-1.930574973530141136e+01 3.017096542369325229e-01 9.950906190969766030e-02
-1.943688952563604033e+01 1.337512754939916282e-01 -8.815386313572082244e-01
-1.982942596751514230e+01 5.439229947347101746e-02 -1.190096448516454242e+00
-1.931045794116234759e+01 2.988029311251739206e-01 9.999204155272156669e-02
-1.931697194233200676e+01 2.296906722297520353e-01 -5.479821935002151534e-01
-1.939151722991558202e+01 1.641722464306366314e-01 -1.270217115075076064e+00
-1.931108845920335426e+01 2.968826531210699282e-01 9.038259050197172684e-02
-1.942462664548649087e+01 1.320398527804491906e-01 -1.779872359466732945e+00
-1.936827584987103279e+01 1.733319567953972573e-01 -1.668135318226879438e+00
-1.931313614164932702e+01 2.615295213282829989e-01 -5.511957037164965101e-01
-1.931089230534613677e+01 2.964307285559106275e-01 7.724355079594502627e-02
-1.931134711801612269e+01 2.972595287464940284e-01 8.787968394088130353e-02
-1.930992342275391138e+01 2.985025682079746057e-01 9.305038444657975916e-02
-1.931113372521382487e+01 2.963999597925158769e-01 9.026928975374737263e-02
-1.931052606531793003e+01 2.987429833496349496e-01 9.989871216130463694e-02
-1.932975439093125658e+01 2.669811852272181429e-01 -9.999606326684573609e-02
-1.932888129734304883e+01 2.342572638885669634e-01 -5.869150944128256331e-01
-1.936159642152454907e+01 1.812655099432476102e-01 -1.102889800865344050e+00
-1.931040638133551113e+01 2.990320511413807059e-01 9.862994464512109261e-02
-1.931080458800257915e+01 2.984418851212619628e-01 9.844089729613214601e-02
-1.931050038113180989e+01 2.941218999137411583e-01 8.186810419959567042e-02
-1.931055030419513940e+01 2.987904445053118363e-01 9.999574861651128188e-02
-1.929262714873796014e+01 2.878574493442598858e-01 -5.759754889437695979e-02
-1.931068839842707874e+01 2.986726391709796369e-01 9.997671230283700083e-02
-1.931583199456331457e+01 2.937082402233758271e-01 6.331648068488116010e-02
-1.930815473411514205e+01 2.994616816705411022e-01 9.644540903338372217e-02
-1.931134180474522566e+01 2.986109146621080401e-01 9.961396921656140435e-02
-1.930954142132708995e+01 2.968460206018718739e-01 9.659752026145351778e-02
-1.931164965875720796e+01 2.991357324902190751e-01 9.930291782381672760e-02
-1.932505399707295624e+01 1.815583975601020583e-01 -1.623333912595677830e+00
-1.931107582270221457e+01 2.983641578084152979e-01 9.994270566149765500e-02
-1.931368706005122604e+01 2.969457784486452256e-01 9.454220074137387186e-02
-1.931075137061409919e+01 2.983553006474826685e-01 9.982874215081993796e-02
-1.931154030095891372e+01 2.981613484135655079e-01 9.992724286075160833e-02
-1.929505650953628759e+01 1.713449235221548295e-01 -1.666449694016162830e+00
-1.931115390486415961e+01 2.983620918728279170e-01 9.856177210671512867e-02
-1.931345074832088926e+01 2.960219417550860044e-01 9.895533066767425723e-02
-1.931170202928794666e+01 2.981428925952872566e-01 9.893915586151269537e-02
-1.931250628997397811e+01 2.972378412123545810e-01 9.444365315648362014e-02
-1.931235510323172022e+01 2.977960968440150902e-01 9.882528559509884403e-02
-1.931020545146084899e+01 2.982515166792703565e-01 9.857912940452573380e-02
-1.930996441115681961e+01 2.989531667254712866e-01 9.943811295008719853e-02
-1.931124831965801292e+01 2.981391042609094488e-01 9.505023217870700591e-02
-1.902747044163696799e+01 5.975759215939842051e-01 -1.032764234052232499e-01
-1.934020335104060706e+01 2.696599671122988928e-01 -7.755800059206174879e-02
-1.931078070618573861e+01 2.978737515687889803e-01 9.913356333825573685e-02
-1.931224343313329328e+01 2.977879457298714394e-01 9.760886988999040170e-02
-1.931142540966459009e+01 2.986415989114796221e-01 8.788795283269656977e-02
-1.999778019796712414e+01 3.287634989159592958e-01 -1.986228339503245621e+00
-1.931602737953108573e+01 2.889069074851417507e-01 -2.931273946968304678e-02
-1.929229559452646114e+01 3.217128126341914363e-01 8.310458910708939939e-02
-1.931982096507702451e+01 2.948049912064970579e-01 8.744351631490898669e-02
-1.931090162129707366e+01 2.955343863240262881e-01 6.145463925368455094e-02
-1.873986144750372063e+01 8.562645703778958284e-01 -1.295090951569596971e+00
-1.932407649662715343e+01 2.883486179949785733e-01 5.429514904645760254e-02
-1.930983921166112793e+01 2.978707469187577561e-01 8.887613543197536714e-02
-1.937774169687173398e+01 1.534008845238739593e-01 -1.910882049304437391e+00
-1.931342322755193663e+01 2.976273924194433040e-01 9.823183916080191480e-02
-1.935347348336136264e+01 1.830225315149107135e-01 -1.576679206429570712e+00
-1.934789160466337421e+01 2.634927713275080907e-01 -9.370179728565841693e-02
-1.926987994856791531e+01 3.127741042313560427e-01 -1.755455240549366192e-01
-1.930984585456970493e+01 2.981731506732042680e-01 9.964242906006148814e-02
-1.928876899297478076e+01 3.085472556319002191e-01 -1.698810746294632246e-01
-1.932864298162969519e+01 2.853552553833609839e-01 9.316447190595011918e-02
-1.930212598751939979e+01 3.078512610086069912e-01 9.947807599213920327e-02
-1.931984174870100901e+01 2.863670578254154386e-01 9.414023225117418292e-03
-1.930922122953886344e+01 2.925119584143505702e-01 3.391659949609548974e-02
-1.927210807371740131e+01 3.528855984455976369e-01 -5.545107215727835825e-01
-1.931064543894356689e+01 2.987173110598085879e-01 9.999143047574143850e-02
-1.930785597039585610e+01 2.997082540663379979e-01 9.072294170895878196e-02
-1.931666971016197110e+01 2.547910479297071928e-01 -6.036295260095878579e-01
-1.930716320966201849e+01 3.001507888547015335e-01 9.721023572002218671e-02
-1.931074583577751014e+01 2.985711243729106124e-01 9.956363368005138881e-02
-1.930702485971517390e+01 3.003784060372350351e-01 9.563036117843815020e-02
-1.936151652013640501e+01 2.310702112227443206e-01 -4.995338531108246549e-01
-1.932909304207749912e+01 2.508293320568088514e-01 -5.080734244844096192e-01
-1.931098897161384187e+01 2.986361917670726229e-01 9.920710717913916454e-02
-1.933204042509499132e+01 2.488000834130536798e-01 -2.935983823851828767e-02
-1.932791951819798015e+01 2.312791472551650740e-01 -7.099842389681354504e-01
-1.931207809326725666e+01 2.970806826081138219e-01 9.821920704688791304e-02
-1.908411151208617085e+01 5.423846480845107010e-01 -1.416687239091751760e-01
-1.905668936801854940e+01 6.368015089908825033e-01 -2.018968784265373628e-02
