# level_assignment log_likelihood tiebreaker ID
0 -4.907710497550280706e+03 9.313831178604086158e-01 3
1 -4.624953504634086130e+03 5.896165033731730620e-01 2
1 -8.869854680668886431e+03 9.612736768866596559e-01 0
2 -5.539702755220665495e+03 8.200007501812579536e-01 4
4 -4.205489071474877392e+02 3.125466038966524529e-01 3
2 -3.531503368722482719e+03 6.044040049542545034e-01 4
5 -3.649403313534278936e+02 5.165612877589154106e-01 3
2 -3.102351129841940747e+03 6.610520076657314670e-01 0
4 -2.274718344311832880e+03 8.222938408705289248e-01 3
6 -5.744258149028419211e+02 6.743848879860767642e-01 3
6 -3.808779568068425760e+02 6.292356511439844979e-02 0
4 -3.779908140925170414e+02 8.659138794918690429e-01 4
4 -1.395772833272519392e+03 2.272787070320485547e-01 1
0 -1.445748637156217883e+05 3.787374291319418051e-01 4
0 -3.282327940625000338e+04 4.268277382645634388e-01 4
2 -4.870223323034731948e+03 2.537772449097701610e-01 4
1 -5.475384989214204325e+03 6.376793287075512850e-01 4
7 -4.153790265456826774e+02 8.975204877663033320e-01 0
5 -9.295264512652188387e+02 1.520519458701850846e-01 3
0 -7.879002239561603346e+04 9.185352933863670799e-01 0
8 -3.693142831815890759e+02 2.335530529130593891e-01 2
4 -2.355246345130527970e+03 7.241998636313351501e-02 4
5 -1.058305872460134879e+03 5.618260521561444509e-01 4
11 -3.506087627022033644e+02 6.675497317535867836e-01 0
7 -4.627283240513557985e+02 7.994248596546590369e-01 3
11 -3.478239809087367576e+02 4.425861279244415192e-01 4
10 -3.533246988058111242e+02 7.160918994762246470e-01 4
3 -3.662430048051012818e+03 1.262030376544167609e-01 0
12 -3.461558184837761019e+02 5.138085325195401731e-01 2
5 -5.877203903593426730e+02 8.721765442995198514e-01 4
6 -5.120048282260663655e+02 9.617389804069000903e-01 1
5 -1.281348599202895457e+03 6.303259940646456227e-01 3
11 -3.509757323229104600e+02 5.101526437653282064e-01 2
11 -3.499679831624569601e+02 5.145787409125652800e-01 2
7 -4.585603024170379740e+02 1.808799507659399342e-01 3
6 -3.974139648464399670e+02 3.906166320882746845e-01 4
5 -5.639011396485727801e+02 3.281517706731751360e-02 2
2 -8.424677239176331568e+03 1.575509131931061013e-01 0
5 -6.516023855596756675e+02 8.143396348668261453e-01 0
9 -3.523785659668997141e+02 2.817829859981352825e-01 2
1 -1.442458838193168413e+04 2.179423701537258062e-01 4
0 -2.046397057033008605e+04 5.684903942954355749e-01 4
2 -8.285073325800887687e+03 8.238998873621411478e-01 1
3 -4.416714843712391485e+03 8.090812302351402252e-01 3
2 -2.668926174569850446e+03 9.387969675940934788e-01 2
6 -5.435366435894457027e+02 7.809502952268925213e-01 1
7 -3.945535822052526100e+02 8.711025859458899623e-01 4
4 -1.635035707665804694e+03 2.253586292564451199e-01 4
3 -2.195084194796464089e+03 4.714574808909794967e-01 3
10 -3.467404262233452528e+02 9.361455583709918926e-01 2
12 -3.467071524021380924e+02 6.764712096830312049e-01 2
1 -1.202551188506812832e+04 1.865635698368822148e-01 0
4 -1.924600345439764169e+03 1.681355186584454486e-01 0
4 -2.636248953964211978e+03 9.537412170065352468e-01 4
1 -1.691585924666572464e+04 8.531533652765165288e-01 0
12 -3.480096848053555050e+02 8.437063281924988001e-01 3
6 -4.597458580783413709e+02 2.974419573534428096e-01 1
13 -3.467453337907488162e+02 2.712602563230228081e-01 3
12 -3.472126351043977479e+02 8.997827309294501585e-01 2
12 -3.481729691741088004e+02 7.980235938481320401e-01 1
8 -3.864568638037165442e+02 9.289053458123401885e-01 4
13 -3.464569566952734476e+02 3.601301713091284995e-01 1
12 -3.482310953440892831e+02 9.618309336860355607e-01 1
10 -3.491522185313563114e+02 4.429613617827384831e-01 1
9 -3.484369905166848298e+02 8.123677439038019532e-01 2
5 -1.073209324625231147e+03 5.484389583500020454e-02 4
10 -3.493577075473905325e+02 5.764336088365147326e-01 2
14 -3.463493653948431188e+02 6.643561880184305490e-01 3
16 -3.459077173942024501e+02 8.210367404279494963e-03 0
8 -3.608938759436016426e+02 7.375521813993056730e-01 3
10 -3.537652506800873198e+02 8.134241405599189623e-01 3
14 -3.463050022121930738e+02 8.698683287071214965e-01 1
12 -3.465393134819338457e+02 4.024519114406434062e-01 1
10 -3.546556605927050896e+02 3.940457601763860396e-01 1
17 -3.459237942093102447e+02 4.848823085115299136e-01 0
12 -3.467714832359419574e+02 8.824308200961650250e-01 2
10 -3.537637483612184042e+02 3.681028528263023958e-01 1
16 -3.459322176020586994e+02 8.323129246686156169e-02 0
13 -3.468596923330663913e+02 8.628486015399468023e-01 2
10 -3.553010798339307712e+02 4.506092617448409499e-01 1
6 -6.502174296980545023e+02 6.578194107978233562e-01 3
7 -3.915730842055546077e+02 7.580282485288314387e-01 3
15 -3.461561786642550942e+02 2.942079650172455541e-01 0
13 -3.467958047629844032e+02 3.581926441179962839e-01 4
11 -3.494534490408036618e+02 7.517192128249176042e-01 1
10 -3.519065851738486685e+02 1.342557700815150690e-01 0
5 -9.176657103856202866e+02 8.792085504731624868e-01 1
15 -3.459724647066607304e+02 6.519313756703702945e-01 2
13 -3.466248806209869144e+02 6.768768108678946405e-01 1
7 -3.665616390618337164e+02 1.178706531754110109e-01 1
17 -3.459087245240460220e+02 8.287214010003012277e-01 0
17 -3.459228114004630470e+02 5.572689095995366632e-02 0
11 -3.513985310986809054e+02 6.327707094006331801e-01 2
4 -2.296782063475002360e+03 2.743544108604891729e-01 3
13 -3.467847877923018132e+02 5.404435258084486216e-02 4
13 -3.466548246841913397e+02 1.335564085812986357e-01 1
15 -3.459007855629279220e+02 4.442907645130322880e-01 2
11 -3.467556422540132530e+02 8.540322832409288356e-01 1
19 -3.458747375987221631e+02 7.424199592092095568e-01 0
15 -3.461255951578442591e+02 3.402478242504603512e-01 2
15 -3.460629075028833768e+02 1.613034123756169613e-01 3
16 -3.460408110244446220e+02 1.903543528351050451e-01 2
14 -3.460390726850976648e+02 1.892959974920299104e-01 1
14 -3.463066372065251244e+02 9.959890215538293179e-02 2
18 -3.458777183285258161e+02 6.766230493601179674e-01 0
15 -3.461639623905773533e+02 8.696152221584366737e-01 4
9 -3.481278022025454106e+02 5.276998588732748630e-01 4
21 -3.458646261014735046e+02 8.766020213773075831e-01 3
16 -3.459742222908136569e+02 5.665757436720194606e-01 2
14 -3.462278486304450666e+02 6.004766508642767064e-01 4
11 -3.464226892387625867e+02 5.221651217837619541e-01 4
19 -3.458768654366102737e+02 1.624442108770028648e-01 1
22 -3.458670773398021083e+02 2.786550626742931858e-01 3
5 -1.148507167937953227e+03 2.818146995121212917e-01 4
6 -6.723958992156760814e+02 7.605990669352460376e-01 4
21 -3.458679327338915641e+02 1.732400959131545903e-01 3
21 -3.458698951185741635e+02 8.875284006806605230e-01 0
11 -3.514793558625325431e+02 3.298284090261008883e-01 4
19 -3.458772704537422555e+02 1.130547818717960035e-01 1
23 -3.458658216219669157e+02 1.971723007403627381e-01 3
23 -3.458646660709130174e+02 1.325538273730650918e-01 3
20 -3.458728922434210062e+02 6.473708081041682494e-01 1
2 -6.831213576209340317e+03 1.137055170432656886e-01 4
23 -3.458643633024381074e+02 7.291401509276240755e-02 3
17 -3.459242681652743272e+02 7.253211901518118176e-02 1
17 -3.459167484191941639e+02 3.062262658851181985e-01 1
7 -4.358071043187361511e+02 5.977930367176190751e-01 4
20 -3.458699626798207873e+02 5.711983417046934131e-01 1
22 -3.458669566698707172e+02 6.755983716713273024e-01 0
23 -3.458648033411332108e+02 8.024588803400243275e-01 3
22 -3.458667185659862184e+02 4.088313265223071369e-01 0
16 -3.459052297369100870e+02 4.261338902082663083e-01 1
6 -4.439111191933196778e+02 7.151134750576720878e-01 4
25 -3.458640937063032084e+02 4.328773675216939787e-01 3
25 -3.458641637647518792e+02 1.348703991980095829e-01 3
27 -3.458641601327109356e+02 5.866976976869677785e-01 3
20 -3.458723766551228209e+02 2.641905226350744762e-01 0
14 -3.461083454839811111e+02 4.607676827193140506e-02 1
26 -3.458643039463794366e+02 7.306185726182166107e-01 3
23 -3.458650975773335290e+02 2.381040420099755917e-01 0
26 -3.458641463609982907e+02 5.657986769719947073e-01 3
10 -3.533972640941359487e+02 7.783887066663137955e-02 2
18 -3.458803652155834243e+02 6.514829566504546365e-01 1
6 -5.670922875347760055e+02 9.717058009467343105e-01 4
7 -4.448325603426862358e+02 4.559652772124079267e-01 2
9 -3.590531961630523483e+02 7.556111283113473576e-01 2
11 -3.483263878303422416e+02 1.267209130436949271e-01 4
18 -3.458766911193520741e+02 1.443881082926435078e-01 0
26 -3.458643227882141673e+02 9.732365760777513808e-01 3
3 -3.505633918889922825e+03 1.095897037228928672e-01 2
29 -3.458638785246602652e+02 8.942111714144944656e-01 3
28 -3.458640720398249755e+02 5.048207182523336556e-01 3
29 -3.458640157736530227e+02 8.993643329282374754e-02 3
13 -3.466443552569639905e+02 3.764754572757618711e-01 4
27 -3.458639289018375393e+02 3.977824194731365282e-01 3
16 -3.458834235491667641e+02 9.910737544700489732e-01 0
19 -3.458819066244144551e+02 7.506911937378039079e-01 0
28 -3.458640500703202179e+02 5.841090480245370031e-01 3
28 -3.458638797129739828e+02 8.819637969413637868e-02 3
15 -3.460693558447244982e+02 6.188186016796590749e-01 0
26 -3.458639881160053733e+02 4.402303797162293586e-01 3
2 -6.362308166982327748e+03 2.600788987084398651e-01 1
15 -3.461997489542967514e+02 9.168342567746925464e-01 0
15 -3.459898545674304273e+02 3.302265440264992580e-01 0
22 -3.458679794594062287e+02 1.928502053582861475e-01 2
22 -3.458680505231217808e+02 1.905858260223970979e-01 2
23 -3.458658602414259349e+02 4.426140858926483901e-01 3
12 -3.459807115537605000e+02 2.562056598429340859e-01 0
4 -2.328025786550679641e+03 2.911400295334516386e-01 1
9 -3.570918600052604575e+02 4.017484399054211397e-01 4
1 -1.760365726805813392e+04 9.671859656847294762e-01 1
9 -3.632085412485600955e+02 8.632649317807494782e-01 4
11 -3.514035546360448734e+02 9.603141536105352927e-02 4
4 -2.109017713551206270e+03 8.624911457464318199e-01 0
4 -2.553999014481841186e+03 9.840426497809483530e-01 0
20 -3.458728456417525194e+02 2.431991803597474966e-01 2
20 -3.458749581425797714e+02 8.803591464535601707e-01 2
8 -3.765602895788401838e+02 8.163350379351244079e-01 1
6 -4.169995164438536790e+02 6.887675702381642617e-01 1
9 -3.638771630683655758e+02 8.100610524299556303e-02 0
19 -3.458767327083963892e+02 9.726506038016164979e-01 2
13 -3.467677301215117609e+02 1.240596147621254586e-01 4
0 -9.114326255576292169e+04 5.758018109011930896e-02 0
20 -3.458734238824646354e+02 4.186135812116797972e-01 2
19 -3.458730260421987737e+02 5.702471996911286922e-01 2
24 -3.458643470400073170e+02 9.984520978919655398e-01 3
12 -3.472026179629814351e+02 2.540928227490259483e-01 4
21 -3.458712163374142392e+02 2.779967285841810076e-01 2
4 -1.954261053333970267e+03 8.632123830171822831e-02 0
16 -3.460241471690220578e+02 1.675327631082971780e-01 4
27 -3.458641570630885553e+02 3.158243256822223510e-01 3
16 -3.460225370993140359e+02 3.337332600245037639e-01 4
11 -3.490636430113478355e+02 7.501066787832448846e-01 0
11 -3.496816542776965093e+02 4.627736703081226644e-01 0
8 -3.495661676189062632e+02 6.106433057313012114e-01 0
15 -3.461430597857058160e+02 2.998838949057709424e-01 4
18 -3.458911966355184973e+02 1.187527844803515226e-01 4
28 -3.458640478909014746e+02 7.071790644765548750e-01 3
15 -3.461589198101323746e+02 9.027421829897388506e-01 1
25 -3.458641233062233482e+02 4.133963770193845311e-01 3
3 -3.413095872513654740e+03 5.043159731987758576e-01 1
25 -3.458645172128159970e+02 9.670523132040942382e-01 3
13 -3.464874070523441674e+02 9.152820473482972119e-01 0
23 -3.458651959676045635e+02 9.087009317014678178e-01 2
28 -3.458637749336011211e+02 3.467347715981137779e-01 3
19 -3.458820847265686211e+02 4.685683622177440610e-01 4
3 -3.835271411683856513e+03 1.518692070634060087e-01 0
22 -3.458655556407120457e+02 1.992255265965958699e-01 2
5 -1.049940106149724897e+03 9.671768738847852376e-01 1
28 -3.458640770342045130e+02 2.904710286377009121e-01 3
1 -1.767655635498520496e+04 3.726126287060624875e-01 0
29 -3.458638592531125369e+02 8.000319175676985362e-01 3
1 -9.197216716513661595e+03 2.114090747332043885e-02 1
29 -3.458637826408975684e+02 9.170897770448132036e-01 3
7 -4.328309154362927416e+02 3.200584983182839238e-01 0
25 -3.458638416184003290e+02 9.709187797960608934e-01 3
20 -3.458741354419059917e+02 9.218454566709824993e-01 2
21 -3.458694963213212645e+02 8.479144274374397217e-01 4
2 -2.569297666382266470e+03 5.936737463417778304e-01 0
27 -3.458639035159283708e+02 1.849416516219517248e-01 4
4 -1.145299561681836394e+03 7.874642664981559292e-01 0
26 -3.458639834642922324e+02 6.086640396734672720e-01 4
3 -9.574061556195556477e+02 3.147034984846401318e-01 1
29 -3.458634625961548750e+02 7.222968256549944233e-01 3
29 -3.458634869962756966e+02 5.764544857678299827e-02 3
0 -1.822490019687120730e+04 6.855469919707408710e-01 1
1 -5.938861053309696217e+03 9.759166387576811985e-02 0
24 -3.458651214973032211e+02 3.596255428515000574e-01 2
29 -3.458638420366909827e+02 1.800362862472972003e-01 4
22 -3.458657708115361515e+02 3.053822295960864075e-01 2
7 -4.292047395041471418e+02 7.083964816802498232e-01 0
25 -3.458641421471548938e+02 1.795380996269949764e-02 3
18 -3.458912420472283316e+02 2.457344980636910758e-01 2
10 -3.535143577614292667e+02 4.323533783656871576e-01 1
11 -3.511419827405844671e+02 3.789833472768098233e-01 1
15 -3.459210042205024820e+02 3.498003016190178727e-01 0
16 -3.460388233536791631e+02 7.437176929574720319e-01 0
8 -3.861901265248982327e+02 5.073003861514793211e-01 1
5 -8.408898687016376243e+02 3.056420559002003268e-01 1
17 -3.458713431049259839e+02 7.994331831717766956e-01 0
27 -3.458640080287628962e+02 3.897575280015029564e-02 4
9 -3.504967800495948040e+02 7.061301156064629936e-01 1
26 -3.458639250677466066e+02 1.404507438001697806e-01 4
26 -3.458641312330610162e+02 9.773193049434383828e-02 3
9 -3.607893047492162850e+02 1.080055384988644479e-01 1
18 -3.458930832081110793e+02 5.625730524096581586e-01 0
26 -3.458640084799477563e+02 3.779418160968415208e-01 4
9 -3.589478384205633574e+02 6.552618313744418277e-01 1
4 -1.808818278449516129e+03 4.857955046040429159e-01 1
16 -3.458821444003401098e+02 7.309790960558264494e-01 0
16 -3.460266433887559288e+02 4.468691210745551756e-01 0
14 -3.460908558716460561e+02 3.062125952802819545e-02 0
24 -3.458643218969101554e+02 7.934724248761335086e-02 4
12 -3.478007111228097301e+02 4.503109609144313463e-01 2
20 -3.458645466811735787e+02 1.384614235666093984e-01 4
16 -3.459724969103010039e+02 4.888573808516061270e-01 2
20 -3.458676197562442667e+02 8.088753771914052315e-01 0
28 -3.458640357254010951e+02 2.308090975116818544e-01 3
18 -3.458840235521151953e+02 6.166370607774489532e-01 2
27 -3.458641881894503172e+02 3.248857711400374160e-01 0
20 -3.458744960783533884e+02 1.167720615070648726e-01 2
0 -4.021879707773544396e+03 4.573749119707819499e-01 1
13 -3.459459105405276205e+02 2.831153184479830998e-01 2
19 -3.458684480656004894e+02 3.197771342317613352e-03 3
26 -3.458643525078070979e+02 1.458029955476369821e-02 0
3 -1.473915326377865995e+03 4.534176558954924885e-01 1
28 -3.458639414999111636e+02 9.989011882293279410e-01 0
11 -3.477951208624571109e+02 4.463260862441413290e-01 2
29 -3.458638091451504692e+02 2.779450730958871740e-01 4
22 -3.458670637081061159e+02 3.754120713502471229e-01 3
7 -3.791615610054471404e+02 9.834910062399130348e-01 2
3 -8.365191885375336369e+02 2.596703512855320639e-01 2
29 -3.458638032820779813e+02 8.601035695284782179e-01 0
12 -3.473774792396246767e+02 9.708926111161528816e-01 3
28 -3.458640291170130467e+02 3.463288845140635175e-01 0
14 -3.462781860004596410e+02 5.877455230680448395e-01 1
11 -3.494887770123875725e+02 5.093064422164952365e-01 1
15 -3.458963995314463205e+02 1.013765580038349795e-01 3
18 -3.458868513413972323e+02 4.038902731037268268e-01 4
14 -3.462215172664454599e+02 6.795053100150690861e-01 3
15 -3.461970580118486964e+02 7.909268487053822128e-01 1
22 -3.458680180330833309e+02 9.916517604589130119e-01 4
5 -7.532170547010517794e+02 7.014205309118310971e-01 1
29 -3.458638357628072981e+02 3.417834737540186296e-01 0
5 -1.245159873015669746e+03 8.238986989712399067e-01 1
1 -1.690056634592922273e+04 2.171702635540254112e-01 1
23 -3.458635522701605396e+02 9.877184066131111662e-01 0
8 -3.667604265575659497e+02 1.282003851968638308e-02 3
13 -3.464910244742558234e+02 8.235040416411762987e-01 0
19 -3.458760057521726594e+02 5.162633326887777763e-01 4
17 -3.459136349267801620e+02 2.249290649225486327e-01 4
2 -5.291753486692167826e+03 7.146544964624527152e-01 3
25 -3.458641912082868544e+02 4.490163937415795337e-01 4
11 -3.512659559568585337e+02 3.804395520581344003e-01 1
5 -1.051580203085072981e+03 9.413435730997523621e-01 3
1 -1.246335004976468736e+04 8.529719168264248141e-01 3
29 -3.458639907757096807e+02 6.084186865561970192e-01 4
18 -3.458740722393544615e+02 2.339207553882127755e-01 4
7 -3.893658982902608159e+02 4.836678808506338356e-01 3
14 -3.463186848578068293e+02 8.171655720143140567e-01 2
8 -3.517983745419613228e+02 9.442662570237050357e-01 3
17 -3.459213420195022195e+02 2.689051060673930960e-01 4
14 -3.461613831077880832e+02 5.669716177658375988e-01 2
3 -2.723213345022342310e+03 8.861944815235882622e-01 3
20 -3.458730614576398921e+02 4.347437216553635270e-02 4
14 -3.463251118744323662e+02 1.901258967154960955e-01 2
14 -3.460723819661352536e+02 1.064365948895087399e-01 4
11 -3.485639746112591411e+02 4.599089165243981925e-01 1
0 -8.898063254677259829e+04 1.504658697770322739e-01 0
7 -3.844110066802893471e+02 7.479753883029287287e-02 3
12 -3.469676047970089598e+02 4.085221854857418733e-01 0
2 -4.664339820600326675e+03 7.794600958140165403e-01 1
10 -3.548590177780944259e+02 3.911233825910803708e-01 0
1 -5.053671232995253376e+03 9.304253392440795523e-01 4
5 -5.835371943429283874e+02 5.677124950301943862e-01 0
19 -3.458819168849004768e+02 9.047415981693053277e-01 2
15 -3.461551431523727729e+02 7.487546294702680516e-01 0
0 -9.400153939161739254e+04 4.810551100245064604e-01 1
5 -1.234084828088421318e+03 8.776557238468909450e-01 1
10 -3.546158589689952123e+02 2.701949297587266999e-02 4
19 -3.458784918930858794e+02 5.718318786832727874e-01 2
21 -3.458685425881054698e+02 7.899638074667774124e-01 2
22 -3.458675347360772889e+02 8.561587300049413596e-01 2
20 -3.458678761743054793e+02 5.217293127903464001e-01 2
22 -3.458672551508147990e+02 8.846115424642135849e-01 2
3 -3.519460094183908950e+03 9.919435449314946140e-01 4
10 -3.471054050905703434e+02 8.891600053537659365e-01 0
16 -3.459974049728076579e+02 5.823232185829811947e-01 0
16 -3.460311251736781060e+02 6.823430241687171716e-01 3
14 -3.460923542564554509e+02 7.210909220239521966e-01 4
9 -3.468467682254348574e+02 4.459017652642418561e-01 0
7 -3.730594294537204405e+02 1.808589494929897512e-01 1
24 -3.458644803948649269e+02 4.920673356643348595e-02 4
23 -3.458659663300195461e+02 7.343748697231434752e-01 2
7 -4.643072906258382204e+02 7.502781988425578641e-01 1
19 -3.458719467315058864e+02 1.167618677826224444e-01 3
25 -3.458645774846710310e+02 9.740435537234803931e-01 0
23 -3.458655560137636940e+02 2.777672744356499690e-01 2
23 -3.458655244956929664e+02 1.672281661413144438e-01 2
23 -3.458659104849610912e+02 6.211408299304945757e-01 2
18 -3.458886998136499642e+02 3.646435080096241954e-01 3
16 -3.459628712608097203e+02 9.498991390713507066e-02 3
28 -3.458637730633804495e+02 7.268469948645117640e-02 0
20 -3.458699481223105749e+02 9.050713164994106386e-01 2
17 -3.458819338081567025e+02 2.635207249991109446e-01 3
10 -3.490281138053359768e+02 4.034424663984909065e-01 1
26 -3.458642255180632219e+02 5.483120033152513173e-01 2
28 -3.458635330524050460e+02 7.908979018897259738e-01 2
20 -3.458743391417636985e+02 2.704057225699836309e-01 3
29 -3.458638586107186939e+02 4.578770628387194841e-01 4
12 -3.467778995896438801e+02 7.541307784284256854e-01 1
13 -3.467057682006708319e+02 5.874628641755399450e-01 1
24 -3.458648101315901613e+02 2.645261589230206711e-01 0
25 -3.458645144482321712e+02 4.874610239946576828e-01 4
7 -4.007374847803599778e+02 7.815105745140856763e-01 1
28 -3.458637174648951031e+02 3.000606979458941836e-02 4
26 -3.458636184077271309e+02 7.761495671606041258e-01 2
15 -3.460180766407189026e+02 7.306724892459637299e-01 3
1 -9.157204386189514480e+03 3.908519809063668027e-01 1
4 -4.615189886433343531e+02 3.021069653766226271e-01 3
25 -3.458641241358245679e+02 6.647186069518720153e-01 4
3 -2.679803289531891096e+03 2.267365378479040128e-01 1
25 -3.458646241914402708e+02 4.211605864136629407e-01 4
24 -3.458640484484848230e+02 2.338969089343339025e-01 2
10 -3.550583327816608517e+02 1.881711198664841045e-01 1
27 -3.458640583473516585e+02 7.690587115653819694e-01 2
8 -3.774476104177304592e+02 1.963126600143318967e-01 3
9 -3.469947487207392101e+02 2.343349438527060624e-01 1
13 -3.463065204916234734e+02 8.794061766662872870e-01 0
22 -3.458648693996091765e+02 9.193878921185940634e-01 4
17 -3.459217739489324686e+02 3.817861251481888818e-01 1
20 -3.458658717686611226e+02 3.945726802979118153e-01 2
21 -3.458668144208702415e+02 8.345632796625853667e-01 4
23 -3.458655891452012838e+02 9.189124547660421083e-01 4
27 -3.458638481191259189e+02 8.785355270696257879e-01 2
16 -3.459561539791216092e+02 5.581373260753252907e-02 1
23 -3.458660457555887433e+02 8.835143609377444918e-01 4
1 -1.012975193948895321e+04 9.328085051294652263e-01 3
12 -3.472109103216106973e+02 9.152368063015611233e-01 1
5 -9.458441590922285513e+02 8.189300024234754671e-01 3
24 -3.458650856939685809e+02 9.426716028464176000e-01 2
29 -3.458636591892380352e+02 4.404257842255336897e-01 2
6 -6.605216340521063785e+02 6.957393722392644086e-01 3
21 -3.458682334065826467e+02 4.931364093568861295e-01 2
24 -3.458645938188077480e+02 8.265571203960098146e-03 4
11 -3.502332530078835475e+02 5.648230058023120392e-01 3
18 -3.458854196017240952e+02 6.946309745752835552e-01 2
6 -5.698829287846444913e+02 1.188755778546471548e-01 0
3 -2.184926044768700649e+03 1.583294779216769532e-01 1
0 -1.415322037422842368e+04 3.863192906160445861e-01 3
6 -6.782629980236383744e+02 5.524625174490052082e-01 0
2 -8.411758914207091948e+03 5.765851845606446702e-01 0
19 -3.458788790049270574e+02 5.313410251863315281e-01 2
3 -4.084914257536632249e+03 5.418566052959539192e-01 1
11 -3.497091485972454734e+02 9.752670287785599745e-01 4
22 -3.458662543362468114e+02 7.297510777184142983e-01 2
23 -3.458648998717833933e+02 8.182020789611079703e-01 2
6 -4.261881996036696023e+02 3.904344855638339773e-01 4
14 -3.458821804812299661e+02 8.346431865535522965e-01 2
13 -3.466953848304000303e+02 6.295503205270835956e-01 0
17 -3.458870566209706112e+02 7.222835538858495275e-01 2
3 -4.450683620439053811e+03 3.133906823220647953e-01 1
5 -9.516565639450309391e+02 4.924951435616917172e-01 4
3 -6.418155323887845043e+02 6.851068882577634467e-01 3
10 -3.539955959095123603e+02 6.575578757787567952e-01 4
19 -3.458819729071103097e+02 9.766881890802888710e-01 2
11 -3.496988452517011865e+02 2.113554684768917113e-01 4
11 -3.478862041717341071e+02 6.687814570363597166e-01 4
26 -3.458642741595006669e+02 3.383033792792500827e-01 2
11 -3.498289137728992841e+02 3.024160289670656532e-01 4
23 -3.458653672824880232e+02 9.458120065153814426e-01 2
24 -3.458645702063489011e+02 8.458851604371031563e-01 2
14 -3.463264965335135912e+02 8.241217848935139534e-01 1
13 -3.463397068315406955e+02 3.838092650936815176e-01 3
14 -3.462142515240032594e+02 4.707583387605684955e-02 3
21 -3.458654130779505635e+02 1.767189471685897129e-01 1
4 -2.123906758280603754e+03 2.204468972082549993e-01 0
17 -3.458722500623820224e+02 4.749362600676136914e-01 1
7 -4.236519292988248253e+02 2.727146642148508549e-01 4
9 -3.619321337873491302e+02 5.335101572434263195e-01 0
10 -3.503775963681482608e+02 6.435273687733591430e-01 0
22 -3.458652940186308911e+02 1.916712224546900656e-01 1
7 -4.301861503714071659e+02 5.758796817426358183e-01 4
0 -1.164572453571122969e+04 9.203172687663800922e-01 4
28 -3.458640777583158297e+02 7.927498351743127447e-01 2
8 -3.600317965080719773e+02 7.473964689942573791e-01 4
23 -3.458657465196452563e+02 2.626751429758051870e-01 1
13 -3.464809956654919461e+02 6.429103371903677200e-01 4
29 -3.458639190613729397e+02 4.094092781387158042e-01 2
7 -4.465804850534443631e+02 6.095091450170608827e-01 0
4 -2.143315311034499700e+03 8.804713771125628474e-01 3
0 -3.982129860691016074e+04 2.143116750545306926e-01 4
22 -3.458677792646616922e+02 1.573916896472076637e-02 1
5 -1.161938761767981759e+03 4.217361352731394675e-01 0
1 -9.342214929172496340e+03 7.986137676570557176e-01 0
28 -3.458639543672435366e+02 2.830428211485541690e-01 2
4 -1.212550738814682290e+03 6.161842412675138103e-01 4
17 -3.459229278482644077e+02 2.562609234942866791e-03 3
23 -3.458660153934565074e+02 1.860367176783483956e-02 2
16 -3.460387953005933923e+02 6.435756900267936009e-01 3
20 -3.458660842715948434e+02 4.739696189373887592e-02 1
1 -1.544353608470177278e+04 9.299996875143059505e-01 0
20 -3.458688692723043232e+02 7.679630773725555359e-01 1
12 -3.460249307529104499e+02 9.328955834594445662e-01 4
10 -3.517105668671754302e+02 9.407902948799060083e-02 4
26 -3.458640005578169507e+02 9.688641684507622032e-02 2
25 -3.458636459716288982e+02 7.914743477306435127e-01 2
17 -3.459109679035666431e+02 4.116349851136993365e-01 3
18 -3.458899914842035059e+02 5.696337640878097464e-01 3
18 -3.458934315187555626e+02 5.584980549474773959e-01 3
26 -3.458643096908258485e+02 6.827482853876440938e-01 2
16 -3.459439812906967973e+02 2.710021203930161326e-01 3
26 -3.458642570452773271e+02 7.558159473532999328e-01 2
20 -3.458741596851381246e+02 4.032823717079506848e-02 4
18 -3.458882463100077871e+02 3.381490273296936522e-01 4
14 -3.462719970129562626e+02 2.768459236873710427e-01 4
25 -3.458635975458219605e+02 9.701974174554179875e-01 2
27 -3.458641133414170099e+02 9.923335049211260417e-01 2
5 -1.262498609239147072e+03 3.233637812729845962e-01 0
8 -3.580047226473061528e+02 2.560895923252498041e-01 3
27 -3.458639100911465789e+02 9.746029597779772846e-01 2
24 -3.458651669106959616e+02 5.522755156980124758e-01 1
7 -4.001037393174084400e+02 6.344129411106339544e-01 0
27 -3.458637289460599504e+02 3.505659654147988968e-01 2
6 -6.733483450502759524e+02 2.911375087965675235e-01 3
0 -2.492652373745399382e+04 2.725236837955505864e-01 0
3 -4.202225561203497818e+03 4.535289463805600718e-01 4
0 -1.018127556479042396e+05 4.014069354152027258e-01 3
7 -3.850337637784536469e+02 2.409709452063824031e-01 4
11 -3.492017239537424302e+02 1.433806248605008216e-01 3
15 -3.462049182014658300e+02 1.356565188878902373e-01 3
20 -3.458662883842719111e+02 4.788143295240227526e-01 1
23 -3.458644115047304126e+02 6.593100285895090451e-01 2
20 -3.458746078969941777e+02 3.807211325582127159e-01 4
22 -3.458647080141589072e+02 4.375541743566482844e-01 1
26 -3.458642923115518215e+02 2.719818345755024569e-01 1
3 -2.183465987226981269e+03 3.529301468272498798e-01 0
16 -3.460498129117702319e+02 6.741539088256599532e-01 3
24 -3.458642839246108451e+02 2.736314849853327402e-01 2
12 -3.478101297599835107e+02 2.312940589860819074e-01 3
20 -3.458736205047010230e+02 7.043062546955041192e-01 4
13 -3.460422735725016992e+02 6.183521813315574489e-01 3
18 -3.458936272205955902e+02 9.335386585358897982e-01 4
14 -3.460438373903100455e+02 6.808722873403501019e-01 3
21 -3.458699969491673869e+02 9.652303827405951386e-01 1
17 -3.459029542893281359e+02 1.720787718971720226e-01 3
24 -3.458641910431168753e+02 6.803019053227892243e-01 2
11 -3.510923630205810468e+02 1.945530554881509389e-01 0
19 -3.458802995508223717e+02 8.795424251500066903e-01 4
20 -3.458742459005414958e+02 6.919472099608174886e-01 4
19 -3.458754780642890410e+02 4.821620186486845760e-01 1
17 -3.459005568355901232e+02 1.422940716795841332e-01 1
24 -3.458645941942710920e+02 4.056339939654056703e-01 1
10 -3.516467278516599322e+02 1.446437611064268769e-01 0
23 -3.458652603940833501e+02 2.584984465796620889e-01 3
11 -3.484586829637013921e+02 4.132034956185551833e-01 0
10 -3.495393951816356548e+02 6.276627833006368506e-01 4
22 -3.458676970653140188e+02 5.851344597542453840e-01 3
26 -3.458642348346463677e+02 7.876143321393973551e-01 1
9 -3.559383660836439844e+02 2.648894053270173243e-01 0
29 -3.458639055317113389e+02 8.777654605743900884e-01 2
11 -3.498444316110934551e+02 6.612462553188436232e-02 0
12 -3.471567315444776227e+02 4.246996245406875481e-01 0
2 -8.809762908452328247e+02 7.120768749211887627e-01 4
8 -3.510997854697536127e+02 9.252694538665364732e-01 0
28 -3.458639488840220793e+02 3.101107631796757858e-01 1
25 -3.458636646169989035e+02 3.961720559920042795e-01 2
27 -3.458641180504024533e+02 6.210037608771235007e-01 3
4 -2.568586264699176809e+03 9.729446036213567073e-01 0
1 -4.263626337352699011e+03 7.261811259347279446e-01 4
4 -2.373723452806974819e+03 9.856008179473594311e-01 4
28 -3.458639127983191202e+02 6.055728802728852500e-01 3
25 -3.458640560136254862e+02 8.045408636110167322e-01 2
27 -3.458640787616847661e+02 5.949971244299298023e-01 2
15 -3.458725519552550622e+02 2.038682204369459683e-01 1
25 -3.458638748076020875e+02 8.154679632121499822e-01 1
20 -3.458751965980418959e+02 4.087906626230898288e-01 3
22 -3.458650099893799847e+02 8.145517174481966549e-01 1
21 -3.458645459781072873e+02 3.680401616180897229e-01 1
16 -3.458823210153103673e+02 2.112080397645247354e-01 0
1 -1.214835850654597380e+04 8.913060266779876395e-01 4
10 -3.476164605384780089e+02 6.796171094575189642e-01 1
16 -3.459491810482718392e+02 1.800335845248876299e-01 2
13 -3.459470593867872594e+02 8.376934804815867608e-01 3
9 -3.587389829214779411e+02 6.807002279980833848e-01 3
7 -4.221023229037200508e+02 3.048089074995692649e-02 1
13 -3.468021705058611133e+02 5.229317997511926386e-01 3
5 -1.049197867689594887e+03 4.909771739803725499e-01 4
0 -3.053926985675362084e+04 1.532277933161060868e-01 4
4 -1.077139719178945597e+03 8.943344807137187935e-01 0
12 -3.479202301391304104e+02 3.604628313296442954e-01 0
6 -5.784105301006131867e+02 8.164170395731047414e-01 1
0 -2.445312797918266733e+04 4.658991842988556842e-01 4
9 -3.594059226021967106e+02 5.424626889842198985e-01 1
6 -5.699579053178944150e+02 6.970814991573348607e-01 0
6 -3.945727160049038389e+02 9.001199793652778780e-01 0
4 -2.119384141838663254e+03 5.574644328483255862e-01 1
10 -3.528846948752457706e+02 6.964982224389544285e-01 4
16 -3.459476534315945173e+02 4.643109055071688029e-01 3
2 -4.601880066761161288e+03 1.229745857851938240e-01 2
11 -3.491754147631859837e+02 5.251484025720263432e-03 4
17 -3.459176792980342725e+02 2.513889146607372616e-01 3
11 -3.505495490762672262e+02 2.366937273142273312e-01 3
0 -1.159804835003114204e+04 6.901579448499375324e-01 2
14 -3.459481455189105645e+02 9.402040764824054486e-02 3
18 -3.458933529400641760e+02 9.957836844554872613e-01 3
2 -1.091718988098590216e+03 3.902895828192587402e-01 2
12 -3.471112791350959697e+02 9.925603661811281953e-01 0
12 -3.481733432834391238e+02 4.713196460628371609e-01 0
1 -1.324159465461996660e+04 4.826358002071304831e-01 1
10 -3.486223411987613190e+02 9.617946945585487128e-01 0
12 -3.477765280901542155e+02 8.557908367312343501e-01 1
7 -3.478874733837320150e+02 2.755953865801838987e-01 1
12 -3.477805644332055977e+02 5.359784404311036532e-01 0
19 -3.458785678806608530e+02 4.550356794016043732e-02 4
17 -3.459055271123209536e+02 2.877973136799422682e-01 3
18 -3.458935064269372788e+02 7.426987546328635004e-01 3
12 -3.466174597753455373e+02 5.369862026216734030e-01 1
9 -3.588329593636133268e+02 2.016235107265362814e-02 0
6 -4.446940933788858956e+02 6.962048712690305230e-02 2
5 -3.884780226911724412e+02 6.093993475751129374e-01 1
8 -3.675246460404673599e+02 2.104373155188152822e-01 0
2 -3.067336554718812749e+03 8.697796211023103297e-01 0
6 -5.510445656507943113e+02 6.543277704434017350e-01 2
6 -5.692615347002800945e+02 7.257205742642955926e-01 3
1 -7.925335412723821719e+03 6.690508520812141757e-01 1
1 -8.620369585753080173e+03 9.008733325182483043e-02 1
11 -3.467634541733335709e+02 2.437254316123596554e-01 3
6 -5.985446989474908150e+02 8.731446707878710578e-01 2
14 -3.459665715328875422e+02 8.016718939708354918e-01 3
4 -2.436474019559080261e+03 5.055476285159856698e-01 2
1 -6.178146411011045529e+03 9.571735767857048049e-01 0
21 -3.458693847291191332e+02 6.693083171265064024e-01 4
5 -7.561949411442122937e+02 2.381848886605866245e-01 1
6 -4.164477673102790618e+02 6.327712963424146908e-01 2
20 -3.458710171504315554e+02 1.833188701929269193e-01 4
3 -4.352527048695893427e+03 1.000204963042984480e-01 1
9 -3.606231497810819064e+02 1.183182087010319766e-01 1
3 -4.648801287584014972e+03 6.260564881417193250e-01 2
12 -3.460938599111273675e+02 1.354562110899459881e-03 2
15 -3.461591202821026627e+02 9.347524259434312199e-01 2
17 -3.459127172398668222e+02 2.695538492305631362e-01 3
22 -3.458680136556102980e+02 5.035570451953796933e-01 4
13 -3.463195814044222516e+02 6.544322980858456873e-01 2
17 -3.459027725099903137e+02 2.557554100751300852e-01 3
7 -4.140497528494792050e+02 5.580360756329627581e-01 1
8 -3.612137275389295610e+02 8.328052358642497044e-01 0
24 -3.458646418084936158e+02 3.463885000570725570e-01 4
10 -3.518478101875036259e+02 6.990829845612139826e-01 0
25 -3.458645611135963804e+02 7.046935453678055961e-01 4
5 -8.614516815822978515e+02 9.782296308784985683e-01 1
23 -3.458656788215827760e+02 4.226125741053688434e-01 4
23 -3.458660366292495496e+02 1.531456973666973642e-01 4
18 -3.458929930389759875e+02 7.045271622366738873e-01 3
4 -2.708787511115689085e+03 1.908297909068501497e-01 2
6 -5.355679424676283134e+02 9.709891824431799989e-01 2
23 -3.458648409059030655e+02 2.799901368057087225e-01 4
6 -5.230684192078376782e+02 4.284657786333117002e-01 1
18 -3.458967126072373617e+02 1.413240545418714689e-01 3
6 -5.323890726209177728e+02 8.438502749982640383e-01 2
14 -3.460991253402324901e+02 6.542698847125127948e-02 3
25 -3.458646472027831464e+02 3.430847926427085803e-01 4
6 -3.693964168697200421e+02 1.850936351856966589e-01 0
25 -3.458646211127848460e+02 4.344501950037757965e-01 4
7 -4.058645294349915389e+02 9.825941646151821196e-01 1
23 -3.458660480665852219e+02 4.732709254943718302e-01 4
6 -4.544977159754857894e+02 4.627467163873717482e-01 2
14 -3.461884713323411802e+02 5.847894270902080915e-01 3
12 -3.470302106651978988e+02 8.947531397873143000e-01 0
16 -3.460149048073902236e+02 5.030102742089347378e-01 1
16 -3.460352233045867365e+02 1.333641371216648386e-02 3
26 -3.458641998966216988e+02 2.940742576270405917e-01 4
14 -3.461018305727167217e+02 2.818866975415472709e-01 1
13 -3.460047285825530707e+02 8.843099608705369263e-01 1
26 -3.458642927841364099e+02 2.579481897196387319e-01 4
9 -3.626189041177025274e+02 8.928025244357691292e-01 2
18 -3.458865972478543540e+02 5.434038581049470684e-01 0
0 -6.794851908918117988e+04 7.455994711188864699e-01 2
17 -3.459154307352885098e+02 3.947890395301514310e-01 0
0 -2.209902140972098277e+04 3.075630163886289292e-01 2
29 -3.458639537258056862e+02 6.627622475434589155e-01 3
2 -7.327427041656235815e+03 4.971037919531603455e-01 1
2 -7.930646231467493635e+03 2.949653516232437767e-01 1
27 -3.458641869595256821e+02 6.459292956933538887e-01 4
27 -3.458641840689505784e+02 2.683245328005644526e-01 4
26 -3.458642078196743341e+02 1.667979018487570908e-01 4
11 -3.505729990711699884e+02 4.272475042492490660e-01 1
12 -3.479460614496528024e+02 4.632065726098844038e-02 0
13 -3.468864752356319627e+02 7.505800191314202507e-01 0
8 -3.648547117700389890e+02 6.322520952113080961e-01 2
23 -3.458644146025322357e+02 2.534111155614198196e-01 4
0 -9.196708233090734575e+04 7.611002099626393291e-02 1
22 -3.458654633213354828e+02 5.760736820808707304e-01 4
2 -5.901760455645508046e+03 4.792054142840715403e-01 1
2 -8.968523920895804622e+03 5.040118960257966574e-01 1
0 -6.410427799444736593e+04 2.195738043635289682e-01 1
8 -3.686223451199027750e+02 7.501244031009939306e-01 2
3 -3.537150710981374687e+03 7.430430631744228132e-01 1
23 -3.458657818801137864e+02 2.270401845571017874e-01 4
28 -3.458639224036238602e+02 5.244348510764718085e-01 3
26 -3.458642304383474766e+02 6.520421857148159805e-01 3
25 -3.458645415868071495e+02 3.368343008828212359e-01 3
26 -3.458640593768442386e+02 7.181710738251130266e-01 3
9 -3.484263555158468648e+02 7.659981351255003290e-02 1
13 -3.459735524495505956e+02 7.778326526874883573e-01 2
27 -3.458638962436882593e+02 5.096834470736832934e-01 3
27 -3.458639146687122548e+02 3.947452281048287603e-01 3
27 -3.458641595927941808e+02 7.153513650314770045e-01 3
23 -3.458655137461950062e+02 9.258147472477187279e-01 3
3 -4.069493955671423919e+03 4.109159397341781705e-01 2
22 -3.458680306372327209e+02 5.228135548813851452e-01 3
5 -1.147152582211831941e+03 8.985678265650164365e-01 1
21 -3.458699087305132593e+02 6.306295434200530625e-01 0
27 -3.458640596570893990e+02 2.899143230669464222e-01 4
29 -3.458640054947704812e+02 1.474341069963359951e-01 4
28 -3.458638927580307723e+02 8.389862791167923550e-01 4
25 -3.458637044572982404e+02 3.960492548638095966e-01 3
3 -2.513044366946332502e+03 5.706899276839835222e-01 1
0 -2.848278557594361700e+03 1.924174370398987755e-01 1
21 -3.458710599169252191e+02 9.280322750693041911e-01 0
21 -3.458713372469812839e+02 9.342397440900835903e-01 3
20 -3.458752750796803070e+02 1.626961972130747114e-01 0
8 -3.789402647355327645e+02 9.865302975210390457e-01 1
4 -1.993366336945912053e+03 4.695553721253464818e-03 2
19 -3.458792924852176611e+02 1.892212788071895996e-02 0
3 -3.043348401526516682e+03 2.200561730566739094e-01 1
22 -3.458647318493325429e+02 8.845798893405130148e-01 4
8 -3.805531671902818971e+02 8.107170307212392402e-01 1
26 -3.458640765639415804e+02 9.530065732439723103e-01 3
29 -3.458638993325292859e+02 1.975879957504770024e-01 3
22 -3.458674612674563491e+02 9.336830413793987260e-01 0
23 -3.458646551088044703e+02 6.293186313821927946e-01 3
25 -3.458645930794183982e+02 3.269223471195193964e-01 3
24 -3.458636867953555338e+02 9.123058050499439631e-01 3
5 -1.095130133019871892e+03 3.096727648585908543e-01 2
23 -3.458639036070565567e+02 2.115448334176925904e-01 3
20 -3.458738455691233185e+02 7.769674268191342215e-01 0
24 -3.458646564138933854e+02 2.708847382000563186e-01 1
17 -3.458689138005713630e+02 8.810703106658226424e-01 4
22 -3.458662710954258159e+02 8.048589115375357483e-01 4
27 -3.458636817981838476e+02 3.695400388348559773e-01 3
21 -3.458691834858256016e+02 9.459735337465821625e-02 4
12 -3.479877868557863394e+02 3.756281403525366658e-01 2
18 -3.458861772953879381e+02 5.468458901104471526e-01 4
22 -3.458669250083747784e+02 3.661667906057615163e-01 1
25 -3.458645789966129200e+02 2.266479550859008540e-01 1
19 -3.458758497307594553e+02 2.028383749621998078e-02 0
29 -3.458637455574623232e+02 1.992976886176214824e-01 3
25 -3.458646461609349672e+02 7.210199438292974605e-01 1
15 -3.458735986997423879e+02 7.861156067151160443e-01 0
27 -3.458638707967176629e+02 3.635616441618600980e-01 3
14 -3.460522225816844184e+02 7.532122902128941533e-01 4
25 -3.458646225544683830e+02 7.206925465457123536e-01 3
19 -3.458820283726348634e+02 5.860457145790366473e-01 4
27 -3.458637381098276364e+02 8.353570736050510703e-01 3
27 -3.458635393726160601e+02 3.700980321392783878e-01 3
26 -3.458634724557780373e+02 7.918398187193678717e-02 3
27 -3.458641543535413234e+02 9.625407759665058904e-01 1
12 -3.477568530010121322e+02 4.444646871571439894e-01 0
29 -3.458639772431222923e+02 6.070654653850624527e-01 1
26 -3.458641379086659526e+02 2.743079787382888823e-01 3
28 -3.458639441569188193e+02 4.454068075834765050e-01 4
13 -3.465069692396686492e+02 1.703014988906206284e-01 2
29 -3.458636845088797145e+02 3.690224405825228149e-01 3
8 -3.811928559602999371e+02 4.104621830369019619e-01 0
25 -3.458639920963062195e+02 8.244430790117132091e-01 4
17 -3.458743554689893926e+02 9.233761326644652767e-01 1
20 -3.458675448295194883e+02 4.999127988282041635e-01 3
22 -3.458655942281467333e+02 7.599760647093263266e-01 3
3 -3.734581475505068738e+03 3.903399223314205080e-01 0
29 -3.458638921503552410e+02 8.440621647068462519e-01 1
0 -7.856551524835766031e+03 8.751155393657432668e-01 0
28 -3.458637362080753519e+02 3.976035854450589713e-01 4
1 -1.577515181123839102e+04 1.421682779943993502e-01 0
26 -3.458642767076984228e+02 9.188359464031968793e-01 1
8 -3.632798574474405768e+02 2.038090932010104828e-01 2
17 -3.458983341090446402e+02 5.625454578776133419e-01 3
20 -3.458659086317676383e+02 1.005387383800871864e-01 4
2 -9.157523446212775525e+03 8.861766244031579198e-01 0
14 -3.462351549589894830e+02 9.474621162548402253e-01 2
2 -5.509308703558430352e+03 6.715326716919616246e-01 0
14 -3.463327454093400775e+02 8.003476231852030276e-01 2
1 -1.138025499554674388e+04 3.450051384195020887e-01 0
2 -8.095857058312489244e+03 9.615072716206718439e-01 0
8 -3.875983352631883463e+02 9.820886444012512095e-01 0
5 -1.114698258568647816e+03 9.691318467074618859e-01 0
23 -3.458658632106041750e+02 2.547221041175830591e-01 2
26 -3.458640328041023508e+02 5.747214115792362854e-01 2
4 -2.601189562073961042e+03 3.570901455875361563e-01 0
28 -3.458640657600771533e+02 8.128304371104366766e-02 2
0 -8.399541694595296576e+04 5.703996442108636433e-01 0
25 -3.458646437479502538e+02 8.568230775775056429e-01 4
16 -3.459912082880769049e+02 1.781873168551389996e-01 1
19 -3.458786038793984972e+02 9.810705515895921103e-01 3
20 -3.458653715146339778e+02 4.335852489885822503e-01 2
27 -3.458641252531489840e+02 3.174811876160399393e-02 2
28 -3.458639119193335318e+02 2.592847399274358922e-03 1
16 -3.459744087242435171e+02 9.663614277679929421e-01 3
19 -3.458805587846783283e+02 7.974520661085621187e-01 1
15 -3.462041894204584196e+02 5.915864216154083088e-01 3
12 -3.463600662277866604e+02 2.470315738022819951e-01 2
19 -3.458660741262654028e+02 4.706355594066877757e-01 1
25 -3.458643474464761312e+02 6.103990502666617468e-01 4
13 -3.461937415031868568e+02 8.663603114680596962e-01 4
9 -3.615872684026422803e+02 2.421273276516782147e-01 2
14 -3.461987966358694280e+02 4.533805588724337809e-01 2
15 -3.460009738731795323e+02 8.499387563826772407e-01 3
21 -3.458683531040245498e+02 2.163432470740849212e-01 4
8 -3.474302845479974735e+02 9.446594524326829001e-01 0
13 -3.460440575758619843e+02 9.916674437689291244e-01 3
21 -3.458639739276962928e+02 7.700405013585038816e-01 1
17 -3.458723279074770858e+02 7.745878858787594856e-01 3
14 -3.463069410504301686e+02 4.126126778343272572e-01 4
21 -3.458709096957643396e+02 6.194536612979503198e-01 3
7 -4.676605413799268831e+02 9.325288744485771275e-02 0
14 -3.459891554725691094e+02 7.097880482340406250e-01 1
8 -3.548626843225164293e+02 3.519787444190350945e-01 0
4 -1.364553333989162866e+03 8.720202188641081875e-01 2
3 -1.934070941070894378e+03 7.401424579921949132e-01 0
4 -1.030700523135755702e+03 7.259972047151722618e-01 4
1 -1.040579975496427141e+04 2.725143524883671398e-01 4
25 -3.458642941818363852e+02 1.327038645891572555e-01 3
28 -3.458639696842865305e+02 7.974008538625598774e-01 1
4 -1.293876666628842258e+03 5.442342046010018031e-01 2
4 -5.478297762792055892e+02 3.043151934988364005e-01 2
21 -3.458680189937759337e+02 7.291932733753405671e-01 3
12 -3.481853657145954344e+02 6.792080504180397771e-01 4
11 -3.510937973472296676e+02 4.574411841338434925e-01 2
19 -3.458802963703183195e+02 8.173030068509148371e-01 1
15 -3.458859277698625192e+02 7.347673494788989901e-01 4
17 -3.458985939526696143e+02 4.280111642700539232e-01 4
0 -7.360087129339535022e+04 8.754099346238990442e-01 2
6 -3.958423762718415446e+02 2.090720505568611186e-03 0
13 -3.460620512940382696e+02 8.158843733465915848e-01 1
14 -3.461700892335371691e+02 4.518320905898420836e-01 2
9 -3.477455819653225149e+02 4.584765817117274489e-01 4
12 -3.471111236521880414e+02 1.970331629863056877e-01 2
0 -2.109147549894566328e+04 8.993084058619118526e-01 0
17 -3.459083462743811310e+02 1.063354399998415190e-01 1
10 -3.549428509528489712e+02 6.269022377513584487e-01 2
22 -3.458654243039195535e+02 6.527604846423756824e-02 1
13 -3.466323291194175340e+02 3.497260827584272036e-01 2
8 -3.851930617490923510e+02 4.310295413748173599e-01 3
9 -3.561452039553936402e+02 8.070341754505103715e-01 2
15 -3.460799889666021727e+02 3.934699606679931683e-01 0
22 -3.458653524874912364e+02 8.971017534295255835e-02 1
0 -1.875597754580235414e+04 2.803285647420644677e-01 3
1 -1.351158672430302067e+04 4.194654243351606526e-01 3
3 -3.375712419238426264e+03 5.370076672389987316e-01 4
3 -2.889695311973986463e+03 3.892680627379405678e-01 4
3 -3.483149237804743279e+03 5.853216957219657957e-01 4
1 -1.190858331946111321e+03 7.528610583213694030e-01 0
7 -4.274593404896294260e+02 3.690429649885722946e-02 2
15 -3.461473262701533145e+02 6.914268711862670003e-01 1
14 -3.459952332646721516e+02 7.254252941141556832e-01 4
26 -3.458642625584894859e+02 5.404665923826490470e-01 1
7 -4.571777020096034221e+02 4.482419158950734506e-01 0
3 -4.646309941577350401e+03 3.728843583447269960e-01 0
3 -2.423136824776654521e+03 5.883779611862696157e-01 2
1 -4.393557447069356385e+03 7.646372143784727626e-01 2
26 -3.458640712539838660e+02 7.867331528997349999e-01 1
15 -3.460787386210559475e+02 9.225640246804354128e-01 4
9 -3.584392422283613087e+02 8.700098964757941866e-01 4
10 -3.524140631168681921e+02 5.451636495195442134e-01 4
7 -4.021616044095735560e+02 5.340712664017879252e-01 3
28 -3.458640871258317020e+02 9.789138131197732129e-01 1
7 -3.728855381530314617e+02 2.679992060889535010e-01 3
3 -4.303245372690984368e+03 8.685664910403165795e-01 3
0 -5.754475943235649902e+04 5.466548465743841234e-01 3
1 -1.367373361153824953e+04 4.427635013492127181e-01 4
6 -6.637357946986574007e+02 8.877403899966584966e-02 3
1 -7.692381645156935519e+03 2.198070564950603545e-01 2
9 -3.638028558887540953e+02 2.302501002534721730e-01 2
10 -3.555030632841708211e+02 8.998672284768521878e-01 4
9 -3.556953309872676527e+02 9.948518640208918740e-01 4
3 -3.577305028914401191e+03 2.694831528845977875e-01 2
8 -3.799772945037641421e+02 1.418221550568972145e-01 4
0 -1.146876198876653361e+05 5.482385855886563464e-01 3
11 -3.508628004740353958e+02 9.518563743335468619e-01 4
11 -3.503637660636894111e+02 7.744982069874439823e-01 4
10 -3.530821216159924916e+02 3.117279725006902313e-01 4
5 -1.297584862779623109e+03 1.337510625026612221e-01 3
19 -3.458727047181993726e+02 3.750254223135964793e-01 1
8 -3.730805143988980035e+02 6.153832758468249509e-01 4
12 -3.464438510373536246e+02 9.136437885447958873e-01 2
10 -3.520209145841940312e+02 8.613138632253438676e-01 3
22 -3.458653625307331936e+02 4.519138675241105019e-02 0
13 -3.462977332384298279e+02 4.196140119484160769e-01 2
27 -3.458637132004208752e+02 6.936848602129298547e-01 1
15 -3.459853195420714655e+02 2.922291675416979762e-01 4
4 -5.052481508662530132e+02 7.452984461649014847e-01 3
15 -3.461278398135182783e+02 3.717853941184239008e-02 2
5 -9.370906366206999110e+02 4.410978023865252950e-01 3
25 -3.458644411348032577e+02 2.380532496776943674e-01 0
12 -3.463027334712886045e+02 7.848190950544862154e-01 2
29 -3.458639300401858918e+02 6.763152493694626344e-01 1
11 -3.477878911681619911e+02 8.902337348715008147e-01 3
25 -3.458637393565541061e+02 6.583302399915704761e-01 1
15 -3.461781841807934370e+02 6.949473144187849893e-01 2
28 -3.458637316155011376e+02 6.709290563445410860e-02 1
21 -3.458701947520664817e+02 5.997746225687321520e-01 0
17 -3.459098869648403820e+02 1.709236935170375393e-01 4
21 -3.458708228046688760e+02 7.982685522538965905e-01 0
12 -3.461236954674282629e+02 4.575224427491623724e-01 3
23 -3.458661272863616318e+02 2.395693999751767334e-01 1
6 -3.608756119049380118e+02 7.814380023719882939e-02 2
18 -3.458966635979825242e+02 5.329983183506263877e-01 0
15 -3.460123931882800434e+02 8.457353516427256190e-01 3
20 -3.458688523468788389e+02 2.076653494545936951e-01 4
5 -9.589649533208910270e+02 2.538704579272079709e-01 2
12 -3.460410720784013847e+02 1.858923658831818926e-01 3
5 -9.239572614903279373e+02 2.556740248166656793e-01 3
20 -3.458662805353613976e+02 2.828050471722765025e-02 0
27 -3.458637221118424350e+02 6.628047108039941682e-01 1
27 -3.458641532978969053e+02 4.936821008258790444e-01 4
29 -3.458638478517360682e+02 1.612380641128556280e-01 1
29 -3.458636312291617969e+02 8.983091353798698941e-01 4
4 -2.205027196628945603e+03 4.782381046576982264e-01 3
27 -3.458640685119860336e+02 4.090404167301953109e-01 4
12 -3.469063356193988170e+02 8.757795512362207546e-01 2
19 -3.458772241188133876e+02 8.621763464019678302e-01 0
1 -9.903560438569507824e+03 1.640521864649490125e-01 3
18 -3.458779201515279738e+02 6.986694352431208621e-01 0
1 -1.421607245564268305e+04 4.219984455512562072e-01 3
1 -1.968393180010459400e+04 1.849737053434177270e-01 3
28 -3.458636999743586671e+02 5.139519931928850927e-01 1
18 -3.458950412073488110e+02 5.765425679388170958e-03 2
26 -3.458639919576055490e+02 6.594904963367995698e-01 1
6 -3.816955950873099255e+02 8.252730654894167017e-01 3
15 -3.461459472997877924e+02 8.816013074862749654e-02 2
21 -3.458694565195655741e+02 8.965954955577710717e-01 0
19 -3.458780434257803336e+02 8.521589216015775792e-01 0
20 -3.458681500109873355e+02 5.671905943529436112e-01 1
25 -3.458644969356206502e+02 2.711345456114901964e-01 1
15 -3.461874804998181503e+02 9.089801648948383495e-01 3
14 -3.461242988177236839e+02 5.642634929435336177e-01 2
18 -3.458948032844209592e+02 8.582126308630281253e-01 1
26 -3.458643258620641063e+02 6.924726680664147205e-01 1
26 -3.458637063541541465e+02 4.713766911374363544e-01 4
28 -3.458639859304356605e+02 9.926559336534320765e-01 4
8 -3.688960320215613820e+02 6.318171732218073045e-01 2
3 -2.526411459456825924e+03 4.339334027089893908e-01 2
5 -7.865385762808996333e+02 2.745732468093180501e-01 3
6 -5.779582876794854656e+02 1.210043372961649433e-01 3
25 -3.458636210987820050e+02 7.625200220467514001e-01 4
1 -2.083502846878485343e+03 1.003438838264929522e-01 2
15 -3.461669390271064799e+02 7.515952882993731654e-01 0
24 -3.458635587399779752e+02 6.788646244333718105e-01 4
26 -3.458643307243838194e+02 4.050601379195336027e-01 4
5 -1.130413126174715671e+03 3.490837117048881111e-01 2
7 -3.820268592695331336e+02 7.912393159935271481e-01 2
9 -3.624029139268601512e+02 9.263922575416367877e-01 3
1 -1.442217264577120113e+04 7.608924958494514001e-01 2
27 -3.458641572519804868e+02 8.869258716693115829e-01 4
6 -6.165818199981956695e+02 5.822848224773948811e-01 2
11 -3.482764790730455502e+02 2.462502427957544704e-01 3
11 -3.507195531097590901e+02 3.560204212642809063e-01 0
14 -3.460314415668754577e+02 7.678214958365939813e-01 3
4 -1.259156219233625734e+03 7.373288790709704443e-01 0
5 -9.461423651007883109e+02 6.978845828760791292e-01 2
13 -3.464021927149311750e+02 2.159729374783372347e-01 3
17 -3.458717040589772296e+02 3.729792359395638357e-01 4
18 -3.458910711488015295e+02 7.738924120570401799e-01 3
20 -3.458729140632705139e+02 4.119461078294562317e-01 4
21 -3.458703903128264869e+02 2.316794791444891644e-01 4
10 -3.528708254893576850e+02 2.493196481762801064e-01 3
8 -3.536766561023372333e+02 4.159843673644596507e-01 3
11 -3.490607841365614945e+02 4.045222439454220775e-01 3
12 -3.470283568438293855e+02 2.005484232304333980e-01 3
12 -3.482916362198348565e+02 8.205848945227938174e-01 3
1 -7.147120113873652372e+03 9.648118584235048090e-01 0
15 -3.460980826288381991e+02 3.378089256584398958e-01 1
14 -3.462343460534034421e+02 4.396719147771751546e-01 3
1 -1.269059960773855346e+04 5.623413821914833299e-01 0
4 -1.673922968761627999e+03 3.563292055854576645e-01 2
7 -3.815326039426798843e+02 2.608913357231031904e-01 0
12 -3.471192143560975296e+02 5.529314239832163747e-01 3
19 -3.458788638369210275e+02 2.832717883071670939e-01 4
17 -3.459200622552518212e+02 5.698984660357423460e-01 4
9 -3.589808909322631507e+02 2.738819230589278897e-01 3
5 -4.443843112900838150e+02 7.481419533934530186e-02 3
16 -3.459397525681368961e+02 6.470130159694822414e-01 4
11 -3.499634636316097271e+02 7.583070570492234097e-02 0
11 -3.500078583660765048e+02 5.798715726845480312e-01 0
15 -3.462070805366362265e+02 8.079720389437232697e-01 4
13 -3.465253759116985748e+02 4.615931787508045225e-01 0
29 -3.458637647642208321e+02 5.864160597906182826e-01 1
27 -3.458637200247964074e+02 7.283013136462015424e-01 1
14 -3.461633976002317468e+02 5.652782237243281216e-02 2
16 -3.458822108740405952e+02 5.804005829078029421e-01 0
19 -3.458756130584881703e+02 4.373114605588950266e-01 0
25 -3.458645643936364422e+02 9.951874384845312838e-01 1
6 -4.061823156748866950e+02 1.360511692405792783e-01 3
10 -3.488062924909531830e+02 2.514372168127092522e-01 4
8 -3.732681348305881102e+02 3.344966499367836299e-01 4
1 -1.484848930287749317e+04 3.871320406826889715e-01 4
7 -4.535330135749656506e+02 4.685544872529311400e-01 2
12 -3.473896903672264216e+02 3.998216801749651661e-01 2
1 -1.394731354001715954e+04 3.088316565257878121e-01 3
1 -5.085998243916884348e+03 2.790014492100167942e-01 4
16 -3.459556605224282748e+02 1.089528401538117919e-01 2
0 -4.305484898272373539e+04 3.589764422760883256e-01 3
26 -3.458637981309241241e+02 5.323930557076472780e-03 1
9 -3.601261601593001274e+02 2.877550604224987651e-01 3
5 -1.166366806153418111e+03 9.357007661472147575e-01 4
16 -3.459692687919826994e+02 3.888113151806626977e-01 0
18 -3.458947964851172969e+02 6.862595617342184262e-01 2
0 -1.217427926983425641e+04 3.864121781045620763e-01 4
0 -1.080088414803621417e+05 5.167276631511055207e-01 2
23 -3.458648211426291255e+02 9.228050368849460838e-01 1
0 -5.272686515493009210e+03 7.322464479823267425e-01 2
3 -4.803530391068019526e+03 2.417846414662462307e-01 2
18 -3.458962721484506346e+02 7.046062031981463747e-01 0
11 -3.487063909367119550e+02 9.168269965049322678e-01 3
22 -3.458651998291393284e+02 5.173616368894572437e-01 1
5 -1.211229317840662816e+03 1.172092738737630785e-01 3
20 -3.458662150013837504e+02 1.066947233601646811e-01 1
1 -1.286930724463523802e+04 8.163830589424534434e-01 2
24 -3.458648977934168443e+02 3.188128879361977752e-01 1
24 -3.458650950707872198e+02 2.294331873418724577e-01 1
10 -3.547883940067891331e+02 7.131599443109708503e-01 3
2 -7.203549904953260011e+03 2.928869831152418612e-01 2
14 -3.462467828229600855e+02 6.930160534120908267e-01 0
15 -3.459935082422686037e+02 9.016758553843748913e-01 3
22 -3.458664374927481617e+02 8.346728407034385011e-01 1
8 -3.649207448357007024e+02 9.381761140248363606e-01 4
22 -3.458676238922288917e+02 2.348109306803355389e-01 0
20 -3.458735516655801803e+02 9.867650807307724037e-01 1
24 -3.458651014166911750e+02 3.627045267904890347e-01 1
26 -3.458642617288261363e+02 4.985059303411500942e-01 0
25 -3.458645044899608365e+02 1.693509749245102891e-01 1
29 -3.458638927738569464e+02 3.188496987598004595e-01 0
6 -5.047902341470912688e+02 1.335842838407774735e-01 3
11 -3.475412377137480462e+02 3.078199882198016102e-01 3
21 -3.458641859051684264e+02 6.210995558176466425e-01 1
27 -3.458641808623235079e+02 1.766015304660231988e-01 1
3 -3.027560894988137989e+03 8.218256114400198653e-01 2
24 -3.458639519490832299e+02 4.477943973934114807e-01 1
7 -4.272120382196599166e+02 9.147461422460543279e-01 3
10 -3.492929803692739483e+02 1.721746244074661703e-01 2
19 -3.458793331503691206e+02 2.030643308927108093e-01 3
12 -3.481973005469751570e+02 2.253972790904850698e-01 4
6 -4.880040690327421089e+02 8.047303854800027523e-01 2
22 -3.458640231201158031e+02 7.647969742537386040e-02 0
25 -3.458641760017020488e+02 4.363784771231474791e-01 1
18 -3.458863096402835708e+02 3.893806247516304886e-01 3
19 -3.458802727550710756e+02 3.665105917369777533e-01 1
20 -3.458735275617053730e+02 5.388755385536583287e-01 3
18 -3.458842352366806381e+02 3.745649285004527124e-02 3
26 -3.458642547706958794e+02 3.009363716626423657e-01 1
18 -3.458850527990848036e+02 6.607338150918171116e-02 3
23 -3.458657047423782842e+02 8.345373024406248508e-01 1
21 -3.458663367705933069e+02 9.780073854926372157e-01 0
18 -3.458799919302534249e+02 8.461565678892060127e-01 3
8 -3.881744059915940852e+02 6.953935864491711527e-02 4
27 -3.458637950650766015e+02 6.309380195242706435e-01 1
20 -3.458735088774633368e+02 4.814318206367875635e-02 0
4 -1.399202224861635386e+03 6.307884986889465972e-01 2
15 -3.459694909471286337e+02 7.733165501370979911e-01 4
5 -7.286652437914613074e+02 3.963986138942076076e-01 2
