-1.929462133046104810e+01 3.229717596183518946e-01 2.943789480836311867e-01
-1.928402671127436818e+01 3.457742518198990700e-01 5.136744269680555419e-01
-1.928185257097024419e+01 3.369305679676856680e-01 3.384584808929744781e-01
-1.932386275969573575e+01 2.705544992121349246e-01 -1.593456968599831214e-01
-1.932690775972031005e+01 2.651777400019845743e-01 -2.181503198693999224e-01
-1.930532711000862633e+01 3.010685000159247782e-01 1.078366995554240759e-01
-1.929875585540841598e+01 3.191083208242904146e-01 2.788590293275863274e-01
-1.929945649913369010e+01 3.014853404026773265e-01 8.971302541127812447e-02
-1.928833724393252780e+01 3.285444420289282963e-01 3.026820742251796759e-01
-1.929297289512810920e+01 3.045658582246255075e-01 -9.992774214163446800e-03
-1.928606634489050720e+01 3.131129794080513840e-01 1.009128581797824609e-01
-1.930532711000862633e+01 3.010685000159247782e-01 1.078366995554240759e-01
-1.928987821791185908e+01 3.253128516690386718e-01 2.298279773331355358e-01
-1.930361876536248644e+01 2.963373160888592150e-01 2.284739150865888746e-02
-1.930399549258345004e+01 2.983285739179353246e-01 1.556967256721009107e-02
-1.931005485464887528e+01 3.013794777051433949e-01 8.532686263728095355e-02
-1.929077326880454279e+01 3.548326923264788491e-01 6.195432644770981767e-01
-1.930613165096068684e+01 2.985332812813478731e-01 5.820511340001033318e-02
-1.929847907964111187e+01 3.167573554514014345e-01 2.585058340312844649e-01
-1.929846393348335098e+01 3.162611909021643686e-01 2.373716158274632448e-01
-1.929840318814399680e+01 3.093884490348208782e-01 1.156382106036577539e-01
-1.928642403447028641e+01 3.235449289062260481e-01 2.182865635573367769e-01
-1.929365911365852071e+01 3.243177150449007562e-01 3.253903859733480175e-01
-1.928808518588882137e+01 3.401833995735526472e-01 4.079847985535849375e-01
-1.929500929931435849e+01 3.283058704225679247e-01 3.537943335789428545e-01
-1.929077326880454279e+01 3.548326923264788491e-01 6.195432644770981767e-01
-1.926956568270859194e+01 3.602652816787113577e-01 5.058969199705831699e-01
-1.930741739555669056e+01 2.917125062518642342e-01 -9.910125577375339390e-02
-1.931150699098566648e+01 3.143054001785315354e-01 2.967535844613369278e-01
-1.928547648370525280e+01 3.376832425528469295e-01 3.758407552712039745e-01
-1.928606634489050720e+01 3.131129794080513840e-01 1.009128581797824609e-01
-1.931721914404105078e+01 2.679457321934633485e-01 -2.483728131693716534e-01
-1.930550388698247488e+01 3.002756869385913019e-01 3.928254215389870296e-02
-1.930125404344429896e+01 3.329164379794778417e-01 4.981440217715817909e-01
-1.926649768534693052e+01 3.689568653429319278e-01 6.189778988281862127e-01
-1.928547648370525280e+01 3.376832425528469295e-01 3.758407552712039745e-01
-1.928185257097024419e+01 3.369305679676856680e-01 3.384584808929744781e-01
-1.928606634489050720e+01 3.131129794080513840e-01 1.009128581797824609e-01
-1.929665375528570337e+01 3.082936383814375847e-01 1.203088455226080100e-01
-1.929052763937293946e+01 3.256555038691629766e-01 3.002687030146411473e-01
-1.927581331657921737e+01 3.581530977672553462e-01 5.881240899366044772e-01
-1.931427068007375425e+01 2.779278508754688959e-01 -1.599942934492339930e-01
-1.931427068007375425e+01 2.779278508754688959e-01 -1.599942934492339930e-01
-1.929937222628964832e+01 3.088593196597377299e-01 1.795319684238787517e-01
-1.931055771398603227e+01 3.115333285472642322e-01 2.799934727701458570e-01
-1.929486425937838945e+01 3.105789488376776153e-01 7.460285382634346263e-02
-1.929957156964930576e+01 3.004001134281849006e-01 3.764395142297161101e-02
-1.930532711000862633e+01 3.010685000159247782e-01 1.078366995554240759e-01
-1.929522553941653840e+01 3.026959143697980914e-01 4.068587727324413095e-02
-1.927581331657921737e+01 3.581530977672553462e-01 5.881240899366044772e-01
-1.928772181198196023e+01 3.408484134753367312e-01 4.582891232132464410e-01
-1.929774040211504982e+01 3.184704665675878732e-01 2.306409155015245460e-01
-1.929365911365852071e+01 3.243177150449007562e-01 3.253903859733480175e-01
-1.930707772321956739e+01 3.289091694133232102e-01 4.256875420722572301e-01
-1.930977160904159717e+01 3.155894594230504446e-01 2.583808141361174648e-01
-1.928987821791185908e+01 3.253128516690386718e-01 2.298279773331355358e-01
-1.932336583721172474e+01 2.960326617983451425e-01 1.422447104188986344e-01
-1.928808518588882137e+01 3.401833995735526472e-01 4.079847985535849375e-01
-1.930294041396226135e+01 2.892587609231383472e-01 -1.070494925981915202e-01
-1.930838966237586618e+01 2.964798845975644137e-01 4.119404653544833650e-02
-1.929189762736379521e+01 3.118283439612151708e-01 1.649139159703825186e-01
-1.930294041396226135e+01 2.892587609231383472e-01 -1.070494925981915202e-01
-1.927987708072310014e+01 3.578924404102004631e-01 5.573427337464380571e-01
-1.929271241904493195e+01 3.257624022936516095e-01 3.196749646389758226e-01
-1.928902387850315137e+01 3.397077910863383621e-01 4.627050676107291594e-01
-1.927209467367738327e+01 3.554990386469409902e-01 5.531100213353905559e-01
-1.930294041396226135e+01 2.892587609231383472e-01 -1.070494925981915202e-01
-1.928805034635587745e+01 3.425674123736114907e-01 4.615604199461547097e-01
-1.929616517088179251e+01 3.180766475066203469e-01 2.271285480426712411e-01
-1.927581331657921737e+01 3.581530977672553462e-01 5.881240899366044772e-01
-1.928987821791185908e+01 3.253128516690386718e-01 2.298279773331355358e-01
-1.931378713443126216e+01 2.499119073511759104e-01 -6.049077779343114969e-01
-1.927987708072310014e+01 3.578924404102004631e-01 5.573427337464380571e-01
-1.930879465717922372e+01 2.922583946697498436e-01 1.205578329330592169e-02
-1.928228206225692887e+01 3.344901826668055245e-01 3.665723826739011315e-01
-1.929678184254681739e+01 3.268892725439757063e-01 3.894315671142152269e-01
-1.930125404344429896e+01 3.329164379794778417e-01 4.981440217715817909e-01
-1.926743869928635888e+01 3.777276849038778694e-01 6.881915068437187699e-01
-1.929623049463321394e+01 2.963938581823579166e-01 -1.149210390090473766e-01
-1.930064359098763305e+01 3.250634474215927661e-01 4.039831991949505152e-01
-1.929937222628964832e+01 3.088593196597377299e-01 1.795319684238787517e-01
-1.930294041396226135e+01 2.892587609231383472e-01 -1.070494925981915202e-01
-1.929937222628964832e+01 3.088593196597377299e-01 1.795319684238787517e-01
-1.929013666981646224e+01 3.210300250673359668e-01 2.317123570252679343e-01
-1.927581331657921737e+01 3.581530977672553462e-01 5.881240899366044772e-01
-1.929365911365852071e+01 3.243177150449007562e-01 3.253903859733480175e-01
-1.930294041396226135e+01 2.892587609231383472e-01 -1.070494925981915202e-01
-1.928642403447028641e+01 3.235449289062260481e-01 2.182865635573367769e-01
-1.929937222628964832e+01 3.088593196597377299e-01 1.795319684238787517e-01
-1.930086778161704331e+01 3.142159839413806166e-01 2.137755488295969286e-01
-1.928808518588882137e+01 3.401833995735526472e-01 4.079847985535849375e-01
-1.930325595948891859e+01 3.301980442074606281e-01 4.297787866478444130e-01
-1.927313217174548754e+01 3.634462577176868492e-01 5.992452514240298456e-01
-1.930361876536248644e+01 2.963373160888592150e-01 2.284739150865888746e-02
-1.929201466914102525e+01 3.262705056136062098e-01 2.994584600354439630e-01
-1.930838966237586618e+01 2.964798845975644137e-01 4.119404653544833650e-02
-1.929937222628964832e+01 3.088593196597377299e-01 1.795319684238787517e-01
-1.930765389889088368e+01 2.885972516497433138e-01 -2.748001156448331983e-02
-1.929537114608505632e+01 3.229889624425421046e-01 2.884295956732998434e-01
-1.929856265040168495e+01 3.115945103477136269e-01 1.481897589240848134e-01
-1.931027534436182336e+01 2.868593792034297985e-01 -4.676223252854683210e-02
-1.929623049463321394e+01 2.963938581823579166e-01 -1.149210390090473766e-01
-1.930064359098763305e+01 3.250634474215927661e-01 4.039831991949505152e-01
-1.928147395582145052e+01 3.531041056059021632e-01 5.353367486092679428e-01
-1.928402671127436818e+01 3.457742518198990700e-01 5.136744269680555419e-01
-1.928709515517084228e+01 3.153286944301570416e-01 1.651833792434729276e-01
-1.930064359098763305e+01 3.250634474215927661e-01 4.039831991949505152e-01
-1.929220569394497886e+01 3.329780416349107375e-01 3.972246479729069080e-01
-1.927717944832047792e+01 3.467846398760032756e-01 4.192334591729167670e-01
-1.929077326880454279e+01 3.548326923264788491e-01 6.195432644770981767e-01
-1.930361876536248644e+01 2.963373160888592150e-01 2.284739150865888746e-02
-1.931005485464887528e+01 3.013794777051433949e-01 8.532686263728095355e-02
-1.927539897435836380e+01 3.512084659119193430e-01 5.062129021644334870e-01
-1.927581331657921737e+01 3.581530977672553462e-01 5.881240899366044772e-01
-1.930765389889088368e+01 2.885972516497433138e-01 -2.748001156448331983e-02
-1.929639103511327747e+01 3.139012828413328404e-01 1.756279071467758968e-01
-1.928723441902478797e+01 3.234322499637080628e-01 2.371372835917711086e-01
-1.928185257097024419e+01 3.369305679676856680e-01 3.384584808929744781e-01
-1.928805034635587745e+01 3.425674123736114907e-01 4.615604199461547097e-01
-1.929665375528570337e+01 3.082936383814375847e-01 1.203088455226080100e-01
-1.930532711000862633e+01 3.010685000159247782e-01 1.078366995554240759e-01
-1.929469364204030768e+01 3.381755944390199553e-01 4.711326292604312016e-01
-1.929937222628964832e+01 3.088593196597377299e-01 1.795319684238787517e-01
-1.926649768534693052e+01 3.689568653429319278e-01 6.189778988281862127e-01
-1.928228206225692887e+01 3.344901826668055245e-01 3.665723826739011315e-01
-1.929902894039828709e+01 3.060943234520429046e-01 1.195181774452045431e-01
-1.932386275969573575e+01 2.705544992121349246e-01 -1.593456968599831214e-01
-1.930550388698247488e+01 3.002756869385913019e-01 3.928254215389870296e-02
-1.928502280699866844e+01 3.390534355934350375e-01 4.231776789713901366e-01
-1.931828934078921378e+01 2.879823661377217126e-01 -3.673755906290487872e-02
-1.930125404344429896e+01 3.329164379794778417e-01 4.981440217715817909e-01
-1.931055771398603227e+01 3.115333285472642322e-01 2.799934727701458570e-01
-1.929690037396337488e+01 3.202445534040713193e-01 2.741082750641297139e-01
-1.926956568270859194e+01 3.602652816787113577e-01 5.058969199705831699e-01
-1.929473599816670060e+01 3.207653799989324539e-01 2.767197668789584952e-01
-1.929678184254681739e+01 3.268892725439757063e-01 3.894315671142152269e-01
-1.930879465717922372e+01 2.922583946697498436e-01 1.205578329330592169e-02
-1.928411247262010875e+01 3.496240447023057363e-01 5.379046601936376959e-01
-1.928902387850315137e+01 3.397077910863383621e-01 4.627050676107291594e-01
-1.928642403447028641e+01 3.235449289062260481e-01 2.182865635573367769e-01
-1.929486425937838945e+01 3.105789488376776153e-01 7.460285382634346263e-02
-1.928588729673151292e+01 3.322540506335755484e-01 3.214290392061194268e-01
-1.928902387850315137e+01 3.397077910863383621e-01 4.627050676107291594e-01
-1.931005485464887528e+01 3.013794777051433949e-01 8.532686263728095355e-02
-1.930741739555669056e+01 2.917125062518642342e-01 -9.910125577375339390e-02
-1.930707772321956739e+01 3.289091694133232102e-01 4.256875420722572301e-01
-1.930838966237586618e+01 2.964798845975644137e-01 4.119404653544833650e-02
-1.928642403447028641e+01 3.235449289062260481e-01 2.182865635573367769e-01
-1.930977160904159717e+01 3.155894594230504446e-01 2.583808141361174648e-01
-1.928402671127436818e+01 3.457742518198990700e-01 5.136744269680555419e-01
-1.927597960800366650e+01 3.421880403064083698e-01 3.212411189528801003e-01
-1.928402671127436818e+01 3.457742518198990700e-01 5.136744269680555419e-01
-1.931427068007375425e+01 2.779278508754688959e-01 -1.599942934492339930e-01
-1.929189762736379521e+01 3.118283439612151708e-01 1.649139159703825186e-01
-1.927919408439851878e+01 3.350157336561805366e-01 3.456956639449373370e-01
-1.930443635724209983e+01 2.898274942960734624e-01 -1.333842106742100242e-01
-1.928411247262010875e+01 3.496240447023057363e-01 5.379046601936376959e-01
