0.000000000000000000e+00
0.000000000000000000e+00
0.000000000000000000e+00
3.333442621504387570e-61
0.000000000000000000e+00
0.000000000000000000e+00
3.511168594025215161e-08
6.461562265436438885e-31
1.853821021770252989e-05
1.595289602755959324e-01
6.005336398821110707e-72
4.930771418919713961e-02
8.135103950232237767e-16
2.946008947099887365e-01
8.503748417355571076e-01
2.407151978044736185e-01
1.471789017396743331e-02
5.430851580093122299e-01
1.416494039362042046e-01
1.564516496423009664e-26
7.607706835455156635e-02
2.453875982392190735e-01
2.728159505256957940e-01
2.494613026185487359e-01
1.587732228550557331e-02
2.333625398874854782e-03
5.506986161948989114e-03
2.905412611826035593e-02
6.145734818844231923e-04
7.520075771871228554e-01
5.504912184526191028e-03
5.503577243729907732e-03
8.871972607695786106e-01
2.333345480673172396e-03
6.060996757881060779e-03
1.592480333141749888e-02
8.121415165578837141e-10
2.246082271619134134e-05
2.074912939344607798e-01
1.233947834041277312e-155
1.592076864672467562e-02
7.683913063089206630e-02
1.428770907364634302e-01
2.333318021530448021e-03
7.975825797454323407e-01
2.900715794171352183e-02
1.350993621974321546e-01
6.650347263198409520e-01
2.860642760843277663e-02
2.372704428036020996e-01
2.900964303323131516e-02
7.490766203751608732e-01
5.816586888562578217e-01
7.601864135275418488e-02
7.879565020918449671e-89
2.666743730405974917e-04
2.332887642817521937e-03
1.597175259510511328e-02
3.879120723599067852e-05
1.112821201001812881e-04
5.047424133202331742e-01
1.597249576085928852e-02
3.879102151209469257e-05
2.061287493133677749e-07
0.000000000000000000e+00
1.595392905771742670e-02
6.253909714092578120e-01
4.966218730358873389e-25
1.112786795265439081e-04
7.411281844144100931e-06
1.413955051184244971e-01
2.906914927820596767e-02
1.282308170087370792e-06
6.571527235209162192e-08
7.411272056273315454e-06
7.546254926865793300e-02
3.879125931934963937e-05
2.666697891809665928e-04
2.666741519586786065e-04
1.112810052418234893e-04
3.879095225168765842e-05
5.504235518657501179e-03
6.146292639414505099e-04
6.874731794707413053e-07
6.874731288694694924e-07
6.146309059237303621e-04
3.250699979676389254e-07
3.250700504925380199e-07
6.571527411510409251e-08
1.282308127022988191e-06
6.874731102524394887e-07
1.774670490510626697e-01
7.411285453849733443e-06
6.571527371050669533e-08
6.571527239280464434e-08
2.593402428399530977e-06
6.571527468964345690e-08
3.250700479877400986e-07
6.565507186704649945e-01
2.909047821970526387e-02
3.879113380879470763e-05
3.879111114504985762e-05
3.250699860581035889e-07
3.879092465717486982e-05
3.879119577501633772e-05
3.250699866089353613e-07
6.571527209735425838e-08
1.216944149249703783e-07
6.874731202945912726e-07
9.820193763628133621e-02
3.250700237811436994e-07
3.879129156204028702e-05
2.666661132014830024e-04
2.666677940324465104e-04
6.571527459527027523e-08
2.781946256209977819e-01
2.569054669392518725e-228
1.588607824389626569e-02
7.411287265572859769e-06
1.458895711115459071e-01
1.112796065700665980e-04
5.787558898984330735e-01
3.879109492533421678e-05
2.119447161565901213e-05
0.000000000000000000e+00
1.112789191560029382e-04
3.250700600332765275e-07
6.571527488908825665e-08
3.250700440649149500e-07
2.333019771020487885e-03
4.809238739089608791e-05
1.593803926956626621e-02
6.446696606384821893e-01
2.377771493175840078e-01
7.411286909290121844e-06
1.112812470433170308e-04
7.392245973831494679e-65
0.000000000000000000e+00
8.084322476638876598e-01
4.562483775434611477e-05
1.501017508011936280e-11
6.874731003014574608e-07
2.593402609000421038e-06
3.879086325265057551e-05
5.499578559422141182e-03
2.333540570949659346e-03
1.414453832529608268e-01
2.666815017103609225e-04
7.249879012801226930e-01
6.837129758454323358e-01
1.588575928764052875e-02
1.595968592805144942e-02
5.499047428173428100e-03
7.582859890705416495e-02
1.112833902380564127e-04
7.500947123276272555e-01
3.469353942379052036e-01
1.410117245739731795e-01
6.145997119398106685e-04
6.146586653031304269e-04
3.134298420199502916e-02
5.969630157901324844e-18
6.210403290572993340e-01
5.527179052317373609e-01
2.642356863960318436e-01
2.903430264421911003e-02
2.890600405041802989e-02
5.498837374645840735e-03
5.500515142881046496e-03
0.000000000000000000e+00
2.338927925074025828e-68
6.162434939323549374e-80
1.073744199349785031e-02
1.208594384139427927e-31
8.926438049020446464e-01
2.119448935423475034e-05
2.881161544576559333e-02
1.669432310115664456e-231
2.593401264968602029e-06
1.282308363752940865e-06
2.666672766204833552e-04
6.571527141986505374e-08
7.411277464428732583e-06
1.112824209245804789e-04
6.146535812552923229e-04
1.216944152767750310e-07
5.506199964128251009e-03
7.360897724189839233e-10
6.571527160107696637e-08
6.146069135542683295e-04
1.112805760513446647e-04
6.571527331968947864e-08
2.593401108414741865e-06
1.216944202508641524e-07
1.112813315304651704e-04
1.216944167037085979e-07
2.955283199292964139e-04
7.554429016135399966e-02
2.593401009932144700e-06
3.250700206405518364e-07
1.445524459328711153e-01
7.411276900514526080e-06
7.411281916071363932e-06
3.879121382066287810e-05
6.571527255195852200e-08
2.119447345057709047e-05
7.527772922453503102e-02
6.571527287241422054e-08
6.874731405008979720e-07
1.108739921202257735e-08
7.272626064878381627e-08
6.874731036436700056e-07
1.282308083744016781e-06
9.043301713743751276e-153
8.305621149719320447e-32
0.000000000000000000e+00
8.238703458272590782e-146
3.250699950329301729e-07
8.335807207966926535e-01
6.262470791263129444e-01
2.666830373919281847e-04
2.332930138041032150e-03
2.387211655287153618e-04
2.904169867588340601e-02
1.592473251473523407e-02
2.119446058817154945e-05
2.333409243218634733e-03
7.579772201728311731e-02
2.901282490934775984e-02
6.131080426465013167e-01
1.415370532984570051e-01
6.918394069590416695e-01
2.715331590891347791e-01
7.631447381410411124e-01
2.883397214979294479e-02
3.250700292102841723e-07
1.282308318309104860e-06
1.589568676805487232e-02
1.216944164800787973e-07
5.659914494419771014e-01
1.451321941535045901e-01
1.216944161470552210e-07
1.030172318623392459e-02
1.380262924860017348e-87
2.896021797448131846e-02
7.411282523509082798e-06
7.411271169164606886e-06
2.593401120453320871e-06
3.250700615545595063e-07
6.571527418002301369e-08
2.666745580318790622e-04
1.112828984780194516e-04
7.619250397615667802e-02
2.910080960287771829e-02
5.506967293426256148e-03
9.841239642085360085e-05
1.485177195209741191e-07
4.197775324973348390e-18
2.897634882702000009e-02
0.000000000000000000e+00
6.795932391654843294e-04
6.331006957192999440e-01
5.396221136315210165e-01
4.783738163972597879e-01
7.971783845603596104e-113
7.145890309868592818e-03
3.849020623550865050e-01
2.740769474544788900e-28
2.547532246919915755e-01
1.596057138764379532e-02
1.590871237630258825e-02
5.503390571803322071e-03
3.879104926208148995e-05
6.471265392191640764e-01
3.879101356917541427e-05
5.501230869597953724e-03
1.591611867617831119e-02
2.119448988276253002e-05
3.250700008760348642e-07
2.593402562026306512e-06
6.571527316973607285e-08
1.216944182146693950e-07
6.571527259944022441e-08
6.571527233446390014e-08
6.571527296621961220e-08
2.593402061874382563e-06
3.879134498148882561e-05
5.498161800825775158e-03
2.593402521877787610e-06
3.879115968382122141e-05
3.879103788992553322e-05
7.722609580574513205e-177
3.689005463933540119e-01
0.000000000000000000e+00
1.837368554160506603e-05
6.574215260034889895e-03
6.145889879853001303e-04
2.775491094278611515e-01
6.591107065538019949e-01
2.892838931561911991e-02
1.425766026412329801e-01
2.269141983452223972e-05
2.388683418351654139e-02
6.571527308420104471e-08
2.264106256014419005e-01
2.976946961239650830e-02
6.457331722244094857e-07
1.596727804286841856e-02
2.912144884444930679e-02
2.753756839060394473e-116
2.666783150512533253e-04
5.499745134733273477e-03
2.476207339890740267e-01
7.674979728695278947e-02
2.119444504201567139e-05
3.250699985268598181e-07
6.146068595105194697e-04
2.409109224602551391e-01
3.250700402045088239e-07
1.282308087817080375e-06
1.112827917914010090e-04
3.879109423982926672e-05
6.571527240900542000e-08
1.789751179492567747e-12
1.966177651498875167e-78
1.216944192829707209e-07
6.571527393735123744e-08
6.924394744092988718e-01
9.850106078768646745e-01
2.899588677140062590e-02
2.890532122270090716e-46
5.501215597348603215e-01
3.250700414585060564e-07
2.506623869394646153e-42
1.424787799773297170e-01
1.589905611285733628e-02
4.489543940639306729e-01
1.409728538856586944e-01
4.177146864289740875e-19
2.333317052350465225e-03
1.889666632276720826e-01
7.872925896653481049e-207
2.666767611083399603e-04
4.355863580257531221e-09
1.112805499403755243e-04
3.879121660346433319e-05
2.320538327266185794e-02
1.216944178093161665e-07
2.333348402095706837e-03
3.250699867264006199e-07
1.669898607603863698e-73
2.593402657829642751e-06
0.000000000000000000e+00
7.561686600504445577e-02
7.619207687346736257e-01
6.571527262196144081e-08
9.153756157133173194e-12
2.896577753538270503e-02
1.282308215778009750e-06
1.112792979725483989e-04
0.000000000000000000e+00
2.239605354711458104e-03
2.666739987051094289e-04
2.666760147661670008e-04
1.112800455110262137e-04
1.282308163125864073e-06
1.420640464200066677e-01
1.588847302627369867e-02
1.112829231143606771e-04
3.250700153827772990e-07
2.332659687761939361e-03
1.216944169378115374e-07
3.879120207391320731e-05
1.090542178299367115e-01
5.763324767759405802e-07
2.785173645615986529e-02
1.282307967326446904e-06
2.593402714649061780e-06
3.250699975555775136e-07
0.000000000000000000e+00
3.250700052290109779e-07
1.112789543159924414e-04
2.730912335657586509e-01
3.879106776760875324e-05
6.149784828351132493e-01
1.112815336821006216e-04
1.597454498222778199e-02
6.673748834433018645e-51
5.498441242635944068e-03
7.676134158829858722e-02
2.666747209648741204e-04
6.571527370112690393e-08
4.724740296298060582e-01
6.354412933589795864e-01
3.250700275244355032e-07
2.438626788788163247e-01
2.905459597427934720e-02
6.146391308529357408e-04
3.879103627729209877e-05
3.879107563340541742e-05
3.177129236475776893e-04
1.149978043519096493e-01
1.216944153413778103e-07
1.216944187626966149e-07
6.571527176930434037e-08
2.666828179024211573e-04
0.000000000000000000e+00
1.112788386943617364e-04
7.930596416383887079e-67
0.000000000000000000e+00
2.119448204301447694e-05
2.421822290144226564e-01
1.596995786143538126e-02
2.440912017852970850e-01
6.146404563682596536e-04
6.571527427834834521e-08
1.112791502016397709e-04
8.039294817547748639e-12
1.629334534648928245e-01
2.496132765463069184e-02
4.827564783879788601e-01
1.593452352477737338e-02
2.502340707369083428e-01
5.454404266831435200e-01
2.899916536545188092e-02
6.102917737172059987e-01
2.119445816914934577e-05
3.250699839898694661e-07
3.250700367176742973e-07
4.081892480544573321e-01
6.571527206854996333e-08
3.879084593160584408e-05
3.879101170369406631e-05
1.216944145550003101e-07
2.901916329390441182e-02
2.666805749657009603e-04
1.112791489827879692e-04
2.024436292448978381e-01
1.813806998043518068e-02
2.666798329370177246e-04
3.250700102751188110e-07
1.595678066011228802e-02
2.882540685170732406e-02
2.465031981957140628e-01
1.216944196641195329e-07
5.633865857559006152e-01
1.282308304607021544e-06
2.593401492236433929e-06
2.666863323963510318e-04
1.075288275377960932e-09
1.595882147622379801e-02
6.172466845714632555e-01
2.893343417055279157e-02
2.912758447684988053e-02
2.483068823688021620e-01
1.591684915370624592e-02
5.340240100237970688e-01
7.553453941506405034e-02
9.510580720012643541e-01
7.925373222568893394e-44
5.507041209788673258e-03
6.146116892559198505e-04
5.925256895504451560e-01
1.591001910731444299e-02
1.596199083485048270e-02
9.644806495796200974e-01
3.250699957945231185e-07
7.754150443088403399e-01
4.803064155404578096e-71
7.411269938022012365e-06
1.410415380503508842e-01
1.814529161701054313e-76
2.593402341142900748e-06
7.411272322153263686e-06
2.698297736813944775e-02
4.567589266505095511e-19
9.590808920542394089e-01
6.874731322833518241e-07
2.893940202516907118e-02
3.250699886696304144e-07
1.282308123758720571e-06
1.712177612130405435e-16
3.250699774997363705e-07
3.250699918509291985e-07
1.282308006452681531e-06
1.216944199666437293e-07
2.903002765417407940e-02
6.146221587892921516e-04
1.216944170792888036e-07
2.697530988726716816e-01
6.571527206822871285e-08
6.571527184397659448e-08
6.146330861517852046e-04
7.263799829309051589e-05
3.324502023458702993e-12
6.578840462492571151e-01
6.874730815344846260e-07
2.666642225029706450e-04
1.112802481777048461e-04
6.874731418896243709e-07
2.907643485447180751e-02
1.592731281760173187e-02
5.539134660354521067e-01
4.774470992571594463e-01
1.282308273593303627e-06
6.145957683999185702e-04
2.666772878825138834e-04
1.112799066600706052e-04
5.231012928664444672e-01
2.593401019935178596e-06
2.357655009112653299e-01
2.886233336256013166e-02
9.314518279883933216e-01
1.112806617445422113e-04
2.332771888488492391e-03
7.514596667168659261e-01
7.600451808008289178e-02
9.261425690147992995e-01
1.112793751587159177e-04
2.666765551798979100e-04
2.895309945837705803e-02
9.096762371188663493e-87
2.728706106817453403e-01
5.753372572253805667e-06
2.895174647742502008e-02
1.611962070300235753e-09
4.510739823807082795e-13
1.805668084022101372e-08
1.216944170603693698e-07
1.449666111692884431e-02
2.043574398166143891e-01
5.959312148121870267e-01
1.710158092617875426e-03
1.409246891153999592e-01
6.146229927552144048e-04
5.327803901940652009e-01
6.571527180641261557e-08
3.250699918513172455e-07
7.550998906286034151e-02
3.185640881263443469e-01
1.593291347236280853e-02
1.588551395938721938e-02
1.461127897751381688e-01
2.666732385205405442e-04
2.896589228246249786e-02
3.250700389355257787e-07
9.275289597207404535e-01
1.588311393533984803e-02
5.541817370211396532e-02
1.112821428922059711e-04
2.593402267483211425e-06
3.152025006441648325e-05
7.411275481168194466e-06
3.879108419452297800e-05
2.119443661886868179e-05
3.879116795722832730e-05
1.112813387451097965e-04
2.119449506517678117e-05
2.697274030353549734e-01
1.566759555262415560e-01
6.571527297856911434e-08
5.401830735070215026e-05
1.282308312869848485e-06
2.681502324452478270e-01
6.874731515615877108e-07
1.216944199253876131e-07
6.146383495303148811e-04
3.250700562697323247e-07
9.353412360691695238e-01
7.461121730633574201e-01
6.874731701772512386e-07
8.317759483315394498e-01
5.498210320016294617e-03
6.571527283076734429e-08
2.666840403640733542e-04
4.337973215868049632e-04
5.498393464303887729e-03
1.321259484364832702e-06
9.340907209102764552e-28
0.000000000000000000e+00
2.417781473999810471e-01
5.498444350155608402e-03
2.512361538807865169e-01
7.411279161443962779e-06
7.803007377253968025e-10
9.143920897930795339e-312
1.112794229317749453e-04
6.384289880145184171e-01
1.986624965163581169e-01
1.588748661702838599e-02
2.386060730224567050e-01
9.320758460151537678e-70
2.912583330336208573e-02
6.571527185921361871e-08
6.571527146639794690e-08
1.590235096678209448e-02
7.247884141697656935e-01
2.378509895859171053e-01
2.796066549334681190e-57
2.119449566337038818e-05
6.146425141198617968e-04
2.419591295458487223e-01
3.250699986748878253e-07
5.504215729387542354e-03
5.499215377901441916e-03
1.597459069718177443e-02
2.332472648915980343e-03
1.112789306288387083e-04
2.593401581917174197e-06
7.411271877873853435e-06
1.282308206089804236e-06
6.571527418310478425e-08
7.411269677768791346e-06
7.411285993736305409e-06
6.874731353302105447e-07
3.250700051029904218e-07
6.874730814645734912e-07
7.411286461563323073e-06
5.501069539725512714e-01
7.552504859023070893e-02
3.250700427252162475e-07
0.000000000000000000e+00
2.333097900809581564e-03
1.216944194251812265e-07
3.250700184740695681e-07
2.119445275022341428e-05
3.879132569897463483e-05
2.397420068451930897e-01
6.751833141645384728e-01
3.250700288666840926e-07
1.282308296976959766e-06
7.669260350241223489e-02
8.349366087089723498e-01
2.593401760298187838e-06
3.296978749758999210e-09
1.588129251054849408e-02
8.375498279569122406e-01
3.879082297539882684e-05
1.112826165795787581e-04
1.112790311058262782e-04
6.159095846933248576e-254
0.000000000000000000e+00
2.192707545091261907e-04
1.043067692215644139e-70
1.041159860064202810e-08
1.425680234539600522e-01
1.000000000000000000e+00
7.411283073416491598e-06
1.421704348230443393e-01
2.715349529723917188e-01
0.000000000000000000e+00
2.691788042567898054e-01
1.112829970500609313e-04
1.453935028645301497e-01
1.571996485787478248e-01
1.760306684693012082e-07
8.602256419020055667e-01
2.666844772588814459e-04
2.332543743650627478e-03
5.499671853988722867e-03
7.948188854240135616e-63
6.124940086562209451e-01
1.464498878411715777e-01
1.594347481224620694e-02
2.715576140842310138e-01
2.685107221313531300e-01
2.106059591161430812e-04
6.571527410148079840e-08
1.216944163266411347e-07
9.819514380082406957e-01
9.895968650139075340e-01
2.363892669843561667e-01
6.874730895111123691e-07
3.250700643633960395e-07
1.851689560097202809e-24
5.592617474666504755e-05
3.250700312363699885e-07
3.250700419126975635e-07
3.888989907717959796e-10
3.250700061613045675e-07
5.506975106523051555e-03
6.874731798402269237e-07
3.879139219536619849e-05
2.593402244303229016e-06
6.571527263221533051e-08
6.767964216091225671e-01
2.311690300208451206e-139
6.874731141425300962e-07
6.571527427782538178e-08
2.666826793588178640e-04
3.250700259354304933e-07
6.571527295378420239e-08
7.411284824379106210e-06
3.250700336061667929e-07
6.571527452072500989e-08
6.571527150191489864e-08
2.666775449721502469e-04
2.542792141874130052e-01
2.333102327530717484e-03
5.500607186355210149e-03
1.595914314470839659e-02
1.216944157163838600e-07
7.411272323600787936e-06
6.146340203816220331e-04
1.588960207466073166e-02
1.112786229653460305e-04
1.597024879426975005e-02
8.739831346175358506e-01
7.694584159333431872e-01
2.490636155983554372e-04
9.283697405375187688e-105
3.797421266655578704e-13
9.836432776436033111e-13
2.535782039720814174e-01
5.459637448785487068e-01
3.864186823967412365e-02
4.027364986624145521e-02
6.145810458840991492e-04
1.919532453631109074e-03
5.516273466123646774e-01
2.796160256690412909e-13
2.572533875025068140e-01
7.554831177573015366e-02
2.977091868820998934e-11
0.000000000000000000e+00
3.515879587296694044e-05
5.625890535984971887e-203
8.780870676804267139e-02
4.557996518507803275e-94
6.571527415870835602e-08
2.897929056222226310e-02
3.250700294378049511e-07
2.007699309684635646e-28
8.699060331563301940e-01
2.568569689634396802e-01
2.495761056257593188e-02
7.725378025302195306e-01
2.460811218167481274e-01
2.666774840723633517e-04
6.571527247954623121e-08
1.216944184213789184e-07
2.712680526125686442e-01
1.458732817729377906e-01
3.250699911758137110e-07
1.282307990977023243e-06
1.590719320734952300e-02
2.666814672195110762e-04
1.596223819341935704e-02
6.168919636305574272e-01
3.879125932083582983e-05
3.250699887085822303e-07
5.499255840051705049e-03
1.112808232865106662e-04
6.571527337102245457e-08
1.112831886709984733e-04
2.666727664441334990e-04
2.666647108721002866e-04
3.879116591718777328e-05
6.145863506046051090e-04
1.415651973682827969e-01
2.666841001471212782e-04
9.018456842290524245e-01
5.182713860511760785e-05
6.518964606123779371e-01
9.246940133357351987e-01
9.805861025376604312e-01
2.601850242012633263e-01
5.258974628535833650e-04
1.588744281780954046e-02
2.916413228613139340e-49
7.206346941012281668e-73
2.661501264248216092e-01
1.598242497741981377e-02
7.614501055431453780e-02
2.376365549890257500e-01
3.863290351728865812e-01
2.119450646864696320e-05
7.404265826004868822e-01
2.882183922573838125e-02
1.282308012712322350e-06
1.282308210758896328e-06
1.417788214140333347e-01
5.503698986997692354e-03
3.250699902060466426e-07
6.290842090025637878e-01
2.602263001214926152e-01
2.593402217438684204e-06
1.112817748536462734e-04
6.874731815464257181e-07
2.119450154840308372e-05
2.593401039174230527e-06
5.458375721302034522e-01
2.119444786685419598e-05
1.282308178699416711e-06
3.250699745699984308e-07
7.411275342659442472e-06
2.119448799183460810e-05
3.879110161231346131e-05
3.462201876594942438e-08
1.445205718133040496e-01
2.332477967191949261e-03
2.289698792786750911e-02
1.591292583624239615e-02
7.552734304464622794e-02
2.024372390064686777e-01
5.944350012661052392e-35
4.661432127133685027e-17
9.633845196848673798e-01
6.571527157538805850e-08
7.411285656502774344e-06
3.250699876440779678e-07
5.579547867674633510e-01
6.146042311449306014e-04
6.571527386712419901e-08
4.420908756541399746e-313
4.306088111179335266e-56
3.104214183618643486e-02
1.216944185639975615e-07
7.411275770149277351e-06
3.761958149960274046e-48
2.666803422587947525e-04
3.810767545332234829e-01
3.434802914111733161e-11
2.119443301718412857e-05
7.547218177320899613e-02
1.112821019119097476e-04
9.770406712841528396e-01
6.146279993656030439e-04
5.497761120048908628e-03
7.411268429611294595e-06
7.411284908398056759e-06
2.593402197328089157e-06
1.595209694766435912e-02
7.411282207302769413e-06
9.998596677174863556e-01
6.146391672408865530e-04
2.319311850801868187e-05
7.708119978168275247e-21
2.063040643883126788e-87
1.592329238624505885e-02
7.964230960628183087e-94
3.879098356935862201e-05
8.062519931222461935e-11
2.149919208519970315e-01
7.411279971542345841e-06
1.350853968571803648e-29
7.411275108622844082e-06
1.805057826560240927e-02
3.879126583252602404e-05
4.502275668348802440e-01
1.227555723415423342e-258
6.146158363594078329e-04
1.200015053573276398e-16
2.332827751024692947e-03
2.333278217718609028e-03
1.423246010744480261e-01
2.593401533050381067e-06
5.497808144819011679e-03
2.892314925752462879e-02
2.658791481302661408e-01
3.250699961811771418e-07
2.401513049960850299e-01
2.119451831768415651e-05
7.411272953121329127e-06
2.666844012727353054e-04
9.446624172483822697e-11
6.245595906068554419e-60
1.112793140619287423e-04
6.571527347763307857e-08
6.571527283675905684e-08
1.216944203692714704e-07
7.642510382573819427e-02
3.250700580087981151e-07
5.500152912413259002e-03
7.638657698802066298e-02
5.507529216134951673e-03
1.595370332294373389e-02
7.563894154668643344e-02
2.897757222828318407e-02
8.946366351875005840e-01
5.096628826339943097e-10
2.849609574717110308e-14
5.499872857960406113e-03
6.571527260480064595e-08
2.793664803617269543e-01
8.894845462035279038e-01
2.465457706692489315e-01
1.282308016977307093e-06
2.593401467655104542e-06
7.573864322552657791e-02
3.250700517367973910e-07
0.000000000000000000e+00
2.593401966052051611e-06
6.866270562682055129e-275
3.250700074974368378e-07
1.082188342987391947e-03
1.112825727780563718e-04
1.036747159367000636e-91
4.521457476404050829e-08
2.666866107614648145e-04
5.565350367080998568e-38
3.879094787494302520e-05
6.571527367058187677e-08
2.666840107297307940e-04
7.411273578501562261e-06
1.112801296492181108e-04
2.666810807289707666e-04
7.411279836707515400e-06
2.593401359326753523e-06
2.465825202858220599e-01
9.366881237552119883e-16
3.250700519765321202e-07
4.859034174544656185e-45
1.216944163425998707e-07
6.571527242292755793e-08
1.410274079403374681e-01
0.000000000000000000e+00
6.412559216677702543e-96
6.571527453116195134e-08
6.571527342891494629e-08
1.216944160688041732e-07
6.571527296468432528e-08
1.112828898124238125e-04
1.216944191111808719e-07
6.874730734296801517e-07
2.703416106828629983e-01
2.332732797001743803e-03
2.332930269299193175e-03
5.504306463995105834e-03
7.598700665561969325e-02
2.902640191943920908e-02
5.442525010138949959e-01
2.402018469180542681e-01
7.247988489649498378e-01
3.682105686870183660e-26
1.250759490563707626e-14
2.394153956575742245e-09
1.795141520594973339e-01
6.571527442579524816e-08
4.576944596615857286e-01
6.571527284651612200e-08
6.874731390542966705e-07
2.549327385007060798e-01
8.932620958165153464e-06
8.423425602858676297e-158
2.902647200266873784e-02
1.448399101666088817e-01
1.216944189187075901e-07
2.900590201844668176e-02
6.571527159075956244e-08
1.884693294441719496e-280
1.297132791782699447e-02
4.817956551006392640e-01
8.213792871136074115e-32
1.282308135099723899e-06
2.666809862521652644e-04
1.282308280860223533e-06
6.571527284563082699e-08
1.589215845618327516e-02
7.554468092266744539e-02
2.333101740130350422e-03
2.332938719844513970e-03
6.874731513777633500e-07
3.879110099995547797e-05
3.250700082184334531e-07
2.372421090003732635e-01
1.112833467440330071e-04
2.735625176031134531e-01
2.666801870478834632e-04
2.889638935472334247e-02
6.571527482278721592e-08
1.112829228418873897e-04
3.686738388445057917e-05
3.742696371540980640e-87
1.511267956225400069e-02
1.535028557970491214e-24
5.503075827448033336e-03
6.571527451851360539e-08
2.885449781531471830e-02
3.216664622096827476e-109
7.520545402131053719e-103
2.156760318644420132e-89
3.390869516169702225e-01
2.470653283490817365e-01
5.594811997872485287e-01
1.216944174016317180e-07
3.250700575153406487e-07
3.513790274668029401e-01
6.146704545103296499e-04
7.411270039581288999e-06
7.411274245882838033e-06
7.111302359989515320e-01
5.506585119002769917e-03
2.666635045071670995e-04
3.879090724913721196e-05
2.333641818889868689e-03
5.507269236983156589e-03
3.879131649725548202e-05
2.740692923883337739e-01
1.410653475696342918e-01
