0.000000000000000000e+00
0.000000000000000000e+00
2.497441040233018290e-115
1.088371393103303425e-72
1.750172484291525388e-46
5.602249762486586534e-51
1.256031826906440104e-21
0.000000000000000000e+00
1.263633822296249738e-104
8.247301060234862771e-124
7.043988025040346691e-03
2.668515052368124370e-03
8.416927543196041361e-03
1.180005416314231226e-01
2.897266832493068378e-01
3.312000287829545697e-01
2.626686405510074707e-01
1.749518647979484420e-01
2.268465981950850419e-01
3.528266201468263641e-02
3.838463422096931310e-02
7.539726156813725266e-01
3.677847973620192168e-02
2.407128362478539729e-01
3.083622857240657100e-01
2.625072747727455082e-07
1.009914902070944559e-01
1.937128540904908412e-06
1.020476371562381579e-01
4.031407356795852065e-10
9.903763270535537871e-03
1.100249931927864931e-02
2.627752809197750894e-01
1.875167067137319234e-97
1.334182310513850611e-01
6.319611495105744111e-95
1.423858680538662655e-178
5.769707136635236894e-50
3.256132361387698015e-01
2.529152281039970807e-01
3.592002639955136495e-02
2.174525815524632200e-01
1.527096362506499549e-01
2.791033657374432653e-01
5.447273220468432275e-06
2.157642877744845034e-01
2.205287806610153056e-01
1.612309092198504767e-01
2.751097178594396064e-01
6.984344016005112135e-03
5.416583811420288163e-124
6.877821211918638995e-03
1.031104274532141096e-01
2.688823416658808751e-01
2.047744806654117899e-01
1.703929214227675182e-01
1.036469334696951822e-01
2.113146480635195168e-01
9.857904086352858863e-02
2.582000755022146321e-01
9.651421023628321827e-02
3.085643128374673250e-01
4.444349469461521540e-01
1.372926954685365903e-45
6.806146571825971020e-03
3.087551273241895822e-01
4.097534341857493709e-04
5.696232488673123417e-05
7.543515407103749959e-02
9.191120264663192874e-01
5.660362228284009090e-02
3.784405592083977393e-02
1.023818310951077615e-01
4.446089271095880251e-20
9.609516424659823863e-02
3.299238318599361811e-48
2.784831302510149941e-03
3.655062503894948578e-02
2.279114143778156465e-01
4.128432788693443150e-04
7.125576470957573939e-03
3.781340244470384609e-02
4.124481205315019263e-04
2.808786549735980444e-03
2.949984563822614092e-01
3.681059166099556190e-01
6.766190170802644649e-03
6.789041417549123748e-03
1.928526542619522777e-02
2.696598864014940894e-03
2.693706721362812938e-03
6.921789876453593969e-03
9.366106023414748029e-13
1.041126240841027117e-01
4.115712028854957914e-04
1.106643487963048095e-01
3.579881001542024183e-02
2.785384697609171942e-03
3.649959854190714115e-01
1.641050890198327938e-04
1.572478206305376619e-10
8.035762361735078214e-07
6.973682925353802409e-03
2.236939942315170497e-08
7.076117912112534630e-03
1.155409269633715652e-01
1.917905086164887422e-03
4.519179982289280029e-02
2.711148423358345372e-03
9.508472742672148537e-02
4.132527128577097851e-04
4.141333933714245867e-04
9.864777217789373609e-02
6.636776867504741426e-27
2.254703741770372194e-01
3.881032090362522280e-01
4.112571921229624464e-04
6.839140308512219740e-03
4.143973468434843229e-04
4.143262047337431596e-04
3.670297012868660447e-02
2.947712885867063964e-60
1.968125180207651037e-01
1.096483834970728571e-01
2.740129760557911581e-06
1.627110370560694852e-01
2.685770043798794666e-30
2.741192115914233993e-06
3.539362963167569376e-02
9.778319970048979237e-02
2.740594312859767853e-06
1.161575633431802363e-05
1.419382543899536640e-04
1.416716547456651890e-04
1.421528283519737825e-04
1.582400787976597778e-01
4.082981615816085258e-04
4.085904730853779092e-04
9.732606416322872600e-02
1.862548828796360689e-01
1.543945004146041189e-01
3.262909783299047675e-07
5.687554957352075212e-05
3.973517965681043762e-01
2.691505001847568825e-03
2.768795019653518073e-03
4.109128855686619520e-04
2.438048252672583294e-01
2.677079497551626315e-09
4.334127419191797805e-30
1.341351491658986483e-26
5.308080394826055130e-230
2.692815749376613159e-03
6.003909606297440620e-04
1.000000000000000000e+00
4.105288007658320715e-04
2.416058375484644054e-08
1.418111074270476599e-04
4.112524062529608767e-04
1.427837917286609894e-04
7.660178216198628709e-01
1.756912952225429708e-07
3.143392219088174677e-01
2.288982866036324768e-02
2.416140316891084010e-08
2.279980561453890528e-06
2.416121505127030489e-08
5.217202716977410671e-08
2.416196153381262306e-08
1.930300206302815527e-02
8.657350644590534399e-09
8.657433621051882521e-09
2.368648608356045013e-09
6.812575044276954824e-10
0.000000000000000000e+00
2.393237607665404110e-01
6.812528247653394799e-10
2.812370684490922102e-48
8.037685678847377123e-07
3.262858319367683158e-07
3.034808379103461335e-10
4.419390994268839630e-13
1.175535090794387477e-01
1.704753939233677185e-01
2.368645479251148233e-09
7.201687426045541096e-04
2.416032098228421231e-08
4.623754799916886114e-05
6.812595675034054710e-10
3.263731388695698781e-07
2.473981153974860149e-11
8.657530201555684830e-09
1.957894420846904099e-42
2.763485233609572211e-03
2.416146948120534098e-08
2.368648398736504766e-09
4.190310668815935280e-01
1.160462213193316831e-05
3.262830809210395227e-07
8.037078678325489816e-07
2.416202867968935012e-08
1.410443640632843451e-11
4.148686740725665220e-03
2.368634122364785779e-09
2.416103457407316012e-08
7.556679284804643245e-86
5.217687152763281708e-08
1.425917590452291134e-04
3.263779967708441052e-07
1.159605321543191400e-05
2.368669617840609249e-09
3.263063237207949858e-07
3.564226463875574402e-01
1.756739646396746400e-07
4.091470074823946998e-04
5.217589201399261583e-08
1.160961372062997355e-05
6.812556866005944775e-10
8.657262866889318764e-09
5.217693376623090739e-08
8.037458980918750996e-07
1.055955262820720275e-01
1.756879542814030028e-07
1.422501448082174073e-04
7.071995610696164836e-03
1.421173426386523225e-04
8.657550842284089452e-09
6.812555183375067432e-10
3.278679628158597814e-01
1.865655558912346784e-14
5.104161548542970883e-02
1.267198776813207562e-10
1.756767709095264341e-07
4.149995706009295127e-01
2.340889032393219937e-01
7.043294911347731078e-03
2.739786806004580548e-06
0.000000000000000000e+00
1.636661385797847937e-114
2.600057473053532520e-01
6.812577803287398958e-10
0.000000000000000000e+00
2.416260237843795744e-08
2.310148268651210670e-06
4.908048165304946253e-01
4.503904881272046135e-01
9.625381517949053458e-05
2.466000977231326769e-04
2.717124846368118834e-03
1.210133505907577477e-04
0.000000000000000000e+00
8.814297910909505205e-45
2.359414894988188637e-291
5.439917453722599838e-232
0.000000000000000000e+00
0.000000000000000000e+00
4.662790393681183200e-71
8.238430091681138434e-02
6.982675478653806450e-35
6.144105564374103791e-72
7.866646638916744019e-23
9.750697130276088365e-02
4.116168653007885037e-01
1.605915283531667292e-01
1.911549012943766085e-02
6.857269733432442421e-03
8.016139102857212928e-02
1.160102508434200767e-05
4.122616103842267530e-04
5.348719308780934432e-12
5.217145863452384040e-08
1.017757872279358017e-01
2.603458055416972561e-03
3.546977209362806825e-24
3.094032908099919345e-32
8.657266853994480879e-09
1.047514776233137636e-05
6.812620664275868471e-10
3.131857757875662882e-14
1.948078741780036291e-110
6.271784270354677690e-220
2.419138892846493805e-01
1.635623018559831399e-09
1.756840222763271883e-07
5.217720529055136622e-08
1.421057167521406399e-04
8.036901559020328068e-07
1.756758732055647387e-07
2.740027457966120266e-06
7.501044495804640513e-03
9.491513325046380733e-33
2.416103047057421294e-08
5.217479022857081005e-08
6.434874465898024772e-10
2.849326407443456693e-03
4.560559713346194557e-18
5.752260812725348144e-02
1.913044818239155800e-02
9.562273651340873359e-134
0.000000000000000000e+00
2.703531796062610699e-03
8.036074360715373296e-07
9.535652374292703792e-02
1.417595686675181949e-04
3.217043799079353193e-03
2.773357811725619178e-03
4.118564453028855437e-04
9.925606226098777907e-02
7.157529756996967862e-03
6.786600056073824674e-03
2.195382937050532057e-01
4.106901544743169776e-04
5.674225720040568753e-05
2.416080474365279853e-08
5.217274660086906442e-08
3.608714430713498567e-02
3.614567536207908410e-02
2.368638575524889280e-09
1.913424960825234680e-02
6.812576054421125943e-10
3.263119662151060813e-07
8.657241367284290653e-09
2.368679025784294847e-09
5.217709276633330679e-08
3.900346203980568222e-02
2.742377728819189161e-06
1.161373484958361245e-05
2.368656816115951376e-09
6.812523514356829238e-10
5.684199380540775915e-05
1.756867094570742051e-07
1.756668590246196731e-07
2.741598037693078897e-06
1.159721202213945158e-05
3.263521394167431591e-07
8.657317047065453044e-09
5.676907304420928323e-05
1.756738532496439143e-07
3.263004528120906697e-07
2.416075099820136570e-08
8.657309115886690516e-09
8.657574477294374126e-09
8.037437127841675264e-07
4.064204030015423075e-01
1.913003915583939493e-02
2.724308749852595753e-03
3.586409052922620577e-01
1.420688937862365868e-04
2.368685686539390281e-09
1.282417618381340441e-01
1.442032660937840724e-10
0.000000000000000000e+00
6.914950141812046050e-03
7.153715145597100943e-03
6.855899329826452976e-03
2.703850280036962199e-03
3.814237672354894859e-01
1.165310435133863794e-02
5.494138032681680794e-05
6.553444106781293942e-18
8.035554444173298183e-07
1.487203280087459785e-02
2.762162074887415386e-01
1.820740270512792025e-01
1.756881528170703745e-07
2.742335783401761577e-06
9.648611922622147381e-04
2.710739602565151452e-01
3.171062540555187019e-128
9.796013615905324601e-02
8.657417279769696740e-09
2.739858155814525678e-06
6.093177091086045715e-47
4.091493011762516716e-04
5.217236735241156506e-08
3.523569488908019631e-02
2.438785006088265150e-01
1.841534360023257821e-01
1.112948650981635534e-01
5.218053622785120624e-03
7.021550933229086557e-03
2.416108833672545976e-08
6.812680444349054051e-10
2.368636125347204313e-09
6.779729568759012941e-03
4.122991766160273900e-04
6.812514505288774118e-10
6.908071402055869503e-03
1.418648034851724752e-04
6.913059820671820475e-03
8.657314550366663898e-09
2.572657712626691164e-06
2.740350909972925508e-06
1.161468480744095052e-05
5.677257716021946304e-05
1.176071710928755424e-86
1.257160777764442109e-15
1.417536399936340666e-04
2.885425327872274126e-01
1.160037454610745939e-05
2.416108967795386740e-08
4.541797872474185618e-37
1.562341809865196440e-01
3.829678746566523434e-02
1.829053278693109352e-01
1.920884050332273121e-149
1.003828079416120428e-01
6.812638444910392310e-10
1.756814239607848092e-07
5.217475867107882418e-08
6.894080087285430679e-107
2.416271486466507711e-08
5.217188158838729167e-08
2.368645256263425888e-09
2.315033791142836583e-202
1.644180997776206757e-27
1.931655792091706639e-02
6.812542008052776916e-10
6.812528151562601332e-10
5.682418888808291946e-05
1.422630188789039500e-04
2.368655261563855616e-09
5.097381477452594956e-01
8.657417852024753895e-09
5.685478239254459934e-05
1.888240071416869351e-02
2.740441976753768547e-06
2.811489232949317303e-03
4.798771849412544494e-04
8.657378839927764326e-09
2.416097166095729975e-08
3.263773686553062684e-07
3.263583437878357105e-07
2.416250968493499982e-08
1.952089727827472157e-02
5.690905529373747331e-69
6.812526582522321544e-10
2.416134094257872654e-08
2.368635620642446915e-09
2.368689349579626622e-09
2.416134776452506121e-08
2.416235735157620804e-08
9.620684747713591136e-04
8.036396675295456473e-07
5.684318244581381866e-05
3.305264094943656805e-01
5.680629311870783160e-05
9.481789690562608675e-02
8.037053007976580061e-07
8.035818382635110996e-07
1.161540118849876970e-05
1.756764812283845030e-07
5.681703804500646437e-05
1.160915604751257190e-05
5.217343095129057145e-08
1.157795894512592821e-01
1.514127835142617673e-01
6.761221901762187042e-03
5.694546667599933542e-05
4.665669278342363807e-04
3.540411804014913510e-01
5.678872798119679406e-05
3.597477691633684665e-02
1.980994364257112894e-01
2.732294798962679565e-03
6.508631319873832421e-02
7.828221447818436464e-28
1.658263395935964113e-01
4.285667794886779800e-05
9.099845061177827543e-02
2.416088830905027859e-08
5.693627379694645775e-05
3.262947008378610576e-07
0.000000000000000000e+00
2.742147485876661057e-06
1.756809312565985045e-07
2.265142495799513713e-279
4.506293553465445106e-03
3.973602897486349763e-26
2.494151976559579341e-15
1.424881054980725668e-04
3.934464149898329877e-02
4.082024967447485039e-04
1.900980154878695143e-232
6.812515372244160664e-10
6.812598801814276597e-10
5.230282374148377371e-03
1.872834779010516518e-42
3.511811519641890034e-02
2.236096152719823094e-01
4.115390610097677585e-04
3.882948368630329550e-01
2.714358582383611870e-03
2.368682002593530874e-09
4.083066045723354352e-04
2.750251343457401076e-01
1.161387136987880653e-05
3.587855806903373496e-02
2.741399650693293421e-06
0.000000000000000000e+00
2.099397829427780415e-01
8.657616513737323288e-09
2.684739089575503002e-01
5.217279757087441648e-08
1.425951841186791239e-04
2.416073119136331865e-08
2.368663046409310815e-09
1.928498544991175123e-02
2.753407040728519332e-03
2.713377846119608729e-03
5.652200966070794995e-03
3.034899587563522929e-09
1.160440786702649865e-05
4.071517138279889259e-01
3.917149070061989174e-02
1.160972560894015292e-05
5.697119242878724701e-05
5.682247109488972736e-05
1.576376762165037360e-01
1.756820094800938580e-07
1.934200745941950031e-02
3.422114455757316875e-01
6.802755791466661163e-165
2.416107279098425126e-08
2.775488068522471551e-03
1.603705549911697004e-01
2.416168992864514581e-08
1.903555721415454982e-02
6.135780659682564066e-28
3.438699086991894860e-01
4.601365548401297190e-01
3.847324394090054916e-02
1.424116193398109115e-04
1.421349131550438810e-04
7.133186133383896503e-03
1.208961535158168121e-01
1.081670604166203586e-01
2.567098649331088223e-01
4.122580001478771895e-04
2.740860075042212311e-06
0.000000000000000000e+00
5.217527868165863659e-08
1.756862467931349650e-07
2.740295808514561803e-06
8.657332917446029510e-09
2.368628151814492378e-09
3.670451127408621807e-11
6.812533469941736496e-10
2.368675983078007316e-09
6.812540188817614330e-10
2.368640799081538402e-09
4.086495733414684554e-04
2.368642272894443290e-09
4.997136344430579633e-57
1.309100330590025341e-01
9.212300982553807416e-02
3.045376328625869036e-06
8.910948461845332710e-60
9.738417292589718333e-02
2.065469471440921911e-01
1.014066724829661287e-01
2.416052269454606948e-08
2.968880909639148857e-01
2.029891488433325188e-121
4.095604592250858575e-04
1.756672631086688563e-07
1.425637563516688334e-04
1.730037533757970425e-01
1.426663674400522946e-04
2.882634098576720070e-11
5.217582576438750976e-08
5.217718933047418783e-08
2.757532450249947642e-01
7.161507857441882369e-03
2.416123045977746205e-08
2.368640244770853141e-09
7.056312584371575783e-03
2.452859042083295936e-11
8.657253702592826584e-09
3.368799006323604106e-13
6.812585137175689412e-10
3.510966862398727240e-01
1.837018543812503880e-05
5.217494500959850590e-08
1.306985401183648161e-05
2.977539363974220522e-03
5.685252764785839327e-05
8.035549152923910690e-07
5.684880227195975071e-05
1.160047881069617568e-05
1.419325754368924405e-04
3.263751925512036374e-07
5.311582677328799407e-02
4.132772500076958952e-04
3.177677128755408975e-01
4.115169721971629517e-04
1.419306023161779359e-04
1.424062739280983897e-04
1.160129858507895665e-05
1.892182094430344685e-02
1.466425825436784807e-60
0.000000000000000000e+00
3.916269843735130651e-01
3.263581477003810182e-07
1.916280206589518822e-02
1.020660423438372044e-01
1.607847665402764026e-01
1.955770699681305680e-02
1.160637839040215867e-05
2.744607029703268527e-03
2.892484714899643340e-16
3.852799904415916687e-01
5.217701993455881456e-08
2.766885314247468503e-03
1.105190229755716532e-25
2.416128148482463960e-08
2.790898397295412271e-03
8.657243950655540839e-09
7.075243735156987526e-03
2.013351746908246045e-02
6.812579640251633213e-10
6.856569390508548142e-121
6.812585848220550315e-10
4.111923953571252960e-04
6.812507080203754955e-10
9.312085632849702588e-01
2.416206359186160354e-08
1.212600782396241507e-02
1.160574528138292490e-05
2.741266777157589200e-06
2.397290579009055123e-01
5.217653806872079177e-08
5.217605116965652028e-08
5.217120139601220771e-08
4.093313690319644663e-04
2.416224869332269677e-08
3.846695442683112365e-02
2.742044208026848006e-06
4.098815414607801986e-04
6.812553106011814036e-10
6.812528878594058299e-10
1.219019116893918925e-01
1.557274792532264418e-01
1.076512360985472233e-01
2.368632741529649399e-09
3.263617317242021565e-07
3.548177057512633820e-02
3.379062645776264584e-01
1.160343774466440529e-05
3.570663204421922754e-02
2.740117103207139923e-06
8.657469007525158141e-09
0.000000000000000000e+00
1.018680566815561814e-31
2.480019765053228212e-177
4.217530321223121007e-125
2.844122325618143043e-01
1.980955792469133170e-01
2.106863482071065598e-264
2.580430273889804393e-01
1.022026552834861546e-01
4.339216146221932524e-01
5.225808362386629574e-02
1.246475431378609198e-78
2.601642055895643235e-01
3.220695049826146628e-01
8.657325894445873300e-09
0.000000000000000000e+00
1.554135675400578585e-02
2.402199931301174929e-01
2.416071608578048494e-08
2.416194681288980773e-08
0.000000000000000000e+00
1.006093037855893842e-23
2.705052869015421579e-03
2.416030520070167478e-08
4.063434997500656176e-01
2.368632021026684811e-09
7.319107715556342237e-130
8.657385926298250425e-09
3.263483079441129355e-07
2.696395239577419837e-03
7.132466796236371608e-03
2.736473949448416706e-03
3.522865729332672752e-02
2.767993554523021527e-03
2.690039281021575635e-01
3.690260642898606500e-11
1.147475116888965578e-02
2.368651843305341361e-09
8.657379870366955704e-09
5.217670377535778613e-08
8.555289130834436376e-04
1.756889105535642182e-07
8.037535572416091797e-07
1.160620254830197685e-05
5.690586094882786659e-05
3.495359491483699436e-25
2.741019159944198865e-03
4.138038711758277866e-01
9.694732648467119240e-02
4.086425382354541666e-04
1.169089729784869625e-15
2.368656286289760961e-09
2.368631593708590832e-09
4.949484296779994331e-03
1.040568493635260772e-01
3.060611733445615847e-03
1.160828730482393181e-05
3.262993310103976061e-07
2.744655952315102348e-22
1.419637348045324834e-04
8.032902831411928312e-27
5.430607638755017842e-12
2.567677460265011597e-14
0.000000000000000000e+00
2.365203056581949292e-01
0.000000000000000000e+00
3.065048395911534689e-04
5.217321234512781760e-08
1.147619343675995831e-267
2.423379508530913433e-21
6.785801391957306181e-03
1.038719180757805658e-47
0.000000000000000000e+00
1.603953429996132210e-04
8.657381503522327164e-09
1.767124947186499428e-01
3.652051741296013541e-61
2.368660667081592910e-09
1.952895244877451697e-01
1.968551493887919432e-02
6.812580458394654441e-10
1.875565411803920429e-23
3.052059017207851555e-01
2.069407336378404905e-01
6.818505513380200209e-03
3.558076635890294881e-02
3.655837744320052790e-02
1.522334007154735880e-01
6.987294662397960376e-01
2.416242689817010807e-08
3.659158948271994116e-02
2.986379364846154516e-01
2.368642684397693471e-09
4.428143015295733509e-01
3.518756685653088440e-02
4.357547860985861443e-01
2.905260734307078268e-05
2.740509365250740625e-01
5.713830179106061308e-70
6.847940437212968363e-03
4.082643498746432883e-04
4.132266146088407538e-04
2.688244174459749822e-03
3.519973920383755007e-310
2.800596510302920394e-03
1.954608507842214027e-05
1.888853007023823174e-85
2.737495844233747526e-03
3.263052529867734752e-07
1.131310928264297883e-01
1.573107000690966706e-01
4.532945824098383314e-01
2.724646770757070419e-03
2.002784939363372874e-01
2.764363659378488592e-03
5.217697122536310000e-08
8.035547337742813227e-07
7.031379816002014151e-03
1.424302753199194812e-04
2.725448223709959952e-03
1.420006066398744112e-04
2.368659900660195529e-09
8.036948990447482762e-07
3.263276558978621782e-07
5.681769423460526335e-05
6.772207212651484669e-03
6.812579704637806655e-10
2.416077311177656299e-08
6.812538337221011022e-10
3.718944320162207995e-01
3.263240719950914184e-07
3.262962781672036701e-07
3.262846529464099973e-07
2.765999047091605782e-08
3.527033676055998240e-02
5.217357066008293874e-08
6.760744983218465801e-03
1.727814087312093683e-01
8.036958264239172557e-07
6.812511927714603981e-10
4.133739330546908845e-04
2.741745689563598335e-06
1.425863939819022714e-04
1.420985003463766968e-04
2.368644325444607857e-09
1.422229476860312203e-04
2.740574506125412674e-06
5.217260737884998830e-08
4.114783561049547753e-04
6.791291660126205082e-03
1.181285968255731678e-01
5.217398463445446762e-08
8.035488807633541182e-07
1.756743764998668615e-07
2.368637825719203279e-09
5.217661667947823120e-08
2.740305351418974129e-06
8.657585186670362246e-09
3.263628170528411645e-07
2.476585403324041713e-29
6.812548074961556387e-10
1.174696283107865100e-30
5.217235639704022869e-08
1.756669170963812030e-07
5.217437281580955985e-08
8.037039259355667110e-07
3.263549119520717373e-07
1.160676074614207294e-05
4.084146283378573949e-04
9.768258337908232434e-18
2.170787777701442822e-01
3.910544751281460479e-02
1.417208606460739850e-04
1.895144031540641968e-02
3.700418759073660635e-02
3.263379265755434193e-07
1.756676826466974986e-07
3.263625312221392492e-07
1.242485815276065451e-55
8.087011302313047657e-06
7.462379264088708599e-46
9.898743151980991123e-10
2.368644064161761238e-09
2.796588827453778264e-03
6.503944344034119721e-19
2.994459317420383182e-01
4.356121307358023882e-06
1.622673188246112248e-82
8.680291021016758035e-239
1.526619951905424655e-01
7.879252771791354568e-03
2.086274924732409997e-01
2.737785429348260028e-03
8.036085178207225169e-07
1.422300788695030223e-04
3.311741867898034819e-01
6.428695183069320707e-20
6.858172512717417187e-03
5.217228190823880603e-08
6.810489637532667583e-03
0.000000000000000000e+00
4.476963730391113616e-01
3.926282533481551150e-72
0.000000000000000000e+00
5.997757249907630726e-59
2.034465916882044790e-95
3.263200800424871714e-07
3.886897670791966131e-01
6.869115791896564238e-03
1.002610947598423924e-01
2.379747439930896500e-06
0.000000000000000000e+00
5.141185326612846944e-28
1.106853582607362635e-01
2.764065348978330620e-03
1.045423528010794786e-06
3.263629162804066129e-07
1.538761977226518474e-01
1.834020473687621722e-01
1.119882909262503862e-01
1.003869399518325517e-01
1.420778791097992001e-04
1.025428502563641708e-01
5.677923439430093146e-05
1.907993973415939268e-252
7.682720792831383762e-321
8.035934545861549460e-07
3.207919462970650024e-23
3.473582057701660522e-03
3.812450905020000613e-01
5.679464467467792456e-05
9.364190383943044038e-02
4.142134278245815609e-04
5.217398864698368099e-08
9.620093369492294184e-161
1.423062871848950351e-04
5.217726773427711944e-08
1.426572266825024940e-04
9.638391485825938767e-183
2.798182569366755579e-01
2.416198829849855086e-08
4.290683352935175939e-106
1.911804148092166589e-02
3.590275737126269462e-02
3.694100959759261116e-02
6.909113232775434058e-03
6.812648189363411152e-10
1.135186942349091094e-01
3.853704524741668330e-02
4.690857610176249213e-58
2.735356679608650591e-03
4.124214442669081474e-04
4.120570100406425410e-04
3.263325790830457268e-07
8.366188856448659382e-33
2.416070531495424835e-08
2.742051666968174092e-06
8.657363241023876235e-09
2.748039970778266665e-03
2.416200443422468021e-08
8.657428675632761681e-09
4.120485698563932839e-04
5.217308869761683331e-08
2.107059430719450852e-07
3.263456580852598281e-07
0.000000000000000000e+00
1.902052179128132310e-50
0.000000000000000000e+00
3.262894317046669775e-07
3.262801430153251785e-07
1.161207514865035552e-05
1.517638156321078902e-01
3.567473302442814714e-02
2.368661886167440932e-09
2.742444640076095675e-06
2.741722065505134281e-06
6.940733982672183354e-03
1.756784221628471022e-07
1.572698513201643677e-78
5.217629691398714820e-08
2.368630700955344115e-09
8.657578293145771419e-09
8.657364788784451484e-09
2.903934665594972708e-01
2.368641841641346085e-09
2.368684150932026802e-09
6.812526662893950575e-10
8.657507360625872609e-09
8.657270181386744932e-09
8.037811527861590831e-07
1.391644455653010123e-11
3.783604367886194600e-06
3.263001559326456212e-07
1.159640169239102709e-05
8.037488525991568007e-07
3.263406576591417665e-07
2.740266362857667867e-06
1.159694984193587711e-05
1.756901379570154118e-07
1.296686380354432065e-202
1.191001867036150103e-01
1.214673559569368622e-01
8.657517337619776043e-09
2.739768323227948828e-06
1.160087092694486690e-05
5.686534011692974936e-05
1.421675610980703054e-04
5.523747392764348560e-81
2.731486587974943925e-01
1.681337627570503522e-11
5.497762745483240031e-39
9.365935215106587775e-01
4.120030798638016399e-04
2.548715829517364386e-17
1.001599109677871330e-01
1.161114094710798493e-05
1.404450746623535611e-120
2.741293886395611363e-06
5.217705063888596330e-08
3.674102303108257255e-17
2.691000326844367792e-03
3.453238430479062029e-06
2.865057075267210540e-01
9.604709273656032720e-02
1.105776818796053718e-01
1.423309738001939659e-04
2.151746980485931434e-14
8.175211054125413046e-01
4.112492964159348533e-04
2.798806716689330315e-03
1.421817777873946975e-04
3.005181658326718658e-04
1.366550046131938024e-69
1.048382448875547629e-01
1.756942071595291033e-01
2.741177719706252971e-06
5.217636793148854242e-08
2.368669109974157860e-09
2.741626573172020827e-06
2.537104461635746877e-01
3.262851571183421496e-07
6.128003994051367836e-20
9.466960014399619135e-257
6.812579377288148529e-10
6.812505294404226380e-10
6.812500954427129669e-10
8.140804159810784003e-65
2.218254932852794237e-01
