-1.926744723736232245e+01 3.402821953223879922e-03 1.186386308867954931e-01 9.996334359558909505e-04 5.140626682416883642e-02 9.344880467429966808e-02 1.242273315818661211e-01 1.395180092699916941e-01 6.783424436801912052e-03 -6.180056036284369350e-03 -4.297999289308502766e-03 9.783532993702321115e-03 -9.143787294813974023e-03 5.790055895433677408e-04 9.108405417319487968e-04
-1.925855485523057808e+01 1.036655270958919822e-01 3.285524133562212675e-03 6.005940053191323458e-02 1.126191302230096364e-01 4.673664615156110369e-02 2.478988725177425079e-01 6.999900231672895323e-01 -7.544740010348592943e-03 -5.786538634150534960e-03 3.265551553399605872e-04 -1.468660609776654621e-03 3.547895214081600232e-03 3.541966848222909137e-03 8.196596074710148228e-04
-1.925248781009121046e+01 1.710148564610514468e-02 1.447384982063375791e-01 7.762672379980989357e-03 2.531048181402674804e-02 1.085742085681000030e-01 1.778408642733292633e-01 1.737367455447653419e-01 5.888745686822146816e-03 8.889871713577567405e-03 3.194315202609574605e-03 1.879938780614173396e-03 1.613152405794711711e-03 -1.858463642325157775e-03 -1.161884101129580585e-03
-1.926269849298131476e+01 6.212684352544183691e-02 2.235111327166836720e-02 1.062309047582099542e-01 8.007273799314077248e-03 3.835478974182493506e-02 5.449909154061598482e-01 5.407314518031709066e-02 -5.495265022255318293e-04 -2.789021311000375661e-03 4.573267453931674151e-03 8.275384874674733895e-03 -7.684418768197797192e-03 -4.301901722209114029e-03 -3.497703225676838772e-03
-1.931279521367398289e+01 8.411901920341408045e-02 6.611930858668217670e-02 2.492158421269334914e-03 4.538726457075906509e-03 7.513712651614143367e-02 2.980414627702115266e-02 8.808159470568259763e-01 7.376189849251433076e-03 2.009249895694825011e-03 -4.163392607746887672e-03 1.375684371136493347e-03 -2.973613755700744987e-03 2.221055801880278749e-03 4.118859441165098265e-03
-1.926030558673808102e+01 7.799416574348976006e-02 6.273653835773318477e-02 2.655409700368342035e-02 1.539144414310573451e-02 1.067214484138997721e-01 3.221480175989235306e-01 9.729393596031332692e-02 -4.069417488124473653e-03 -3.046704648669787061e-03 9.851836834489641551e-03 -4.969705199347739313e-03 -6.720249721692403075e-03 9.700293014427536012e-03 -4.249293038523989027e-03
-1.927155958997768082e+01 8.494738666096030011e-02 8.206378531722403891e-02 1.132144435611531774e-02 1.149773838232021200e-01 3.885328836101031857e-02 4.986928136688031921e-02 5.649393159291554029e-02 -4.280005896193083206e-03 5.086173082793131114e-03 8.763188599291565906e-05 -6.357461805896944679e-03 -5.893599019925954349e-03 3.074069687010948584e-03 -6.951344441293897183e-03
-1.927032989869455903e+01 3.504178712621951880e-02 3.547428227256278765e-02 4.464716702411342802e-02 7.535364733137095428e-02 8.661225521671650496e-02 3.686819566718889107e-01 3.530236954348018874e-01 -4.492961113053677707e-03 5.022180149642332600e-03 5.723636566911738735e-03 9.767288056801633547e-03 7.759545189256937883e-03 -3.587841310007762116e-03 -4.352937555732246111e-03
-1.926962011550220666e+01 2.317002656335344010e-02 3.669353342789308942e-02 5.663332205235166450e-02 1.027239743145446083e-01 1.689604348305236703e-01 2.892352018576678230e-01 3.998710552567633081e-02 -1.373244265300102226e-03 -5.838785996605521181e-03 6.298321949226963479e-04 -5.066953201995827091e-03 -1.237467442582034297e-03 -5.898646265109221479e-03 -6.237523844492878430e-03
-1.929305343224042346e+01 2.271609074433628486e-02 3.234072239485797501e-02 8.121432665352795732e-02 2.136548250238020502e-02 1.677474107274241621e-01 3.884461945470785854e-02 4.602486482026222347e-01 -5.032096286123489276e-04 6.823187923481058639e-03 -3.959538745726342082e-03 9.228056291957874649e-03 6.866653180785577820e-04 -4.975297494019891020e-03 -5.297901195338541175e-03
-1.929189446342454417e+01 5.654810576415583018e-02 9.752335029424341606e-02 2.082443078669396746e-03 7.449546306185396080e-03 4.980347292368808576e-02 5.061287760194449481e-02 7.665386803245013425e-01 -2.063239024643333946e-03 5.289618860062269071e-03 9.604850007092996175e-03 -6.006140226859435841e-03 -6.298814361782641841e-03 -3.823127402487967383e-03 -4.715547143753929388e-04
-1.929273706142864597e+01 1.388447694265360355e-01 6.644601018811743809e-03 2.229938770558359887e-02 2.362797230161852932e-02 2.722769678726045250e-01 3.584136110624991378e-02 4.148298848356169466e-01 5.412316900179665533e-03 2.894139544955572421e-03 -4.537401785546952074e-03 -3.302155528262641290e-03 5.148345871333911625e-03 9.052625987220954198e-03 -8.182674388369830243e-03
-1.929092325835630106e+01 9.896366614468597722e-02 2.342411740829910410e-02 1.248861299694304511e-01 1.465639527435431445e-02 3.314171777076185127e-02 6.636967282052532932e-03 1.796438984643375092e-01 2.097937119237931400e-03 1.383624013107168094e-03 6.902338002633156763e-03 6.498766881374070520e-04 4.403055643110781112e-03 6.226348950402089966e-04 2.365114243742376735e-03
-1.927155958997768082e+01 8.494738666096030011e-02 8.206378531722403891e-02 1.132144435611531774e-02 1.149773838232021200e-01 3.885328836101031857e-02 4.986928136688031921e-02 5.649393159291554029e-02 -4.280005896193083206e-03 5.086173082793131114e-03 8.763188599291565906e-05 -6.357461805896944679e-03 -5.893599019925954349e-03 3.074069687010948584e-03 -6.951344441293897183e-03
-1.928062030316324282e+01 1.655676485823144861e-01 4.563316552627216111e-02 3.340254660647207913e-03 4.241526970398553503e-02 8.339817441912214524e-03 9.601047232043878610e-02 3.441484270526266043e-01 -7.055196445731481796e-03 8.019288418297547058e-03 7.330116275645460686e-03 3.739900314042249665e-03 4.330997859976650280e-03 2.994227764092307134e-03 7.955955441779521617e-03
-1.928483570974594841e+01 8.973564353305980845e-02 3.735573585558100984e-02 1.967553320008377793e-02 7.307601624970679055e-02 8.348354269263270899e-02 1.319492502477922768e-01 1.136388247973627585e-01 -7.245195611834136587e-03 4.607160273381956730e-03 -5.619340889975158251e-03 -3.380490623349758847e-03 2.023934583399222831e-03 -6.980148690555430802e-04 -5.950221643595309320e-03
-1.927575877636536106e+01 1.148828147971335256e-01 3.124647564155854859e-02 7.150995563493715845e-02 8.418951527870133233e-02 1.359943671650698516e-02 1.324080166487517363e-01 5.188000610069158636e-02 2.776376645621041542e-03 -1.918517853452027591e-03 -3.430191334621650670e-03 1.953162511335119686e-03 -1.554826179804692440e-03 6.532141856002005378e-03 -4.581448208483476260e-03
-1.927755821018003246e+01 1.530215239532168973e-03 1.974807981356185849e-03 3.432126591370397023e-02 6.650487016317097044e-03 4.453759073815412584e-01 5.335989506118838932e-01 1.942994373299177513e-01 2.359429947142910669e-03 -1.393760945157649159e-03 -6.567335765809961118e-04 9.734854657670339445e-04 -4.015257822636411622e-03 -7.235459405013898795e-03 -5.538360151264755914e-03
-1.929536198766286503e+01 9.454321263966359093e-03 5.234197904990519484e-02 1.893111098970154046e-02 1.653002699668553455e-01 4.866753667633565844e-02 1.980967004580965474e-01 3.689423772390170164e-01 -2.547858779281968883e-03 -9.346674418776674056e-03 5.851838103240932995e-03 2.378212989025551768e-03 9.327040247296925976e-03 6.350803894918268314e-03 -8.901977871892344935e-04
-1.927565367344537250e+01 5.435245917376316932e-02 7.395449190173815357e-02 9.897497649928349572e-02 1.232850959124404643e-02 1.512580052080636506e-02 9.835517129409421244e-02 3.888496530789270489e-01 -6.073950185853568481e-03 4.170841246932411803e-03 -5.330818197931165570e-04 -9.280555176239584786e-03 -7.135925520806775738e-03 -9.360208826404295759e-03 6.490516205400162150e-03
-1.928308392882246025e+01 9.745400518136604351e-04 5.023529515194812001e-02 8.129028506669705445e-02 3.758311549233487540e-04 2.462875896542648657e-01 1.317812790647411858e-01 2.235729630450851435e-01 -8.415708600217541510e-03 -6.189937095811380921e-03 -1.836559583347037103e-03 -2.104640735371877611e-03 1.937326070694462068e-03 -6.256359574021572861e-03 5.108461221918823500e-03
-1.929836280679019112e+01 1.101508108456462909e-01 7.946925581172060646e-03 6.686327191439077854e-03 8.976328342263192872e-02 1.098796398399366908e-01 1.772234629610679180e-01 2.087941431661918465e-02 -6.483721362976033360e-03 6.130871321842165309e-03 9.248397855430955453e-03 -8.204105529668962934e-03 -9.602535659263075271e-03 -6.877449078225473730e-03 8.708847390157861343e-03
-1.928483570974594841e+01 8.973564353305980845e-02 3.735573585558100984e-02 1.967553320008377793e-02 7.307601624970679055e-02 8.348354269263270899e-02 1.319492502477922768e-01 1.136388247973627585e-01 -7.245195611834136587e-03 4.607160273381956730e-03 -5.619340889975158251e-03 -3.380490623349758847e-03 2.023934583399222831e-03 -6.980148690555430802e-04 -5.950221643595309320e-03
-1.929436179449767153e+01 8.433932767996331348e-02 5.094440688316047988e-02 5.862672305774136242e-03 1.261139914909751025e-01 4.673401367683631402e-02 7.383063956535629302e-02 3.525497684479479872e-03 1.615303239711563324e-03 2.772920023823245358e-03 -4.228272859074741832e-03 8.155584321331630152e-03 5.587170166568480173e-04 8.440192474887990917e-03 5.045149347074768739e-03
-1.927814351146765759e+01 3.151726512578604394e-02 8.296690276285299814e-02 5.999298728472202830e-02 3.225585426708756087e-02 1.784283996763732019e-02 2.034737252954876841e-01 7.305175895793547536e-02 8.263606676549064764e-03 4.783584556173446287e-03 -7.587361112749770389e-03 -1.280760704737612596e-03 -3.053182568581087365e-03 -1.957828979387383692e-03 3.823348260348540320e-03
-1.928847103062108204e+01 5.483173402164781551e-02 3.822947192978551258e-03 2.524125711535885747e-02 2.502716074772831090e-01 1.203307703062202333e-01 4.594677149528852284e-02 2.203917054396812777e-02 9.422600922835509124e-04 4.127317148840495623e-03 4.870841570995283060e-04 -6.463933189937208154e-03 -3.894898295546426678e-03 -4.305849898518102417e-03 -9.599342434270170463e-03
-1.927295629465955429e+01 2.134570333224898239e-02 7.214749347217574993e-02 8.224745760073169654e-02 1.654660990775206827e-02 7.243760440307650539e-02 2.499745988877796754e-01 1.645411653817845377e-01 2.620219514940635291e-04 -7.829949141891940148e-03 1.337141627648474884e-03 6.389488267353049880e-03 -7.902614596795814669e-03 3.915808365525920084e-03 7.377361621802856415e-03
-1.929836280679019112e+01 1.101508108456462909e-01 7.946925581172060646e-03 6.686327191439077854e-03 8.976328342263192872e-02 1.098796398399366908e-01 1.772234629610679180e-01 2.087941431661918465e-02 -6.483721362976033360e-03 6.130871321842165309e-03 9.248397855430955453e-03 -8.204105529668962934e-03 -9.602535659263075271e-03 -6.877449078225473730e-03 8.708847390157861343e-03
-1.926945688340432028e+01 1.081839470170605812e-02 6.091020761620787038e-02 5.785481294367858518e-02 7.445989299931056460e-02 1.395054414616536398e-01 3.621097980538308114e-01 2.290950455729539037e-01 7.151669938335361923e-03 -9.016082334629822032e-03 -1.714093897896415072e-03 1.856052621114304482e-03 7.300551015468998220e-03 -3.787610161029405370e-03 -7.354496550620060261e-03
-1.927340879955677266e+01 1.326891153495891595e-01 4.798073568588359476e-03 1.159375216227692684e-01 7.417460477075923930e-02 3.149672908550843475e-02 5.539639523305994045e-02 2.461794967467933748e-01 7.340557084705793753e-03 -7.389700449409839986e-03 6.068336921014568994e-03 -2.491161941284113571e-03 -4.228697490422260105e-03 -2.134568118228803366e-03 -7.896277883432790620e-03
-1.927480100033375621e+01 7.375833664423013525e-02 3.117623277968513407e-02 4.778859720864166855e-02 1.313028082412247555e-01 5.507441048565547490e-03 2.991354701547318529e-01 2.453840941602054571e-01 7.263468730805603887e-03 -7.722490946136499265e-03 6.440420749668865699e-03 5.781636732313839497e-03 -1.140733882007121530e-04 3.599149318726147309e-03 -2.469631585239107086e-03
-1.928301302804608497e+01 7.854073428183992733e-02 7.796279329844528483e-02 3.588229464901174226e-02 1.546316135683474362e-02 4.433463352497683113e-02 7.469821990744558715e-02 3.285562694896722036e-01 -7.749840484216704087e-03 -9.161742231124444732e-03 -7.801367436893283727e-03 7.578868532373697967e-03 -6.011422221757567810e-03 -5.694876180915879257e-03 2.774147257943450698e-03
-1.929266522711361276e+01 5.754071648583468541e-03 6.296773308538006209e-02 3.014019427817454105e-02 1.519424235120048206e-02 3.096372906654262236e-01 7.254464307827895864e-02 1.535472341612018586e-03 3.633135439041861037e-05 -9.330865626490327316e-03 3.156048512846941836e-03 -9.574940512275248797e-03 -8.062188678031089253e-03 -8.689440357718151639e-03 9.660766224639594571e-03
-1.928772261958172152e+01 2.426701659758393609e-02 5.787824299967993247e-02 4.990296020584911868e-02 1.519817238375211765e-01 3.253040699229186455e-02 1.103465593096210201e-01 2.137746046164603619e-01 -5.024427898235086717e-03 8.970965164042320542e-03 -6.590125863771086404e-03 -1.071382347931930726e-03 -5.634428751380305550e-03 7.374347341026521105e-03 -8.423007965345161163e-05
-1.929010555418928163e+01 5.432755846900947511e-02 3.722572128874143682e-02 7.862116018976475496e-02 5.182794255943569406e-03 2.379754834565432076e-01 2.092046208705902188e-01 7.190269162608668718e-03 5.477035189835119736e-03 1.851376540495948408e-03 2.143493667430862101e-03 7.168941543790665130e-03 1.989274207165863534e-04 6.083904815698537583e-09 5.770955072577939673e-03
-1.929536198766286503e+01 9.454321263966359093e-03 5.234197904990519484e-02 1.893111098970154046e-02 1.653002699668553455e-01 4.866753667633565844e-02 1.980967004580965474e-01 3.689423772390170164e-01 -2.547858779281968883e-03 -9.346674418776674056e-03 5.851838103240932995e-03 2.378212989025551768e-03 9.327040247296925976e-03 6.350803894918268314e-03 -8.901977871892344935e-04
-1.927155958997768082e+01 8.494738666096030011e-02 8.206378531722403891e-02 1.132144435611531774e-02 1.149773838232021200e-01 3.885328836101031857e-02 4.986928136688031921e-02 5.649393159291554029e-02 -4.280005896193083206e-03 5.086173082793131114e-03 8.763188599291565906e-05 -6.357461805896944679e-03 -5.893599019925954349e-03 3.074069687010948584e-03 -6.951344441293897183e-03
-1.925502971366463711e+01 1.466218387617321955e-02 9.941791843698000175e-02 4.923238403188155698e-02 1.212245737444531402e-01 5.305579762099711834e-03 2.166200863123854958e-01 1.587807765343182964e-01 -2.471417120729377942e-03 5.625026775252206165e-03 4.988348143533188894e-03 1.402466057472242025e-03 1.315971649263253385e-03 -6.483627719962118188e-03 -4.817074093295311762e-03
-1.931301449981345186e+01 2.448494757998082028e-02 5.811885832923589790e-02 6.814938488248811765e-02 3.489193188061041895e-02 2.635861296526442743e-02 1.369478341463423732e-01 1.855674429922239965e-01 6.992773972404978458e-03 -2.384248676915726867e-03 8.915006538106668224e-03 2.366916335058595611e-04 -2.439347886158614934e-03 -7.219251376369377818e-03 9.062941056422401179e-03
-1.926288719262895910e+01 3.998691458238539526e-03 6.535428248067517987e-02 2.065802144606335156e-01 1.256222501426414520e-02 3.278655796957116730e-02 8.211998338761000715e-02 2.103265925249950818e-01 -1.018614613948030587e-03 -4.254793777925510237e-03 8.431797412787253587e-04 4.659763299588013177e-03 8.828215628784814514e-03 2.099375746791387956e-03 7.085857024627230036e-03
-1.927159997705316030e+01 7.064452815796741503e-02 2.190515341124594367e-02 8.910307070733885018e-03 2.058373569539220238e-01 9.531381122636635450e-02 1.435513286864998628e-01 1.305447218536550380e-01 9.317985464286695010e-03 -7.329803434844326532e-03 8.882597597432201689e-03 7.455301859072786114e-04 -6.892299608615898299e-03 -4.359645704322958129e-03 -4.169191232928953078e-03
-1.929836280679019112e+01 1.101508108456462909e-01 7.946925581172060646e-03 6.686327191439077854e-03 8.976328342263192872e-02 1.098796398399366908e-01 1.772234629610679180e-01 2.087941431661918465e-02 -6.483721362976033360e-03 6.130871321842165309e-03 9.248397855430955453e-03 -8.204105529668962934e-03 -9.602535659263075271e-03 -6.877449078225473730e-03 8.708847390157861343e-03
-1.930914118332777818e+01 6.410302610280502189e-02 4.905153657501423042e-02 2.049175550810825724e-02 2.449472550113322364e-02 4.493162608395977892e-02 3.635361657150859571e-02 7.934913122842850441e-01 3.362507056328397498e-03 -4.239868176061816971e-03 8.073078111100093560e-03 -4.550233444205699015e-03 3.418704310043202757e-03 9.182359431907078859e-03 2.133153565037180718e-03
-1.930275118414153468e+01 4.126452543944526125e-02 4.307338029911512295e-02 5.936945249931602220e-02 8.613790599426700278e-02 4.355603595907381331e-02 1.246152095180077801e-01 9.432158538216449395e-02 -9.710252716084990729e-03 -3.863916905567266365e-03 5.420636379997106208e-03 -1.264334529984026054e-03 -2.529867763506032582e-03 -2.530288353635289783e-04 -5.884345632490033465e-03
-1.927712072986551206e+01 3.644524501583316922e-02 8.491172740091541826e-02 6.393302175428554508e-03 2.992761320250577825e-02 7.493187878082034625e-02 3.842470083604433012e-02 9.818457159844293791e-01 9.959004046398775914e-03 -9.622264181957761522e-03 -2.724312743520908471e-03 -8.666523512241510255e-03 5.215614313134565513e-03 8.531889586950074447e-03 -7.190445150252224027e-05
-1.927527903883463267e+01 9.501890127870848968e-02 5.132187442287378804e-02 3.925354802916166536e-02 5.943693462900586505e-02 7.747987995371130587e-02 8.105355603805639020e-02 1.169664339781270324e-01 1.268653335103486421e-03 -4.891554695209918494e-03 4.093248703669666658e-03 -6.644799084447877355e-03 -7.133490712731173702e-03 8.229586829017828883e-03 -4.996921444674253671e-04
-1.928431430080816966e+01 2.957193962732679315e-02 7.140899340867590261e-02 6.958693792461769119e-03 1.406821101088558679e-01 1.068303666228631876e-01 8.403856796494076076e-02 9.328581945402854292e-02 -5.403059240786314485e-03 3.205423505706935308e-03 7.946330674597717678e-03 5.724900514295349144e-03 5.745986320506222059e-03 2.776061886402584819e-03 3.371989526300325085e-04
-1.926807388491021555e+01 9.094233738550658308e-02 3.448960661794578386e-02 4.026383933577912244e-02 1.582209007577947135e-01 3.086947710385959387e-02 1.005954209921173098e-01 3.939683376073820908e-01 2.123399932132829029e-03 -7.919332645025785669e-03 -3.412466603920890143e-03 4.028576412744009835e-03 7.764808333180316449e-03 -8.663514757421801257e-03 7.699524750802341430e-03
-1.929913975878347188e+01 3.175423247084473155e-02 5.465073632188709868e-02 1.736137646537985746e-02 1.495280642728274434e-01 2.442590969155167616e-02 1.011630729055089800e-01 2.652113783490435139e-01 2.372972747178046099e-03 8.890890590883115258e-04 -9.413210574704207814e-03 6.398961995142513418e-03 -7.060616391407708789e-03 9.601341048714217771e-03 -7.121633011257995013e-03
-1.929010555418928163e+01 5.432755846900947511e-02 3.722572128874143682e-02 7.862116018976475496e-02 5.182794255943569406e-03 2.379754834565432076e-01 2.092046208705902188e-01 7.190269162608668718e-03 5.477035189835119736e-03 1.851376540495948408e-03 2.143493667430862101e-03 7.168941543790665130e-03 1.989274207165863534e-04 6.083904815698537583e-09 5.770955072577939673e-03
-1.928068195680492281e+01 6.019092350157837640e-02 3.366028984143303038e-02 8.838146181943784541e-02 8.025439352127497483e-02 6.651370773254408619e-02 1.813897913686010610e-02 1.869592341057310647e-01 5.971029600723107636e-03 9.636348976495116847e-05 2.688954339418432940e-03 -5.708918107610616924e-03 -9.511232701706803447e-03 5.694814789190620272e-03 -9.798573304411537302e-03
-1.928876361575573384e+01 1.306224085429454618e-01 2.453081403600254617e-02 2.401157205656406085e-02 4.939816966134586915e-03 8.227890432280857147e-02 1.038564229319068923e-02 5.943011947991116983e-01 3.914032116720615392e-03 1.437463907061793666e-03 -4.901261485310401747e-03 -5.439032869369326423e-04 7.644911329083787024e-03 -4.729396578238434859e-03 3.699408424668541168e-04
-1.929305343224042346e+01 2.271609074433628486e-02 3.234072239485797501e-02 8.121432665352795732e-02 2.136548250238020502e-02 1.677474107274241621e-01 3.884461945470785854e-02 4.602486482026222347e-01 -5.032096286123489276e-04 6.823187923481058639e-03 -3.959538745726342082e-03 9.228056291957874649e-03 6.866653180785577820e-04 -4.975297494019891020e-03 -5.297901195338541175e-03
-1.927155958997768082e+01 8.494738666096030011e-02 8.206378531722403891e-02 1.132144435611531774e-02 1.149773838232021200e-01 3.885328836101031857e-02 4.986928136688031921e-02 5.649393159291554029e-02 -4.280005896193083206e-03 5.086173082793131114e-03 8.763188599291565906e-05 -6.357461805896944679e-03 -5.893599019925954349e-03 3.074069687010948584e-03 -6.951344441293897183e-03
-1.927609239309668965e+01 9.660609210238282896e-02 1.887713362107050138e-02 2.759502215736345590e-02 2.144978186550059451e-01 6.902553024211496163e-04 1.096216726991088575e-01 1.924491570621640335e-01 4.963968665779409928e-03 -6.228242709665854013e-03 8.640818766768582418e-03 -2.508190108897904134e-03 9.056366560428614695e-03 -1.534629500310764200e-04 -8.593456404514325866e-03
-1.927141747215054934e+01 1.135962191622940654e-01 6.030410238704161235e-02 3.694070920140603981e-02 6.167335352031305673e-02 4.510508111514108243e-02 1.757100451620394743e-01 8.647102271787995842e-02 5.051681978883637916e-03 -6.762359917876109225e-03 7.660028643274896173e-03 -1.779212536121113283e-03 3.254739430242233750e-03 7.175446377840554238e-03 -9.112411738953175508e-03
-1.925623110984064823e+01 5.160972502685244774e-03 8.741809601523800946e-03 1.078709448907812507e-01 1.495537015510501888e-01 2.127160682519589341e-01 1.100378560354204893e-01 2.827740221421475297e-01 -5.731323890061751705e-03 3.853010369918535502e-03 7.361318422419473040e-04 1.569659900016121684e-03 -8.722433872003930791e-03 -4.912308072589419497e-03 -1.763034221393762827e-03
-1.926720323125010026e+01 6.411201066182767305e-02 6.125144454330995686e-04 2.302477064810451446e-02 6.074657723873486126e-02 2.087083146732098271e-01 3.697222127904307154e-01 6.259164444123518356e-01 4.418686388989975442e-03 6.381438499769949077e-03 -7.075045936223139237e-04 -6.564211323058942796e-03 7.678384988246142809e-03 6.315649612091167250e-03 -2.292759416577561625e-03
-1.926291817376653981e+01 2.497055818248598152e-02 3.318141248801331766e-02 1.458175470541522856e-02 2.788866673444445610e-02 4.576607252774730905e-01 2.095420830704735615e-01 6.293174263995289508e-02 -3.932911657246686635e-03 8.812828253351565402e-03 8.034132504223355162e-03 8.166343317662394172e-03 8.990743709980748496e-03 -8.584694805299343187e-03 6.456589799642904401e-03
-1.928787209492501376e+01 5.242671815525789397e-02 4.838644859552181099e-02 3.513428193378850123e-02 1.891149201058542895e-01 8.521248152992370872e-03 8.084863287531304787e-02 2.777417647990727545e-01 2.961724360605487091e-03 -4.873956433473726133e-03 -9.040259445669976759e-03 4.707164293115890727e-03 -4.103447748320956934e-03 -6.112437915475887017e-03 6.862503909979241964e-03
-1.929559825867488954e+01 5.926543437867549252e-02 6.644858718704710343e-02 1.359843923662975261e-02 1.026311947730470658e-01 1.600229920298457814e-02 1.677573225013811176e-01 8.670089448164346180e-02 2.422436449548029044e-03 -3.903842182001624091e-03 -5.299527574358039485e-03 6.624778939761202454e-03 -1.238124951448222461e-03 -3.288842095002823471e-03 -1.430911234459894196e-03
-1.928068195680492281e+01 6.019092350157837640e-02 3.366028984143303038e-02 8.838146181943784541e-02 8.025439352127497483e-02 6.651370773254408619e-02 1.813897913686010610e-02 1.869592341057310647e-01 5.971029600723107636e-03 9.636348976495116847e-05 2.688954339418432940e-03 -5.708918107610616924e-03 -9.511232701706803447e-03 5.694814789190620272e-03 -9.798573304411537302e-03
-1.929256327660127823e+01 1.560748144947003979e-01 3.715455451676463045e-04 3.127080803238068557e-02 2.372478814480541778e-02 1.143755456956584704e-01 5.924288044906697928e-03 4.564231156724237737e-01 -8.359831770610594293e-03 -4.986546552674874302e-03 -7.845222390147800137e-03 9.804666951254781618e-03 -8.998473295482804779e-03 9.463924325504037213e-03 3.679259439597402578e-03
-1.926259082670755163e+01 3.612498273921319059e-02 8.168102168649028771e-02 2.942455961935498774e-03 6.144400162841695545e-02 3.368306102315758721e-02 4.036571813325522395e-01 3.142811252955174939e-01 5.329922880885714156e-03 -6.539207083940951418e-03 -2.836526155190807058e-04 -8.287083358654559820e-03 -2.024311703749353056e-03 6.712524645711337792e-03 -5.011150924780697138e-03
-1.926799526405571683e+01 2.004386287861126270e-01 1.684405179704168143e-02 3.830343123494717866e-02 2.475651615596871288e-02 1.146965921509145170e-01 6.415333805028622383e-03 1.410863467558398920e-01 1.982247972120423571e-03 -8.758976991756423428e-03 -1.226131644846431556e-03 -1.106691547433062348e-03 3.271928474920736754e-03 -9.112921688058037151e-03 -8.751914491333598334e-05
-1.928787209492501376e+01 5.242671815525789397e-02 4.838644859552181099e-02 3.513428193378850123e-02 1.891149201058542895e-01 8.521248152992370872e-03 8.084863287531304787e-02 2.777417647990727545e-01 2.961724360605487091e-03 -4.873956433473726133e-03 -9.040259445669976759e-03 4.707164293115890727e-03 -4.103447748320956934e-03 -6.112437915475887017e-03 6.862503909979241964e-03
-1.929563409091551307e+01 7.966660127910539513e-02 5.463214401724109104e-02 4.748322068827737219e-02 8.698369005651285235e-02 2.099518243210587651e-02 6.177472609398705627e-02 6.285283495910613805e-02 7.377123680202978331e-03 8.036845824836302485e-03 -4.365095382435854945e-03 6.141462778837458378e-03 1.364546784078152566e-03 -8.172082367020171850e-04 -9.575546147590725116e-03
-1.926888328309703979e+01 2.829783696211052302e-02 1.126365568606807130e-02 2.367742027496475346e-02 8.169923099828776958e-02 3.411015189194313568e-01 7.973089902375107840e-03 7.073616246845784161e-01 9.703265087469282665e-03 9.055154381528828650e-04 -1.180426591202422132e-03 2.437719931391513911e-03 -5.697357485953501513e-03 -1.857117118702315481e-03 -3.573806630576341695e-03
-1.926022265709077885e+01 1.475697016303077203e-01 6.456476888999203301e-02 8.026829493228974238e-03 5.242829082552478807e-03 6.697706032825546420e-04 2.734038823249616001e-01 1.493442060558900220e-01 4.829668324492827208e-04 3.674917307351135629e-03 -2.235481527693360462e-03 8.187500703972750218e-03 -9.187747415430691164e-03 9.883109457729489025e-03 4.243592175106695660e-03
-1.927332559414798396e+01 5.445909866893135221e-02 7.334593529065398798e-02 3.574567985885425403e-02 2.958325691917096465e-03 1.278407486993479725e-01 9.001564125113772907e-02 6.385027039773820690e-01 -7.938070078404338772e-03 -8.001777564853347971e-03 4.718140427202364637e-03 7.435134185234245838e-03 9.935916749165369863e-03 6.823831073476145995e-03 -1.861511341200479050e-03
-1.929977330765863286e+01 1.332852378028638249e-02 1.418285981326029149e-02 1.803033689156419983e-01 1.024509182969450261e-01 1.735811166114039489e-02 1.075093061452174620e-01 1.980076763757983582e-01 5.196359473863142522e-03 9.950020705208785857e-03 -5.421154955151767652e-04 4.412856859583445812e-03 -9.567008715451937387e-03 1.162330768784814936e-03 6.371886924461845833e-03
-1.925694911269480869e+01 1.502760380367944570e-01 3.692268918998295457e-02 2.479868137325029476e-02 5.702851328563582345e-02 1.378213780965644730e-01 3.485826313219320127e-02 3.789936468167047767e-01 3.241907422893064786e-03 -5.157784245200287485e-03 -4.170476078591162442e-03 5.763236420842891491e-03 -9.906046280715960842e-03 6.039345871323072504e-03 6.240194878548677507e-03
-1.923284190809562233e+01 2.124759301846699741e-02 8.176109927380634246e-02 1.615681170372364542e-02 1.886216206227536718e-02 2.110733829368526548e-01 3.171468642222469714e-01 4.062233423386608089e-01 -5.754811573424195581e-04 5.999837879711105229e-03 6.673190141045207482e-03 9.156103448526697192e-04 -4.493919836933221376e-03 -8.723820993273533053e-03 -4.870282885875777332e-03
-1.928434303153385798e+01 1.066008549806263250e-02 1.060350656706495753e-01 6.872701875845035890e-02 2.757074332828621244e-02 2.486135081065832253e-02 4.541016357355145278e-02 2.747083871182557369e-01 2.148606807421763951e-03 -1.458789288414969257e-03 -1.048998260735818991e-03 8.813907735406469393e-03 5.772823052173249939e-03 -6.256018176511549643e-03 -4.818779693767545613e-05
-1.924441677307769893e+01 1.160360724654326825e-01 2.554098355218952301e-02 6.454652753288506184e-02 3.979087380397788865e-02 5.809422686105483041e-02 1.819473240873814845e-01 8.407461832048379602e-01 2.535051507371982940e-03 6.694161424611417763e-03 -4.600281098933652404e-03 2.250875756738461228e-03 7.961753583615794813e-03 1.961841930918287527e-03 -1.778003203559676282e-03
-1.928429922611323732e+01 8.085818570603134359e-02 6.901741766344114681e-02 3.300763195802123434e-02 7.603445293499641600e-02 3.090320953127644391e-02 2.173436516640646007e-02 1.371170014612360655e-01 -7.536830432022469453e-03 -7.532777432472539600e-03 6.467094651462687235e-03 5.462375228836840318e-04 5.669288824788050116e-03 -4.301265797111151687e-03 -4.697970320617770278e-03
-1.929549411933750136e+01 6.589763650686625285e-02 2.305697999966659084e-02 6.889668536615237149e-02 3.605618910479847783e-02 7.611261583317278923e-02 3.067754792135188868e-01 1.474293946101380703e-01 9.291610531699417627e-03 -6.076944622864890663e-03 6.339847642624152693e-03 -1.143401003640040145e-03 1.808581859976806858e-03 9.111271933830164885e-03 2.304898009398504213e-03
-1.926269849298131476e+01 6.212684352544183691e-02 2.235111327166836720e-02 1.062309047582099542e-01 8.007273799314077248e-03 3.835478974182493506e-02 5.449909154061598482e-01 5.407314518031709066e-02 -5.495265022255318293e-04 -2.789021311000375661e-03 4.573267453931674151e-03 8.275384874674733895e-03 -7.684418768197797192e-03 -4.301901722209114029e-03 -3.497703225676838772e-03
-1.929654318464222484e+01 7.650685785421400265e-02 4.141309018346696347e-02 7.732598563160675287e-02 1.233782944379754332e-01 3.785579408031640447e-02 2.377756886549283605e-02 8.229154346005095044e-02 8.184816714511650507e-03 -4.196035719754995057e-03 -7.186647647566704253e-03 6.773193158901324659e-03 -2.839316611284838435e-03 5.418717381060684721e-03 -6.107787821037448037e-03
-1.927264532846772482e+01 9.198967530610845100e-02 6.808541844212050165e-02 3.991237925294066624e-02 5.986387209582275798e-02 2.556963188509412885e-02 5.368582197422184371e-02 5.351771286244205034e-02 -5.623204861771079546e-03 -8.502038186046003213e-03 -3.150432412405912257e-03 4.808444237724878237e-03 6.550571108706099502e-03 3.672980086460749319e-03 9.441634377222988053e-03
-1.929563409091551307e+01 7.966660127910539513e-02 5.463214401724109104e-02 4.748322068827737219e-02 8.698369005651285235e-02 2.099518243210587651e-02 6.177472609398705627e-02 6.285283495910613805e-02 7.377123680202978331e-03 8.036845824836302485e-03 -4.365095382435854945e-03 6.141462778837458378e-03 1.364546784078152566e-03 -8.172082367020171850e-04 -9.575546147590725116e-03
-1.927022356608391718e+01 7.781593953062344859e-02 9.866473287421968774e-02 2.748990524183026266e-02 3.969923246339802231e-02 1.587938699179033963e-02 1.236281867352175823e-01 1.423846404947870514e-01 -1.671395279928390362e-03 1.196929980748906788e-03 -1.110758541209538874e-03 7.084600415331975334e-03 3.772943093703455542e-04 -7.195886783324311961e-03 5.698987719425058565e-03
-1.928503689394682752e+01 1.358650803981525101e-01 2.661145765511181357e-02 1.828042096865289262e-02 3.290120852921270267e-02 3.775873495631226068e-02 2.018432101997686690e-01 3.822184187706132441e-01 -4.885829388814636257e-03 -3.756579257798306481e-03 3.158601759982690091e-03 8.022716799347044334e-03 7.539402688940179814e-04 7.106515376716306467e-03 5.922788179983819526e-03
-1.926022265709077885e+01 1.475697016303077203e-01 6.456476888999203301e-02 8.026829493228974238e-03 5.242829082552478807e-03 6.697706032825546420e-04 2.734038823249616001e-01 1.493442060558900220e-01 4.829668324492827208e-04 3.674917307351135629e-03 -2.235481527693360462e-03 8.187500703972750218e-03 -9.187747415430691164e-03 9.883109457729489025e-03 4.243592175106695660e-03
-1.926730495853407277e+01 2.952985226948722647e-02 7.104480345371425032e-02 1.381772165142316783e-03 1.347504474264766827e-01 7.934836572071243257e-04 1.854873614250255875e-01 8.186040858237069173e-01 5.705998898670123012e-03 -9.393503433490189153e-03 -8.820059572759147287e-04 1.948613596766365572e-03 -4.793686689921401387e-03 1.019785505620722857e-03 -1.542487900563034239e-03
-1.927958651412996360e+01 4.880393263818638694e-02 8.881804975255747081e-02 1.972758476385775769e-02 2.801632527183564939e-02 3.225420955109047083e-02 9.869373501210552957e-02 4.114152852833045104e-01 -2.407846782261111734e-03 5.810181904247683007e-03 6.008864036893974900e-03 5.030332077490229717e-03 6.527526429635655686e-04 1.612269434188183179e-03 -8.534680934551936923e-03
-1.927080422976886354e+01 2.578908593392550790e-03 4.278252082744293111e-02 1.397647865334764594e-01 5.372053509445302855e-02 1.620127139365212521e-01 8.464315531674859727e-02 4.881705655261789345e-01 -2.013052645741612509e-03 7.916620218116917837e-03 2.319315447096429936e-03 5.585265427442679190e-03 -4.263631042636527486e-03 7.981615962608145168e-03 -4.874003136304616915e-03
-1.926945688340432028e+01 1.081839470170605812e-02 6.091020761620787038e-02 5.785481294367858518e-02 7.445989299931056460e-02 1.395054414616536398e-01 3.621097980538308114e-01 2.290950455729539037e-01 7.151669938335361923e-03 -9.016082334629822032e-03 -1.714093897896415072e-03 1.856052621114304482e-03 7.300551015468998220e-03 -3.787610161029405370e-03 -7.354496550620060261e-03
-1.931301449981345186e+01 2.448494757998082028e-02 5.811885832923589790e-02 6.814938488248811765e-02 3.489193188061041895e-02 2.635861296526442743e-02 1.369478341463423732e-01 1.855674429922239965e-01 6.992773972404978458e-03 -2.384248676915726867e-03 8.915006538106668224e-03 2.366916335058595611e-04 -2.439347886158614934e-03 -7.219251376369377818e-03 9.062941056422401179e-03
-1.929836280679019112e+01 1.101508108456462909e-01 7.946925581172060646e-03 6.686327191439077854e-03 8.976328342263192872e-02 1.098796398399366908e-01 1.772234629610679180e-01 2.087941431661918465e-02 -6.483721362976033360e-03 6.130871321842165309e-03 9.248397855430955453e-03 -8.204105529668962934e-03 -9.602535659263075271e-03 -6.877449078225473730e-03 8.708847390157861343e-03
-1.929840311327516034e+01 7.111683705312758438e-03 4.337004937328951815e-02 4.722002279858259627e-02 1.995331776222114550e-02 1.839396860221693686e-01 3.873575162890129930e-01 1.621289045422853736e-01 5.545159667009035703e-04 7.981442389316589434e-03 4.190697624549795733e-03 -6.026536799554929949e-03 -9.264738988271929362e-03 -6.475453637996830651e-03 4.033972885134346278e-03
-1.925420416088173781e+01 8.707780955677388302e-02 6.735945670205141511e-03 1.661094317923876296e-01 5.724304524287821211e-04 1.013040961989255112e-01 9.497071922865346627e-02 2.176940022672846642e-01 2.744697266065255700e-03 9.593441296516036845e-03 -7.571472002300997164e-03 9.112941746173943217e-03 8.757044401937716036e-03 8.621929575945161753e-03 -7.949132972706338465e-03
-1.927814351146765759e+01 3.151726512578604394e-02 8.296690276285299814e-02 5.999298728472202830e-02 3.225585426708756087e-02 1.784283996763732019e-02 2.034737252954876841e-01 7.305175895793547536e-02 8.263606676549064764e-03 4.783584556173446287e-03 -7.587361112749770389e-03 -1.280760704737612596e-03 -3.053182568581087365e-03 -1.957828979387383692e-03 3.823348260348540320e-03
-1.927177505007665559e+01 1.267301432378778181e-01 4.056092459043381289e-03 1.282373531798473854e-01 5.991787802559134235e-02 1.423686738771871504e-02 1.397575851298607230e-01 1.324641377166733136e-01 9.031994516979032286e-03 -4.530109186449493910e-03 3.287872874178105614e-04 -9.871999247193421340e-04 6.054554787149958248e-03 9.072744338810024081e-03 1.538892290402951724e-03
-1.926962011550220666e+01 2.317002656335344010e-02 3.669353342789308942e-02 5.663332205235166450e-02 1.027239743145446083e-01 1.689604348305236703e-01 2.892352018576678230e-01 3.998710552567633081e-02 -1.373244265300102226e-03 -5.838785996605521181e-03 6.298321949226963479e-04 -5.066953201995827091e-03 -1.237467442582034297e-03 -5.898646265109221479e-03 -6.237523844492878430e-03
-1.927295629465955429e+01 2.134570333224898239e-02 7.214749347217574993e-02 8.224745760073169654e-02 1.654660990775206827e-02 7.243760440307650539e-02 2.499745988877796754e-01 1.645411653817845377e-01 2.620219514940635291e-04 -7.829949141891940148e-03 1.337141627648474884e-03 6.389488267353049880e-03 -7.902614596795814669e-03 3.915808365525920084e-03 7.377361621802856415e-03
-1.927520303744248764e+01 8.066877496479331680e-03 6.572961955652513455e-02 4.718149831922369836e-02 9.110730714271310371e-02 1.694672214212058770e-01 1.612066826579245382e-01 3.664017548655795070e-02 2.350969917877561779e-03 5.349672384756169394e-03 2.628016272830087027e-03 -1.287526368075561992e-03 -5.816907617528311106e-03 -6.547434667469544459e-03 9.861319820206783035e-03
-1.927385269749530039e+01 1.931320557936650265e-02 1.417089236378817410e-02 2.300595389406010285e-02 2.373921540519225437e-01 2.367143227415859086e-01 1.350120647897931625e-01 2.012363720500011111e-01 3.110509592721211539e-03 7.487873351353891219e-03 9.172573809868118586e-03 6.764887286972316380e-03 7.823799526794418188e-03 -3.621750121000332986e-03 -4.352061797201763754e-03
-1.924441677307769893e+01 1.160360724654326825e-01 2.554098355218952301e-02 6.454652753288506184e-02 3.979087380397788865e-02 5.809422686105483041e-02 1.819473240873814845e-01 8.407461832048379602e-01 2.535051507371982940e-03 6.694161424611417763e-03 -4.600281098933652404e-03 2.250875756738461228e-03 7.961753583615794813e-03 1.961841930918287527e-03 -1.778003203559676282e-03
-1.928284553926532752e+01 6.507100247833798312e-02 9.523763530632171903e-02 3.018702686018441897e-02 1.110925826291992574e-02 1.109291384997927949e-03 4.945571343341295667e-02 5.756964316874498833e-01 9.884193457578311498e-04 -3.288408479958359124e-03 -4.022699943786879617e-03 -4.912428473468783210e-03 4.780700977836237903e-04 -3.567041138832131517e-03 4.637198293607583052e-03
-1.926573469588781506e+01 7.669917625332392519e-02 7.837170293110064939e-03 1.127910161748974793e-01 8.501920462324551522e-03 4.807343124802808398e-02 4.164021021454928917e-01 2.192677982333499642e-01 6.406021471025353728e-03 -6.720936172258674610e-03 7.598261925179568624e-03 5.655943684520162856e-04 5.624813664812452693e-03 -5.982580484744423784e-03 4.755542847416081506e-03
-1.927949711339030614e+01 4.345312941614899033e-02 6.549064212007425778e-02 7.998081735872529519e-02 4.055564346153128774e-02 1.903031987444941259e-02 5.022282089178507075e-02 6.029352862641276234e-01 -2.420480084608447879e-04 -6.899461893823676494e-03 6.707740180705435221e-03 -8.564779452130607054e-03 -6.595066737113802410e-03 -5.293691991730565399e-04 -2.972773183540673714e-05
-1.924681996906105752e+01 1.236370504995776450e-02 1.122240830002496637e-02 6.423598462984682345e-02 2.074988622413406758e-01 1.009933778264199833e-01 2.936460927503961593e-01 7.601267290631485984e-02 -4.048871950706649583e-03 -5.063438169287280341e-03 -6.352598110510894805e-03 -1.432922490583859662e-03 -2.326658502201996680e-03 -6.106398195214865834e-03 -9.742311022320914241e-03
-1.928434303153385798e+01 1.066008549806263250e-02 1.060350656706495753e-01 6.872701875845035890e-02 2.757074332828621244e-02 2.486135081065832253e-02 4.541016357355145278e-02 2.747083871182557369e-01 2.148606807421763951e-03 -1.458789288414969257e-03 -1.048998260735818991e-03 8.813907735406469393e-03 5.772823052173249939e-03 -6.256018176511549643e-03 -4.818779693767545613e-05
-1.924425645557058218e+01 5.637269338175347755e-02 9.765099805804769439e-03 1.988382671002141000e-02 2.881712722757199391e-02 1.344548483315167742e-01 8.924033287601199627e-01 4.725764989517946546e-01 -8.763375232882326601e-03 -6.643381236221617206e-03 -2.871188573674028632e-03 4.859265592259636932e-03 2.395797941397914341e-03 -3.585207150567168086e-03 7.339715258049221008e-04
-1.926573469588781506e+01 7.669917625332392519e-02 7.837170293110064939e-03 1.127910161748974793e-01 8.501920462324551522e-03 4.807343124802808398e-02 4.164021021454928917e-01 2.192677982333499642e-01 6.406021471025353728e-03 -6.720936172258674610e-03 7.598261925179568624e-03 5.655943684520162856e-04 5.624813664812452693e-03 -5.982580484744423784e-03 4.755542847416081506e-03
-1.925420416088173781e+01 8.707780955677388302e-02 6.735945670205141511e-03 1.661094317923876296e-01 5.724304524287821211e-04 1.013040961989255112e-01 9.497071922865346627e-02 2.176940022672846642e-01 2.744697266065255700e-03 9.593441296516036845e-03 -7.571472002300997164e-03 9.112941746173943217e-03 8.757044401937716036e-03 8.621929575945161753e-03 -7.949132972706338465e-03
-1.927157584023846582e+01 2.107133348985188240e-02 9.234742314694123488e-02 8.795576874853058835e-02 8.901398830437190490e-02 1.710306858912327005e-02 1.137401857161252430e-02 1.114653438849630973e-01 8.003580724324619103e-03 -1.088662576685002492e-03 9.732968449292432947e-03 -5.104507692273545227e-03 3.552120146055657776e-03 6.841794672013653059e-03 2.081740675769444202e-03
-1.927157584023846582e+01 2.107133348985188240e-02 9.234742314694123488e-02 8.795576874853058835e-02 8.901398830437190490e-02 1.710306858912327005e-02 1.137401857161252430e-02 1.114653438849630973e-01 8.003580724324619103e-03 -1.088662576685002492e-03 9.732968449292432947e-03 -5.104507692273545227e-03 3.552120146055657776e-03 6.841794672013653059e-03 2.081740675769444202e-03
-1.926259082670755163e+01 3.612498273921319059e-02 8.168102168649028771e-02 2.942455961935498774e-03 6.144400162841695545e-02 3.368306102315758721e-02 4.036571813325522395e-01 3.142811252955174939e-01 5.329922880885714156e-03 -6.539207083940951418e-03 -2.836526155190807058e-04 -8.287083358654559820e-03 -2.024311703749353056e-03 6.712524645711337792e-03 -5.011150924780697138e-03
-1.926945688340432028e+01 1.081839470170605812e-02 6.091020761620787038e-02 5.785481294367858518e-02 7.445989299931056460e-02 1.395054414616536398e-01 3.621097980538308114e-01 2.290950455729539037e-01 7.151669938335361923e-03 -9.016082334629822032e-03 -1.714093897896415072e-03 1.856052621114304482e-03 7.300551015468998220e-03 -3.787610161029405370e-03 -7.354496550620060261e-03
-1.926013014491380204e+01 5.777862793174833034e-02 6.503773904607003387e-02 5.034509405901010232e-03 4.426117228788129659e-02 1.482178357906693833e-02 5.449690249977274803e-01 4.433217551894539921e-01 5.632789978131160294e-03 -5.624883812314514925e-03 -7.839674636703352836e-03 -1.397907130488743391e-03 -5.569222173619563579e-03 6.073097643121890335e-03 5.296941540838663240e-03
-1.929138917774369588e+01 4.559894939310504824e-02 2.415323176859335980e-02 1.094479780134989810e-01 9.744663704161161955e-02 8.057362851029514772e-02 1.001656169024680437e-01 1.990905886329441543e-03 -3.584959526396631554e-03 -6.599414215653362850e-03 9.163548250129259845e-03 6.259107617650640568e-03 -1.490237347142217908e-03 1.590965427236917459e-03 -5.117686501813831570e-03
-1.926668897693350146e+01 4.411882966335798056e-04 1.922507764064266059e-02 8.498141774366925472e-02 1.886955109535071173e-01 4.980025469184310230e-03 2.936356603778926266e-01 7.561952737769571664e-01 7.166525766549554713e-03 -6.138019896890499136e-03 2.666320897576294341e-04 -8.742796965770524911e-03 2.996251389158472930e-03 8.446580148579642053e-03 8.741983763918445907e-03
-1.926799526405571683e+01 2.004386287861126270e-01 1.684405179704168143e-02 3.830343123494717866e-02 2.475651615596871288e-02 1.146965921509145170e-01 6.415333805028622383e-03 1.410863467558398920e-01 1.982247972120423571e-03 -8.758976991756423428e-03 -1.226131644846431556e-03 -1.106691547433062348e-03 3.271928474920736754e-03 -9.112921688058037151e-03 -8.751914491333598334e-05
-1.928503689394682752e+01 1.358650803981525101e-01 2.661145765511181357e-02 1.828042096865289262e-02 3.290120852921270267e-02 3.775873495631226068e-02 2.018432101997686690e-01 3.822184187706132441e-01 -4.885829388814636257e-03 -3.756579257798306481e-03 3.158601759982690091e-03 8.022716799347044334e-03 7.539402688940179814e-04 7.106515376716306467e-03 5.922788179983819526e-03
-1.925855485523057808e+01 1.036655270958919822e-01 3.285524133562212675e-03 6.005940053191323458e-02 1.126191302230096364e-01 4.673664615156110369e-02 2.478988725177425079e-01 6.999900231672895323e-01 -7.544740010348592943e-03 -5.786538634150534960e-03 3.265551553399605872e-04 -1.468660609776654621e-03 3.547895214081600232e-03 3.541966848222909137e-03 8.196596074710148228e-04
-1.929006190475456961e+01 2.027706018480253045e-02 7.651173150281201374e-02 9.373539577535593137e-02 9.757336166732015481e-02 8.901287228173680385e-04 2.330783131042791362e-02 1.986770924549180473e-01 -4.421881259021333797e-03 -9.812023559280989154e-03 8.968202362775049355e-03 -1.411361772641719567e-03 -6.333927178726796864e-04 -6.052791393818897706e-03 -3.420321593140719305e-03
-1.924712316736408013e+01 7.031672323962279147e-02 7.913331818626889377e-03 1.368688541224014621e-01 7.220294191096804370e-02 1.575531738965352258e-02 2.879330539120382171e-01 9.990937296146126245e-01 -7.113599458127175049e-03 -6.716782299463047376e-03 -1.529814946760330724e-03 -1.048115931822598754e-03 3.678984398397814465e-03 -3.841353523932387534e-03 4.883558987927345482e-03
-1.929549411933750136e+01 6.589763650686625285e-02 2.305697999966659084e-02 6.889668536615237149e-02 3.605618910479847783e-02 7.611261583317278923e-02 3.067754792135188868e-01 1.474293946101380703e-01 9.291610531699417627e-03 -6.076944622864890663e-03 6.339847642624152693e-03 -1.143401003640040145e-03 1.808581859976806858e-03 9.111271933830164885e-03 2.304898009398504213e-03
-1.925729104940150194e+01 6.933484877056148021e-02 1.712359508866351937e-02 6.077898424465395799e-02 6.380931898617929476e-02 2.199700302355952087e-03 3.774313799050801888e-01 9.072899791615385290e-01 -5.300260526265544378e-03 -6.019059611121603190e-03 1.979137607266709745e-03 -3.594995656458075534e-03 4.904134814641110743e-03 -6.398740267480157798e-03 -9.413779149581002689e-03
-1.929256327660127823e+01 1.560748144947003979e-01 3.715455451676463045e-04 3.127080803238068557e-02 2.372478814480541778e-02 1.143755456956584704e-01 5.924288044906697928e-03 4.564231156724237737e-01 -8.359831770610594293e-03 -4.986546552674874302e-03 -7.845222390147800137e-03 9.804666951254781618e-03 -8.998473295482804779e-03 9.463924325504037213e-03 3.679259439597402578e-03
-1.930295502496652915e+01 1.158097605577741995e-01 1.950024694430083083e-02 3.857324529572393745e-02 2.360899874351699707e-02 6.586702168991076523e-02 1.404520382933767061e-02 7.941786140363750190e-01 4.209411270956227649e-03 8.146695192552360146e-03 -7.841441489552392757e-03 -9.679183470053939406e-03 -9.172910233237652547e-03 3.472226211024496620e-03 -7.269500509032430710e-03
-1.924681996906105752e+01 1.236370504995776450e-02 1.122240830002496637e-02 6.423598462984682345e-02 2.074988622413406758e-01 1.009933778264199833e-01 2.936460927503961593e-01 7.601267290631485984e-02 -4.048871950706649583e-03 -5.063438169287280341e-03 -6.352598110510894805e-03 -1.432922490583859662e-03 -2.326658502201996680e-03 -6.106398195214865834e-03 -9.742311022320914241e-03
-1.927773043688635823e+01 2.626288880868237960e-02 2.248719565699739548e-02 6.931486487492535820e-02 1.686705447109285855e-02 7.456173195614089477e-02 4.382229733348577128e-01 4.714929365910207615e-01 1.578260365624351708e-04 -9.265275737970970690e-03 1.217814920694761105e-03 5.748467192026015041e-03 -4.263140803007854987e-03 -5.100418311133869328e-03 6.916695657905360881e-03
-1.926291817376653981e+01 2.497055818248598152e-02 3.318141248801331766e-02 1.458175470541522856e-02 2.788866673444445610e-02 4.576607252774730905e-01 2.095420830704735615e-01 6.293174263995289508e-02 -3.932911657246686635e-03 8.812828253351565402e-03 8.034132504223355162e-03 8.166343317662394172e-03 8.990743709980748496e-03 -8.584694805299343187e-03 6.456589799642904401e-03
-1.928487430881342490e+01 5.245916564248611497e-02 5.721309369816875851e-02 3.298233320092677431e-03 1.542800009048725940e-01 2.928832221411940134e-02 2.843138051013803791e-01 6.405787794764176979e-02 -2.854582910070216709e-03 -7.565609993387427054e-03 -1.141917316053399703e-03 5.614335463335404577e-03 9.630304562931197437e-04 1.268359561932495480e-03 -1.303296412913932875e-03
-1.925799602016585865e+01 2.114856454337533248e-02 1.939325599659712284e-03 4.130766224199079739e-02 2.106114534481854650e-01 1.125362079724480519e-01 3.711291316306567500e-01 6.889804726149658665e-01 -5.836548322066885744e-03 -6.732901812090202713e-03 7.732270196575784585e-03 -8.313762246882435217e-03 2.368229291620048763e-03 -1.932812416935882419e-03 7.658996866299344272e-03
-1.927195525008052357e+01 9.562100120264219183e-02 6.175891616973406412e-02 6.020913568977797302e-03 4.897070889942350957e-02 5.656620224720020768e-02 5.695633931257516880e-02 7.241806906289269818e-01 8.281409176966564659e-03 2.041770243782927916e-03 -2.768135392861302210e-03 5.157390963978599613e-03 3.987458462427382125e-03 5.964473588871537987e-03 8.775857468378380974e-03
-1.928166177111691226e+01 6.564642673056699657e-03 7.794116757269393958e-02 6.250381459108445004e-02 2.609420284172685872e-02 2.074637546742451877e-01 4.063103571405690673e-02 3.168802718782807726e-01 -7.888338079005187756e-03 6.427525453097529887e-03 -2.033126878431667367e-04 -6.373935909046253914e-03 -8.058922846792798689e-03 7.133046382330815102e-03 6.626231759224426171e-04
-1.928306342571418952e+01 8.089704479996509198e-03 2.819913220998559317e-02 2.203604013543653817e-01 1.674878324542444091e-02 4.541796843297519343e-02 7.226256505204935177e-02 3.955269222631388470e-02 1.373619110547445732e-03 2.642348905983813237e-03 9.483966389383010134e-03 1.812982115000328145e-03 -8.153545759293003362e-03 8.197079201124843686e-03 4.486274180147143895e-03
-1.926039542030032692e+01 7.308483454517832392e-03 9.872205608349816919e-02 7.408384588928107473e-02 3.522362519258269431e-02 4.919651485375073352e-02 1.095586644157495460e-01 2.983469312097210002e-01 1.696561900335612563e-03 -6.845670893450015240e-03 2.110885509913685773e-03 -1.025251284538385502e-03 6.870892653240570982e-03 2.890947284934377789e-03 -8.657998701474189582e-03
-1.929840311327516034e+01 7.111683705312758438e-03 4.337004937328951815e-02 4.722002279858259627e-02 1.995331776222114550e-02 1.839396860221693686e-01 3.873575162890129930e-01 1.621289045422853736e-01 5.545159667009035703e-04 7.981442389316589434e-03 4.190697624549795733e-03 -6.026536799554929949e-03 -9.264738988271929362e-03 -6.475453637996830651e-03 4.033972885134346278e-03
-1.928900022331826847e+01 1.094987477331974823e-01 5.570020016579266264e-02 1.276732590561729420e-02 1.710457779680159621e-02 1.224214219009292677e-02 2.751073215035035879e-01 2.320700415850363019e-01 -9.164327701857081024e-03 6.188731957326118818e-03 1.381239816071069479e-03 -2.739826141036943302e-03 3.045607045560306050e-03 4.539157564558781929e-03 -8.759355486959512563e-03
-1.927688524169858297e+01 1.940424947145775320e-02 5.223790814815952588e-02 9.431394085722974441e-02 1.091858161549705553e-01 3.874009376939712562e-02 1.137109025022506881e-01 4.362724561005304480e-01 -8.695449660571247935e-04 7.847860599772635976e-04 5.948950316463584229e-03 -1.181040861152527280e-03 9.583202344764630773e-03 9.952327768142142303e-03 3.294370804020405399e-03
-1.927029804195723273e+01 5.631664784693292403e-02 1.148296354007873610e-01 2.473075889989546222e-02 7.429198629996890124e-02 2.094227875098876937e-02 3.342621336822847178e-02 3.460661986036689952e-01 5.543108204336209127e-04 -8.944571404525680433e-03 7.876701864851181831e-03 -9.610120707794645584e-03 2.374304190151171542e-03 -4.553837615154291037e-03 3.078222173448566523e-04
-1.931279521367398289e+01 8.411901920341408045e-02 6.611930858668217670e-02 2.492158421269334914e-03 4.538726457075906509e-03 7.513712651614143367e-02 2.980414627702115266e-02 8.808159470568259763e-01 7.376189849251433076e-03 2.009249895694825011e-03 -4.163392607746887672e-03 1.375684371136493347e-03 -2.973613755700744987e-03 2.221055801880278749e-03 4.118859441165098265e-03
-1.926807388491021555e+01 9.094233738550658308e-02 3.448960661794578386e-02 4.026383933577912244e-02 1.582209007577947135e-01 3.086947710385959387e-02 1.005954209921173098e-01 3.939683376073820908e-01 2.123399932132829029e-03 -7.919332645025785669e-03 -3.412466603920890143e-03 4.028576412744009835e-03 7.764808333180316449e-03 -8.663514757421801257e-03 7.699524750802341430e-03
-1.926878173049180987e+01 1.898019362448404579e-01 2.525971627441075604e-02 1.165719800122057281e-02 5.803995473454272302e-02 3.109724220992595226e-02 1.175536498777217734e-02 3.601716437125617176e-01 6.819579043586525974e-04 2.670458862279906018e-03 -3.351035257631331671e-03 2.315823481176728510e-04 8.663935759237123904e-03 7.478618279173393849e-03 6.615230121111459125e-03
-1.929977330765863286e+01 1.332852378028638249e-02 1.418285981326029149e-02 1.803033689156419983e-01 1.024509182969450261e-01 1.735811166114039489e-02 1.075093061452174620e-01 1.980076763757983582e-01 5.196359473863142522e-03 9.950020705208785857e-03 -5.421154955151767652e-04 4.412856859583445812e-03 -9.567008715451937387e-03 1.162330768784814936e-03 6.371886924461845833e-03
-1.927029804195723273e+01 5.631664784693292403e-02 1.148296354007873610e-01 2.473075889989546222e-02 7.429198629996890124e-02 2.094227875098876937e-02 3.342621336822847178e-02 3.460661986036689952e-01 5.543108204336209127e-04 -8.944571404525680433e-03 7.876701864851181831e-03 -9.610120707794645584e-03 2.374304190151171542e-03 -4.553837615154291037e-03 3.078222173448566523e-04
-1.929840311327516034e+01 7.111683705312758438e-03 4.337004937328951815e-02 4.722002279858259627e-02 1.995331776222114550e-02 1.839396860221693686e-01 3.873575162890129930e-01 1.621289045422853736e-01 5.545159667009035703e-04 7.981442389316589434e-03 4.190697624549795733e-03 -6.026536799554929949e-03 -9.264738988271929362e-03 -6.475453637996830651e-03 4.033972885134346278e-03
-1.926668897693350146e+01 4.411882966335798056e-04 1.922507764064266059e-02 8.498141774366925472e-02 1.886955109535071173e-01 4.980025469184310230e-03 2.936356603778926266e-01 7.561952737769571664e-01 7.166525766549554713e-03 -6.138019896890499136e-03 2.666320897576294341e-04 -8.742796965770524911e-03 2.996251389158472930e-03 8.446580148579642053e-03 8.741983763918445907e-03
-1.928051596450531591e+01 5.267269317452547700e-02 4.939413382271428538e-02 1.306098770462190695e-01 2.580909490592881578e-02 5.838218142989289733e-03 8.379278575056685330e-02 2.158379153156760877e-01 -3.762867142257013062e-03 -6.345531333610878247e-03 -4.560675777875989462e-03 3.913474742906116952e-03 -8.362659288903498064e-03 -3.628594878434367524e-03 3.334768629540945523e-04
-1.928566014720887267e+01 1.231006016053986518e-01 5.354396436595403735e-02 4.219514325590725118e-02 1.661990542106548535e-02 7.314370562895140815e-02 6.269832900976211876e-02 1.868115150389020873e-01 8.887009667428594564e-03 7.771159112332675853e-03 -3.558632878615051315e-03 -3.098601941523698722e-04 -9.970488423413532975e-03 5.931593402988608391e-03 -4.152920360504302674e-03
-1.928045327452380064e+01 3.367627971665006908e-02 3.475527855887159540e-02 6.687712793462613492e-03 2.047368210679866712e-02 2.564499775911091017e-01 2.361581144147874567e-01 7.327924690430388521e-01 -4.686472794661207183e-03 -9.265533663014540247e-03 6.200451529797054370e-03 7.080470491424311133e-03 -2.002620250530518300e-03 5.622467716352202299e-03 -7.167104642351042679e-03
-1.925235749073104330e+01 9.211117026431108606e-04 9.398173883073714097e-02 6.103574895179207649e-02 7.691439106229940037e-02 2.197568712735400998e-02 2.482586366499852162e-02 9.642033222719437191e-01 1.722764396520011163e-03 -1.686283546058346336e-03 7.299644080620887668e-03 3.127532459411176344e-03 -6.888509381158831185e-04 1.442094950164299338e-04 1.957703836260085359e-03
-1.925235749073104330e+01 9.211117026431108606e-04 9.398173883073714097e-02 6.103574895179207649e-02 7.691439106229940037e-02 2.197568712735400998e-02 2.482586366499852162e-02 9.642033222719437191e-01 1.722764396520011163e-03 -1.686283546058346336e-03 7.299644080620887668e-03 3.127532459411176344e-03 -6.888509381158831185e-04 1.442094950164299338e-04 1.957703836260085359e-03
-1.927822857975260362e+01 4.713979357879063969e-02 5.464720580991748455e-02 7.769985715225583012e-02 1.385868186993003195e-02 1.771552642248297726e-01 4.766857492875300334e-02 4.624456212884985873e-01 -8.413682387712425118e-03 6.256200997156345298e-03 -2.341135427643722781e-03 9.885265123444975446e-03 -2.287254149621041968e-03 -3.350436618802871830e-03 3.303106352609257862e-04
-1.929305343224042346e+01 2.271609074433628486e-02 3.234072239485797501e-02 8.121432665352795732e-02 2.136548250238020502e-02 1.677474107274241621e-01 3.884461945470785854e-02 4.602486482026222347e-01 -5.032096286123489276e-04 6.823187923481058639e-03 -3.959538745726342082e-03 9.228056291957874649e-03 6.866653180785577820e-04 -4.975297494019891020e-03 -5.297901195338541175e-03
-1.926291817376653981e+01 2.497055818248598152e-02 3.318141248801331766e-02 1.458175470541522856e-02 2.788866673444445610e-02 4.576607252774730905e-01 2.095420830704735615e-01 6.293174263995289508e-02 -3.932911657246686635e-03 8.812828253351565402e-03 8.034132504223355162e-03 8.166343317662394172e-03 8.990743709980748496e-03 -8.584694805299343187e-03 6.456589799642904401e-03
-1.926807388491021555e+01 9.094233738550658308e-02 3.448960661794578386e-02 4.026383933577912244e-02 1.582209007577947135e-01 3.086947710385959387e-02 1.005954209921173098e-01 3.939683376073820908e-01 2.123399932132829029e-03 -7.919332645025785669e-03 -3.412466603920890143e-03 4.028576412744009835e-03 7.764808333180316449e-03 -8.663514757421801257e-03 7.699524750802341430e-03
-1.928772261958172152e+01 2.426701659758393609e-02 5.787824299967993247e-02 4.990296020584911868e-02 1.519817238375211765e-01 3.253040699229186455e-02 1.103465593096210201e-01 2.137746046164603619e-01 -5.024427898235086717e-03 8.970965164042320542e-03 -6.590125863771086404e-03 -1.071382347931930726e-03 -5.634428751380305550e-03 7.374347341026521105e-03 -8.423007965345161163e-05
-1.927177505007665559e+01 1.267301432378778181e-01 4.056092459043381289e-03 1.282373531798473854e-01 5.991787802559134235e-02 1.423686738771871504e-02 1.397575851298607230e-01 1.324641377166733136e-01 9.031994516979032286e-03 -4.530109186449493910e-03 3.287872874178105614e-04 -9.871999247193421340e-04 6.054554787149958248e-03 9.072744338810024081e-03 1.538892290402951724e-03
-1.927520303744248764e+01 8.066877496479331680e-03 6.572961955652513455e-02 4.718149831922369836e-02 9.110730714271310371e-02 1.694672214212058770e-01 1.612066826579245382e-01 3.664017548655795070e-02 2.350969917877561779e-03 5.349672384756169394e-03 2.628016272830087027e-03 -1.287526368075561992e-03 -5.816907617528311106e-03 -6.547434667469544459e-03 9.861319820206783035e-03
-1.931500848892051181e+01 4.802644516329740432e-02 6.033898362912461233e-02 2.882556163089428428e-02 4.081662969237579569e-02 6.460668917855693499e-03 1.669230218197866322e-01 2.924876983078069648e-01 4.412332494650039391e-03 2.652493440313407821e-03 -9.261349901081938549e-03 -1.218273334439705716e-03 9.611317189976440259e-03 -2.517043833734324693e-03 -3.633568404956100117e-03
-1.927812912696578351e+01 1.135473389214169959e-02 4.863818260210950317e-02 1.707748888849979635e-02 9.669683549199512354e-03 3.267357243240052167e-01 1.528643647398496563e-01 3.225957368108388623e-01 5.300943277293680006e-04 -7.858375799691437111e-03 6.082507465373225217e-03 8.925635137613659523e-03 -8.557974113040156539e-03 2.427796417289797629e-03 3.271991316815565237e-04
-1.929257980770107039e+01 1.176634813139971862e-02 6.129585494043342936e-02 8.641338774583644244e-02 8.621989436690444264e-03 9.385147102564904420e-02 2.098561300443290978e-01 1.350556077240990249e-01 4.288430933338303538e-03 5.174697696397086502e-03 -5.404340499434388476e-03 4.791994838612371327e-04 -6.938999089760870993e-03 -9.650545431448092487e-03 -1.434967189370243978e-04
-1.927157584023846582e+01 2.107133348985188240e-02 9.234742314694123488e-02 8.795576874853058835e-02 8.901398830437190490e-02 1.710306858912327005e-02 1.137401857161252430e-02 1.114653438849630973e-01 8.003580724324619103e-03 -1.088662576685002492e-03 9.732968449292432947e-03 -5.104507692273545227e-03 3.552120146055657776e-03 6.841794672013653059e-03 2.081740675769444202e-03
-1.927773043688635823e+01 2.626288880868237960e-02 2.248719565699739548e-02 6.931486487492535820e-02 1.686705447109285855e-02 7.456173195614089477e-02 4.382229733348577128e-01 4.714929365910207615e-01 1.578260365624351708e-04 -9.265275737970970690e-03 1.217814920694761105e-03 5.748467192026015041e-03 -4.263140803007854987e-03 -5.100418311133869328e-03 6.916695657905360881e-03
-1.931301449981345186e+01 2.448494757998082028e-02 5.811885832923589790e-02 6.814938488248811765e-02 3.489193188061041895e-02 2.635861296526442743e-02 1.369478341463423732e-01 1.855674429922239965e-01 6.992773972404978458e-03 -2.384248676915726867e-03 8.915006538106668224e-03 2.366916335058595611e-04 -2.439347886158614934e-03 -7.219251376369377818e-03 9.062941056422401179e-03
-1.929977330765863286e+01 1.332852378028638249e-02 1.418285981326029149e-02 1.803033689156419983e-01 1.024509182969450261e-01 1.735811166114039489e-02 1.075093061452174620e-01 1.980076763757983582e-01 5.196359473863142522e-03 9.950020705208785857e-03 -5.421154955151767652e-04 4.412856859583445812e-03 -9.567008715451937387e-03 1.162330768784814936e-03 6.371886924461845833e-03
-1.928431396810923104e+01 4.512836217458016802e-02 7.132386469701870735e-02 6.653866917847710283e-02 3.801702137139263693e-02 3.255196399167100546e-02 2.654152016201156636e-02 6.595974812122402664e-01 2.124852676182798980e-03 -6.263987063609101000e-03 2.313256134579938852e-03 6.790909542790374634e-03 -2.840389609814374799e-03 -8.764244868436878860e-03 -1.259362853051008285e-04
-1.926291817376653981e+01 2.497055818248598152e-02 3.318141248801331766e-02 1.458175470541522856e-02 2.788866673444445610e-02 4.576607252774730905e-01 2.095420830704735615e-01 6.293174263995289508e-02 -3.932911657246686635e-03 8.812828253351565402e-03 8.034132504223355162e-03 8.166343317662394172e-03 8.990743709980748496e-03 -8.584694805299343187e-03 6.456589799642904401e-03
-1.929557541725586844e+01 3.193967201995929345e-02 5.841059389558900250e-02 4.523060103503501878e-02 3.617503820565950989e-02 9.697709847101830538e-02 3.140215939834032355e-01 1.650567519370405023e-02 -3.200828579239006766e-03 -5.523034061835864136e-03 -6.942832015097207682e-04 -1.796134009903685089e-03 4.389084659469638314e-03 3.076681354548747513e-03 -9.464474486548869400e-03
-1.926744723736232245e+01 3.402821953223879922e-03 1.186386308867954931e-01 9.996334359558909505e-04 5.140626682416883642e-02 9.344880467429966808e-02 1.242273315818661211e-01 1.395180092699916941e-01 6.783424436801912052e-03 -6.180056036284369350e-03 -4.297999289308502766e-03 9.783532993702321115e-03 -9.143787294813974023e-03 5.790055895433677408e-04 9.108405417319487968e-04
-1.925623110984064823e+01 5.160972502685244774e-03 8.741809601523800946e-03 1.078709448907812507e-01 1.495537015510501888e-01 2.127160682519589341e-01 1.100378560354204893e-01 2.827740221421475297e-01 -5.731323890061751705e-03 3.853010369918535502e-03 7.361318422419473040e-04 1.569659900016121684e-03 -8.722433872003930791e-03 -4.912308072589419497e-03 -1.763034221393762827e-03
-1.930195072780498577e+01 1.674720945384167159e-02 1.092297680524764725e-01 4.481174072791398871e-03 1.771546394150331875e-03 1.202432272703819610e-01 8.978502585353516363e-02 1.535285292209674635e-01 1.563336629815824733e-03 -7.427616888565949718e-03 -2.324093037205677073e-03 -3.607376176535450132e-03 3.963540398256937616e-03 9.278093761496854566e-03 4.485395282003088943e-03
-1.928989066991277213e+01 2.451646292846446779e-02 7.038023854872949014e-02 1.215371552834075032e-02 6.514018488042573607e-02 9.500124914229637896e-02 8.700917735329107006e-02 7.666387367497757843e-01 -1.426342960557288805e-03 4.756889911915701194e-03 -7.282243050918462898e-03 -2.241495405828205709e-03 -6.273054188024275966e-03 5.578646675919857884e-03 9.607977546005680089e-03
-1.925149500565183303e+01 1.374960251126496405e-02 1.643768732265814964e-02 3.050385703426504794e-02 1.379478725048544074e-01 2.826990132477378848e-01 2.838277617622220195e-01 7.498240073741623268e-01 -2.659360437015262021e-03 2.059295233806119479e-04 -7.321953490838778444e-04 -3.811951936677453537e-03 -3.890421110078182490e-03 -9.123032676098895288e-03 1.456399680383293690e-03
-1.927812912696578351e+01 1.135473389214169959e-02 4.863818260210950317e-02 1.707748888849979635e-02 9.669683549199512354e-03 3.267357243240052167e-01 1.528643647398496563e-01 3.225957368108388623e-01 5.300943277293680006e-04 -7.858375799691437111e-03 6.082507465373225217e-03 8.925635137613659523e-03 -8.557974113040156539e-03 2.427796417289797629e-03 3.271991316815565237e-04
-1.925855485523057808e+01 1.036655270958919822e-01 3.285524133562212675e-03 6.005940053191323458e-02 1.126191302230096364e-01 4.673664615156110369e-02 2.478988725177425079e-01 6.999900231672895323e-01 -7.544740010348592943e-03 -5.786538634150534960e-03 3.265551553399605872e-04 -1.468660609776654621e-03 3.547895214081600232e-03 3.541966848222909137e-03 8.196596074710148228e-04
-1.927688524169858297e+01 1.940424947145775320e-02 5.223790814815952588e-02 9.431394085722974441e-02 1.091858161549705553e-01 3.874009376939712562e-02 1.137109025022506881e-01 4.362724561005304480e-01 -8.695449660571247935e-04 7.847860599772635976e-04 5.948950316463584229e-03 -1.181040861152527280e-03 9.583202344764630773e-03 9.952327768142142303e-03 3.294370804020405399e-03
-1.926013014491380204e+01 5.777862793174833034e-02 6.503773904607003387e-02 5.034509405901010232e-03 4.426117228788129659e-02 1.482178357906693833e-02 5.449690249977274803e-01 4.433217551894539921e-01 5.632789978131160294e-03 -5.624883812314514925e-03 -7.839674636703352836e-03 -1.397907130488743391e-03 -5.569222173619563579e-03 6.073097643121890335e-03 5.296941540838663240e-03
-1.925913508246590311e+01 1.687979187596335140e-01 2.918983044276299288e-02 3.534006176577103586e-02 5.524302605380095044e-03 1.438076791821095712e-01 2.588036905349376249e-01 8.815934347554260642e-02 2.420498332287805004e-03 9.028264882416066686e-03 9.006787875921079198e-03 -6.977910612109191821e-03 9.997119084671109157e-04 -2.701069118380269515e-03 1.595226659742958117e-03
-1.928871609551416810e+01 2.078945154012390092e-02 8.833240672896755519e-02 1.770535418783655141e-02 5.902862270242770909e-02 9.804276232569253402e-02 6.555539653738069739e-02 7.349618807804780829e-01 -6.329027181413067818e-03 -2.659426240530541122e-03 -5.173525397991209432e-03 -4.793949840253766345e-03 2.545988918570550250e-03 6.342817432093547300e-03 -9.830281385102427119e-03
-1.927979951532677205e+01 1.603010952312591553e-01 3.001118741711830337e-02 3.744899236963316475e-04 1.165846129412657084e-01 2.930526055220928835e-02 7.445072956115582341e-02 3.312272952859364183e-01 -6.680521103723377138e-03 7.630535239917574444e-03 6.795174569159614583e-03 7.390253328237275307e-03 -7.054107183965699877e-03 2.848786185558180653e-03 7.998606755913422253e-03
-1.928876361575573384e+01 1.306224085429454618e-01 2.453081403600254617e-02 2.401157205656406085e-02 4.939816966134586915e-03 8.227890432280857147e-02 1.038564229319068923e-02 5.943011947991116983e-01 3.914032116720615392e-03 1.437463907061793666e-03 -4.901261485310401747e-03 -5.439032869369326423e-04 7.644911329083787024e-03 -4.729396578238434859e-03 3.699408424668541168e-04
-1.929840311327516034e+01 7.111683705312758438e-03 4.337004937328951815e-02 4.722002279858259627e-02 1.995331776222114550e-02 1.839396860221693686e-01 3.873575162890129930e-01 1.621289045422853736e-01 5.545159667009035703e-04 7.981442389316589434e-03 4.190697624549795733e-03 -6.026536799554929949e-03 -9.264738988271929362e-03 -6.475453637996830651e-03 4.033972885134346278e-03
-1.928391695446924459e+01 2.038687049951632552e-02 7.349928283770186532e-02 7.124509795320406111e-03 1.060139289003788482e-02 1.179762567389735228e-01 2.271901041666755106e-01 6.373924816872431620e-01 3.067457716740140325e-03 -3.064752265416069779e-03 1.724672670276395162e-03 -6.389311154994024508e-03 5.429228568135241462e-04 2.552830743522983489e-03 -9.744211637280205188e-03
-1.926030558673808102e+01 7.799416574348976006e-02 6.273653835773318477e-02 2.655409700368342035e-02 1.539144414310573451e-02 1.067214484138997721e-01 3.221480175989235306e-01 9.729393596031332692e-02 -4.069417488124473653e-03 -3.046704648669787061e-03 9.851836834489641551e-03 -4.969705199347739313e-03 -6.720249721692403075e-03 9.700293014427536012e-03 -4.249293038523989027e-03
-1.928792384031158136e+01 1.149739829861639584e-01 7.076864756690910696e-02 1.376731134939267187e-02 6.932881764436234044e-04 8.471036937169686143e-02 2.282199741904313711e-02 1.384188899233516068e-01 1.998662759533325131e-03 4.798267986129233983e-03 7.124808235386017805e-03 2.315660404822032434e-03 8.571517592810664124e-03 -4.978477788292115860e-03 1.775236799363267767e-03
-1.926013014491380204e+01 5.777862793174833034e-02 6.503773904607003387e-02 5.034509405901010232e-03 4.426117228788129659e-02 1.482178357906693833e-02 5.449690249977274803e-01 4.433217551894539921e-01 5.632789978131160294e-03 -5.624883812314514925e-03 -7.839674636703352836e-03 -1.397907130488743391e-03 -5.569222173619563579e-03 6.073097643121890335e-03 5.296941540838663240e-03
-1.925804479643389655e+01 1.331104038767908226e-01 1.446143590139291162e-03 1.271366657795654498e-01 7.939435428385263616e-02 8.934631251907690364e-02 9.897899667925003087e-02 1.083418551199204494e-01 7.174008458920419842e-03 6.602019098959252888e-03 4.382522863921651038e-03 8.410808543379328164e-03 -1.558014557099514016e-03 -9.140031589377883153e-04 5.631234207181170376e-04
-1.927002980421065459e+01 8.433922084378882300e-02 3.737402196419402356e-02 7.352927876234378879e-02 4.093457650234435738e-03 4.078176938114545791e-02 1.611410819388597315e-01 9.822173409827285040e-01 -3.679938863088450321e-03 2.020827908307988932e-03 -4.867862231600367934e-03 5.967943975466254505e-03 1.004409843145552886e-03 -9.053024698183994787e-03 8.897963144448520906e-04
-1.929836280679019112e+01 1.101508108456462909e-01 7.946925581172060646e-03 6.686327191439077854e-03 8.976328342263192872e-02 1.098796398399366908e-01 1.772234629610679180e-01 2.087941431661918465e-02 -6.483721362976033360e-03 6.130871321842165309e-03 9.248397855430955453e-03 -8.204105529668962934e-03 -9.602535659263075271e-03 -6.877449078225473730e-03 8.708847390157861343e-03
-1.927028660550653072e+01 1.410447568535785623e-01 1.997617380908758844e-02 4.299058963949509149e-02 2.168721832727317500e-02 2.776601736769314377e-02 6.512469802535419960e-02 8.332902343020540670e-01 1.955616240462530395e-03 4.900685267311672907e-03 4.090024565542913978e-03 -8.319769680194962283e-03 9.101108340094978336e-03 4.159948393125884394e-03 8.835688526385356706e-04
-1.927811854771901423e+01 8.414640638525533456e-02 2.514433822897465740e-02 2.211332279981134338e-02 5.365171564959330536e-02 2.019362037358051754e-01 1.425745710392543331e-01 3.280368935590510238e-01 -8.856676848792818108e-03 1.529358403396121821e-03 -3.032696017446162226e-03 3.380126088036403478e-03 8.818917737124945186e-03 -5.008831167551662696e-03 -3.079174085630074706e-03
-1.928815028117958974e+01 2.588858057872020502e-02 1.090304830712738315e-01 3.399413533771126344e-02 1.030073887144544037e-02 2.335255174338618858e-02 2.358478162189930546e-02 3.642590953816601806e-01 1.533326459594992058e-03 -9.602222713138411705e-03 -2.944150547848892532e-03 -3.871171732604103757e-03 8.324945938288164440e-03 -6.801741008712981762e-03 8.725284407527631250e-03
-1.930149096075934878e+01 5.531638557796991068e-03 2.219495830294730687e-02 2.515376901562313069e-02 1.875185765899721468e-01 1.280265486544544806e-01 1.137764206930135247e-01 3.613468611206993586e-01 -8.667023663387457208e-03 -7.310508647671740308e-03 -7.214390737417709573e-03 8.538169171873681920e-03 -3.817249417680952314e-03 4.522604685102639063e-03 6.030641701821605818e-03
-1.926039542030032692e+01 7.308483454517832392e-03 9.872205608349816919e-02 7.408384588928107473e-02 3.522362519258269431e-02 4.919651485375073352e-02 1.095586644157495460e-01 2.983469312097210002e-01 1.696561900335612563e-03 -6.845670893450015240e-03 2.110885509913685773e-03 -1.025251284538385502e-03 6.870892653240570982e-03 2.890947284934377789e-03 -8.657998701474189582e-03
-1.929257980770107039e+01 1.176634813139971862e-02 6.129585494043342936e-02 8.641338774583644244e-02 8.621989436690444264e-03 9.385147102564904420e-02 2.098561300443290978e-01 1.350556077240990249e-01 4.288430933338303538e-03 5.174697696397086502e-03 -5.404340499434388476e-03 4.791994838612371327e-04 -6.938999089760870993e-03 -9.650545431448092487e-03 -1.434967189370243978e-04
-1.928391695446924459e+01 2.038687049951632552e-02 7.349928283770186532e-02 7.124509795320406111e-03 1.060139289003788482e-02 1.179762567389735228e-01 2.271901041666755106e-01 6.373924816872431620e-01 3.067457716740140325e-03 -3.064752265416069779e-03 1.724672670276395162e-03 -6.389311154994024508e-03 5.429228568135241462e-04 2.552830743522983489e-03 -9.744211637280205188e-03
-1.924441677307769893e+01 1.160360724654326825e-01 2.554098355218952301e-02 6.454652753288506184e-02 3.979087380397788865e-02 5.809422686105483041e-02 1.819473240873814845e-01 8.407461832048379602e-01 2.535051507371982940e-03 6.694161424611417763e-03 -4.600281098933652404e-03 2.250875756738461228e-03 7.961753583615794813e-03 1.961841930918287527e-03 -1.778003203559676282e-03
-1.929913975878347188e+01 3.175423247084473155e-02 5.465073632188709868e-02 1.736137646537985746e-02 1.495280642728274434e-01 2.442590969155167616e-02 1.011630729055089800e-01 2.652113783490435139e-01 2.372972747178046099e-03 8.890890590883115258e-04 -9.413210574704207814e-03 6.398961995142513418e-03 -7.060616391407708789e-03 9.601341048714217771e-03 -7.121633011257995013e-03
-1.927080422976886354e+01 2.578908593392550790e-03 4.278252082744293111e-02 1.397647865334764594e-01 5.372053509445302855e-02 1.620127139365212521e-01 8.464315531674859727e-02 4.881705655261789345e-01 -2.013052645741612509e-03 7.916620218116917837e-03 2.319315447096429936e-03 5.585265427442679190e-03 -4.263631042636527486e-03 7.981615962608145168e-03 -4.874003136304616915e-03
-1.925248781009121046e+01 1.710148564610514468e-02 1.447384982063375791e-01 7.762672379980989357e-03 2.531048181402674804e-02 1.085742085681000030e-01 1.778408642733292633e-01 1.737367455447653419e-01 5.888745686822146816e-03 8.889871713577567405e-03 3.194315202609574605e-03 1.879938780614173396e-03 1.613152405794711711e-03 -1.858463642325157775e-03 -1.161884101129580585e-03
-1.927502909507666828e+01 4.998882920798219942e-02 6.730647286447235915e-03 1.402580326543665656e-01 1.222337165912647378e-01 2.595779057320939803e-02 2.863746918993931648e-02 8.468164273827358812e-01 6.713764061722882551e-03 -3.752143149273653652e-03 -2.497185539249404534e-03 -2.840059303444992904e-03 5.012939742498246157e-03 2.686369835135255305e-03 1.292289123915780699e-03
-1.927028660550653072e+01 1.410447568535785623e-01 1.997617380908758844e-02 4.299058963949509149e-02 2.168721832727317500e-02 2.776601736769314377e-02 6.512469802535419960e-02 8.332902343020540670e-01 1.955616240462530395e-03 4.900685267311672907e-03 4.090024565542913978e-03 -8.319769680194962283e-03 9.101108340094978336e-03 4.159948393125884394e-03 8.835688526385356706e-04
