-1.908268682055294363e+01 2.671367295477065085e-01 -4.457432721853263224e+00
-1.848472483300821878e+01 2.569104967150526164e-01 -8.671747763973698397e-01
-1.923150305793664927e+01 1.963971769076291729e-01 2.866664057130847709e-01
-1.924363655231491421e+01 4.724582070601571898e-02 8.644323103934894448e+00
-1.922489284868178316e+01 4.983416277643993864e-01 1.650827122407202197e+00
-1.830552457015545187e+01 6.219773016554679401e-01 -8.497779733666234847e+00
-1.934796016210036029e+01 5.106970665659932296e-01 4.705596678582857351e-02
-1.887762827783327424e+01 3.199343757444507164e-01 9.855649790018695455e+00
-1.942323459377926298e+01 1.408817004099844894e-01 6.285529329774085738e+00
-1.912120148914759454e+01 6.638149349758859508e-01 3.317252516111047100e+00
-1.927632774364253265e+01 4.139760997309048784e-01 -4.328811562478129815e-02
-1.813007263417013704e+01 3.846150465906896798e-01 -1.627525718878466421e+00
-1.924963229355648764e+01 1.049074142321012315e-01 3.762837089493620724e+00
-1.969889517030981807e+01 9.592927584822835696e-01 6.915453879937576431e+00
-1.944928597350506649e+01 8.247352574060244912e-01 1.975587629460568095e+00
-1.888549080775536382e+01 5.759825940554872403e-01 5.003453466913132530e-01
-1.925579424691608210e+01 4.376701750566951432e-01 3.586107936142905572e+00
-1.999919144749482314e+01 6.587002195735811583e-01 5.836161554123696860e+00
-1.918997248007181611e+01 1.248734657004074294e-01 -4.271915072979677319e-01
-1.901805712234732937e+01 2.187172752341536019e-01 -6.181215013355082277e+00
-1.934533454586104284e+01 5.230017618651165989e-01 2.446759247872432042e-01
-1.927874504594449334e+01 9.934950811162762685e-02 -3.212486093352708849e-01
-1.931150050882856561e+01 5.168594480290070736e-01 4.759700201589396329e-01
-1.922339395937606810e+01 5.407056338404933049e-01 1.369623732346134659e-01
-1.930243683804853205e+01 3.300809195693847342e-01 5.629395667567749229e-02
-1.924721317246092056e+01 9.205777587466996703e-01 4.560790631719289223e-01
-1.928427914082491057e+01 5.203168789584974308e-01 1.861560121960117442e-01
-1.917172858163544902e+01 8.048472086704361317e-01 1.223901393303714613e+00
-1.926394618506927259e+01 4.383772955897596857e-01 1.265076304128509577e-01
-1.934708969986184357e+01 3.494960743506541623e-01 7.016981595807081362e-01
-1.931060428192409262e+01 2.331274372565991793e-01 -2.456182297382980551e-02
-1.938609938338554528e+01 8.620133299091738144e-02 1.107405536071267349e+00
-1.933106708224460490e+01 5.441684477929846775e-01 3.616570802889693681e-01
-1.926217942878945166e+01 5.720778435988849164e-01 2.811095402229835116e-01
-1.932109323259671996e+01 2.028880175466598046e-01 -8.019379602374421268e-02
-1.928248258034506435e+01 2.764346889522968365e-01 -2.805874912403893973e-02
-1.936989331064433628e+01 8.145308034598941482e-02 -3.725075239511728142e-01
-1.929379121250059370e+01 1.718581173401486917e-01 -2.029901876872379773e-01
-1.928773373532206392e+01 2.315858666978846403e-01 -1.002862121795136119e-01
-1.928003006768670957e+01 8.069431510580011846e-01 4.627569854509907543e-01
-1.928940059296687082e+01 2.099694671143235991e-01 -1.245697220972274977e-01
-1.945881919937761495e+01 6.945924500143245695e-01 7.985275502860222474e+00
-1.927293596592151559e+01 4.867931981267295538e-01 1.500327201334847871e-01
-1.924912745075418741e+01 5.786740759931907618e-01 1.792373814698660084e-01
-1.930828359181833420e+01 1.639933235960465974e-01 -1.922893304939599091e-01
-1.934579804243337264e+01 5.947448397455232239e-02 -5.136091385447461022e-01
-1.932037128579508334e+01 6.089718119222875536e-02 -5.241293579168093686e-01
-1.931380904043748004e+01 8.122216682055327652e-02 3.074114296886179432e+00
-1.945698724212840602e+01 2.566217090607174067e-01 8.371131680102351424e+00
-1.930879189312983613e+01 1.575597640913547759e-01 -2.065094642954008464e-01
-1.932237157528038196e+01 5.475953685907394841e-02 -5.454102459795606705e-01
-1.931009419469815214e+01 1.466920810591133273e-01 -2.087137784219219583e-01
-1.930753270750787820e+01 1.513507190073892783e-01 -2.243081412689420517e-01
-1.932169752768190563e+01 5.523411500414705105e-02 -5.531224146941529085e-01
-1.932288520334668647e+01 5.535945410704948277e-02 -5.557959539920904746e-01
-1.932786010087906092e+01 5.313685641761107387e-02 -5.504610449901843339e-01
-1.929383771925200008e+01 2.384285295409517835e-01 -6.150594292415156872e-02
-1.932102997201729622e+01 5.748303249271976417e-02 -5.481047351890921959e-01
-1.931493617147303610e+01 6.419057012712531263e-02 -5.191113718757005557e-01
-1.929823890453231172e+01 2.065501631237304236e-01 -1.103500119684710512e-01
-1.930499315483196554e+01 1.519687926815564138e-01 -2.118857173873411881e-01
-1.929881887135550045e+01 2.084088248586441205e-01 -1.112793814056409758e-01
-1.930446747295613719e+01 1.557455915539919244e-01 -2.087923239131050934e-01
-1.930249506821109051e+01 1.551020062760605778e-01 -2.146271342245320568e-01
-1.937717194219178296e+01 9.257512189254464563e-02 -2.298248643268703262e-01
-1.930058700891545698e+01 2.352612015135923107e-01 -6.209379882258048156e-02
-1.930352498685517659e+01 1.745062672614698940e-01 -1.778366106746602782e-01
-1.931768806046311937e+01 7.349922737220625224e-02 -4.685070148167671533e-01
-1.930509731570827014e+01 1.697258902109602396e-01 -1.748446716165172887e-01
-1.931484617068905152e+01 1.123040091931233886e-01 -3.150606416995724857e-01
-1.930249729067035602e+01 1.683350880031435071e-01 -1.762776357826698614e-01
-1.930566808675174428e+01 1.670962896026858546e-01 -1.900456770190697142e-01
-1.931068921379605996e+01 1.144300323139254422e-01 -3.091962665805354504e-01
-1.930370534858818488e+01 1.540212915729596010e-01 -2.259387261954586279e-01
-1.930789278322084712e+01 1.234900502303313691e-01 -3.057659818673705843e-01
-1.922314158540866558e+01 5.087305198331862899e-01 6.187309262730700254e-02
-1.930678649305200523e+01 1.362164667797799988e-01 -2.580260617943590518e-01
-1.930917538008322509e+01 1.305305011928264980e-01 -2.719434291272513349e-01
-1.931193530023692162e+01 1.317960911428636139e-01 -2.623162761397139775e-01
-1.915907325828994701e+01 6.810266616952328489e-01 1.781087144732254046e-01
-1.921447824569747809e+01 4.855504685938077936e-01 1.593714920256399381e-01
-1.931114906157865363e+01 1.259030493910184012e-01 -2.829817300507500022e-01
-1.930796026960458178e+01 1.281057307124915112e-01 -2.847272526001400905e-01
-1.932025326627600847e+01 7.466428196404160944e-02 -4.546629733626694758e-01
-1.929907636403112647e+01 3.842028583560270216e-01 1.175459084145042965e-01
-1.928526436982550152e+01 3.545847717572260804e-01 9.319355120675432147e-02
-1.930858804130367901e+01 1.154891184436833140e-01 -3.168647354041898012e-01
-1.931159172736738583e+01 1.201707807100667602e-01 -2.936614387650031688e-01
-1.931007135698276755e+01 1.203773677665682662e-01 -3.020966602795436273e-01
-1.932102834867180974e+01 7.248234849872682573e-02 -4.645528575082273903e-01
-1.931209790727882947e+01 1.134051028239538572e-01 -3.132704277519682279e-01
-1.944749527972918557e+01 7.562616702264128854e-01 4.365121171939016165e+00
-1.946315057450677699e+01 2.107233520988978093e-01 6.069813304688459255e+00
-1.931044080188527090e+01 1.112238104938911426e-01 -3.292785940737879002e-01
-1.931460617351171649e+01 1.102088564040798330e-01 -3.216713733414060528e-01
-1.932077736001571111e+01 7.548472279222903647e-02 -4.522232239426902112e-01
-1.931130906430955463e+01 1.179166202207422576e-01 -3.054530749129629186e-01
-1.931463339306217364e+01 1.159438117990113926e-01 -3.065781418527180335e-01
-1.932121605926284147e+01 7.455942414214361547e-02 -4.542338204149025671e-01
-1.931276626262275187e+01 1.163926396761781751e-01 -3.114348204737797943e-01
-1.931339108184839404e+01 1.171216633017206910e-01 -3.030720412352909676e-01
-1.932072798038025851e+01 7.682970536930537608e-02 -4.465227551455832611e-01
-1.932121985349083459e+01 7.661218134285338599e-02 -4.447942290021078549e-01
-1.931321434415274751e+01 1.046236276965085144e-01 -3.457411457078620742e-01
-1.910100741367730137e+01 9.287967155037278877e-01 2.998131952166422920e+00
-1.931403118667084939e+01 1.197575064723956639e-01 -2.966983354422421115e-01
-1.932229037802735760e+01 1.147253822800573808e-01 -3.100378020428760095e-01
-1.931148315974753871e+01 1.106740954454171616e-01 -3.290411149102148158e-01
-1.934570847489925072e+01 1.044151006665491183e-01 -1.751169396393166267e-01
-1.931357584853741471e+01 1.078089202437350624e-01 -3.325038587292343806e-01
-1.923786901586015574e+01 9.589092529879108540e-01 -3.742797953826299207e+00
-1.932063419049679354e+01 7.585731776610481203e-02 -4.501717734519754543e-01
-1.932028151128838545e+01 7.571724781980279650e-02 -4.498884949998487315e-01
-1.931426857609290693e+01 1.013150564336633142e-01 -3.547081875918980387e-01
-1.959056465644417599e+01 6.287276172020936360e-02 3.560692399807757980e+00
-1.931496711122264998e+01 1.011150778760386143e-01 -3.549716170310901475e-01
-1.927514896730838601e+01 4.974274966040519996e-01 2.151396934700642305e-01
-1.931493625976080963e+01 1.012028372354662337e-01 -3.547573668498973376e-01
-1.932071104098664804e+01 7.536052229989037565e-02 -4.521096958274650746e-01
-1.945819876879156851e+01 2.585924047073859811e-01 7.310162675437357649e+00
-1.932010100532764696e+01 7.511960015541470359e-02 -4.546790656697137223e-01
-1.931470527287465444e+01 1.008098382131738663e-01 -3.562007631611070479e-01
-1.931638496508157843e+01 1.003619238294169574e-01 -3.570771666892120777e-01
-1.931633076367866408e+01 9.907211119494403750e-02 -3.591666495984107144e-01
-1.931367076540050931e+01 1.057598212790068076e-01 -3.412774726264373726e-01
-1.914902862288021979e+01 5.875050646813676503e-01 6.908337676081899303e-02
-1.947280401403269678e+01 4.050441483105671203e-02 1.379198624628713787e+00
-1.931812249273854931e+01 9.656400902179740342e-02 -3.738939842732236229e-01
-1.931407803091172326e+01 9.688708016375900678e-02 -3.731026191864845742e-01
-1.931499983912711471e+01 9.950403075790746621e-02 -3.619915928620383028e-01
-1.931597491641167963e+01 9.636924334203932074e-02 -3.725641340576935079e-01
-1.931590138633117704e+01 9.880677303336443673e-02 -3.597016825547409979e-01
-1.931604955350949737e+01 9.591015214674017408e-02 -3.718889093214094999e-01
-1.932057072937864106e+01 7.546533089986326437e-02 -4.511803870444506259e-01
-1.928240927608117516e+01 4.123512771461382287e-01 1.123749955402288947e-01
-1.931587211076160315e+01 9.787020045145443381e-02 -3.675452097910927307e-01
-1.934424833792900955e+01 4.179349236196212569e-01 1.637532041973397412e-01
-1.931452655451868949e+01 9.703965765284869316e-02 -3.708830914875420603e-01
-1.932305400126955774e+01 7.739705025283653839e-02 -4.348027547338766396e-01
-1.930293954563410708e+01 1.071375894219624286e-01 -3.672259867392178023e-01
-1.931567991639831305e+01 9.676674624670916769e-02 -3.677965067003885480e-01
-1.932492215429537552e+01 7.657319874396723014e-02 -4.314919107222845440e-01
-1.931643616443889400e+01 9.079547256142068978e-02 -3.881780090350996915e-01
-1.931870084649054675e+01 7.935819137446181726e-02 -4.361867777947328051e-01
-1.931636810517508351e+01 9.714272144083810345e-02 -3.650216654422440143e-01
-1.931512889433605551e+01 9.800525014995367656e-02 -3.674404093359839862e-01
-1.931600311623361321e+01 9.042745143450159340e-02 -3.964690291750780915e-01
-1.930195028784156364e+01 2.075660424957369854e-01 -1.310001092057024863e-01
-1.931676945832783332e+01 8.689170258220144105e-02 -4.072184414219730542e-01
-1.929834722382413759e+01 2.006486466402597757e-01 -1.242722987578215310e-01
-1.931961672087763304e+01 8.080915743306839316e-02 -4.270935465792717878e-01
-1.929823925596304335e+01 2.104354691080646544e-01 -1.068901733551594901e-01
-1.932073039658017777e+01 7.967260044651257311e-02 -4.317186322660973019e-01
-1.932138873028270964e+01 7.886911155892870062e-02 -4.331093585685099612e-01
-1.922099539276282698e+01 6.822218004742057751e-01 6.240803530861480652e-01
-1.930522280098406895e+01 7.281369912370176944e-01 5.958166018716735124e-01
-1.931297751557195141e+01 1.043723126521372280e-01 -3.407545383281664897e-01
-1.931931152682760100e+01 7.900712653925476281e-02 -4.369942459397275769e-01
-1.931187012876569753e+01 8.894619759665411962e-02 -4.114997811748057899e-01
-1.931465776040925419e+01 7.819453223473493697e-02 -4.350685056317935562e-01
-1.931177273017943108e+01 1.117639032920652725e-01 -3.251435480844815373e-01
-1.931428939978897930e+01 8.460651048039767586e-02 -4.067918486963009173e-01
-1.872371222587446127e+01 1.640068466582316753e-01 9.849019444665472633e+00
-1.948504782866015361e+01 5.191837047780440972e-01 5.158107679660389522e+00
-1.943106981636006836e+01 1.759318409475041367e-01 7.797055382816331814e+00
-1.932320961817376670e+01 6.053498655685207036e-02 -5.713677670510790563e-01
-1.931720926794909587e+01 9.059229577017631485e-02 -3.888883637607776222e-01
-1.924123745310520306e+01 9.950384670301577472e-01 3.880998167957674383e-01
-1.931767265606743678e+01 9.188644623511300902e-02 -3.901329112025759827e-01
-1.931669571482634495e+01 9.354095866796531544e-02 -3.801472328449868598e-01
-1.931547519697122439e+01 1.059562259785812310e-01 -3.351173529281972208e-01
-1.931258872706545304e+01 1.051287168705121317e-01 -3.455753759640121103e-01
-1.940283322369602104e+01 6.680664569861540780e-01 1.653233821098748280e+00
-1.933493021951858282e+01 5.317897840719339186e-02 -5.434729073539372735e-01
-1.931918456425440667e+01 9.587905756232480148e-02 -3.636250507485883077e-01
-1.931463519312076116e+01 9.849516422605433807e-02 -3.624334217178777351e-01
-1.938709554560053405e+01 1.406572458887005439e-01 5.549889867176272418e+00
-1.941886836519535109e+01 6.576636302512177679e-01 1.277801216128711559e+00
-1.931929674786464446e+01 9.659156039595097332e-02 -3.601043595397150909e-01
-1.928809742824248374e+01 6.383604785335328380e-01 2.965438187670255132e-01
-1.926816419735795449e+01 8.244116117248393438e-01 4.494137625294118976e-01
-1.933097145686610574e+01 8.598413447613324767e-02 -3.880841857040149279e-01
-1.920942799555812996e+01 6.547683306761210575e-01 2.698968338356735330e-01
-1.924521761411500975e+01 6.985561592318291213e-01 4.165654330881398693e-01
-1.926534116251012563e+01 3.997224068315096135e-01 1.061806006456453844e-01
-1.914788266086996416e+01 4.213982672741228841e-01 2.738684267138680184e-02
-1.938827712575640305e+01 3.708961570467599889e-01 2.190271273643091376e+00
-1.930692132912268733e+01 1.062391038864124726e-01 -3.685851927859520316e-01
-1.931631715552744311e+01 7.813795578645520157e-02 -4.479071829503098456e-01
-1.936971185278764551e+01 9.311797012409623875e-01 5.593677415331494984e-01
-1.940915178355038861e+01 2.303566019478444638e-01 3.143503525613400740e+00
-1.945081258531823210e+01 8.345982641020701642e-01 9.306233830364956106e+00
-1.975132779395223892e+01 8.719667824763823738e-01 3.194065514656712068e+00
-1.929627990897144585e+01 2.649259787772322849e-01 -4.447085443032960939e-02
-1.931738328495029933e+01 8.969557449396660387e-02 -3.956230758091603406e-01
-1.925780682027798107e+01 5.100980093922444780e-01 1.270205007815068399e-01
-1.932394860480528820e+01 9.009841043014261974e-02 -3.856198606268250728e-01
-1.928868849585910183e+01 2.477222066285911795e-01 -5.482455387141449421e-02
-1.935359489624380913e+01 3.754208428262769681e-01 1.964116099626078693e-01
-1.940357733508801985e+01 4.591539577119043147e-01 4.359083324548809202e-01
-1.929667237151593184e+01 2.021725593239093455e-01 -1.220186875397804016e-01
-1.931814796899044495e+01 7.716062213509781997e-02 -4.532928834153935327e-01
-1.929988920016949550e+01 2.000806854531785306e-01 -1.199223133738094305e-01
-1.931915464301537000e+01 9.443561627855706631e-02 -3.727161527015798725e-01
-1.940297018569419407e+01 4.112693354293592840e-01 1.117544224546668019e+00
-1.931879993617986813e+01 7.751545190843187050e-02 -4.457518983587327455e-01
-1.931555315884556734e+01 8.152634230189745312e-02 -4.380180330557319479e-01
-1.930025869209053724e+01 1.899538889335128378e-01 -1.387535807778927932e-01
-1.920328307420216163e+01 2.294775083487188005e-01 -2.530710230865125254e-01
-1.931484742626430773e+01 9.328087630124995422e-02 -3.827545846504563087e-01
-1.931590900425039692e+01 9.267255381522315760e-02 -3.840804190279936137e-01
-1.928169520400907544e+01 3.862183811394727662e-01 8.215662560710335072e-02
-1.931502376003178512e+01 9.477579622202367271e-02 -3.842701617132497915e-01
-1.927637977670624281e+01 3.416084161577004896e-01 2.562209815111593514e-02
-1.931640148773560384e+01 9.046933928451712792e-02 -3.964193448251318586e-01
-1.931961740989939358e+01 9.382223030216821358e-02 -3.816593650781676672e-01
-1.926643052648240584e+01 3.783624970048702352e-01 5.022982261822317440e-01
-1.931014007266010779e+01 1.248505574730834622e-01 -2.819027349110463376e-01
-1.872728582449990853e+01 3.904370226519978115e-01 8.353822718374836143e+00
-1.930659189867459702e+01 1.193348815883563535e-01 -3.118764468548960167e-01
-1.930447266072272328e+01 1.105884183651219405e-01 -3.529328293304949682e-01
-1.931691216198256456e+01 9.026391596372293491e-02 -3.909647891198062553e-01
-1.931500170563360896e+01 9.192280358685865627e-02 -3.889058553528261797e-01
-1.926908110134850105e+01 3.895425600949999900e-01 9.342921254111935525e-02
-1.932036508655939144e+01 7.640304028857330954e-02 -4.485785741190611020e-01
-1.931197255223437281e+01 1.157665462811951901e-01 -3.159856095966127043e-01
-1.965234090089156993e+01 5.659491383195855985e-01 6.820863996047783928e+00
-1.931667756019265525e+01 9.253129401205777149e-02 -3.829908624910594028e-01
-1.932037950670362392e+01 7.706531239233040120e-02 -4.417404796987689508e-01
-1.932029539066696699e+01 7.465842298256636367e-02 -4.539416834083986885e-01
-1.937528002120722803e+01 8.001392361457437818e-01 6.905753343364953167e-01
-1.931224889378144738e+01 1.188536887701754780e-01 -2.996472565739960459e-01
-1.922467639102233861e+01 9.392245574386031137e-01 5.718516564205042840e-01
-1.931688664014710710e+01 9.500125591032135275e-02 -3.791026632474618907e-01
-1.930435332675365601e+01 1.591897334691226018e-01 -2.030261105503399222e-01
-1.925291015912380388e+01 7.428623848624241743e-01 3.734352425288900434e-01
-1.925712762605087391e+01 7.041902444767347280e-01 3.422878931527737478e-01
-1.930842712828088281e+01 1.052282344921138535e-01 -3.472007829118073374e-01
-1.931556903357831700e+01 1.042961987159613663e-01 -3.599935511789595921e-01
-1.930803840981335284e+01 1.954812891977833478e-01 -1.537725251833510498e-01
-1.929638918343212950e+01 2.545478334127107001e-01 -3.283866699113069387e-02
-1.929945381195702581e+01 2.665913355587720135e-01 1.443089017716303601e-02
-1.930523842175560034e+01 2.560598124463031589e-01 6.159093613725019623e-03
-1.930275556677474924e+01 2.558257167669664156e-01 -1.820101361668946538e-02
-1.932109903781165983e+01 7.650795313127302377e-02 -4.463949616162032896e-01
-1.921360474655057615e+01 5.821808462416241392e-01 1.832988367630452586e-01
-1.942798809047926412e+01 3.556779905903286187e-01 2.678876478547724815e-01
-1.929752504219366216e+01 2.422484810038075254e-01 -6.190090016458782429e-02
-1.921977301193249232e+01 4.985695077523024099e-01 1.746631017162378896e-01
-1.931608928633354338e+01 1.197391697426733875e-01 -2.921181964818941879e-01
-1.930712062999696244e+01 1.145182242971632264e-01 -3.265375274519310977e-01
-1.930942847541631835e+01 1.119304841040262705e-01 -3.085548724722286806e-01
-1.929829961640533043e+01 3.163707084326838337e-01 4.670340376521231462e-02
-1.935357216159706084e+01 2.123390065637238699e-01 2.002324596760836073e-01
-1.931771155151050223e+01 1.048465135886462452e-01 -3.322240446484201470e-01
-1.931812390688978098e+01 7.752976151723239839e-02 -4.443715815476760866e-01
-1.931433552756578820e+01 1.037734963377148906e-01 -3.484224623525769005e-01
-1.931437975280796238e+01 1.041409107273692097e-01 -3.530387142057485050e-01
-1.931600671306020800e+01 1.034628609996019744e-01 -3.456219499657002814e-01
-1.931160378146768508e+01 1.048255081394122296e-01 -3.456937984715953149e-01
-1.937265996923498790e+01 6.237152598539559278e-01 5.125488056078122412e-01
-1.917870695845843443e+01 9.537271570848279145e-01 4.255743947038688191e-01
-1.998328930229788014e+01 2.705760353239995419e-01 3.440746046610385633e+00
-1.931399846402768006e+01 1.039374169515254742e-01 -3.475319519229227438e-01
-1.931420812064009240e+01 1.327668848548577973e-01 -2.504299364698212571e-01
-1.931946293319682439e+01 9.368944188002097107e-02 -3.756917842422549114e-01
-1.939759734923894996e+01 3.181022922342691822e-02 3.532026169015537675e+00
-1.957926161755037242e+01 7.718571117999972753e-01 8.137914843625139838e+00
-1.931318551621772173e+01 1.075525168634060696e-01 -3.415158980086996365e-01
-1.892576396150252904e+01 5.775087556586863125e-01 -4.372154821906164557e-01
-1.930552924113276347e+01 1.256200783224998563e-01 -2.824421180350586980e-01
-1.931708619864725307e+01 8.871579792714200108e-02 -3.975848735876201800e-01
-1.931805040859454792e+01 1.049545512677802217e-01 -3.407777871164494599e-01
-1.930701158914167692e+01 1.430130284048695410e-01 -2.488733692524860430e-01
-1.928546435333999298e+01 7.391837835746293273e-01 5.605833143998442125e-01
-1.931606889403798988e+01 8.859639660215191947e-02 -4.013646527636236527e-01
-1.928318168208519268e+01 3.044478678543837136e-01 2.982535645261386037e-02
-1.927649712608714694e+01 3.447449606209955220e-01 4.447660616091475561e-02
-1.931049999927644478e+01 1.183784870804812511e-01 -3.098098642538538172e-01
-1.931819280795132698e+01 8.752268858319586786e-02 -4.077829945359408015e-01
-1.931675060962987089e+01 8.904588114991557335e-02 -3.981307903598860776e-01
-1.926520778427094882e+01 3.776557533959417068e-01 6.785584108500231082e-02
-1.931566956540675051e+01 1.050039908447395476e-01 -3.296450107273596331e-01
-1.931365439365218251e+01 9.595508082678302908e-02 -3.735167763626510151e-01
-1.930561357771785680e+01 9.779242945367667972e-02 -3.629460178656955804e-01
-1.931489713997154212e+01 9.230009612671993824e-02 -3.862936273849086888e-01
-1.931529290668046173e+01 9.299827551612763199e-02 -3.891373416665615537e-01
-1.928347765789288104e+01 2.364776264332306699e-01 -7.427841566175175103e-02
-1.930594224883467547e+01 1.259850124810852900e-01 -2.883597024238966355e-01
-1.931458688626762665e+01 1.161792893447717023e-01 -2.969041949636093136e-01
-1.930125171498080050e+01 1.509619952126537434e-01 -2.394063572108642290e-01
-1.931578838786767705e+01 1.046617363770394188e-01 -3.371265348755905222e-01
-1.930820120661369188e+01 1.812475355787367404e-01 -1.481370432448265717e-01
-1.931656738969123666e+01 9.496929618921810812e-02 -3.757041939664205188e-01
-1.931587240699482777e+01 9.278911483132940008e-02 -3.861693106800974107e-01
-1.931690911240791664e+01 9.227590543207347951e-02 -3.834708849437831191e-01
-1.931694850142059749e+01 9.190414426879045529e-02 -3.903868033597373000e-01
-1.931395579687236719e+01 1.039359946096215515e-01 -3.510922286887314669e-01
-1.961307693609192881e+01 8.483416413489313079e-01 -2.175550259524854368e-01
-1.931761643373701531e+01 8.859688991229446031e-02 -4.070850724813190880e-01
-1.931598943778849176e+01 9.295016336895281506e-02 -3.866953906780068451e-01
-1.933136450589088895e+01 9.257078280834518669e-02 -3.852810666251684779e-01
-1.931771066544719417e+01 8.766242384954836542e-02 -3.992641771086340441e-01
-1.932031673728817012e+01 8.532305968203832136e-02 -4.094839205411577865e-01
-1.930985729327389322e+01 8.706843637488041743e-02 -4.161853182432011522e-01
-1.930694419181941157e+01 1.055662989858041773e-01 -3.550982242943412359e-01
-1.931391056003612761e+01 8.809149019186279794e-02 -4.038884367558672750e-01
-1.931628160335054645e+01 8.855624640245267354e-02 -4.007957989001145194e-01
-1.931097491711188852e+01 8.228217358170192286e-02 -4.326789144899763073e-01
-1.908880304230961755e+01 3.930760941965877331e-01 8.863724131851089538e+00
-1.931782295330556920e+01 9.457920578990285099e-02 -3.820144142393822051e-01
-1.942903779131378883e+01 9.111161491254975431e-01 4.175140086665928507e+00
-1.928264534949400399e+01 8.340219811670125383e-01 2.730400272869871969e+00
-1.945404495034676984e+01 1.782860474093035386e-01 5.222596675706848046e+00
-1.930118002241113473e+01 2.137081968672472354e-01 -7.569646681556996271e-02
-1.928533130234029969e+01 2.618878836333173310e-01 -4.927536553443623291e-02
-1.931027921679553572e+01 2.128728372036479133e-01 -9.530650443334387489e-02
-1.930952515144460335e+01 4.794135475502425692e-01 2.086480776710644136e-01
-1.944317110845122798e+01 9.180627185906099497e-01 1.075309637500270199e+00
-1.928114020231026515e+01 2.037803083856193631e-01 -1.639966852186045543e-01
-1.946411402579363070e+01 2.710026657181640597e-01 4.991190027431944287e+00
-1.945230800513061098e+01 1.831642215681508201e-01 8.416222918001260211e+00
-1.946097075343480398e+01 3.894431120229253085e-01 2.176549136808745288e-01
-1.921703717132290379e+01 8.732066219721539291e-01 3.235702413294294644e-01
-1.920409951071580323e+01 9.982793915548247021e-01 5.295926936910397842e-01
-1.922794093238203672e+01 8.941762360970715307e-01 4.244705079017325744e-01
-1.926467122996445269e+01 7.914560008831823534e-01 3.543012168591985755e-01
-1.925817229061739155e+01 6.175776934016145026e-01 3.359825639305782374e-01
-1.929538981736764569e+01 9.963395142799424953e-01 4.973286245448882426e-01
-1.930978767763204118e+01 1.289306972513684924e-01 -2.732142414543474729e-01
-1.929778702317271311e+01 1.952985823298617751e-01 -1.759417329731363111e-01
-1.929432199104874357e+01 1.898818385537264786e-01 -1.613160646311868618e-01
-1.930894299170479655e+01 1.299381732466277362e-01 -2.708592223881396421e-01
-1.929038414051756334e+01 8.628441263161120700e-01 4.738430876132060376e-01
-1.929580040631296001e+01 2.077912997418011887e-01 -1.245074031478452525e-01
-1.931143945518815741e+01 1.413748286566335055e-01 -2.486503592792690398e-01
-1.928986812550616392e+01 2.580411281108664912e-01 -5.640418530669855102e-02
-1.930676201092893862e+01 1.459185294474013850e-01 -2.337577515004642947e-01
-1.931635320681160195e+01 2.529483427633018588e-01 -2.677101125568448481e-02
-1.930068036032080769e+01 1.419689501530143616e-01 -2.587369414997660044e-01
-1.929844183357211662e+01 2.214271296196778371e-01 -8.422300388448178410e-02
-1.931060259055771766e+01 4.393507718254396344e-01 2.597402222156599549e-01
-1.930749787258774930e+01 1.382147898289427523e-01 -2.560904455770725008e-01
-1.931025854000896302e+01 1.362366719812705684e-01 -2.487079335181192619e-01
-1.928796571364561530e+01 2.807116934823406518e-01 -1.203990968057944144e-02
-1.929900492541643686e+01 2.298530949601809703e-01 -1.116244549873979253e-01
-1.927350304862972763e+01 2.129172772032958960e-01 -1.496489273660088770e-01
-1.930962236866255566e+01 1.344665939257985166e-01 -2.569777503659711471e-01
-1.926525468200701496e+01 6.680203838521677762e-01 2.391922253634195528e-01
-1.930723433563724356e+01 1.445063681772166542e-01 -2.365323130686967090e-01
-1.933155413492679386e+01 1.182693264745146300e-01 -2.687068847513405245e-01
-1.930952976424952894e+01 1.406126970862045522e-01 -2.297530796473790105e-01
-1.930925939336635722e+01 1.412812346086525506e-01 -2.408341593101646083e-01
-1.931363617403098232e+01 1.082919319525423446e-01 -3.325064084983520019e-01
-1.930682112186561383e+01 1.423138777638895680e-01 -2.381773338762886993e-01
-1.931410266081566363e+01 1.059549565178593694e-01 -3.408646374631612019e-01
-1.931434876162447978e+01 1.053423009633304153e-01 -3.429951896278780055e-01
-1.933817744895060642e+01 6.363088959212177542e-01 8.401633629413112203e+00
-1.924536253704256339e+01 8.050590316049112127e-01 3.283320871593335966e-01
-1.943404166753486351e+01 5.343589725361991977e-02 -4.196715428735053877e-01
-1.937841869116889271e+01 6.012911910785296854e-01 4.930791926768538502e-01
-1.931108736069219134e+01 1.266431707822717190e-01 -2.797494174523791344e-01
-1.930910938303829028e+01 1.263430000247228180e-01 -2.836806879109783353e-01
-1.880127829342239210e+01 4.589509764021890703e-01 -6.183625059735604168e+00
-1.931387320362826898e+01 1.013111314031430454e-01 -3.544870793239738305e-01
-1.935415091139046595e+01 5.589749826460619353e-01 1.440843764399843963e+00
-1.931593460848123911e+01 1.004957694937599483e-01 -3.570122964544069077e-01
-1.932495596849353703e+01 5.575321006409122981e-01 3.278287668535604382e-01
-1.931504197401369183e+01 1.009526256315782244e-01 -3.557765187350376834e-01
-1.931147911629074798e+01 1.291825553689876227e-01 -2.717087663326722691e-01
-1.931270308759051701e+01 5.279922239629586400e-02 -6.028658072129875478e-01
-1.931128446435710444e+01 1.276620471607235741e-01 -2.739781948793122979e-01
-1.931782866122436459e+01 5.158735712363504700e-02 -5.981462490165139201e-01
-1.924501032641969900e+01 3.151528289964537488e-01 -8.614943633402205592e-03
-1.931307450035327022e+01 1.307605979041512601e-01 -2.666992261910827722e-01
-1.930928041124359140e+01 1.284085486924493591e-01 -2.780053756415927779e-01
-1.931370695864092468e+01 1.051861856697390712e-01 -3.407015247966658222e-01
-1.929329699565618839e+01 2.407571750790785947e-01 -7.360844797936572093e-02
-1.931062183921365616e+01 1.265908483895459291e-01 -2.836974739935946843e-01
-1.931453788720765985e+01 1.265143606145113508e-01 -2.700023023331254990e-01
-1.932023451013943571e+01 8.262547326121265356e-02 -4.185381064235826898e-01
-1.931976367003811390e+01 8.215558970764379187e-02 -4.200919866819443627e-01
-1.930150514591440825e+01 1.694823482486617350e-01 -2.011582422047197838e-01
-1.931753132056982025e+01 1.237872744653946006e-01 -2.684482827295706642e-01
-1.931840662982160950e+01 8.174866355241533489e-02 -4.235688514604412092e-01
-1.933678684269917269e+01 5.348492066229483533e-02 -5.467526061970922058e-01
-1.931791529650801920e+01 8.325436481660833388e-02 -4.213626644835191115e-01
-1.932020544294450914e+01 6.507470657485396603e-02 -5.066051613442716928e-01
-1.932229505969478822e+01 6.400264134209843192e-02 -5.079731206274296085e-01
-1.930050317063050613e+01 1.397296981390813708e-01 -2.717471622369505013e-01
-1.932471916441715365e+01 6.384308892948907521e-02 -5.061364729832789067e-01
-1.931385154137101878e+01 7.454723747898858721e-02 -4.874249195181672434e-01
-1.931413395571510350e+01 1.014328939385963357e-01 -3.547208166143462904e-01
-1.931490867708706460e+01 1.018188270173897014e-01 -3.526017679833284291e-01
-1.931887556970452735e+01 8.280962521808583887e-02 -4.200207910080706597e-01
-1.892296199027133952e+01 7.905916942910915512e-01 5.601583787681445159e+00
-1.932008870097466513e+01 8.243927627141300896e-02 -4.208853680705306743e-01
-1.932278033345819779e+01 6.353165905446615802e-02 -5.087937173852967732e-01
-1.931041397346024624e+01 1.157967826736913952e-01 -3.107458176883071133e-01
-1.931037129735299374e+01 1.177284057756287083e-01 -3.077779943388705419e-01
-1.944067149080802182e+01 9.003459417313188773e-01 4.574811360665975712e+00
-1.928924149422282142e+01 6.450841192076464115e-01 5.584255712347268030e-01
-1.935676156873977405e+01 7.971847788489084818e-01 5.516381179220157804e-01
-1.931273043127072242e+01 1.139025350214002696e-01 -3.150798972726569502e-01
-1.987238032369755913e+01 6.259171654967121690e-02 1.212321932860884743e-01
-1.931583742085531341e+01 1.002255238504747015e-01 -3.562918645036496912e-01
-1.927412824404013492e+01 3.946318147746588068e-01 1.079209746260190173e-01
-1.931346165787183011e+01 1.004363370158962154e-01 -3.609400884110591790e-01
-1.931471395895000143e+01 9.846622120943936129e-02 -3.636965745069264955e-01
-1.931558817485928969e+01 9.632600987409484228e-02 -3.730719831288986654e-01
-1.941274342381908369e+01 3.089861138020134623e-01 6.732453759487800227e+00
-1.932017985614322342e+01 7.953084987368259917e-02 -4.338185967546657196e-01
-1.929452572653360320e+01 2.416409680222749434e-01 -6.296958619972770066e-02
-1.930199366777502590e+01 4.123081529045045102e-01 1.862908840545038913e-01
-1.931551816039307568e+01 9.492645761041069996e-02 -3.748079936570114512e-01
-1.931259948572177976e+01 4.321836102638325627e-01 6.707196069963661245e-01
-1.944915280634770127e+01 3.724304099723586003e-01 4.195990135128528919e+00
-1.931418768102311745e+01 2.128630557757696662e-01 -6.562360914119835797e-02
-1.932010328213000960e+01 7.786099917406043291e-02 -4.431138432798267246e-01
-1.930336539732446255e+01 1.966715568476151976e-01 -1.043903834289583443e-01
-1.931524485409313385e+01 9.541711196000983441e-02 -3.736275915607230047e-01
-1.880669790317690016e+01 1.875130859803466610e-01 7.029181023290817620e+00
-1.931433563149533228e+01 1.017110595136334061e-01 -3.529548371617394764e-01
-1.929235876367141600e+01 2.286738101420446034e-01 -7.972256177938064070e-02
-1.930907777183330509e+01 2.045450837582085957e-01 -9.292720463454529067e-02
-1.931532286965350309e+01 9.666445386418580366e-02 -3.707138499703646062e-01
-1.933227809291199506e+01 2.147000391286138510e-01 -8.461256226903834943e-02
-1.931827622082419182e+01 9.660101324450552640e-02 -3.685303137237738724e-01
-1.930612859977457063e+01 1.669955533279915971e-01 -1.816684577663600919e-01
-1.931566812857002446e+01 1.072775623782537130e-01 -3.286712998436520650e-01
-1.820110882683892939e+01 4.066990589114843901e-01 -7.402889253815295945e+00
-1.931477369452166926e+01 1.044554234456287478e-01 -3.461600054805842319e-01
-1.931937751998905384e+01 7.122724090319750012e-02 -4.815512346765000729e-01
-1.929110402895677367e+01 1.786241605834029966e-01 -1.863388012778308678e-01
-1.930731196254311755e+01 1.665456653578908930e-01 -1.856830192910514654e-01
-1.931238105741258693e+01 1.827314499257001457e-01 -1.427860142192241000e-01
-1.931226149314976581e+01 1.075245198336889502e-01 -3.218356290477561998e-01
-1.930351146720571620e+01 1.128753016542299731e-01 -3.400713193857196615e-01
-1.931582748365083546e+01 9.434050552299892700e-02 -3.813712787896399448e-01
-1.931533627878781800e+01 9.490129389810626759e-02 -3.811314206863603005e-01
-1.931686183082995001e+01 9.447017820762310114e-02 -3.776826441938752055e-01
-1.931727655332283788e+01 9.537328667767369650e-02 -3.736268034516783132e-01
-1.929242479460064530e+01 3.343525717063123293e-01 2.687167981892812918e-01
-1.931587485691889938e+01 9.345159644738330884e-02 -3.844609282910766979e-01
-1.931939093328452017e+01 9.083413655771986617e-02 -3.870434803466391571e-01
-1.932067654730799333e+01 7.699730960726709761e-02 -4.424246644216722757e-01
-1.931647808201182670e+01 9.056326061447905751e-02 -3.948134360311019719e-01
-1.923918149871605365e+01 7.636241035028866753e-01 3.186278272026683567e-01
-1.931640606894412215e+01 8.901484786343795419e-02 -3.981548655168509754e-01
-1.930052551826138441e+01 3.767611818303235327e-01 1.473379914346395481e-01
-1.930415283185660158e+01 2.877102560238140039e-01 -1.366160224272441326e-01
-1.931380973048333871e+01 8.262212251340082803e-02 -4.328613585816345477e-01
-1.930024586078893734e+01 2.104047062256582390e-01 -1.019247166884333922e-01
-1.931965312468729934e+01 8.592892669880901335e-02 -4.065818413961075350e-01
-1.929408958433215560e+01 2.653469118472544519e-01 -4.857863140951046432e-02
-1.931839210793408057e+01 9.104180819888481324e-02 -3.838215302223613179e-01
-1.931497128921753159e+01 9.289272826939280747e-02 -3.871311193601911782e-01
-1.929521462543064914e+01 2.560461946536932154e-01 -7.053530454116518911e-02
-1.928214114079570862e+01 2.914478178477965531e-01 -1.283810141941721383e-02
-1.934533468678319679e+01 2.818929988796906039e-01 -1.764925440670239709e-02
-1.850663093845579965e+01 9.885432843367425448e-01 -4.824503465266911206e+00
-1.983197253783563241e+01 3.171232121794869130e-01 2.234897899617244832e+00
-1.931361844277808615e+01 1.063330901184833532e-01 -3.445355135293457494e-01
-1.932413075052121698e+01 8.329765282612579258e-02 -4.162468830076306858e-01
-1.931576113331869848e+01 8.845511961470410578e-02 -3.927820903179277678e-01
-1.931420363785499106e+01 1.151206353039345986e-01 -3.088786096909750256e-01
-1.930019549462720008e+01 2.506842035548660919e-01 1.739433419553684246e-01
-1.928063403181589663e+01 2.498583250788293242e-01 -3.754968946974734934e-02
-1.931492687682868237e+01 1.052518959812033805e-01 -3.411332193059450901e-01
-1.921489619705631924e+01 5.605135990878905572e-01 1.872239629256533533e-01
-1.924885463232637761e+01 7.699864192762424508e-01 2.469466054071531858e-01
-1.921843411315236949e+01 4.907560406051842961e-01 2.503054972251010923e-01
-1.930838204756354060e+01 1.167467926815491802e-01 -3.095391065686783350e-01
-1.931643263652092912e+01 8.948996083230117971e-02 -4.000736404272053903e-01
-1.931002969312881845e+01 1.151367022190632611e-01 -3.186538535190184263e-01
-1.931322438475770298e+01 1.131098441173225139e-01 -3.114539602198274082e-01
-1.931546768775426770e+01 8.875311455404473471e-02 -3.997632977399359078e-01
-1.930874457920180376e+01 1.142619076115734406e-01 -2.955045771916822162e-01
-1.930541926889741333e+01 1.302412576411118850e-01 -2.995995980155079508e-01
-1.915300277037877663e+01 8.980121914599017430e-01 1.777729771589235952e-01
-1.934616223442544936e+01 1.751703173297706473e-01 -2.676024779261485520e-01
-1.930560060782129028e+01 1.246842241111488087e-01 -3.075221756477795054e-01
-1.932021099133051223e+01 8.933350578869977965e-02 -3.929634518781401908e-01
-1.930958994195865230e+01 1.508772854326593527e-01 -2.220355834905891612e-01
-1.909062214615483555e+01 6.217484992017854317e-01 7.674611653195562155e-02
-1.931808268596430622e+01 8.992946348222415065e-02 -3.880352541903864250e-01
-1.931483569924743904e+01 9.027717462891564348e-02 -4.004821693692566242e-01
-1.947592087195104327e+01 7.037699351976035578e-01 3.457952731578229688e+00
-1.949268079945288079e+01 5.978553937032853316e-01 5.225827812234111747e+00
-1.933721768040038214e+01 4.613060851507499310e-02 -5.771561215470573103e-01
-1.931846009996104740e+01 9.012692598801178012e-02 -3.875730503180978559e-01
-1.932337435919308177e+01 5.997263064443347780e-02 -5.284079244909598572e-01
-1.927778892075606265e+01 9.070684058072991940e-01 4.836047329320471988e-01
-1.931687097447525048e+01 9.044626021643249747e-02 -3.924312019876552426e-01
-1.935422398336503491e+01 3.708219743450014150e-01 6.123204192808771040e-01
-1.932645982954897335e+01 5.984838600752471344e-02 -5.271700873516724783e-01
-1.926750010629509546e+01 4.031343471580843829e-01 1.135761794705381078e-01
-1.927631391120453230e+01 3.854365937432688294e-01 1.056460254791780073e-01
-1.931813494236944351e+01 8.624339339561679085e-02 -4.082809880334572483e-01
-1.930963301104509711e+01 1.116043278981576903e-01 -3.284023759909970863e-01
-1.929942625828133629e+01 1.833415431228937187e-01 -1.481072739366187108e-01
-1.929521468759815406e+01 1.973574924455794299e-01 -1.392005016674993101e-01
-1.931939134390750823e+01 8.482158835030557953e-02 -4.100033245932497294e-01
-1.930834556195523888e+01 1.877122033855579963e-01 -1.316210465711513677e-01
-1.931700906212197211e+01 8.627201271175094499e-02 -4.101143990761002556e-01
-1.949440287509626657e+01 5.336069284123308165e-01 4.073808081738047093e+00
-1.945967706589306445e+01 3.435084042172986685e-01 3.420646796942127921e+00
-1.931376678623635357e+01 1.006806617604878579e-01 -3.617324867123965504e-01
-1.931522938869503037e+01 1.011875268775282027e-01 -3.572470081475973558e-01
-1.922863630544209457e+01 5.175693317920468939e-01 1.207229413205794799e-01
-1.911378892513435801e+01 4.585789974333131513e-01 5.315260002036303888e-02
-1.931576358324687703e+01 8.769303159961108762e-02 -4.016621124929198317e-01
-1.932279089901093982e+01 7.076677894727051443e-02 -4.621349491982655877e-01
-1.932208326153540767e+01 7.056135325344459197e-02 -4.717173167844954662e-01
-1.931813690844581544e+01 8.738949894973466193e-02 -4.013172584886746108e-01
-1.928249377779699358e+01 1.851759481292958309e-01 -2.055224663330257329e-01
-1.933128527263391661e+01 1.596001250129658600e-01 -1.875592286945337861e-01
-1.931815277988181023e+01 8.845632434075301198e-02 -3.960190510499668193e-01
-1.929253350877964479e+01 3.169451723358522877e-01 1.322730999635979288e-02
-1.931808288952098351e+01 9.018479529814037166e-02 -3.941773796420200426e-01
-1.931322667761589074e+01 1.041598691471780358e-01 -3.376511891705291646e-01
-1.932115742237470712e+01 7.151450257166161451e-02 -4.700778765039377305e-01
-1.929550497703065659e+01 5.145639477788060967e-01 2.608685681105562537e-01
-1.931918224487694147e+01 1.027895052155530509e-01 -3.193966833358832247e-01
-1.932291623067166597e+01 1.066491014924977609e-01 -3.344457956693798195e-01
-1.931809041647645842e+01 9.258039136154946891e-02 -3.824315344743141054e-01
-1.931730188050018882e+01 9.307716289436830659e-02 -3.817767524435247140e-01
-1.931986851685714512e+01 6.953780821261489054e-02 -4.753081273615862301e-01
-1.931839990574209054e+01 9.358207503291382512e-02 -3.806237646605019620e-01
-1.950787391543653015e+01 4.758500137872825886e-01 6.477945029467299776e+00
-1.931631374928591072e+01 9.771533026069345595e-02 -3.646987345728813779e-01
-1.938123085841535698e+01 9.147541808219901149e-01 6.552359872760348480e+00
-1.931675230504472296e+01 9.207612884161359146e-02 -3.858462328753997639e-01
-1.932740477618046882e+01 6.191145521280680408e-02 -4.949123196969811289e-01
-1.929120748428569243e+01 2.713345318040905063e-01 8.623752723192268377e-03
-1.927151570134535419e+01 4.045595523845103569e-01 8.963713318236287364e+00
-1.931237085489023286e+01 1.024372632962215202e-01 -3.439032861403390484e-01
-1.924254270187505966e+01 6.187580548483204712e-01 2.912584395907558132e-01
-1.921231266169981211e+01 5.855209137206385250e-01 2.552469932058905044e-01
-1.931045661787812406e+01 9.696757817595261231e-02 -3.815011116697828442e-01
-1.932701583037281523e+01 5.987928868832515655e-02 -5.009834251810296735e-01
-1.931648639613867147e+01 9.476891653615568401e-02 -3.774912479542500421e-01
-1.931385315404070724e+01 9.233878626438568604e-02 -3.983156769198483715e-01
-1.911839102555197201e+01 9.729581621211388365e-01 4.105492840461213433e-01
-1.926643576104676825e+01 3.852230635271123305e-01 6.920105522165655998e+00
-1.931539624813982314e+01 9.447309773184289772e-02 -3.775148516915916019e-01
-1.856334849238646356e+01 3.341055278328732836e-01 4.537366725424998748e+00
-1.931674890241855280e+01 9.344358647099551551e-02 -3.787648274823265382e-01
-1.932037591259564024e+01 5.718448366651261022e-02 -5.552748057999696840e-01
-1.931648005437768845e+01 9.678827772164137755e-02 -3.634483317878771658e-01
-1.931474031572748373e+01 9.665876148240643007e-02 -3.749627617014308356e-01
-1.930153592901035609e+01 9.685052456913836871e-02 -4.228746591999552606e-01
-1.931720634720915797e+01 9.363623134863026387e-02 -3.808272962290821795e-01
-1.931723336061292429e+01 8.346622122732139104e-02 -4.195309896195595911e-01
-1.931431290937289447e+01 9.499176315630301903e-02 -3.812846368214550807e-01
-1.932345213267349138e+01 8.294512997827747924e-02 -4.104946256796164761e-01
-1.931411697237755476e+01 9.715812404713154715e-02 -3.808743055481418338e-01
-1.929998303368895662e+01 1.420668774839539128e-01 -2.141077043943973024e-01
-1.931424105406312464e+01 7.588991358333103954e-02 -4.652004979793602502e-01
-1.931756241335244795e+01 9.356830968681800753e-02 -3.772506758583205055e-01
-1.931946707358293835e+01 9.318225002835361925e-02 -3.547571870260419757e-01
-1.931844607460438468e+01 9.416622554700632142e-02 -3.753961853185874276e-01
-1.932884193820582652e+01 5.929412997722250528e-02 -5.369118480567642848e-01
-1.929489829162706016e+01 1.053475936140449154e-01 -4.095609683294707537e-01
-1.927224383669253527e+01 6.965651434577040391e-01 4.075119159058981921e-01
-1.939349429569916339e+01 2.332256542443428560e-01 6.438192130711293260e-01
-1.931584759397842532e+01 1.251387704523151123e-01 -2.807897720206433689e-01
-1.997726092751898364e+01 1.595044910923144321e-01 8.625544023072794886e+00
-1.930516654974598723e+01 1.035775630092744676e-01 -3.055462502191641505e-01
-1.931589054396570049e+01 9.223480508835757430e-02 -3.853118782360347438e-01
-1.949001434228278384e+01 3.385301194040692963e-01 9.670526939969779079e-01
-1.930770116960662719e+01 1.219679394829524532e-01 -3.175525994399830410e-01
-1.931094186666155110e+01 1.233760203709593217e-01 -3.032178005897847584e-01
-1.930199733345488156e+01 1.403007073476942312e-01 -2.569572804215223272e-01
-1.931667494100046412e+01 1.420180982115978596e-01 -2.474297063460504376e-01
-1.934956653854575137e+01 4.436181571809472146e-02 -5.920237509819425981e-01
-1.933072069803344917e+01 4.514530591247752078e-02 -6.146437398343458369e-01
-1.851282953883007565e+01 6.557123720402353584e-01 -6.200739959042913974e+00
-1.931147151675511964e+01 1.394422569562626668e-01 -2.440797095543221218e-01
-1.931409079985733257e+01 5.860504688871420037e-02 -5.945484571040875466e-01
-1.929639915988721555e+01 2.051654690075772614e-01 -9.591022463506959639e-02
-1.932068110235206149e+01 7.140032317538168305e-02 -4.644357026015999423e-01
-1.933828500200682399e+01 4.748671978769267166e-02 -5.819543048214299574e-01
-1.916082705180766865e+01 6.837775360808157066e-01 1.393516349522219144e-01
-1.932007696959862031e+01 7.371540554461952777e-02 -4.620778800276497122e-01
-1.932805180790434108e+01 5.395644391283296176e-02 -5.575421303052028321e-01
-1.948187006965474666e+01 8.004138542795978806e-01 4.653852041422375407e+00
-1.927890190733685927e+01 4.941379069431062199e-01 2.936304862082490530e-01
-1.925425478065512763e+01 8.783986597266535412e-01 4.024207827183676756e-01
-1.931831832914503266e+01 6.154161180322700875e-02 -5.039796238253604344e-01
-1.955074360596973904e+01 1.389558295101194219e-01 7.543525847898571612e+00
-1.932932904954981979e+01 9.917473730112762453e-01 4.416872716949473698e-01
-1.924878077082495409e+01 9.994999841919816053e-01 4.974153183668477141e-01
-1.932045410850148315e+01 7.576245401589588868e-02 -4.492664659253335913e-01
-1.931965305143776135e+01 5.524273955893541782e-02 -5.564417036677546946e-01
-1.943182421835983220e+01 4.123183048740619583e-01 6.494251680881731659e+00
-1.932704777308397937e+01 5.371103291635353355e-02 -5.616148337172717220e-01
-1.926282269475129283e+01 5.312276500738311036e-01 3.147561872096567015e-01
-1.932047702631320263e+01 7.742464808571276891e-02 -4.438993975337037767e-01
-1.932066783596332726e+01 7.725189551641166441e-02 -4.416507409470664669e-01
-1.931456698495440349e+01 5.657318304046474178e-02 -5.454157655919580350e-01
-1.931957957944045390e+01 7.703299254365558735e-02 -4.463648855966901863e-01
-1.932379799777013574e+01 5.232795553467067123e-02 -5.752315366527778195e-01
-1.929022261333487975e+01 1.677616817559554954e-02 -1.031361724704384031e+00
-1.935353069302917106e+01 2.251734625032817197e-02 -7.975120493762943852e-01
-1.931769126060530795e+01 7.858099084941523593e-02 -4.426194238373053480e-01
-1.946956431585267211e+01 9.903406361966647919e-01 2.635725132484211031e+00
-1.931747029860066789e+01 7.959411698767551724e-02 -4.403630572361336704e-01
-1.930909857651495543e+01 1.538647054226822963e-01 -2.105739833763404789e-01
-1.931942389990556919e+01 7.849559162805123946e-02 -4.364276943536928854e-01
-1.930595099662517811e+01 1.546471665617666080e-01 -2.263468774266428341e-01
-1.935606496086748152e+01 3.607149877133613430e-02 -6.342316143226174319e-01
-1.932121458890617660e+01 6.326983635443481080e-02 -5.078789727296069145e-01
-1.932314610295939872e+01 6.424610395045175781e-02 -5.027242217561465054e-01
-1.926666426609420668e+01 4.973191572052141352e-01 2.305926343392883382e-01
-1.933147729895533828e+01 4.266431539571970133e-02 -6.115308716014311585e-01
-1.912367951634266916e+01 2.311666956978939425e-01 -2.670719375261896289e-01
-1.931985108842603083e+01 7.897185194968558974e-02 -4.354853627003780758e-01
-1.931939211325406447e+01 7.912571577343890938e-02 -4.367211807888278230e-01
-1.931805869000886489e+01 7.939436580010524047e-02 -4.384058503738330614e-01
-1.931866987065000174e+01 7.871763042884159789e-02 -4.387571586786371824e-01
-1.940988750557660936e+01 5.131208327751382026e-01 5.077042001632232626e-01
-1.933121696311906490e+01 3.980715258511047239e-02 -6.497103494404168345e-01
-1.931031899398119478e+01 1.221331875728141197e-01 -3.029319014074758343e-01
-1.932052544789401693e+01 7.031342595633989501e-02 -4.795014973650353340e-01
-1.931835408680903754e+01 5.546018566335748912e-02 -5.578928060419663382e-01
-1.968390533670586251e+01 8.127997222628540186e-01 4.745782397794862106e-01
-1.931803399083210948e+01 8.061121712350653723e-02 -4.325794128539577343e-01
-1.931787766580526267e+01 8.122248716017739512e-02 -4.293624856123656741e-01
-1.852109358710229259e+01 4.992504103603960797e-01 -9.727576629623975180e-01
-1.932036693608427669e+01 7.180648980558498873e-02 -4.695530236975233862e-01
-1.932180338681182619e+01 7.100240682086504662e-02 -4.705083278055894880e-01
-1.932122748084053754e+01 7.099769618260029502e-02 -4.708663989543619977e-01
-1.931322969043561244e+01 1.461510440470558669e-01 -2.305692278505855342e-01
-1.868428830783805239e+01 4.453596568963318347e-01 9.591561504400097249e+00
-1.913457738486690474e+01 5.443494126895594976e-01 3.886219696767305720e-01
-1.922085148730906212e+01 6.652025712055088802e-02 -8.644806912139539889e-01
-1.931275421804093639e+01 1.706498104854647369e-01 -1.549818363454029679e-01
-1.945334142721374349e+01 2.989791237554261794e-01 5.635307474166673103e-01
-1.931748885356392620e+01 7.389633340352694257e-02 -4.670117488940501715e-01
-1.931775345812296507e+01 8.380937216603170925e-02 -4.189220107565176932e-01
-1.931663632147381904e+01 8.337052560751610775e-02 -4.206578129722657877e-01
-1.931060330663314417e+01 1.235973557279793772e-01 -2.883048916129880013e-01
-1.933177172030401536e+01 4.192602251288082837e-02 -6.428083662503976115e-01
-1.932162697319531475e+01 7.438543355488602682e-02 -4.544858162015668057e-01
-1.934066185038009422e+01 4.315733359260953694e-02 -6.260032811096341021e-01
-1.931928160900751479e+01 7.433116159944593015e-02 -4.593510370200757365e-01
-1.855340780850408677e+01 2.171833093084867272e-01 2.536865594744826424e+00
-1.938788393117282283e+01 4.172823801729230730e-01 1.141072688095853493e+00
-1.933183598407967807e+01 3.705989615252747865e-02 -7.102696828969428111e-01
-1.931785049053709358e+01 8.230398032698811595e-02 -4.257091041028768785e-01
-1.932000003694974666e+01 7.807974994166097527e-02 -4.459374856798365983e-01
-1.931941904361629270e+01 7.736381666567000714e-02 -4.440449757765065897e-01
-1.931887423170831042e+01 7.785761191569819106e-02 -4.404763880845568025e-01
-1.933591425089709048e+01 1.226900778172076434e-01 -2.621496290119935679e-01
-1.932020230317349885e+01 7.634952454575362479e-02 -4.460344640839082331e-01
-1.927603643566757441e+01 2.548190397902430626e-01 -9.387074501203329646e-02
-1.931853169840206164e+01 7.905280877472894985e-02 -4.355188623804053805e-01
-1.930920749615841459e+01 1.212701173985217817e-01 -2.960986415985029652e-01
-1.932744065361978869e+01 4.831651854597788370e-02 -5.475044019413477514e-01
-1.931957731555290536e+01 8.011388625355557458e-02 -4.298587506414150994e-01
-1.917107374333440006e+01 8.404685780655687388e-01 2.589076502391822743e-01
-1.932519356269816768e+01 6.067746434286147572e-02 -5.243649164307147004e-01
-1.962000967280451036e+01 7.287411614195271614e-01 6.281956834389248456e+00
-1.931114529976413152e+01 1.209482130804340333e-01 -3.015916861820766570e-01
-1.943048185213655543e+01 6.450686075804865638e-01 5.382196242168308942e-01
-1.931301877090434971e+01 1.201403976711026694e-01 -2.941979921813384635e-01
-1.944844550506702063e+01 7.979745139714734536e-01 3.427998561896714591e+00
-1.931445607938674769e+01 1.309072003247427063e-01 -2.781884393028342117e-01
-1.931985857217977909e+01 8.000295755942712916e-02 -4.321793720420341600e-01
-1.932458524958829571e+01 6.482401837092735541e-02 -4.948178751616580939e-01
-1.931833079570763445e+01 8.016606395514251637e-02 -4.272134200822446104e-01
-1.927856711368606923e+01 6.389186355261669559e-02 -4.717756762762803646e-01
-1.930326591493773236e+01 1.288912902872938748e-01 -3.039415357712407229e-01
-1.933556892119470660e+01 4.026961151064138017e-02 -6.354674512302231904e-01
-1.924472988736793155e+01 1.870007129429361870e-01 8.431174414791755112e+00
-1.928737947842026301e+01 2.107614068383424355e-01 -1.234139253301993477e-01
-1.927213944041070093e+01 2.103554902175752972e-01 -1.160358974253448139e-01
-1.931433289672442655e+01 1.041862542772026418e-01 -3.458498086424999229e-01
-1.923618265836758567e+01 4.252226542865634729e-01 2.320484453632882804e-01
-1.931203684488846051e+01 1.041602786125572916e-01 -3.483443652659570233e-01
-1.932047376883017265e+01 7.931777594302297230e-02 -4.330116932189618240e-01
-1.931504703466484685e+01 1.048276891344098044e-01 -3.427646015861363082e-01
-1.931988873460047884e+01 7.940432369242735045e-02 -4.374657885306429961e-01
-1.990536312697764387e+01 6.101613773416131314e-01 1.212830938541523906e+00
-1.877856520392488449e+01 2.390226927577767668e-01 3.816626446764729508e+00
-1.932141175853589132e+01 3.473900400259368609e-02 -7.196767868107283306e-01
-1.940711809334684901e+01 7.164155981773195903e-01 4.376054146206914908e+00
-1.944861005551495836e+01 9.162052944893960271e-01 7.219581361152041410e+00
-1.929509465378308519e+01 9.321836872039481747e-01 1.538101190096668347e+00
-1.931412978975122030e+01 9.947476845525629607e-02 -3.631086078443299670e-01
-1.935415205403704419e+01 3.176343022921392367e-01 7.009864166518269712e+00
-1.931883768921533928e+01 8.245762203795874157e-02 -4.198597058472941512e-01
-1.930422159057259535e+01 1.213795736317710011e-01 -3.030307206720337376e-01
-1.931437619854495580e+01 9.285339805942312286e-02 -3.845575999006136669e-01
-1.931907727863712410e+01 8.268846088024481289e-02 -4.238419774854520483e-01
-1.922482165397529741e+01 6.572772072316593883e-01 2.040992797401059988e-01
-1.922627953953871582e+01 6.975945158883822828e-01 2.692890432438463932e-01
-1.931304836208197528e+01 1.167147630326281771e-01 -3.173234214160700617e-01
-1.807640317861530832e+01 3.748625152981759356e-01 7.479028881198068746e+00
-1.913406715684069681e+01 6.343767476903741098e-01 2.158744966943988430e-01
-1.932446572382515626e+01 6.179161585597862244e-02 -5.181092062868888348e-01
-1.933003158448702763e+01 6.372725234449713727e-02 -4.956366518091215312e-01
-1.931795897559395669e+01 1.158736809272998547e-01 -3.132589312680948979e-01
-1.932008667329384366e+01 8.813030166822484468e-02 -3.958628731446083293e-01
-1.932627374509647211e+01 6.963509891709015465e-01 4.559886411603688572e-01
-1.930540168013189728e+01 9.036114360073801977e-02 -4.178275271190692308e-01
-1.932359771030893825e+01 5.415082884383567302e-02 -5.696639919092056914e-01
-1.932241524168065538e+01 8.586855544766261450e-02 -4.017773924915051253e-01
-1.930379160029762886e+01 8.213872315515186040e-02 -4.774432055105428674e-01
-1.933181213190339776e+01 5.456879407619442957e-02 -5.305246384014647987e-01
-1.931585371127863127e+01 8.724494172108487877e-02 -3.949859624080609422e-01
-1.931643091367426734e+01 9.072857881209325792e-02 -3.966156989723170767e-01
-1.931555354397559299e+01 8.359507549819455985e-02 -4.207789156393619834e-01
-1.931600215494576389e+01 8.826013469104367071e-02 -4.032094469925375790e-01
-1.931718771017563085e+01 8.807261501121717295e-02 -4.017472203478646975e-01
-1.942464033433910231e+01 4.394735136846273371e-01 5.168182912700656217e+00
-1.933462670069035383e+01 4.359988719787766254e-02 -6.083430852225237828e-01
-1.929689536310624121e+01 1.473758292644242185e-01 -2.503741525303642135e-01
-1.931854813730055298e+01 5.416476970783187794e-02 -5.803170029202693314e-01
-1.932047677728500545e+01 8.271791686856018455e-02 -4.176077740972985453e-01
-1.867042617528001358e+01 9.440506032642647094e-01 -3.498403891150354994e+00
-1.971132574487611677e+01 5.433219095269947729e-03 6.437815835063489089e+00
-1.931625803083741033e+01 8.824442965300195729e-02 -4.027447879815717613e-01
-1.930251774458841751e+01 1.124381574341984935e-01 -3.473688609878582412e-01
-1.930520200858691027e+01 1.179407104795545669e-01 -3.070516201058826056e-01
-1.931969888020011794e+01 1.136960051527734217e-02 -1.119889189853953582e+00
-1.933693274796336681e+01 1.731782548136174410e-02 -9.718276423858682733e-01
-1.908481712742646863e+01 1.171966734378728781e-01 -6.917073145158436631e-01
-1.931684188182240902e+01 8.422884645363264144e-02 -4.199829832745756164e-01
-1.928748084756116299e+01 2.601536771134041470e-01 -2.046653873375170463e-02
-1.931698732988075662e+01 8.948067380227410494e-02 -3.949116536863215288e-01
-1.933130673282785494e+01 8.700277603355155431e-02 -3.708997969803782269e-01
-1.931848214587069279e+01 8.106210383649677109e-02 -4.314432777482171133e-01
-1.931719920954746783e+01 8.211714047630472302e-02 -4.322260483436810574e-01
-1.931822419397266444e+01 9.623752262297544102e-02 -3.669440802350933950e-01
-1.932145414389952975e+01 8.027316980113916034e-02 -4.420206794111027904e-01
-1.931564574138201706e+01 1.007942975295520877e-01 -3.543787169205394605e-01
-1.931701940530886219e+01 8.640148147564558068e-02 -4.101450696299586696e-01
-1.932703462383398829e+01 9.472849760151733078e-02 -3.112373640514860540e-01
-1.932165229333558898e+01 8.967427356565030316e-02 -3.833698555523987750e-01
-1.931912571903103171e+01 9.229691737999258516e-02 -3.756430571443090116e-01
-1.940104874339677465e+01 3.184075142607359354e-01 4.792105994746158615e-01
-1.931898128357180155e+01 9.575565808125877099e-02 -3.704797957803211972e-01
-1.932063802517111029e+01 8.035399401007922715e-02 -4.324701974985725172e-01
-1.933447766457443961e+01 8.802782311021939421e-02 -3.408644314706652523e-01
-1.950268792645984917e+01 7.327572832560207416e-01 2.154216331911911197e+00
-1.930847111158514551e+01 1.384298681681606080e-01 -2.450033919625305145e-01
-1.931893329490180022e+01 8.711460712189603162e-02 -3.991580199287856345e-01
-1.932007487746533059e+01 7.660052555058993740e-02 -4.679409064772244164e-01
-1.931746043878645480e+01 9.487931460156871777e-02 -3.757310207176534078e-01
-1.931919409314133418e+01 7.234903596664712944e-02 -4.689198093261577327e-01
-1.946469822612724343e+01 3.923547004097347607e-02 -3.044024261609408200e-01
-1.930047653376861660e+01 1.370291658354640674e-01 -2.790875901156670835e-01
-1.931755120902600709e+01 9.071424346886555745e-02 -3.927495249135173339e-01
-1.931509020641624019e+01 8.570204475319828652e-02 -4.214978188905771361e-01
-1.931986426131475554e+01 8.245230786436434645e-02 -4.245117753649427783e-01
-1.931913771679783665e+01 8.186991996467349320e-02 -4.251034640337785220e-01
-1.931764020132768422e+01 8.285834176118869743e-02 -4.202453022924039772e-01
-1.937492012310492839e+01 7.693322169082492668e-01 5.847276399059845531e+00
-1.926091020627050199e+01 6.751045945538478588e-01 3.349434322457351954e-01
-1.931793734932386641e+01 8.509843823856526324e-02 -4.147077578087881022e-01
-1.931804895075404715e+01 8.516126109699301283e-02 -4.091516222893005761e-01
-1.931389145877440683e+01 1.096349719644073850e-01 -3.254631239444005786e-01
-1.932565617311322370e+01 1.080670083976712076e-01 -3.096329311136951645e-01
-1.927094200471152874e+01 5.194420326468425220e-01 2.649713977352661232e-01
-1.931236555433191171e+01 9.981997055786955009e-02 -3.680503309621752095e-01
-1.931620750408351483e+01 1.250189732860274849e-01 -2.710589720812119907e-01
-1.925098369441140989e+01 2.459720889248177278e-01 4.329304456484194930e+00
-1.952533776963494816e+01 1.233110050100363064e-01 2.149121213348450965e+00
-1.931223389202499874e+01 1.160957161235035145e-01 -3.024199613333937720e-01
-1.931068683120465224e+01 1.270896255563933042e-01 -2.796491587399430045e-01
-1.931998244379462903e+01 7.953454530548330348e-02 -4.318130634766710330e-01
-1.930702215039977077e+01 1.483922375981300279e-01 -2.687797900583479560e-01
-1.932702983563370935e+01 5.471952208711403642e-01 2.346715759596772699e+00
-1.932390602024681314e+01 1.287608274388923613e-01 -2.817894413561461420e-01
-1.931504845902054512e+01 1.087511464989809884e-01 -3.304850761774833501e-01
-1.931998029810794648e+01 9.291618042922880627e-02 -3.688732050176568578e-01
-1.932364895147273032e+01 9.192410214279916891e-02 -3.435137503535017345e-01
-1.944268279824934353e+01 1.941664600759076265e-01 1.432535492533178356e+00
-1.931043818780193533e+01 6.071136721197972763e-02 -5.575166922887095922e-01
-1.932112694566718503e+01 9.769611340449660397e-02 -3.517442655129698892e-01
-1.931758615693004799e+01 9.042244024146917081e-02 -3.937149720443091638e-01
-1.919243847166683281e+01 7.039867938090076382e-01 3.535090215294616200e-01
-1.937303312110394415e+01 6.749020418678057520e-02 -6.363263545815200928e-02
-1.930183430541968193e+01 2.090241191358178097e-01 -1.377116515572325284e-01
-1.932671199533214335e+01 1.587961790161033504e-01 -9.234749513140094734e-02
-1.932065056369368250e+01 4.325216532678610726e-01 4.827343538996597516e+00
-1.940362071396717525e+01 5.207913529409289310e-01 5.306272139508703134e-01
-1.927300456859480704e+01 2.996760387608765619e-01 1.703068306283483935e-02
-1.928714408552961146e+01 2.662483281647588518e-01 -1.343131026453470156e-02
-1.931797858924210942e+01 9.366789244535347891e-02 -3.757700658441933683e-01
-1.928465542568501334e+01 2.649908001152505577e-01 -3.047360796877107703e-02
-1.931714195686429747e+01 9.302318762955548437e-02 -3.801888475715493598e-01
-1.931070477204446689e+01 8.083182465665403327e-02 -4.338109910273733050e-01
-1.930494933469153196e+01 1.984704540609909251e-01 -1.277094699199032846e-01
-1.932361736932278617e+01 7.956832971172188296e-02 -4.212586689735822176e-01
-1.930152205569940094e+01 1.938845846699998043e-01 -1.397280798720803574e-01
-1.944589920779063874e+01 9.763402606965234654e-01 9.638123743109439090e+00
-1.932083770524684851e+01 8.150228101124686042e-02 -4.198851639828067306e-01
-1.931819682055920495e+01 9.412388479504189831e-02 -3.732983839496100131e-01
-1.929403177610313946e+01 2.131475938677525883e-01 -1.143641002465187739e-01
-1.931482579774982966e+01 9.504253886884755920e-02 -3.751357659605645267e-01
-1.966399742126498396e+01 7.039566479014802702e-01 9.235284181265441816e+00
-1.932111328703849651e+01 8.246377020734479979e-02 -4.185673989654485894e-01
-1.931974834518919693e+01 9.147208012466324922e-02 -3.775233499649122137e-01
-1.931800410612648378e+01 8.046216110021205126e-02 -4.344812314852450896e-01
-1.945766937816216924e+01 5.601002956146481498e-02 2.360345162137424069e+00
-1.931824061995451203e+01 8.139918294154312173e-02 -4.310876102352505512e-01
-1.928664304543130470e+01 5.483100808892930889e-02 -3.753596538089549739e-01
-1.926787498543635024e+01 4.614669046912009409e-01 1.390274822602481919e-01
-1.931971260815081948e+01 8.309032538037035287e-02 -4.188402707728435814e-01
-1.924641716114889789e+01 5.864758194039646488e-01 1.033239599250746821e+00
-1.931877423861659793e+01 8.853562785735948071e-02 -3.970450102613973797e-01
-1.818586655489799142e+01 4.290439357206444204e-01 -8.749404938199544901e+00
-1.931324490847064723e+01 8.423388411963857181e-02 -4.249217568366301379e-01
-1.884005632605342839e+01 8.329627915207542532e-01 7.485194535277361894e+00
-1.945022494168322069e+01 4.102689601822420706e-01 5.464511616276549688e+00
-1.929601018746284069e+01 9.595255066354101414e-01 -5.412777781081892670e+00
-1.944586947661130338e+01 8.591800872665991129e-01 4.879093838351327150e+00
-1.931906584676918115e+01 8.917514966593358128e-02 -3.945207732763265085e-01
-1.926661379240827543e+01 9.776711250214793480e-01 5.177090631190033321e-01
-1.933318324653533793e+01 4.307162035987740362e-02 -6.194217354326312375e-01
-1.933339260623325728e+01 3.926454515708607818e-02 -6.424862644097970588e-01
-1.930386330572371989e+01 1.950127543961494847e-01 -1.235399526168787787e-01
-1.931127921466693920e+01 9.432311930435205438e-02 -3.918868226323155568e-01
-1.932222247741403720e+01 7.651726423234886387e-02 -4.493456767715837685e-01
-1.939436063714812519e+01 1.562062594580533870e-01 3.187068880604826404e-03
-1.931183994049874997e+01 1.528910392608235080e-01 -1.911218461895565213e-01
-1.928508002567413016e+01 2.244100745587223888e-01 -1.003647154044564616e-01
-1.929347075311875770e+01 2.167816762854372636e-01 -1.026773787533930005e-01
-1.933105455318184340e+01 3.155731772202714086e-02 -7.330997069005231737e-01
-1.932000267015608230e+01 6.671403839968288729e-02 -5.010331427665057902e-01
-1.930456604152278643e+01 1.561663085174233578e-01 -2.141109171525226174e-01
-1.932093330171332113e+01 6.784403044984224640e-02 -4.989637670181874540e-01
-1.930888255631019135e+01 1.562585660634041584e-01 -1.870763254992660052e-01
-1.931452394059238387e+01 9.214067524802518894e-02 -3.901082117420955342e-01
-1.933649024360310165e+01 6.490041281350469871e-02 -5.221925561318769837e-01
-1.932243620972643683e+01 6.807197332609610241e-02 -4.825562512649241853e-01
-1.932311938572613030e+01 7.055385004753451927e-02 -4.673410655895118282e-01
-1.932575934792467010e+01 5.756808422731113373e-02 -5.344355775411813170e-01
-1.931518048722301373e+01 3.681126169247826707e-02 -7.223291257998774029e-01
-1.932141669955180774e+01 3.723412718667413329e-02 -6.980998888429112981e-01
-1.933477872980312640e+01 2.859086076487202602e-02 -7.439435750628664579e-01
-1.933394967615636872e+01 3.030992195608316064e-02 -7.324593847162859106e-01
-1.933006408719955260e+01 3.163071426684525844e-02 -8.462863028833567114e-01
-1.931592794329952412e+01 9.237202128057550587e-02 -3.894452348312622547e-01
-1.932666882550774901e+01 8.421716352042676879e-02 -4.113917345868340902e-01
-1.926373442193061436e+01 4.231041874611803366e-01 1.129637289896709973e-01
-1.932215794334406667e+01 8.160458855644349419e-02 -4.168865153495957543e-01
-1.932406166676749137e+01 3.475241967552453182e-02 -7.293224256657051541e-01
-1.931640408758705973e+01 8.421170989928011830e-02 -4.184785531230819089e-01
-1.931529934492273881e+01 8.340960156409840676e-02 -4.185336910917172304e-01
-1.932051003643599074e+01 6.835734963432781031e-02 -4.780090715948617230e-01
-1.932330258406460644e+01 6.568453788546314842e-02 -4.885303354427854572e-01
-1.931760986863530505e+01 8.108021732327887199e-02 -4.281470997215333085e-01
-1.931774533950774142e+01 9.284640294960701257e-02 -3.819544596871242703e-01
-1.926839932046748061e+01 4.118699582650264257e-01 1.145381267195588748e-01
-1.949824209485571558e+01 7.091224040393167005e-01 9.024094159486050870e+00
-1.932233849107992540e+01 6.929626438828462298e-02 -4.961314753010110934e-01
-1.931876128575498086e+01 9.154941957346537929e-02 -3.846119927687734474e-01
-1.931900375206915399e+01 8.522544577060865711e-02 -4.113498557257582178e-01
-1.931958759234340661e+01 7.261678014420443195e-02 -4.615945343932761347e-01
-1.929469368073196733e+01 2.780995107194499383e-01 -4.084626290519821623e-02
-1.931779978615704252e+01 9.005876657920074135e-02 -3.897511357639373841e-01
-1.931601575705294138e+01 8.979599958150283334e-02 -3.937931429478904732e-01
-1.932268988029807133e+01 8.535764060720937851e-02 -3.949508053390591300e-01
-1.931355243304479785e+01 1.015572813347631748e-01 -3.587322565995574308e-01
-1.931808834032024436e+01 8.914088979206052921e-02 -3.980000362344906506e-01
-1.932018337549803633e+01 8.844354522686839748e-02 -3.942875964800105493e-01
-1.931539115058100364e+01 9.796798929885010276e-02 -3.659052059692022851e-01
-1.932059320075363473e+01 9.420367577661954706e-02 -3.419449953832316424e-01
-1.879396455018237333e+01 3.911161679828651927e-01 -5.965230662753917557e-02
-1.932253641098155583e+01 7.338508830967543917e-02 -4.567255454817189531e-01
-1.924913307941735141e+01 8.954745868024993616e-01 4.683049466821209705e-01
-1.931832740547330118e+01 9.464838663435731769e-02 -3.737419186450274822e-01
-1.932207160123002510e+01 7.186054847298969928e-02 -4.628153662907532606e-01
-1.930728491068123631e+01 1.021502782071627285e-01 -3.591732222938865959e-01
-1.924786259166194924e+01 2.850650837533378890e-01 -1.526703849967177007e-01
-1.931442212446460616e+01 9.490196893149183133e-02 -3.828656338313418672e-01
-1.931502769674976605e+01 9.744806398911019796e-02 -3.668319440308120960e-01
-1.931233416604639430e+01 1.097098571989881671e-01 -3.302692099419779481e-01
-1.945264707244899327e+01 8.889256028688495848e-01 7.042317072424829405e+00
-1.931542550987069617e+01 9.965339842597087383e-02 -3.606709230787394915e-01
-1.928824172281623817e+01 8.181856508050650012e-01 3.929121529462946683e-01
-1.929877837679240571e+01 1.277139964883581835e-01 -2.844566760611204614e-01
-1.930292930495874160e+01 1.608613755119434607e-01 -2.000804502966406773e-01
-1.931728334090452748e+01 9.140797451751501990e-02 -3.877575479797652491e-01
-1.930569980889331561e+01 1.371262440462456544e-01 -2.619468144956336175e-01
-1.929877248713298599e+01 2.535963949492491820e-01 -1.115108483985594034e-02
-1.931767000321545424e+01 1.513137590070407212e-01 -1.940952277095799872e-01
-1.918202085958532876e+01 5.427528656807147911e-01 7.142633252101209251e-01
-1.930541691164286888e+01 1.593622269536962843e-01 -2.178140633975260698e-01
-1.931547417191324811e+01 8.857667691693182910e-02 -4.054921404119546935e-01
-1.922533871438912456e+01 2.508965207314489687e-01 -1.313318679525341537e-01
-1.931728911462629483e+01 1.513543837709677986e-01 -2.093707173395262799e-01
-1.936132182890275999e+01 4.323809918411469777e-01 3.063971671660024043e-01
-1.931588180702449264e+01 8.863244578379904370e-02 -4.031673841086913512e-01
-1.945116943620589467e+01 1.020886437139007785e-01 3.303657337949124084e+00
-1.930865195994299555e+01 1.232922620128105995e-01 -2.959817736955443479e-01
-1.924648890642358978e+01 4.694183661500090921e-01 -1.466646867873500071e-02
-1.928728200573956997e+01 7.648485901351935734e-01 4.383645634752451059e-01
-1.931194915521507127e+01 4.562653213110524630e-01 2.721849417197734766e-01
-1.931781975392709683e+01 8.961399585953150337e-02 -3.916020410187428524e-01
-1.927115195650885227e+01 5.479448063693606041e-01 6.144713994475274887e-01
-1.861363954333776505e+01 8.806052207413297417e-01 -2.730555055926453534e+00
-1.920733904119149571e+01 4.282952394830146226e-01 2.748845924196672286e-01
-1.910230365495440452e+01 3.688401860593520931e-01 2.122083065734180707e+00
-1.908990371146800413e+01 8.501968974214264563e-01 -9.970135511030537856e+00
-1.869964077597722607e+01 4.580716723491229381e-02 2.257558466937569008e+00
-1.949222290611930575e+01 4.407151541293706787e-01 9.878244110776257969e+00
-1.937563188918655754e+01 5.914158843188067616e-01 9.899512344220475768e-01
-1.931282129819638271e+01 1.185456297592890063e-01 -2.952608706254817861e-01
-1.999901417807976856e+01 1.415817634730949237e-01 9.592289842860374449e+00
-1.931622227091961363e+01 9.420864333860186346e-02 -3.802932921062627258e-01
-1.928692409884835968e+01 1.953721606678626155e-01 -1.552964747638956311e-01
-1.873939897934438292e+01 1.671010424538091343e-01 -2.906229538182197203e+00
-1.929075801464906093e+01 1.591167163471242374e-01 -2.188913290057534766e-01
-1.947250702417348478e+01 2.740776221269117241e-02 3.110682599121616931e-02
-1.927995822853965535e+01 4.375725973041091343e-01 1.691835166599471307e-01
-1.931374237520024195e+01 9.765055212107578986e-02 -3.695500595179463943e-01
-1.933294914050615176e+01 3.481587748873113952e-01 3.620579668749659419e-01
-1.935758508972750036e+01 2.770045885784315209e-01 2.350016235334937420e-01
-1.931252180653018868e+01 1.534448296676414192e-01 -2.047789301221722980e-01
-1.925749426699374922e+01 6.860874213950269862e-01 8.895302226184817584e+00
-1.927492404772174694e+01 2.154803259176616137e-01 -1.056234574619292488e-01
-1.928877053726207080e+01 2.231531027479173035e-01 -1.106352750270342966e-01
-1.931923945599083225e+01 8.422736123567360622e-02 -4.191837347212743481e-01
-1.931907312175277625e+01 8.385282599154930683e-02 -4.144890841976298645e-01
-1.961577785239087035e+01 3.229303794348572509e-01 7.549338445230208805e+00
-1.932080589581863350e+01 7.830526592194558821e-02 -4.368787558775135693e-01
-1.931497657966755455e+01 8.329666855162670691e-02 -4.204304420441644652e-01
-1.931792478641498079e+01 7.835940887072934125e-02 -4.368834698268386774e-01
-1.922693032903807264e+01 3.611586080122505815e-01 2.086449258401401607e-02
-1.931966636907137058e+01 8.422005401054383222e-02 -4.167564436363502267e-01
-1.930454481650320631e+01 2.098312468305229272e-01 -6.726636462790835935e-02
-1.929280225191979881e+01 2.167013934139894182e-01 -9.453406987084278512e-02
-1.928054741184537590e+01 3.913606885454107287e-01 1.541504521246146453e-01
-1.932511803233362002e+01 7.690384476648831624e-02 -4.368932426043752315e-01
-1.931852965697442670e+01 8.678964626558080542e-02 -4.067003290684105821e-01
-1.931791576560359758e+01 8.591597322241475987e-02 -4.079720130716122384e-01
-1.931503552369041188e+01 8.095876573018048750e-02 -4.359429813701236611e-01
-1.929675059246617153e+01 7.412651248653667757e-01 3.452208745815070756e-01
-1.941282669723863563e+01 4.116948700810747486e-01 4.523658974315218018e+00
-1.924969759299916205e+01 7.677963132859794149e-01 6.954281081682776033e-01
-1.931764885552858857e+01 8.290640106696149647e-02 -4.200252698853343958e-01
-1.931691708358000170e+01 8.487754901074323621e-02 -4.095719195136044988e-01
-1.930786119915803312e+01 1.435379251606773432e-01 -2.359499210760063193e-01
-1.931949489705560907e+01 8.664742492822420650e-02 -4.035725552726443510e-01
-1.930522435217701727e+01 1.420989218521138131e-01 -2.408740581654527091e-01
-1.931736306098949640e+01 8.998660785363928050e-02 -3.920881627506282996e-01
-1.929832920204423985e+01 1.453815584262717620e-01 -2.374106047470814218e-01
-1.931832159926954162e+01 8.684283241459042624e-02 -4.049739902715572271e-01
-1.931409738908424956e+01 8.582945275073783353e-02 -4.053267587706432806e-01
-1.931690246981736436e+01 8.550569461492986412e-02 -4.145214602040407925e-01
-1.931533080450930839e+01 4.156762213255613680e-01 2.689078249002303522e-01
-1.931387512807963702e+01 8.716204035242229586e-02 -4.176443586801408259e-01
-1.931868510773563941e+01 8.871377134835990719e-02 -4.035622355983932152e-01
-1.930266002162278483e+01 1.902368779812422805e-01 -1.318651355859810081e-01
-1.931877071384808531e+01 8.664387682534266388e-02 -4.056075217099461838e-01
-1.929149166430035223e+01 2.324457511378055230e-01 -5.451841188781436642e-02
-1.931758985951862329e+01 8.509909100933503445e-02 -4.056344934642144295e-01
-1.928899677361745901e+01 2.038382888678211546e-01 -1.401911048462931575e-01
-1.931755891851831919e+01 8.463921702826984750e-02 -4.174423985550266281e-01
-1.931744452609966345e+01 8.432832307228929625e-02 -4.175243682236704501e-01
-1.929676924595948151e+01 1.986206590105389913e-01 -1.398214818648675362e-01
-1.935786010942138091e+01 9.457928212755815078e-01 5.730003450041749602e+00
-1.930573504500753401e+01 2.763821058380555029e-01 -1.039312512223844465e-02
-1.931869382750667796e+01 8.292646117628715841e-02 -4.178109678739776456e-01
-1.929924619076991377e+01 2.134951486123759512e-01 -1.163087992841020935e-01
-1.930067438574457839e+01 2.021574201506380342e-01 -1.324464682764840973e-01
-1.929849513276049677e+01 1.882758297726487562e-01 -1.619670007465536798e-01
-1.922967168453530107e+01 4.902168577451578857e-01 1.107450322850684898e-01
-1.931851750945785540e+01 8.856481631203429183e-02 -3.957428371315518945e-01
-1.931756054464025141e+01 8.330645514219714443e-02 -4.234170551790743531e-01
-1.922516513902290214e+01 8.177768120476951452e-01 2.549229108296575674e-01
-1.930015178175831636e+01 1.827791983976481960e-01 -1.507702030566768769e-01
-1.931859139264721748e+01 8.768600259141201558e-02 -4.029822053465164089e-01
-1.931898281480897239e+01 8.566561109469854329e-02 -4.080423439170601796e-01
-1.954468861002270685e+01 4.521524024125807562e-01 9.395658095156733225e+00
-1.932838812580719079e+01 7.886430672074470904e-02 -4.210888903206626566e-01
-1.929845449649150524e+01 1.833697538234913271e-01 -1.620746744102046222e-01
-1.931152813228942122e+01 4.602693122295393735e-01 5.623964239473004056e+00
-1.909107613000087866e+01 9.380818093199778662e-01 3.198909772549715314e+00
-1.929709104860260993e+01 1.646600659935621436e-01 -1.983623054729957147e-01
-1.931388001183225356e+01 9.236283172734370550e-02 -3.848802037633785034e-01
-1.930564227663445820e+01 1.749643581698999417e-01 -1.710848056541056650e-01
-1.932043849641784306e+01 8.215889597095558938e-02 -4.150281384720848621e-01
-1.931996068497917207e+01 8.940646762349305221e-02 -3.943848865713430740e-01
-1.930311225907505346e+01 1.645161567035061667e-01 -1.940126671409370118e-01
-1.931808793624137977e+01 8.153046783002539100e-02 -4.290039733008157441e-01
-1.832413138722896306e+01 8.305692991061508490e-01 -1.936968966664048608e+00
-1.931649607007067004e+01 9.129169516958079988e-02 -3.867239241783924086e-01
-1.921865536002696473e+01 9.715285917050164866e-01 4.412618029187349578e-01
-1.930127550137708425e+01 1.685757069102105654e-01 -1.862852938406902581e-01
-1.931641164942105249e+01 9.246055438021773265e-02 -3.904079925987531396e-01
-1.931116022181869241e+01 1.679776222251469220e-01 -1.611256790111230686e-01
-1.933166909433493785e+01 5.916454993376359939e-01 2.416504746494680944e-01
-1.930193449238225156e+01 1.542281683324117358e-01 -2.065840905677056583e-01
-1.930769606515440273e+01 1.611570120631100056e-01 -1.929866602822656318e-01
