0.000000000000000000e+00
0.000000000000000000e+00
0.000000000000000000e+00
0.000000000000000000e+00
0.000000000000000000e+00
1.717615981722116613e-09
0.000000000000000000e+00
1.078453479787953035e-126
0.000000000000000000e+00
5.710743606350829562e-16
0.000000000000000000e+00
0.000000000000000000e+00
1.100273021183217358e-05
3.766420552463247267e-12
1.391179513138534987e-109
5.249646792368549310e-10
6.565578668007957951e-05
1.668266886656475756e-10
0.000000000000000000e+00
2.019282673319834088e-108
2.726218585726565211e-03
6.130018962937126454e-70
2.941272036193537775e-05
1.660377444560055859e-04
4.086796083430867414e-13
1.338978270431404327e-01
1.901309555558125877e-02
6.088108761500025425e-03
5.551692209783446463e-01
4.436922296434261392e-01
1.812439299450431807e-01
2.005616168090643478e-05
2.227469978765303977e-222
2.925643848242251988e-01
4.223017388956293278e-05
2.319876048487023723e-01
1.460635162052836312e-02
2.861239277570230594e-04
3.721864451937617058e-01
0.000000000000000000e+00
5.246297597086141407e-04
1.082161839666388389e-02
4.555727361335480396e-01
4.364395615981476184e-01
6.421882342629371687e-02
4.162117556125917717e-01
7.288593229336202961e-02
4.969711278414384176e-02
2.742410433532012082e-01
1.475801381250110289e-01
7.738963058196252076e-01
1.818699335017388190e-03
6.220696237082313784e-01
2.394489644196727551e-01
4.490619403727991871e-02
2.141450608000487199e-01
3.844925510201738783e-01
4.544206036699275956e-64
5.750690552523849558e-02
5.975727921848282553e-02
3.340765217632292172e-01
1.910194419957506739e-08
8.924555032009159894e-03
1.839752385299009974e-01
3.999929919766240932e-02
2.035620686821957952e-03
1.997876770206534203e-01
1.592497366433376707e-03
4.513183891769270012e-03
7.960506390861725734e-01
7.481333811762110875e-01
5.357041532996038857e-02
5.441054382828093328e-05
7.772916469943896844e-02
8.455511441843843734e-02
7.226489931493551783e-04
2.706297224151729686e-01
7.048519683984109940e-02
4.327224749852494508e-03
2.048014810999690058e-04
6.527454451812298103e-04
3.055141598779198791e-04
1.691894553109747016e-03
4.625505574612387427e-03
4.326371601819862904e-03
6.937082969725527973e-04
3.016145847115353365e-04
3.471600477055277745e-01
2.956205778550928423e-04
4.578066364253301559e-03
2.822118675419891328e-04
1.533765057565487228e-02
8.761053773989226912e-01
1.282801456065043276e-02
4.611064774334441285e-01
8.327739038528336746e-02
8.023625680637966884e-01
5.936865272603003563e-01
1.255263321647327756e-04
2.063086051976921187e-01
2.861494614297962558e-04
4.048657234884728839e-01
1.512261794023733209e-02
4.961015967440807889e-02
1.967306211747235078e-01
1.276626714518585420e-02
4.072595988147246354e-02
3.280394514486125097e-05
1.241878748744136146e-01
1.289152887367896671e-04
6.888249065764685082e-04
2.772103159987797795e-04
1.187355055653939185e-04
3.375111018549645513e-11
6.214432886205860417e-05
3.280447518009319438e-52
1.215272279461866966e-04
0.000000000000000000e+00
4.302582919722044427e-05
5.774881572943211820e-38
2.866623579743577581e-04
4.050877105666566544e-05
1.581267146862059322e-03
1.218743497971641539e-04
0.000000000000000000e+00
0.000000000000000000e+00
5.247252724453150829e-01
1.752398287982151576e-05
1.473969182812257508e-05
6.373132548399423631e-04
1.545340600479795093e-03
7.863246536335387338e-02
2.875196930096223674e-04
3.597570983296612956e-01
7.089762255435020028e-04
6.466708862389935553e-04
6.980177180808946142e-240
1.251103945021048386e-04
0.000000000000000000e+00
1.696985335681135334e-32
7.750904087635733504e-51
1.498868445727837230e-05
1.631422063883629947e-05
1.316126473902170732e-02
1.684105157764161920e-01
1.473615770972706678e-02
1.621844042114965702e-03
2.159047353145178150e-01
1.003985910777038804e-01
1.321884469211473574e-02
1.143244438057172824e-01
1.453566561708833672e-02
2.096574819769760900e-01
5.349650710511710816e-01
3.611760574586542258e-15
4.064908420928974725e-03
1.879656885750407498e-05
1.469634638280196245e-05
2.107466499090711320e-02
1.684136936307679749e-03
3.864800268004137345e-13
2.365565866150811679e-220
4.272510134233239523e-159
3.938879162005072453e-27
6.069015448129547741e-01
1.282704844210966840e-13
5.202874418843785043e-02
6.328661710814226716e-83
2.912771702484684769e-04
3.256737933763249604e-01
2.660316317742554282e-01
2.166490935933204778e-252
2.041189445198738172e-12
3.143348372704452554e-01
1.504950201116900283e-05
1.571533769865454669e-05
5.766558801960648177e-45
4.355309452022217614e-05
1.495165073559906813e-02
3.850102073135682618e-02
1.066178837784556663e-03
7.848916329396198044e-02
1.396120323335043809e-02
4.366366755015255174e-03
7.103181472511458372e-01
4.534198615975124774e-02
0.000000000000000000e+00
1.804972439633653891e-01
2.510095946200635646e-33
6.803178230418810455e-141
6.508992260371303124e-171
0.000000000000000000e+00
2.212841135314476521e-40
0.000000000000000000e+00
3.138123201905365645e-01
3.654334624052045788e-01
0.000000000000000000e+00
1.826229817318025250e-01
4.381198215667561624e-02
1.172173776705155233e-20
5.741785253546367596e-01
1.453815741846336051e-15
0.000000000000000000e+00
2.251094740015559259e-01
2.078191560409447497e-05
6.309418176596707786e-07
3.773670116671515142e-63
1.846260707444491027e-11
0.000000000000000000e+00
2.085664543891906642e-01
5.061228283385373408e-03
2.362676250568240821e-01
4.293227157227008802e-04
1.414399634127850810e-04
1.507679447617328887e-03
2.808662982565804617e-04
0.000000000000000000e+00
1.018081274043779461e-01
9.213401378270734410e-02
4.347234174577178402e-03
1.654733053449683466e-02
4.268319216812631670e-03
3.011199013654857759e-01
4.439695081690593972e-03
2.562257386710658502e-01
2.285606015482112841e-01
9.751459909453635833e-02
4.910442627341384675e-02
4.262656590223571111e-05
1.352887720638729606e-02
3.977981517169185688e-01
4.542813799768637834e-02
2.458261436739222344e-02
7.176098273601282367e-04
1.938587906341614997e-05
1.803598814955838477e-230
1.979035706923120419e-01
1.220467690944545077e-04
1.242177458848781199e-04
4.083642268914183804e-02
1.303519325887605163e-01
2.932113156213312982e-04
4.322773628929059598e-05
0.000000000000000000e+00
1.334946119520232140e-04
7.052569421085398606e-04
0.000000000000000000e+00
4.546869391568719165e-01
7.421450118487393189e-192
6.905557274841478237e-04
7.011929008135667774e-01
2.641045442425655754e-01
2.237045615150770050e-01
1.420135752506519061e-04
2.744163598882562067e-07
9.999060956227722591e-03
5.687762116076070518e-01
1.606320116682195863e-03
1.370647397880078993e-04
1.350917930641323480e-04
1.626277529394398041e-02
4.747792730746929618e-02
4.473634883907329912e-03
1.373442942623055946e-04
1.533108398627769722e-03
9.167233679096679910e-02
9.553454064415943525e-02
0.000000000000000000e+00
4.301336323106932057e-03
4.152345989943518646e-03
1.177168078021323372e-04
8.033900397927834502e-02
5.382050934496746680e-02
3.215407320539396263e-01
2.164497781371305940e-01
2.797321010606327197e-04
4.043035937733940139e-05
1.520583530460033917e-05
6.252796152043265387e-154
2.760942976944180021e-04
1.311643060778227210e-04
2.876101991770204647e-01
2.217188061817661869e-209
1.679426273129001760e-03
1.188274636985864785e-04
0.000000000000000000e+00
3.965595167028503537e-07
8.053242810214384360e-06
9.994253432526679817e-06
4.827984038796165507e-03
2.209675227557515720e-01
6.679552705881880567e-04
3.542572694116297161e-01
3.047437878008582013e-01
2.982215719124294284e-01
3.525618014420023229e-04
5.541847102643073786e-01
3.340463391348545569e-13
0.000000000000000000e+00
8.461369281112982386e-20
2.663577383995514025e-01
1.769488398886817915e-01
5.512780962347399796e-03
2.131998967647794063e-01
0.000000000000000000e+00
2.382572383380473502e-01
1.778222585423792912e-01
5.779630093500109228e-02
7.662456777483382664e-02
1.458698811063599554e-03
1.380591054234296330e-02
4.333807574021958722e-03
2.163509144292513170e-09
7.309300860110902187e-01
1.781313036446092457e-01
1.500083976524922648e-05
2.546655585938861766e-01
0.000000000000000000e+00
5.539977826381174003e-02
1.420999643226134024e-04
0.000000000000000000e+00
1.359239250181145211e-04
1.710794780773605001e-02
1.976483832550923747e-01
2.241881663304042217e-07
1.302612515815397033e-02
8.229507948832318474e-06
0.000000000000000000e+00
1.531715155232001930e-05
5.632812202360249010e-167
1.358998404983119135e-01
5.569376335572201843e-17
4.234429862029877659e-03
1.195292888156121565e-05
2.792014799718003926e-01
1.545613823409796271e-02
1.679893926186519200e-03
2.562276780174456264e-54
0.000000000000000000e+00
4.121706705580887166e-05
1.690743636278822098e-02
1.502358217582639756e-04
1.639377667517649101e-05
4.592678549196066440e-02
4.220723499075768603e-01
1.559877479756511523e-03
3.130403558667387287e-01
4.090747999912836171e-03
7.177954616090620465e-02
0.000000000000000000e+00
1.693634882476510173e-01
1.178409882728268112e-04
5.122070668728844201e-01
7.234408275738676841e-02
2.819272896998635630e-149
6.895843718165527159e-02
7.695226706766311597e-01
7.152352081528855487e-01
4.593809975390783680e-03
2.199553608008026628e-01
5.116108785842596873e-01
2.649917825215210576e-01
2.157312231598806085e-01
1.376518672866473650e-30
0.000000000000000000e+00
8.486949837635872698e-03
2.130305984284975862e-01
1.892243122466188143e-01
9.204806754134983032e-03
2.642833496535956228e-01
3.689501081479933022e-03
6.153799889286938329e-01
2.496161016322041547e-05
2.829510565065284188e-21
1.109615331571133474e-49
7.161985493486632836e-09
0.000000000000000000e+00
1.638222399610886614e-56
0.000000000000000000e+00
2.141936624291935765e-01
6.587431610954532120e-04
2.062914382015164361e-01
1.232082257288261780e-04
4.868004981705937873e-01
1.753335656525863429e-01
1.312827725032189836e-05
9.935264221059972919e-04
0.000000000000000000e+00
3.735153252708695161e-194
6.122969608581143871e-82
2.083281371979934701e-20
0.000000000000000000e+00
4.456496294230927359e-05
1.798992667127513962e-81
4.251133530461470578e-03
1.653315130777826408e-02
0.000000000000000000e+00
1.529825361515160537e-03
1.451434428055690430e-02
2.134672090483185552e-06
1.649279676623140569e-03
2.769220532758714286e-04
2.958102466329972030e-04
1.402001964881805906e-04
1.212660398298130460e-04
5.432528195607234656e-01
1.458288589340217477e-05
1.739919449702443017e-05
1.549265926179383107e-05
3.241714910253912230e-01
1.493117580388921082e-05
1.758560698420781332e-01
1.531717773819503414e-03
6.787002168385942438e-04
4.300917196919137701e-05
1.217757579064683983e-04
2.963469380340227020e-04
1.505286956995409778e-03
2.280412016832481792e-01
3.248927123321490584e-01
2.370279573940787810e-01
1.920149227712383277e-01
3.373446153405226799e-01
2.049555207717865812e-01
1.190857328682672414e-04
2.190914055592724508e-01
1.577447541921138657e-03
0.000000000000000000e+00
1.772817009145580547e-01
1.021239546068093045e-03
6.163030914099899144e-02
5.418297281917759085e-14
1.799446028798559359e-03
0.000000000000000000e+00
1.081873899981737885e-01
2.086054002209889770e-03
1.409117686727549738e-05
3.245896633527056875e-35
1.019408520770597934e-11
8.883425366511854201e-03
2.735702480733001701e-11
2.080412837289450645e-01
2.154059123639386342e-01
5.843942001877603424e-18
2.234252874370307342e-95
0.000000000000000000e+00
0.000000000000000000e+00
0.000000000000000000e+00
5.291368630054284371e-11
1.266239738056180175e-01
1.464803979206197593e-01
9.660306366724371596e-01
6.547556891808602175e-03
3.278921898136210114e-03
1.126368083007574704e-12
2.127667258401920169e-01
6.666264891206889623e-04
0.000000000000000000e+00
4.372464938913847576e-01
4.752849219385270052e-01
4.078352113025838187e-03
4.940807237746543124e-02
5.497814836440295157e-05
4.187027622489079040e-05
2.419786727669669124e-01
2.532139116021075142e-51
5.349168809659019669e-02
1.606510608354987926e-05
1.336840621782812988e-02
0.000000000000000000e+00
1.489919311474100455e-05
5.433691965692775482e-23
1.354908656522123115e-04
4.071901640226709162e-05
6.175369706000105390e-64
1.704493061578133556e-04
1.462808901836851628e-03
5.165228433362151726e-03
1.390784788803068001e-04
1.302802095713987882e-04
1.353128994076954912e-04
7.335465293476632620e-02
7.065702122152885340e-04
1.090694761896026377e-01
1.701237029699149278e-02
4.130813724303799769e-03
1.523565587445032884e-03
2.921949347362907679e-01
1.577705581364643756e-05
4.337832682657108592e-03
1.183046522422650105e-04
2.967802939775890858e-04
5.339815729235256742e-03
4.414593649439916279e-01
1.659044693235762202e-01
2.461517858594937380e-01
1.477887146980261030e-08
1.565688778744958373e-05
1.462486445988110006e-05
5.696092687036112545e-02
1.308372097458268546e-01
6.679352274656980004e-02
6.671812074422333919e-18
1.694122514316006613e-03
4.209222309017565319e-03
1.081466855005173802e-222
1.252862343685490210e-02
4.070511852302897277e-03
4.080768613817826752e-05
9.062792083490303536e-09
0.000000000000000000e+00
4.763291435266414076e-01
1.358425886334622620e-02
2.543198383826151251e-52
4.262061748634543012e-01
1.643626610764832654e-08
5.972751132746241649e-20
2.523202051689641401e-01
1.041089873682545658e-02
4.467202310044354197e-01
0.000000000000000000e+00
3.613172529604327110e-01
0.000000000000000000e+00
5.148521632892584602e-238
4.004933186658132249e-01
7.456959225259128595e-100
3.456454063638657592e-01
1.389509841483566886e-06
1.252372099654989676e-02
3.939928210075544131e-05
0.000000000000000000e+00
4.246919518317364641e-124
4.543061438117748652e-01
9.308526864389252142e-02
8.668115131868863460e-43
1.659123880975427271e-26
5.203604007821750060e-02
8.128673665913480062e-02
4.946889373017943070e-02
1.899460953155599104e-03
7.008712122455902638e-02
5.481388845000402243e-01
0.000000000000000000e+00
1.879879901413165910e-01
0.000000000000000000e+00
4.413098682724479055e-02
1.297970951411987935e-02
3.092710725761902207e-222
6.845945383175495655e-04
7.125536136758377865e-04
1.457737718199216494e-05
4.171284784058908656e-05
5.144030206121643634e-01
2.863386730866932287e-04
3.074243800128149129e-01
7.861655917910681524e-01
2.069436235927155643e-01
1.340669928150622994e-48
1.198003219933321557e-04
1.239883227282664532e-04
1.536246331652525466e-05
1.390095680503996118e-08
0.000000000000000000e+00
0.000000000000000000e+00
0.000000000000000000e+00
1.632050277684438488e-05
0.000000000000000000e+00
8.661210125612941759e-42
3.497612200462244491e-07
3.164747384368047753e-08
1.260975304411699198e-04
9.539573298871384388e-02
6.266174109219499466e-02
6.032981497682977923e-02
3.076599339667309965e-07
1.723729073558890879e-01
2.221889986580799503e-01
3.989534268206740113e-03
4.221186627113933110e-01
6.593960101525679897e-49
3.219143601049685759e-15
2.438673733820627687e-01
1.452923923741414047e-01
1.416599699550318697e-02
1.466209077593198145e-03
4.067030184601259750e-03
0.000000000000000000e+00
1.251580537329038652e-04
1.039514010825655103e-08
1.040723433648001010e-02
9.360835328034092973e-09
1.013283000425353829e-07
5.449492930856244741e-03
3.302677690800959497e-99
3.116309543568055412e-125
1.131604176271900289e-17
1.630971704706778508e-05
3.172399601633477673e-01
8.104051332616539483e-02
7.277230453234879715e-01
1.241102894357199241e-02
4.091475932590204478e-01
1.308948357568675940e-02
7.646068617064269478e-05
4.391645692572683501e-02
2.210405506266889808e-01
2.170177306341668222e-01
5.800185539999403589e-02
5.306314385536737843e-01
9.879286409407866260e-03
2.015988050988554436e-01
2.847829416095085976e-04
1.203963926415817682e-04
3.608609077792651054e-01
4.102630774491920507e-05
1.489654179473280230e-05
1.859651619534839484e-01
3.577620121274669304e-249
6.537465681047138446e-07
1.803114834533909184e-03
1.000000000000000000e+00
1.390772387042113246e-36
0.000000000000000000e+00
1.275409256925935848e-04
4.411307618857843198e-05
1.680352371010193868e-05
0.000000000000000000e+00
7.775304446347926224e-02
6.858850396371126839e-24
0.000000000000000000e+00
4.255275473039760588e-05
1.723359403200968587e-01
4.374191904233733664e-05
5.400355735880976032e-02
2.821111862095142080e-04
2.146671674569277169e-02
2.647768490324356134e-19
6.737555387926429367e-04
5.124171163459624589e-03
4.267764914616966471e-02
1.383377509260640744e-04
2.821385109665520696e-01
2.305399988223776064e-01
0.000000000000000000e+00
2.483275444190833070e-01
6.330110300733588977e-04
1.467516636734221840e-14
1.240198665363530413e-04
1.243253164457101031e-04
3.009629212235775063e-04
4.011428795230502855e-06
3.105118001000004568e-01
1.658933613727547884e-01
1.230421459371569201e-02
4.132825067030377686e-05
2.310489211873795468e-01
2.432081962532957053e-01
1.494439877960875869e-05
1.922768027891308129e-01
4.724358126564131254e-03
3.613020400185585237e-13
1.517544717153196665e-01
3.730442426345628171e-01
1.480336962611805368e-05
6.632230443431517660e-04
4.279750404712446415e-03
1.467556251111596646e-03
2.800893858927934466e-03
3.121422994303176268e-01
7.173861633013958218e-04
2.800141234608423315e-04
0.000000000000000000e+00
0.000000000000000000e+00
0.000000000000000000e+00
3.156404829205263347e-51
1.236396140356461274e-04
1.312316395625131834e-04
8.337922614596310344e-02
0.000000000000000000e+00
2.813928610489136450e-01
1.236195990687716370e-04
1.430197479989798494e-02
3.679114001083469421e-01
4.969750300348252554e-03
5.718690650573541312e-01
2.550923190459131185e-01
4.134299358226525140e-02
7.625749935271051994e-02
3.131812664966632243e-01
2.131960209930587047e-01
5.131288622659191390e-01
5.619315828307133026e-02
1.557687015286829738e-218
8.990234150822903872e-20
6.155654618355286267e-01
7.675689921929884640e-02
9.966444731462936095e-05
1.579064932968367585e-01
3.727322538565010007e-04
2.560301682108334642e-01
1.342123622100783661e-02
0.000000000000000000e+00
0.000000000000000000e+00
6.703577155872809945e-02
5.409050246822954752e-03
1.125111412304688285e-12
0.000000000000000000e+00
0.000000000000000000e+00
5.039806375309565656e-01
2.910956802862269230e-96
6.571642548604659240e-01
1.476751293817343994e-05
4.385267326648702158e-05
4.496831908773599764e-05
7.677374119341449964e-04
1.359406707240557577e-24
2.047150450735765181e-01
2.044931814158748307e-01
1.381892330250726088e-02
1.404512552706015497e-05
1.468310273594521619e-03
4.489209648799930203e-05
4.724363224742279821e-02
7.862721905952360646e-02
3.073385630324672263e-11
4.209237552039985856e-41
1.613985187525712899e-05
4.399376958883032424e-28
3.319479731471841636e-264
1.265648764823952511e-04
2.211843497307310613e-01
2.148353821318740031e-01
1.389157181279543718e-43
3.999695530345247996e-19
1.721431820239171032e-02
4.882038798108681577e-02
6.572515262964716536e-04
2.950083635743104507e-07
2.617819880087849576e-47
0.000000000000000000e+00
3.194804405063409458e-01
5.132428890065197230e-02
1.996280833219942116e-47
4.563183015492515704e-01
4.158582489223636158e-01
1.810047057518147538e-05
4.284590012310243820e-05
4.348482399424228315e-05
0.000000000000000000e+00
3.267371586720900223e-01
7.740996545539954575e-16
3.449251514103612859e-01
2.303839041256776077e-01
6.565121053946714434e-04
1.697324504664283681e-02
6.595766277348773590e-04
8.207505390058617489e-26
2.778772609343036740e-04
1.294491440708236984e-04
2.496541599511107115e-02
5.301439396266872418e-03
9.030287369932415986e-02
8.690841106733813992e-02
1.472080963494685044e-05
1.495970725142738503e-03
3.351324317283832510e-01
1.197556552986524258e-04
6.412173318346678407e-04
6.358732984815071041e-04
7.129569561625191112e-04
2.394235792603727095e-12
1.556376558787709447e-02
0.000000000000000000e+00
4.199355269399382244e-03
1.074209633451411183e-01
2.903504396500031781e-01
5.155010609276568234e-03
7.214298371154098622e-04
2.535480826626952955e-01
4.169416331090062790e-05
4.072659937575274103e-05
7.471570432074152446e-02
2.924955636329015654e-04
1.766655699502775179e-01
2.562404534704729175e-01
8.991976451522551428e-02
3.205498174484325835e-01
4.056213043600246897e-41
1.203272471310342257e-04
1.734758365926105106e-01
4.424750921995445133e-03
4.407259938302835307e-19
4.992269720530070204e-02
6.935576499473376224e-04
1.256053993024215459e-04
2.357954844971882694e-02
6.460492319126839814e-73
0.000000000000000000e+00
3.038619111999224520e-01
1.357972967398775668e-02
4.321801604342282794e-05
2.787947627939389103e-45
1.506210732477440247e-05
0.000000000000000000e+00
1.799931028782974704e-05
4.436572155883197093e-05
0.000000000000000000e+00
4.162481351285526513e-05
1.279434933328999131e-04
1.178349708651383786e-05
2.426521261924341130e-02
3.051175450819785806e-01
3.618197713459900267e-01
1.598407014973135185e-02
1.289640809741278982e-01
1.399427800401652211e-02
1.888424279987091503e-02
5.412326567301000807e-96
4.817120884651186069e-02
1.517233353729250924e-60
1.491898616036434547e-02
1.838055068946382875e-01
6.432235462122362527e-27
4.429083942912929210e-08
2.959251789104617725e-01
4.286309675585107670e-01
2.310315213847851539e-136
1.585288560502632893e-01
4.622976387066728837e-02
2.871862066379580192e-01
0.000000000000000000e+00
5.093760280194677970e-01
4.422326424999739602e-01
1.308869983439482342e-11
2.488915786293162248e-08
2.363848377191164474e-01
3.816448314847650791e-01
1.877771776250202196e-01
3.431575280632019511e-66
4.486231367184707608e-01
3.015145849786761700e-01
9.308904956554366244e-08
3.221920455948887874e-01
7.592399783117524496e-03
1.039455983054888304e-11
1.657471563784017610e-01
5.544382940874319488e-01
2.033027289315453290e-01
0.000000000000000000e+00
0.000000000000000000e+00
7.122878709823374740e-94
5.178755618047232306e-02
5.486258444002933138e-02
2.488856410594532598e-07
7.448742166937652673e-64
7.171233044980266461e-61
0.000000000000000000e+00
3.796288787376269624e-01
4.167437728274490591e-03
4.312225145973481825e-03
6.457437969666375956e-04
2.782836672649770964e-04
1.471069720955719179e-07
8.008974936514515197e-02
0.000000000000000000e+00
1.359043083947338005e-04
2.443406191038493887e-22
1.000268020795313606e-07
4.119643916545102816e-70
1.581489783415300021e-03
1.322591789042136039e-214
3.854215977933943163e-04
1.798252190683804890e-62
2.536973822823535563e-01
2.344181606559597036e-02
4.172379433699306050e-52
2.219314483437781863e-241
0.000000000000000000e+00
1.825187346760953622e-01
2.758400882741770120e-05
3.955710108301307981e-01
1.617310937224853990e-03
2.895482773657321494e-08
5.237943213196895147e-03
3.718234116571229615e-05
4.385224199840806469e-01
1.434413314317244462e-02
4.874506767761879189e-01
4.406191386726044691e-03
3.641455237893197493e-101
3.055136370238600296e-01
4.151268723043827560e-03
2.568000791934700877e-01
3.377638128132895434e-01
1.964578281735872844e-01
4.077571525798126539e-02
1.342439918833103854e-04
1.607074629156281980e-03
2.912236619327146004e-04
3.998454652794346275e-04
1.658556909796244467e-05
2.347818026326565777e-01
7.338381396104110173e-03
0.000000000000000000e+00
6.669644322373827032e-03
1.395998099844366085e-04
0.000000000000000000e+00
1.735554933973435952e-34
2.509697489831073378e-38
2.878243767508947512e-04
1.303592873881996670e-04
4.244560332150888057e-15
4.105814572374523729e-05
1.477251721872727944e-05
1.523279579096421684e-05
1.347137140661122114e-04
5.373790341017621965e-10
7.650355930295921034e-08
1.651146013021761658e-03
2.334475504937126070e-112
2.929711143771556933e-04
9.048904743229242709e-02
1.257515180856441650e-04
7.165394335524231072e-04
6.417885977648515221e-04
1.279430963823054482e-04
4.389498113059829814e-05
4.374301406787524382e-03
1.306322506772966750e-04
1.342916408386310000e-04
6.668832338880392036e-04
4.181702290249614089e-03
1.536008783612974262e-05
4.062779663019435161e-01
2.077224884718139042e-01
1.735959878613580165e-05
1.523383712120064435e-05
1.258166187284708116e-05
1.228286337476625772e-02
1.384885815826433220e-01
5.368753057674238195e-03
3.161424262905705804e-03
3.135363928203829115e-02
2.046448707156837132e-01
7.577619593510621643e-01
5.549596370958096739e-23
0.000000000000000000e+00
8.142521798435514357e-25
9.210001343356831738e-01
2.151460819696497939e-01
4.108185910238134481e-02
6.518229307902331238e-01
0.000000000000000000e+00
9.769407867520766290e-107
4.273192779480462569e-85
6.854088921779074212e-175
0.000000000000000000e+00
2.333241493560505269e-54
1.903640061315212684e-01
1.900253410766236106e-01
0.000000000000000000e+00
2.226701410253020541e-01
1.732781556390339201e-08
3.748840119957588118e-02
3.646335131202101398e-01
2.514419600633102829e-08
9.778007459120264394e-03
3.711846116905961335e-01
6.588990206632076851e-02
1.044925334812649162e-62
1.337214724107180924e-02
1.124932658112476333e-102
9.504093184902579245e-09
8.237645362611518973e-02
9.579927641110719261e-02
3.055956322999113239e-01
2.729072935329798777e-01
8.850600053631188166e-03
3.585808624159684405e-02
5.478163846702762026e-03
1.221204561550986029e-01
1.659593080949550020e-03
1.988447847223482585e-42
0.000000000000000000e+00
1.796904451584004666e-05
1.762885840661538792e-02
4.107031897724976985e-05
1.084036914605608637e-02
2.256197926247300248e-28
0.000000000000000000e+00
1.209742451479164634e-04
7.657175234558442223e-22
1.810805248089291386e-01
5.337417628462960695e-02
7.175550130456817555e-02
3.221538001472554757e-01
2.803606254933316895e-17
0.000000000000000000e+00
9.326971015771211293e-02
6.357383219034012370e-04
