2.515579970614599592e+00 3.749901314660422091e+00
1.191550236969429521e+00 7.903539130614537278e+00
1.033332091108675632e+00 2.639204314255071626e+00
1.123289640917687127e+00 4.628927540852397549e+00
1.000481649485555957e+00 7.670514036650208034e+00
1.027939886952417892e+00 2.704615745246012892e-01
1.019028226659006497e+00 3.210404107420119946e+00
1.011781232102895833e+00 8.952318479664247874e+00
1.020436338711329549e+00 4.631184983727678617e-01
1.014529020168134954e+00 3.649653770052077917e+00
2.681626040513263476e+00 7.020332051632713899e+00
1.002819980224986418e+00 7.046165985705650670e+00
1.002744301031990082e+00 7.716092760949422313e+00
1.002449853854891604e+00 9.750511439431223337e+00
1.190113189019795126e+00 2.003286147490132674e+00
1.032838095128334688e+00 7.851001356649815577e+00
1.003560515182926771e+00 8.710565703277239891e+00
1.000243800027702301e+00 9.419150789238848631e+00
1.008111889994950383e+00 9.406124707203726842e+00
1.880071814468769587e+00 2.480771284319551739e+00
1.128255766972073415e+00 8.241084332776997812e+00
1.000958838802128215e+00 9.297441621343452312e+00
1.001945532753913071e+00 9.799253027190133025e+00
1.000210283000498190e+00 9.807991958688711875e+00
1.000444021682827644e+00 9.816706857778877193e+00
1.001813227670194539e+00 9.980113160488940593e+00
1.003639002940525771e+00 8.831529525815923876e+00
1.000234522738022713e+00 9.948470875838848926e+00
1.000264517304864764e+00 9.968612529205156392e+00
1.000053460742984290e+00 9.987694190388483051e+00
1.000349290929389845e+00 9.998717389129099686e+00
1.008167916287703081e+00 7.953937707265426482e+00
2.340318446601996172e+00 1.388547512866902034e+00
1.000164801387791957e+00 9.911383986310090322e+00
1.000372227533103731e+00 9.858424540236423894e+00
1.000050742758331390e+00 9.995712638234374836e+00
1.000098699004005498e+00 9.921356982327413476e+00
1.000114785534792938e+00 9.933041919700576372e+00
1.005163757042306427e+00 9.261083252108456065e+00
1.006109039699363494e+00 8.169688718023840224e+00
1.000038525415927193e+00 9.996531458490874655e+00
1.013859653930524907e+00 5.341925870111468022e+00
1.000122208876555341e+00 9.976764115824410695e+00
1.000007676203550355e+00 9.990941190222590862e+00
1.000228374013985455e+00 9.999285697011398355e+00
1.000005427852804329e+00 9.954366513990127174e+00
1.000241210712713658e+00 9.924669340219837821e+00
1.000094363459798519e+00 9.989808903255722683e+00
1.000282500596662016e+00 9.783943269744286297e+00
1.000050313800548984e+00 9.994253136814950977e+00
1.047717957450005066e+00 1.949241176983740331e+00
1.000020445581034867e+00 9.997378088295443277e+00
1.005226314862943671e+00 9.426775301331357326e+00
1.000032314193157079e+00 9.999659140932438461e+00
1.000057297274530965e+00 9.998437308387169153e+00
1.000111655768583185e+00 9.999351706336502943e+00
1.000041843230205396e+00 9.972415146029437238e+00
1.030797564381140230e+00 5.321465830037874767e+00
1.000017952946318678e+00 9.992904093447272373e+00
1.000203947356137713e+00 9.995677572555155876e+00
1.000150671627852317e+00 9.963912351455197935e+00
1.000135331689272267e+00 9.940311625880818625e+00
1.002443175781383866e+00 9.939312854585709900e+00
1.000273741974233355e+00 9.970504627752612592e+00
1.000279162585191672e+00 9.977873394034141086e+00
1.000001056023808621e+00 9.999239673948341789e+00
1.000006483041119054e+00 9.999695603486090434e+00
1.000000550744352790e+00 9.999474324505207790e+00
1.000246288556724483e+00 9.875967222849769911e+00
1.000036792476998615e+00 9.979754056948170415e+00
1.000072515954513186e+00 9.988663047580473631e+00
1.000095004883910788e+00 9.986435081826490645e+00
1.000014161791473066e+00 9.996619991593663102e+00
1.000005341368703560e+00 9.997748523185975955e+00
1.000008461058543796e+00 9.984684889242595673e+00
1.002073024883874730e+00 9.470662076870294044e+00
1.000198467360092991e+00 9.968814053097275973e+00
1.000008470592514964e+00 9.971198844163716046e+00
1.001838356484610282e+00 8.967119697772480080e+00
1.001703536306620679e+00 9.927186093237528652e+00
1.000002998393277442e+00 9.999332968837554958e+00
1.000045558450495697e+00 9.983608763385111828e+00
1.000116723523031048e+00 9.930938283707526182e+00
1.000012168094871257e+00 9.999799590832029850e+00
1.000885665147550618e+00 9.859506953443991861e+00
1.000145508068137401e+00 9.952372636899672997e+00
1.000006830270419700e+00 9.999947379827187177e+00
1.000005805928248614e+00 9.999839820878921870e+00
1.001517691023809054e+00 8.742075107804097911e+00
1.014057290806464673e+00 9.829239020548232730e+00
1.000003344385306914e+00 9.997620222432535897e+00
1.000003534744932532e+00 9.998491903398383229e+00
1.000002331653469856e+00 9.995701685578671558e+00
1.000000387951340830e+00 9.998820290499578434e+00
1.012290241827713988e+00 9.338198841451964327e+00
1.000000918660999494e+00 9.999982530472694364e+00
1.000000669634180772e+00 9.999866969649897186e+00
1.000000707937760414e+00 9.999824183476020423e+00
1.000000269688169352e+00 9.999945776638570649e+00
1.000000310027911565e+00 9.996647192996189091e+00
1.000000162897169531e+00 9.999909315252265785e+00
1.000000652566282788e+00 9.999794093121330718e+00
1.000108890692098518e+00 9.987604225013097192e+00
1.000073371589422555e+00 9.988043652480406820e+00
1.000277337019653157e+00 9.994247119775616639e+00
1.000046643756538733e+00 9.966714407197972747e+00
1.000000132783143147e+00 9.999914286062942637e+00
1.001795498635929649e+00 9.920223495524952639e+00
1.000000167516388316e+00 9.999983923580149536e+00
1.070121082999117901e+00 7.762548689888007836e+00
1.000000412364873803e+00 9.999994773053257902e+00
1.017792411060591373e+00 7.046743764471249172e+00
1.000000249506522332e+00 9.999950985149052229e+00
1.000000001679263173e+00 9.999714731046884353e+00
1.009413158933957666e+00 9.452765189931733758e+00
1.000660657517830510e+00 9.988668972958167913e+00
1.000000037191091318e+00 9.999903358304317535e+00
1.000849652069655038e+00 9.860715016375127817e+00
1.001083431910321231e+00 9.444455931907178581e+00
2.479927279192928324e+00 5.695876957101857485e+00
1.000000369289013813e+00 9.999953488707729932e+00
1.000120023020031557e+00 9.976859101791124118e+00
1.000000602643887015e+00 9.999949910876239301e+00
1.000001663838776089e+00 9.999663697540563945e+00
1.000116929414908817e+00 9.600712204282647377e+00
1.000000294642939380e+00 9.999975833243059498e+00
1.050838274848062692e+00 3.427093581231446251e+00
1.000000176229955740e+00 9.999998043961056737e+00
1.003138757880078336e+00 9.635279714754622304e+00
1.000001516403966839e+00 9.999969041068096587e+00
1.000411219764916870e+00 9.966985880298908640e+00
1.000001195344509153e+00 9.999484518834773183e+00
1.000318685965200904e+00 9.652243568545577190e+00
1.000000655059936294e+00 9.999824996700937163e+00
1.000000000992028237e+00 9.999991188354293570e+00
1.000000144695210258e+00 9.999986868848800725e+00
1.000000486884756068e+00 9.999614179706608041e+00
1.005421278914752081e+00 8.784992854732388778e+00
1.000000162261617698e+00 9.999959232401661069e+00
1.000007213891875413e+00 9.999279234595281451e+00
1.000004940320207369e+00 9.988649671397837437e+00
1.000001505915783850e+00 9.999983818009589243e+00
1.000001872530817071e+00 9.999953300091624087e+00
1.000007812506636729e+00 9.998797563831223201e+00
1.000000297694759510e+00 9.999980848873930128e+00
1.000000246992312825e+00 9.999985964233852442e+00
1.000000098175375829e+00 9.999908153507423236e+00
1.000220840090350283e+00 9.952828865614030462e+00
1.000001036468448179e+00 9.998488292030529578e+00
1.000000345716962169e+00 9.999994555318195921e+00
1.000000323284241377e+00 9.999882621056389809e+00
1.000000539449757753e+00 9.999904220907149366e+00
1.000002401425560183e+00 9.999673236573670465e+00
1.000031827883524960e+00 9.976510923745637527e+00
1.000000194724921521e+00 9.999980667272318158e+00
1.000000235928669046e+00 9.999985699216070500e+00
1.002329823658193897e+00 9.554742312624604494e+00
1.483329412462311314e+00 2.737545037461790454e-01
1.006989020582403249e+00 9.574476550071759462e+00
1.000028520585618086e+00 9.999398408155705908e+00
1.056198494604751348e+00 5.900847528012294951e+00
1.000145862364515414e+00 9.650661965945575460e+00
1.001096846447258937e+00 9.656800103149622672e+00
1.000052986141759082e+00 9.771794247234840469e+00
1.001690049189378318e+00 9.562325937121606501e+00
1.569656012432152137e+00 1.439542886968360857e+00
1.000006930252838933e+00 9.999817397641058037e+00
1.000017275095937963e+00 9.970903021633068519e+00
1.000118046016630124e+00 9.890996433762197171e+00
1.000008338092056137e+00 9.999526845413607035e+00
1.000010301374153032e+00 9.995055387241288614e+00
1.069489901348145811e+00 9.508898541297300611e+00
1.000006159577611298e+00 9.993649869025039933e+00
1.000106219779078653e+00 9.238308879701465415e+00
1.000001771640737003e+00 9.998869832390353096e+00
1.002825221334670225e+00 9.929272014531369095e+00
1.001220101023338582e+00 9.784391001638102381e+00
1.000066844881993822e+00 9.963281879765048643e+00
1.000016059915372901e+00 9.997740561372777890e+00
1.030700980953869639e+00 7.437507242984166211e+00
1.000018316740285851e+00 9.879086758329762574e+00
1.013193086372548901e+00 9.566309711974231078e+00
1.000149031565392699e+00 9.443661223898260459e+00
1.000000047741419706e+00 9.999952834821520753e+00
1.000028732033579226e+00 9.992068891082668713e+00
1.003251910364356014e+00 7.243664631162087808e+00
1.398875739479317204e+00 8.020564964627499904e+00
1.000001044799285532e+00 9.999976593522102775e+00
1.006182827253124357e+00 9.736004919934474700e+00
1.001018805713985937e+00 9.964193196926595775e+00
1.012244743238179367e+00 9.520730770226982997e+00
1.000007050688809906e+00 9.997057310057268609e+00
1.012111995375098994e+00 7.042645254170956548e+00
1.000227980257290428e+00 9.971116667565134151e+00
1.000267086893854795e+00 9.980763195514009922e+00
1.137320224246888944e+00 8.540906362981482758e+00
1.000109005100247472e+00 9.990386423861773224e+00
1.000044007218015674e+00 9.981515551673497910e+00
1.000000435792403719e+00 9.999990018113686929e+00
1.000010966890973574e+00 9.996940342277259361e+00
1.000001583953618045e+00 9.999477956819781355e+00
1.000056092126185847e+00 9.997286463357891506e+00
1.000064158279196258e+00 9.990690556777371611e+00
1.000002698634674614e+00 9.999927214715913948e+00
1.000891777605499300e+00 9.797532136168772610e+00
1.007878690199371041e+00 9.165052371961342814e+00
1.000001410484058217e+00 9.999742156018516681e+00
1.000000097397548915e+00 9.998675815546279821e+00
1.000115837610327407e+00 9.999551567329506341e+00
1.000000095615370954e+00 9.999970548393601888e+00
1.000040345143069498e+00 9.965585827848487455e+00
1.000008548403824582e+00 9.998201619725733735e+00
1.000000606202920972e+00 9.999983488643261254e+00
1.000001694235873595e+00 9.999851285136800882e+00
1.000000582936612314e+00 9.999945281110985462e+00
1.014597762128822467e+00 4.973638252805253401e+00
1.000000021342867251e+00 9.999964366799124704e+00
1.000000331606199389e+00 9.999966083593921695e+00
1.000000041708188681e+00 9.999986452124911551e+00
1.010794619998292454e+00 9.787255842005048834e+00
1.047555454395079355e+00 9.919017717565143499e+00
1.004671686838235489e+00 9.359971747787296792e+00
1.009722741366203103e+00 8.989463224402669539e+00
1.135714528618490649e+00 4.458553959898998720e-01
1.000000006811266218e+00 9.999999705189200228e+00
1.000170053144303850e+00 9.999014381836849097e+00
1.000045414794944687e+00 9.952897870967964522e+00
1.000000274722965710e+00 9.999988599905607956e+00
1.000100202006373840e+00 9.934922592934317009e+00
1.013837574558404730e+00 9.078835633767804225e+00
1.004782372611567220e+00 9.378863141574001361e+00
1.002373183804949885e+00 9.433246601244652751e+00
1.000000070789100137e+00 9.999958622319969237e+00
1.000028474611871276e+00 9.896860634868756890e+00
1.214329097800823876e+00 8.330546582428560498e+00
1.000001081636379130e+00 9.999802480231675617e+00
1.605145860159610471e+00 1.228363852457703631e+00
1.002034168166572758e+00 9.787282115120133241e+00
1.000000306337877953e+00 9.999832478867718422e+00
1.002606620938047310e+00 9.913673543025844026e+00
1.000082157966225571e+00 9.988172936097914345e+00
1.000010063917632586e+00 9.999606086710217667e+00
1.004260698942961882e+00 9.812405437439480238e+00
1.000056099034593027e+00 9.995498562054544678e+00
1.000889784744950717e+00 9.899419970854461681e+00
1.037092968645080715e+00 2.565703655004409889e+00
1.001540497834341847e+00 9.926172741146530143e+00
1.000076724249415294e+00 8.371523503315465575e+00
1.018763559054109535e+00 6.592276314587854458e+00
1.000647024577085320e+00 9.883561076514073562e+00
1.132571207547000469e+00 6.818614066224084169e+00
1.000000728374830672e+00 9.999933874910134080e+00
1.001193378820276703e+00 9.600230204648026344e+00
1.000393789609006934e+00 9.833967306113065021e+00
1.000254439542871632e+00 9.874811642627381758e+00
1.000011211974578540e+00 9.999434854842652598e+00
1.000333929269387356e+00 9.985608036610218008e+00
1.000116134839378335e+00 9.964524290232295911e+00
1.000105015347400705e+00 9.996099547302028654e+00
1.000100715704950405e+00 9.988477743119574370e+00
1.000000317590672205e+00 9.999969931121004407e+00
1.000178073302153914e+00 9.865251439150052093e+00
1.603608152833380984e+00 9.623790560673242567e+00
1.095326933866381802e+00 2.602347559564669677e+00
1.001783089987871689e+00 9.317464096170450460e+00
1.011904828031317427e+00 8.962572628880140613e+00
1.000004986860606904e+00 9.999707663807848590e+00
1.001778373670413558e+00 8.969599575232287236e+00
1.000000016660808067e+00 9.999985335873546433e+00
1.000007554721201286e+00 9.999470223577198169e+00
1.000000270672291247e+00 9.999973427178103336e+00
1.000000000219002594e+00 9.999934343180985508e+00
1.003879488640180728e+00 9.753427646314172250e+00
1.000000082037677318e+00 9.999954548916031527e+00
1.000000068858421631e+00 9.999912532699134715e+00
1.000000610923719835e+00 9.999798229330497890e+00
1.000000114849851629e+00 9.999944868992663771e+00
1.000000307754201678e+00 9.998912250554033321e+00
1.003384409531500321e+00 9.097136383096362522e+00
1.000000140968393847e+00 9.999981219965203394e+00
1.017330197742331688e+00 8.507801961372228661e+00
1.000007256828289615e+00 9.999142520809760626e+00
1.000006138029022384e+00 9.996957541636982469e+00
1.002845301316755977e+00 9.946397712222220022e+00
1.004896870164665668e+00 8.364174248262246536e+00
1.015895565831078651e+00 9.168953544656373467e+00
1.079427031916283086e+00 4.380024565926701641e+00
1.065346249315553662e+00 7.958466543504253643e+00
1.000000070364095439e+00 9.999988426866876168e+00
1.021818444966982264e+00 5.715912606255880490e+00
1.017199521190357059e+00 2.765629230274836647e+00
1.000000211066891742e+00 9.999972348427249358e+00
1.000000154043236833e+00 9.999974132925236958e+00
1.000000044430756407e+00 9.999923720035475583e+00
1.000115374024801662e+00 9.983799632270370594e+00
1.000000056048660380e+00 9.999960026526981238e+00
1.007183404087230061e+00 9.723538481235973308e+00
1.100604250980738996e+00 9.758947348214249473e+00
1.000431055656056722e+00 9.990222665976155270e+00
1.000001104869405077e+00 9.999879682296056060e+00
1.001498749378542552e+00 9.962741157335663900e+00
1.001744992217130203e+00 9.896924555927872902e+00
1.000009761902115768e+00 9.998598412404117397e+00
1.012839875185224114e+00 9.766095873729616628e+00
1.017540957231692689e+00 9.030938787979289728e+00
1.009230172791280244e+00 7.398700329470765169e+00
1.000207893974379703e+00 9.959442165648582090e+00
1.000076658970488586e+00 9.899232030187370412e+00
1.000000359286560503e+00 9.999289144949962349e+00
1.000000513924182988e+00 9.999639516593324728e+00
1.000000192423315948e+00 9.999972725373758919e+00
1.000000299376681889e+00 9.999985388631358774e+00
1.000544458432214290e+00 9.999912523834682432e+00
1.000000202010784767e+00 9.999984847394459919e+00
1.000000464154764179e+00 9.999962497465265443e+00
1.000000140975676466e+00 9.999970925803182809e+00
1.000000173181957219e+00 9.999982429913954363e+00
1.000093535190976990e+00 9.995645006466086002e+00
1.000000060579161465e+00 9.999872325714393995e+00
1.000000074395452243e+00 9.996367349419248427e+00
1.000122738823913116e+00 9.972804561207951224e+00
1.001249645638027985e+00 9.865252232243495456e+00
1.094879783022729480e+00 3.686211959553518547e+00
1.000000180294711383e+00 9.999971430844459164e+00
1.000000196446552581e+00 9.999920815083006786e+00
1.000188184521389356e+00 9.994806723905488965e+00
1.036503917564701505e+00 5.562160413457229780e+00
1.000002025984173093e+00 9.997787727957156534e+00
1.004622457107899436e+00 9.619095038089549021e+00
1.062454827256091194e+00 4.135546823542306072e+00
1.006976442687381512e+00 9.726740265307766364e+00
1.000572184300715817e+00 9.954371832058036773e+00
1.000003035585393496e+00 9.999420218584047504e+00
1.000014681814306083e+00 9.964996926573018499e+00
1.000047151400857759e+00 9.998882262445343727e+00
1.000117616055455683e+00 9.995707872602142885e+00
1.000282745302162990e+00 9.981680742272187601e+00
1.001077087181785785e+00 9.963440531784087284e+00
1.000421012376039309e+00 9.957618949031623146e+00
1.002281942875341114e+00 9.418221599888118689e+00
1.000011321164161249e+00 9.997738929909921524e+00
1.000013155723266989e+00 9.999728781874379635e+00
1.000385561139960577e+00 9.959709751114973031e+00
1.438689396831190237e+00 5.435575475852257199e+00
1.000054719994483587e+00 9.891600786791444833e+00
1.000004213419221077e+00 9.999932412124765690e+00
1.006902945578478370e+00 9.178389657690688708e+00
1.000094931929594422e+00 9.966810087674753404e+00
1.002916802762732207e+00 7.236095623839419844e+00
1.142986074373694816e+00 9.875794440123858209e+00
1.000004972650784696e+00 9.999678605281220101e+00
1.387130835742879098e+00 7.202626782769196545e+00
1.000001219464945912e+00 9.999997949193708990e+00
1.000000074589769472e+00 9.999982663483507395e+00
1.000145805674381938e+00 9.642781775915434395e+00
1.000002760442002758e+00 9.996648735476107106e+00
1.000060596449544148e+00 9.981417326622267439e+00
1.000748925703024206e+00 9.880192768655172486e+00
1.000000033723371873e+00 9.999958906562726568e+00
1.000000061100417170e+00 9.999997892253441378e+00
1.000000382681439204e+00 9.999943359891272365e+00
1.000018897936826301e+00 9.999659163932722805e+00
1.000223754948982524e+00 9.989558084490884227e+00
1.000000159419063284e+00 9.998653095270718438e+00
1.000000035834126555e+00 9.999937407730929095e+00
1.000088903721816358e+00 9.952297382376382728e+00
1.891795897189922027e+00 7.918569306396790353e+00
1.041726935112114560e+00 8.290342440152697279e+00
1.000000066087263217e+00 9.999989479982566820e+00
1.000000413457384774e+00 9.997448918302673349e+00
1.000006901387308966e+00 9.995678008000991710e+00
1.000000126066794115e+00 9.999270747637059031e+00
1.000000033384835341e+00 9.998622682963503649e+00
1.000000085388639492e+00 9.999856306192883793e+00
1.000000404866738579e+00 9.999603225396873185e+00
1.000000731409733890e+00 9.999849731529398156e+00
1.000277369338659295e+00 9.916444672281516048e+00
1.004352960911506054e+00 9.962811769111628024e+00
1.000000134474748670e+00 9.999999887870645310e+00
1.000630160550995740e+00 9.900016088266806236e+00
1.000000174477967629e+00 9.999932902630357390e+00
1.000000148925668908e+00 9.999990663859374962e+00
1.000615528171795443e+00 9.929693429305617158e+00
1.000030695281109105e+00 9.983805679806437183e+00
1.001158913396467565e+00 9.996048743956826854e+00
1.000416110643138623e+00 9.988198291771212212e+00
1.000084180248498100e+00 9.970883864112435546e+00
1.000007904246111412e+00 9.999496949182928418e+00
1.000010868804341202e+00 9.999462789819231645e+00
1.000003248663136501e+00 9.997807227285953502e+00
2.312411907016690638e+00 3.393840721623956114e+00
1.001254915997401795e+00 9.885525001454329441e+00
1.000625268215992403e+00 9.932543063624176938e+00
1.002117863356985383e+00 9.986932149459967434e+00
1.016470636321730625e+00 9.707715127759568574e+00
1.000000007891746812e+00 9.999938315680170220e+00
1.000001049461964442e+00 9.999886829225628659e+00
1.000909198491245489e+00 6.922352491091610993e+00
1.015008494905293324e+00 9.695215377972747461e+00
1.012605368324827060e+00 8.574642637810406143e+00
1.000018217862935321e+00 9.995224855949011555e+00
1.000005962133832860e+00 9.998220604029373959e+00
1.017410689226437182e+00 6.596905258489753621e+00
1.001065474594973637e+00 7.865071739574070797e+00
1.000100670089532073e+00 9.951282846795169945e+00
1.388787603703826923e+00 4.355153799265729653e+00
2.711529199011391444e+00 1.418381929122951801e+00
1.009460441919012075e+00 8.896690385404928847e+00
1.003954671286384270e+00 9.801917261399704984e+00
1.000470110765232512e+00 9.651298815493866812e+00
1.004752809135784908e+00 9.501193183095747230e+00
1.005907307381310511e+00 9.835472792216364724e+00
1.000468219698682937e+00 9.910876523870218335e+00
1.000317945349566306e+00 9.654202882925442708e+00
1.017794340478948678e+00 4.422666540417419800e-01
1.000036642210839988e+00 9.976688636993323200e+00
1.001273719691723407e+00 9.495594107350283863e+00
1.001054174219327297e+00 8.498885773961958989e+00
1.099043774864026712e+00 7.906173464890299485e+00
1.003580308239645502e+00 9.124604586265661510e+00
1.004640476996474741e+00 9.806882548749893402e+00
1.000000156753705793e+00 9.999957495840085642e+00
1.000125497311467493e+00 9.927477205014481498e+00
1.379815880919442961e+00 2.647948466770451592e+00
1.045554901061950925e+00 3.064075024444388617e+00
1.000008398374191643e+00 9.999273135950510039e+00
1.000000241624193986e+00 9.999950032380084508e+00
1.000015920126655189e+00 9.999377240152190538e+00
1.000000184909121570e+00 9.999951751054284799e+00
1.000000006521212015e+00 9.999969298349297375e+00
1.000182002649942170e+00 9.999491368551879589e+00
1.000000116342323109e+00 9.999955271772352106e+00
1.000000108729027559e+00 9.999968981333829277e+00
1.000000573296126349e+00 9.999640056161648971e+00
1.000411121299740858e+00 9.806751072085235776e+00
1.000001097206641099e+00 9.999837855717327528e+00
1.000003921748293889e+00 9.999643242421694111e+00
1.000905509221309275e+00 9.699544250427509340e+00
1.000000158904621461e+00 9.999967715562974035e+00
1.002178280089846885e+00 9.850129956539587894e+00
1.037390973630221813e+00 8.224938649338303875e+00
1.013913163091215930e+00 9.606717182655431841e+00
1.000002819033776191e+00 9.998140864247311299e+00
1.000030509502566112e+00 9.993735688102411530e+00
1.000014757498153939e+00 9.999497077874929474e+00
1.000014171586138367e+00 9.997039920797211821e+00
1.000059297672219571e+00 9.984724448175382960e+00
1.000000689364060058e+00 9.999962351069374478e+00
1.000024714996325059e+00 9.997340015748589437e+00
1.000432225802120767e+00 9.990831362832278018e+00
1.000467102636679373e+00 9.464108265759387351e+00
1.000098510365203364e+00 9.994062928344563446e+00
1.000247060453217207e+00 9.964279604387495937e+00
1.888334046023472990e+00 5.575826079404833102e+00
1.174963754168137031e+00 2.260667664628480455e+00
1.000028031547264051e+00 9.986206220859987326e+00
1.000004694994601762e+00 9.999656778417765679e+00
1.000001153530913900e+00 9.999955071270168361e+00
1.001612596479958928e+00 9.555178298379344071e+00
1.041680964476217941e+00 9.547309084284224312e+00
1.000877502829121690e+00 9.992111540959909277e+00
1.000000058620196031e+00 9.999970209135650379e+00
1.000000038158345816e+00 9.999918908994427369e+00
1.000000031929034749e+00 9.999996043400908974e+00
1.000001190531433881e+00 9.999896503001810544e+00
1.000000096216925760e+00 9.999975898259533480e+00
1.000000179306626658e+00 9.999998484849577096e+00
1.000525448426761610e+00 9.920138317847369436e+00
1.005484040077662122e+00 6.183594225161911595e+00
1.000000256994149295e+00 9.999932736640769093e+00
1.000010784778949002e+00 9.999614478738413581e+00
1.000065399582800385e+00 9.998090839024861509e+00
1.000010402281621413e+00 9.998536253890877745e+00
1.000111922213367643e+00 9.996258346993805333e+00
1.000000268136216786e+00 9.999889539050236920e+00
1.000000589406833118e+00 9.999988215162151306e+00
1.000000005197644315e+00 9.999997993478698888e+00
1.000019942210194301e+00 9.997821373467687067e+00
1.000000075578120429e+00 9.999794051713401188e+00
1.000010358177169767e+00 9.998294925231364871e+00
1.000034806319806124e+00 9.993594459687837883e+00
1.000000131907764489e+00 9.999849619283692093e+00
1.000002254756197528e+00 9.999964931288054970e+00
1.007117247998072784e+00 8.896707307317875291e+00
1.000003258638986647e+00 9.999623612013564866e+00
1.000010813865817250e+00 9.965360204392359478e+00
2.574244243234278695e+00 2.784651872551285656e+00
1.004467669032402366e+00 9.262827183826246369e+00
2.104846420743387014e+00 6.046937378227434046e+00
1.015714054688293677e+00 9.891935675501031255e-01
1.003159429834823424e+00 9.612007925218007287e+00
1.001181081872515533e+00 9.878608506132044553e+00
1.000050902873959924e+00 9.905258445578981608e+00
1.001829546920074865e+00 8.785867925539584178e+00
1.017805004715735873e+00 9.542785561059915267e+00
1.000038625812931015e+00 9.993630350207167723e+00
1.007612483292845695e+00 9.530939123262134771e+00
1.003039298986722061e+00 9.648743724116032539e+00
1.119313593559189135e+00 9.685033780459667341e+00
1.317850825720495056e+00 4.667439745301974696e+00
1.000057149034941251e+00 9.979168102717345334e+00
1.028116111703055946e+00 7.661402237435320117e+00
1.000018572972559028e+00 9.990507748752319728e+00
1.000028438763616245e+00 9.987928941687115980e+00
1.290640163455702982e+00 1.685300960631123779e+00
1.282749496945687628e+00 3.553802933911898609e+00
1.012381271820223638e+00 7.699106698241775959e+00
1.000001973527932408e+00 9.999767113564967502e+00
1.000001242068868645e+00 9.999693269518376226e+00
1.000002466540214296e+00 9.998511658593281837e+00
1.000004250569234365e+00 9.999470315483819149e+00
1.000046719497338810e+00 9.999380845572634513e+00
1.000004815522615997e+00 9.999706527223146679e+00
1.000011580292265334e+00 9.998768023447553333e+00
1.000004576035020021e+00 9.999398500646419663e+00
1.038346356465374321e+00 8.003997952128523607e+00
1.000000245382200337e+00 9.999976634775213924e+00
1.000430749102041883e+00 9.941140510605269043e+00
1.000000164348452403e+00 9.999950049620700554e+00
1.095695458482150331e+00 8.020295875708374211e+00
1.007173382930155459e+00 9.466132232114199851e+00
1.000000198813436381e+00 9.999959203208605985e+00
1.000000535277830949e+00 9.999800410579524623e+00
1.000000007746928432e+00 9.999856389635048970e+00
1.000000126472129880e+00 9.999889371182916875e+00
1.000000680230556105e+00 9.999994341903411410e+00
1.002279707071206616e+00 9.138498109014493664e+00
1.000000320412988364e+00 9.999999518716958136e+00
1.000000118183330899e+00 9.999987388911169006e+00
1.000000101646167705e+00 9.999947437081509349e+00
1.000000037730365277e+00 9.999650467650416985e+00
1.000000076055238107e+00 9.999914327872469144e+00
1.000000820425371195e+00 9.999361520475728682e+00
1.000000177063186557e+00 9.999163728391575745e+00
1.000006055553404716e+00 9.997724288698080386e+00
1.000000514711288702e+00 9.999960811315979470e+00
1.000201475503915027e+00 9.991613126772225684e+00
1.000000143834457456e+00 9.999987456168369704e+00
1.000045256477008815e+00 9.974628670544326781e+00
1.000000861446175060e+00 9.999870735039506187e+00
1.000001427182738878e+00 9.998967050700059644e+00
1.000001786717704233e+00 9.998958145782040674e+00
2.333054230607690460e+00 9.183075983189544544e+00
1.004283933470721646e+00 8.169415857263299330e+00
1.001394542438340363e+00 6.555334276615830014e+00
1.000001047925496600e+00 9.999923553792882558e+00
1.000000951519271597e+00 9.999836741982887744e+00
1.031428638501707962e+00 4.779164071145858728e+00
1.007008304594410930e+00 9.659719370491623991e+00
1.005694091525088929e+00 8.006042232316332274e+00
1.002605874077870496e+00 8.124105458243025879e+00
1.006096559131318680e+00 9.654047621386952827e+00
1.007452263186476848e+00 2.298111048840367765e+00
1.001353827265371699e+00 9.744756057754877077e+00
2.119375315711544250e+00 3.743559940202985548e+00
1.815784401580960772e+00 8.131667411310464999e+00
1.007824400627628902e+00 9.519861749558961250e+00
1.000132754103768340e+00 9.992639600969667413e+00
1.000116065028487489e+00 9.960652052169361781e+00
1.000002994273779588e+00 9.972687998422385292e+00
1.000710277684957017e+00 9.950376512404512042e+00
1.000781480662094713e+00 9.928033444849953426e+00
1.000055302913426702e+00 9.993533368180072429e+00
1.032165115034120006e+00 1.618323178672920193e-01
1.000814362083257247e+00 9.241842952032891745e+00
1.000054046706384980e+00 9.959651460511192766e+00
1.000536281275682171e+00 9.762579166336939451e+00
1.010865028680089539e+00 9.105614485696587934e+00
1.282147254576113227e+00 6.376263050013237788e+00
1.310152051958981323e+00 3.301988810830311039e+00
1.000243007953260710e+00 9.943406493192329165e+00
1.000040584160344581e+00 9.994796997019049556e+00
1.000002015015576839e+00 9.998917363186443197e+00
1.000685046904018494e+00 9.786550419411504720e+00
1.000000144543951475e+00 9.999961089297569217e+00
1.000000088075279958e+00 9.999999311574777394e+00
1.000000477448410585e+00 9.995731690882726284e+00
1.000000046250124841e+00 9.999979721980997383e+00
1.000000184946669313e+00 9.999897730762006276e+00
1.008057538494411487e+00 8.931103198609900318e+00
1.000000318745715155e+00 9.999763201636211463e+00
1.000000346311560762e+00 9.999998631495683910e+00
1.000000222191606225e+00 9.999998885498877499e+00
1.000000470973190225e+00 9.999988620511976123e+00
1.001587598198555584e+00 9.997002158538666805e+00
1.000000367958144842e+00 9.999781117647119189e+00
1.029465853937251874e+00 8.975416413571911889e+00
1.000000458000862347e+00 9.999999174384084810e+00
1.000000005469799502e+00 9.999917727231926179e+00
1.000000173642283663e+00 9.999965402225550193e+00
1.000029418107858170e+00 9.997886409304308941e+00
1.005091621551735148e+00 3.461355764267893598e+00
1.000001902803741904e+00 9.994444675335374839e+00
1.000002638059099169e+00 9.999820778124696830e+00
1.000001584765763729e+00 9.999877037306786676e+00
1.000001779734159379e+00 9.999212601253125499e+00
1.000000236170391243e+00 9.999977771270573967e+00
1.000000951781308434e+00 9.999906070929416302e+00
1.000421595456732371e+00 9.984113688761778960e+00
1.000008643973948175e+00 9.999863092623206384e+00
1.000000219507910071e+00 9.999936428927128418e+00
1.000033285833431096e+00 9.994564740040219775e+00
1.000000792130800953e+00 9.999950909772227448e+00
1.024787543817574420e+00 1.318768914935584124e+00
1.000022544260722013e+00 9.988135965101767155e+00
1.000220781289724359e+00 9.775262311886173450e+00
1.000426971335896864e+00 9.975700100283132699e+00
1.000101617927465991e+00 9.998978237202793551e+00
1.028615748849945444e+00 6.395680206335915052e+00
1.000311805152293898e+00 8.130187612153241261e+00
1.002295535265950610e+00 9.818572096242503378e+00
1.048127607868262423e+00 1.486761686757132273e+00
1.000504273967542268e+00 9.878955185271694361e+00
1.038685987191196425e+00 8.056797750307007178e+00
1.000066989772063542e+00 9.975799014162921807e+00
1.000693383877881759e+00 9.905139673180988424e+00
1.000738701821244137e+00 9.895528758980617567e+00
1.032239622007435687e+00 5.377741211756541517e+00
1.027703462685468194e+00 6.917623812416248796e+00
1.085007406270072305e+00 1.876200096007520912e+00
1.000145251610876196e+00 9.906699706709833464e+00
1.000129481039505386e+00 9.964831419772245624e+00
1.005069195537556803e+00 9.995540981758102461e+00
1.000083093672274437e+00 9.984623937896824231e+00
1.000119362995287808e+00 9.988873421383615892e+00
1.000045333334850906e+00 9.996434268573530346e+00
1.031963480692381641e+00 2.824081201931650131e+00
1.000641808328316618e+00 9.943742775560568958e+00
1.002900202912324623e+00 5.169211106752785057e+00
1.000005198860247413e+00 9.999558244374576077e+00
1.012279601506728133e+00 7.271406234314376604e+00
1.000013537581475154e+00 9.999249840325031613e+00
1.000015718619388538e+00 9.985415975526015231e+00
1.000014391269544278e+00 9.955319351430532038e+00
1.003532828347496464e+00 9.414120793726272751e+00
1.000078294554948677e+00 9.996109209907825033e+00
1.000203295087016775e+00 9.990513566919386079e+00
1.000002944762265811e+00 9.999538385435730703e+00
1.000006637069232873e+00 9.998807290393676439e+00
1.003439798963220220e+00 9.012138652643480796e+00
1.000006654651107940e+00 9.999213770276714541e+00
1.000005756452502892e+00 9.996430026539727010e+00
1.000002489402614048e+00 9.999991700430951980e+00
1.000000075476357386e+00 9.999962002307043463e+00
1.003948967292155325e+00 6.347159563410136762e+00
1.018684564249219271e+00 8.774776798724730043e+00
1.000972816345236938e+00 9.982875916000686800e+00
1.009737004240104374e+00 8.954508461750837256e+00
1.064337578302013920e+00 3.104748275522866585e+00
1.000004028523942212e+00 9.990363043978961244e+00
1.017347766722710212e+00 6.320823797195044058e+00
1.001788197009545023e+00 9.923520225937307870e+00
1.000000638607604797e+00 9.999920340734679058e+00
1.000162727100652349e+00 9.776749710503160884e+00
1.022171374259714272e+00 9.373148226311766251e+00
1.017058681550780719e+00 9.137600557814627322e+00
1.000058946804620374e+00 9.987257677885077456e+00
1.000031038413417672e+00 9.998517038740541096e+00
1.000003648635591214e+00 9.999566615110115464e+00
1.000002526063768826e+00 9.996143878182769171e+00
1.000000668726674480e+00 9.999816011457784981e+00
1.000000916080715063e+00 9.999958897298785843e+00
1.000027707571917057e+00 9.999589004524095159e+00
1.000168874116042828e+00 9.999675415431921621e+00
1.000250155122958118e+00 9.996657009985650433e+00
1.000035948002991226e+00 9.997494753050428784e+00
1.000007748933299245e+00 9.999062619588530154e+00
1.000002307823570247e+00 9.999248367097196777e+00
1.000000152743386383e+00 9.999954910394110996e+00
1.000001424407973794e+00 9.999810457780618833e+00
1.000000600140197315e+00 9.999788223128092568e+00
1.002104928274896167e+00 9.938262497572052823e+00
1.000002313429173117e+00 9.999066678558529375e+00
1.000011610241348103e+00 9.990361845936748253e+00
1.000001841444850825e+00 9.999563624513122306e+00
1.000052623552958098e+00 8.998736867907224379e+00
1.000231979540368465e+00 9.899263193971869157e+00
1.000000136660382788e+00 9.999957682338409981e+00
1.000295235210805878e+00 9.910258504334164442e+00
1.000000033065696403e+00 9.999965017616144536e+00
1.000011671681773295e+00 9.999572674604364053e+00
1.000010304214132395e+00 9.999051646673503768e+00
1.000002928061271668e+00 9.999735104196833646e+00
1.000000138590607213e+00 9.999936572007797508e+00
1.000000697780348835e+00 9.999963976498287721e+00
1.000000865099103908e+00 9.999012540742645783e+00
1.000000049387961276e+00 9.999942585042816745e+00
1.000439036292767314e+00 9.975915345456726868e+00
1.006311503433945820e+00 9.292482403503591115e+00
1.000000155536644897e+00 9.999974015704070851e+00
1.000000358608947648e+00 9.999929219383680845e+00
1.000002011437579608e+00 9.999951230965223203e+00
1.000000691786012919e+00 9.999996348414258662e+00
1.000000288078979782e+00 9.998381245414808660e+00
1.001883891713381436e+00 9.812703097627501592e+00
1.000046939392274625e+00 9.948385042078047746e+00
1.001064807289280933e+00 9.804011847153521586e+00
1.000392483897949214e+00 9.941919942195946547e+00
1.000054220340772515e+00 9.996124201436604295e+00
1.009007915146088674e+00 4.753037973012390616e+00
1.000089477271482341e+00 9.926409658969438610e+00
1.000043774858274448e+00 9.946057657635439142e+00
1.000064434457622609e+00 9.989832081915540840e+00
1.000027464240032637e+00 9.999209242593817493e+00
1.000004903331370043e+00 9.997295196097949699e+00
1.000947721918539424e+00 9.743433190574688041e+00
1.009310620885051968e+00 9.836271689395422513e+00
1.001081254494772921e+00 8.934236158564649699e+00
1.056040064796888389e+00 8.325012125942416574e+00
1.024388618581825394e+00 7.623173480148254910e+00
1.000421159182775854e+00 9.619595318513681548e+00
1.000080163657113719e+00 9.808235861612788042e+00
1.000040354343225690e+00 9.994258324619922362e+00
1.000059341381216882e+00 9.982254585607250874e+00
1.000002487044147959e+00 9.984222932621298341e+00
1.001197657256290174e+00 9.987099942087743543e+00
1.000010186659129774e+00 9.974119252059162832e+00
1.000145322167206974e+00 9.995742764928392532e+00
1.015444618034357260e+00 9.566718798398119006e+00
1.007155089859467667e+00 9.693943253979641739e+00
1.000493235487390109e+00 9.720826809080501008e+00
1.002070762663520798e+00 9.779861006385640820e+00
1.005220580855605172e+00 9.503483780180772555e+00
1.002831894955972469e+00 8.731639338291302010e+00
1.029718972419913614e+00 6.327803269530257069e+00
1.033145559471551955e+00 5.978530553038789108e+00
1.000908726827858031e+00 9.894387871257043443e+00
1.000172092440591465e+00 9.927153608007534658e+00
1.000224409618810428e+00 9.976324619140795491e+00
2.318519388691382410e+00 6.466322936132825383e+00
1.000002700522779175e+00 9.999556365149572912e+00
1.000035846888530200e+00 9.998370355018685984e+00
1.000002366004072218e+00 9.999618294268882934e+00
1.000006823073092521e+00 9.998439039969660769e+00
1.000000403162246698e+00 9.999983878003815718e+00
1.000019861653631548e+00 9.997573507891591049e+00
1.000013133475239346e+00 9.999823328526296962e+00
1.000000033432981494e+00 9.999884818673235642e+00
1.000000068041091872e+00 9.999895155593430118e+00
1.000000087293297701e+00 9.999970243109354229e+00
1.000000167375658444e+00 9.999974773471384637e+00
1.000000215516145596e+00 9.999967724613449960e+00
1.000000436100346723e+00 9.999842783947116232e+00
1.000000445862543330e+00 9.999919730132742046e+00
1.000001371360903057e+00 9.999766525152697483e+00
1.000000818083684351e+00 9.999455518746298566e+00
1.000001010003066293e+00 9.999756746819810971e+00
1.000000300051621549e+00 9.999756620372084015e+00
1.000004772474481829e+00 9.999803673315781793e+00
1.000003646419328929e+00 9.999592729436159289e+00
1.000000188340263385e+00 9.999997474070861259e+00
1.000024277571949893e+00 9.999376304373470248e+00
1.000000165821506304e+00 9.999588172556306276e+00
1.000000006159202481e+00 9.999934463619355896e+00
1.000000343602361896e+00 9.999872609414861557e+00
1.000001278327446119e+00 9.999929239166513995e+00
1.000650616298221829e+00 9.414011772674893308e+00
1.006901215221699619e+00 8.586921802689536420e+00
1.000000941951909361e+00 9.998999484475550759e+00
1.000106943091612299e+00 9.959015616593116960e+00
1.000017528030615610e+00 9.999168127259066452e+00
1.000056055708263614e+00 9.973551421897358438e+00
1.000178754724725172e+00 9.940994751589929734e+00
1.000019180555796527e+00 9.999675342039507697e+00
1.000001589833577009e+00 9.999851424628316110e+00
1.000001072477268105e+00 9.999572819779515953e+00
1.001538365770328731e+00 9.914137222064576704e+00
1.000000021756724866e+00 9.999982430153437463e+00
1.000000015365735573e+00 9.999982922766548654e+00
1.006826728044200259e+00 8.585794866314797602e+00
1.009302046597274183e+00 1.636470282807090726e+00
1.000002575826850704e+00 9.994579959420255122e+00
1.005267217639615573e+00 9.732798003690135147e+00
1.000001320579190889e+00 9.999914912293720093e+00
1.000000023222963108e+00 9.999984300595336606e+00
1.003602774274062526e+00 6.460670608825569872e+00
1.000008792484400333e+00 9.992693065258096752e+00
1.000000016593804109e+00 9.999770332700300912e+00
1.000142099795916728e+00 9.984372084171052819e+00
1.000128046364492373e+00 9.953182419810921999e+00
1.000002541850417259e+00 9.996883911486390772e+00
1.000299351602207842e+00 9.995178151963813207e+00
1.000004422248608416e+00 9.994308410961412648e+00
1.000002490550494061e+00 9.998455161417604486e+00
1.000162236389992021e+00 9.888295413397647948e+00
1.000223409544634290e+00 9.971242808101310473e+00
1.000029831767314636e+00 9.987488904745339013e+00
1.000063315149061438e+00 9.995948892721719048e+00
1.026190722317944282e+00 5.970037611838485248e+00
1.000019863783442098e+00 9.996882460277067395e+00
1.000010957724848160e+00 9.996413921132857539e+00
1.360175579892832776e+00 5.155570964016757074e+00
1.000002803180213062e+00 9.999044101997641931e+00
1.000001682283347737e+00 9.999242800961161137e+00
1.000003400096839856e+00 9.999807487024725106e+00
1.000003403813510161e+00 9.999845408702942251e+00
1.000001290671211462e+00 9.999923670569984324e+00
1.058040570773187916e+00 8.581319706709196637e+00
1.047001642459654880e+00 9.724608319601960815e+00
1.000134880669607984e+00 9.990898299713281361e+00
1.000000803728628984e+00 9.999914957434691942e+00
1.016852866378934905e+00 9.418354173095815796e+00
2.214304380953055595e+00 8.394832839276002545e+00
1.005312424602482491e+00 9.983142971452142689e+00
1.000000049559566007e+00 9.999863655030328147e+00
1.000378741869035970e+00 9.994212878435744685e+00
1.000008551825803282e+00 9.998064764879817545e+00
1.000000352311528840e+00 9.999278171517532954e+00
1.351335665181303325e+00 2.107568562815879343e+00
1.000214180113447426e+00 9.938823651595804165e+00
1.000000248412121540e+00 9.999981197602776817e+00
1.000114209907513541e+00 9.977450178069714681e+00
1.000003828329139033e+00 9.969520818645428051e+00
1.000000350736925947e+00 9.999999874365824937e+00
1.000000090150598542e+00 9.999994616465988528e+00
1.000001937694450227e+00 9.999930462406862119e+00
1.000012584157233375e+00 9.998641178093993886e+00
1.003157683360776486e+00 9.952955465064890817e+00
1.030792642680464333e+00 7.989659979959796487e+00
1.000001105558175007e+00 9.999870878552568954e+00
1.000130992975617250e+00 9.940793158147553044e+00
1.000001097364578539e+00 9.999752266787924171e+00
1.000000141653571095e+00 9.999970404037869187e+00
1.000563604203003720e+00 9.861102311160804490e+00
1.000302727374369427e+00 9.823818939047571419e+00
1.000004863829272894e+00 9.999832020140431155e+00
1.000000126255391697e+00 9.999818291543231652e+00
1.000000037549158893e+00 9.999933373926538138e+00
1.000000421693380881e+00 9.999923215717696934e+00
1.003593115615142306e+00 9.753886624232652736e+00
1.000018088052745835e+00 9.999919270033339913e+00
1.000000130888100580e+00 9.999266632331668347e+00
1.000000256707205937e+00 9.999756218455450707e+00
1.000159370441606299e+00 9.981322723625455140e+00
1.000142168552926369e+00 9.917909472876649701e+00
1.001742025196466157e+00 9.384834683561887658e+00
1.000000262274615137e+00 9.999961463301660913e+00
1.000000022047390802e+00 9.999566153815393932e+00
1.003528302320172649e+00 9.943927255453296254e+00
1.002933529499502763e+00 9.912099897432595341e+00
1.034750400061478448e+00 8.802113686536440440e+00
1.000002189509956452e+00 9.997738930557048320e+00
1.000000170031319469e+00 9.999952742870453548e+00
1.000061998216533965e+00 9.637585927742509995e+00
1.000001229466855435e+00 9.999481972107107097e+00
1.916065115567847421e+00 8.318557357009968456e+00
1.000424653142094611e+00 9.977809970785269655e+00
1.000827284876624867e+00 9.948994294392067061e+00
1.034374005424606446e+00 1.065912489852038458e+00
1.000088254574006186e+00 9.938120348818452854e+00
1.000172945317740147e+00 9.991382712774566244e+00
1.067356076718656954e+00 9.842409708753901754e+00
1.011644375390634121e+00 3.719553051933063070e+00
1.023288457693938946e+00 6.545306933047059239e+00
1.039275213108747042e+00 8.456357058572148588e+00
1.180119430949049253e+00 1.333227380319665478e+00
1.033031129768351208e+00 9.774172052469946692e+00
1.002178432576794176e+00 9.810744679737325669e+00
1.000006250732416113e+00 9.998972790124684096e+00
1.000381295684199978e+00 9.991684934619144087e+00
1.000071546402457434e+00 9.951104676474288979e+00
1.000280432169162959e+00 9.950414256522458700e+00
1.000000064175393888e+00 9.999250173667432406e+00
1.000036914235301833e+00 9.836372222615679561e+00
1.000000449544059311e+00 9.999964026579297283e+00
1.000003552500821957e+00 9.903352802335861682e+00
1.000000034845621721e+00 9.999946712341087007e+00
1.000047968943392984e+00 9.957840095790837509e+00
1.000099167269057565e+00 9.991996950553559742e+00
1.000000221493434260e+00 9.999987481928679145e+00
1.000348880760572934e+00 9.995522480503948870e+00
1.004085223967354779e+00 9.362506987556747262e+00
1.001700300306012759e+00 9.692904300724508815e+00
1.000864967051290355e+00 9.751836814714154755e+00
1.000023380769668568e+00 9.987964821048057829e+00
1.000156397322523816e+00 9.985125026100293510e+00
1.011907697442327780e+00 9.907300637876600646e+00
1.000001679352129358e+00 9.999972659759556848e+00
1.011124182608424515e+00 7.555121254456186541e+00
1.005471147036692381e+00 9.249219278125615062e+00
1.000001048940805992e+00 9.999880356784849766e+00
1.000047468169532161e+00 9.989411980258676493e+00
1.000000753310940960e+00 9.999234509467662235e+00
1.000008376859943038e+00 9.998757726523168188e+00
1.148733569402086818e+00 7.207774840306496955e+00
1.028776705708023043e+00 6.538123439352270694e+00
1.000001117099480474e+00 9.999858940014069830e+00
1.004448410328979691e+00 9.811030726460172602e+00
1.000000749455076887e+00 9.999851437108850050e+00
1.000674410717792728e+00 9.688198357972872543e+00
1.000000065467360200e+00 9.999959420817383204e+00
1.369090567487223575e+00 7.479677827438782067e-01
1.000197519323541062e+00 9.986448432922452767e+00
1.000000289063247338e+00 9.999968572580913317e+00
1.000066773362311201e+00 9.990711699479163599e+00
1.000058768327319658e+00 9.892084447918918499e+00
1.000000086632316432e+00 9.999985303898760947e+00
1.000507915706859263e+00 9.924355833492031209e+00
1.000013049757948469e+00 9.999144640580849952e+00
1.000126922825877784e+00 9.993753629443688169e+00
1.000032370906859258e+00 9.996178089498858554e+00
1.000000081568191312e+00 9.999998031594293124e+00
1.000000138333578814e+00 9.999965213538629882e+00
1.000000946964900939e+00 9.999913209822885563e+00
1.000000152973975043e+00 9.999988939583163372e+00
1.000282091828913256e+00 9.995368637992525507e+00
1.003871434012949093e+00 9.485579936718199434e+00
1.007062026569514268e+00 9.774350541950411753e+00
1.004752754041546403e+00 7.391898549731288348e+00
1.003637157820400416e+00 8.816637647095278751e+00
1.000000359774863457e+00 9.999842200785465707e+00
1.000030293692931060e+00 9.962394588976092535e+00
1.000270716484681355e+00 9.162643024513357659e+00
1.121369620459179650e+00 8.771601111188612521e+00
1.007712065948110247e+00 9.671217271194255005e+00
1.005741074957336334e+00 8.962117063397066374e+00
1.100783225524001097e+00 6.529683387811750173e+00
1.979772703889196794e+00 3.163403778242855680e+00
1.000719010651157204e+00 9.803094234597638845e+00
1.000000063689492791e+00 9.998810860226058139e+00
1.000003936589446640e+00 9.998439222563927586e+00
1.115893961874784512e+00 3.519416617102157918e+00
1.585847765357393024e+00 2.175659954433720067e+00
1.000001008562968030e+00 9.999615465769799982e+00
1.001145458103312569e+00 8.180893758046897446e+00
1.353661337316992119e+00 8.887517631885886615e+00
1.010999906746198107e+00 9.060920886922518847e+00
1.000134873981603389e+00 9.978999991355399501e+00
1.000028418566446975e+00 9.992041703279147313e+00
1.001236656464739028e+00 9.946738744134792753e+00
1.000056652134357238e+00 9.978949841400488907e+00
1.000081020539363319e+00 9.986035101095920297e+00
1.000643526157701135e+00 9.985527414517802569e+00
1.000001815303952934e+00 9.997598356563143440e+00
1.000135249025285500e+00 9.994554086947831095e+00
1.001186794016907466e+00 9.979518227389204910e+00
1.002932662470483294e+00 8.890811469948594947e+00
1.000431884312999564e+00 9.594652906281000426e+00
1.000013575841880442e+00 9.829797736265394548e+00
1.013928659036335889e+00 6.943532277687776144e+00
1.411954283813145361e+00 8.716177338079578618e+00
1.090757029596672201e+00 2.118164892931485355e+00
1.000000105822680618e+00 9.999995641812672531e+00
1.007049694261684447e+00 9.911550926995342792e+00
1.191975457252138382e+00 4.587261758010273027e+00
1.000000135707554971e+00 9.999750452913810150e+00
1.000045951497956498e+00 9.898941008741719116e+00
1.000077071887381264e+00 9.988792354659240758e+00
1.000000659205174447e+00 9.999799590764725465e+00
1.000014044346985820e+00 9.999939965125429708e+00
1.000013337941339397e+00 9.998596440732342217e+00
1.000001793518912052e+00 9.999691356239059914e+00
1.000642842968959112e+00 9.997170319975023034e+00
1.000056969623481784e+00 9.995808664749622707e+00
1.000000081588277245e+00 9.999981617333729034e+00
1.000000333898643179e+00 9.999973838211815291e+00
1.000000164646222212e+00 9.999975417518596643e+00
1.000082307839424978e+00 9.994945857410639789e+00
1.000000723761688803e+00 9.999817784573174606e+00
1.000000406322027580e+00 9.999818643742530710e+00
1.006799739030963092e+00 9.674328900102709738e+00
1.000003879483466473e+00 9.996900399388040981e+00
1.000001273480401354e+00 9.999936363812009787e+00
1.000002351754184726e+00 9.996314979802182421e+00
1.000005291247086925e+00 9.999932721705853567e+00
1.005044946173726084e+00 9.913628002533396710e+00
1.000070252482099464e+00 9.653643232897598736e+00
1.000009551171831212e+00 9.999314656305193338e+00
1.000000136638667714e+00 9.999984520010828604e+00
1.000722244856769194e+00 9.655509425876546814e+00
1.000316763553448896e+00 9.987369352157609015e+00
1.000003796249654631e+00 9.940796657196312225e+00
1.000000325095525389e+00 9.999996153572240587e+00
1.024242284685151105e+00 8.394748030455621901e+00
1.000000210986346394e+00 9.999966003735449860e+00
1.017003075687689773e+00 3.670562830062408466e+00
1.000000413106667096e+00 9.999938592897343881e+00
1.000000092020203235e+00 9.999986555087186701e+00
1.000000079762022320e+00 9.999976158637352341e+00
1.001260338971207142e+00 9.991682900538810586e+00
1.000000456997332199e+00 9.999987781182168689e+00
1.001104277505906248e+00 9.608347536983607995e+00
1.000277261099656201e+00 9.944431518460504549e+00
1.000064734732324601e+00 9.933721006597652448e+00
1.000001259790705976e+00 9.997072698693711956e+00
1.000002517337036601e+00 9.999352033449614652e+00
1.000000068319967461e+00 9.999985555004032634e+00
1.000033338551372886e+00 9.999622224179333330e+00
1.000009003253135242e+00 9.998787396920103987e+00
1.000000343195307728e+00 9.999998366811734485e+00
1.000000159067348404e+00 9.999963669870718164e+00
1.000000184201924380e+00 9.999225999812791699e+00
1.000000104420214697e+00 9.999674645035096177e+00
1.000113838101753805e+00 9.997045061718830894e+00
1.000000086321008785e+00 9.999999542474506953e+00
1.000023755146476789e+00 9.983423023118071171e+00
1.000321657972856437e+00 9.993035940580549337e+00
1.000892574028205084e+00 9.287977841166890514e+00
1.000000003424359907e+00 9.999575257750995760e+00
1.068489288435376272e+00 6.860924685536935463e+00
