-1.928765734679496902e+01 2.597702297605881117e-01 -3.413261322293856814e-01
-1.932695519202515655e+01 7.012038323523456240e-02 -1.217465841304396612e+00
-1.931977641308101568e+01 1.769078306854690863e-01 -5.122088205906071279e-01
-1.931977641308101568e+01 1.769078306854690863e-01 -5.122088205906071279e-01
-1.933911017671436738e+01 6.605649492668431988e-02 -1.257092769986629222e+00
-1.933279673505362695e+01 8.549440805102026530e-02 -1.125142351525666218e+00
-1.931796253856358803e+01 1.971547774393709040e-01 -6.944337647369097644e-01
-1.934056651270945437e+01 6.877136148645471292e-02 -9.184500190657151064e-01
-1.931112754737783632e+01 1.192406954541819497e-01 -9.730608098164396091e-01
-1.929060005008383527e+01 2.989858839753939956e-01 9.436449744343100576e-02
-1.933921148743884899e+01 6.627639491530477878e-02 -1.283521487310328446e+00
-1.932317287763945046e+01 6.331569838237008363e-02 -1.423437876107427114e+00
-1.930269536055779867e+01 2.589424166154298823e-01 -2.128180941320239050e-01
-1.927883578696699374e+01 2.543413623410356039e-01 -3.585473141475761238e-01
-1.931588554634045707e+01 1.355299568589712067e-01 -8.725353418833867725e-01
-1.930141043900622577e+01 2.387156264957008001e-01 -2.726430320517114758e-01
-1.931007564449295799e+01 1.856053891814367918e-01 -5.721999399687327514e-01
-1.932195555029863954e+01 2.289690530259871903e-01 -6.029939162294439825e-02
-1.928588283931325620e+01 2.753343718867491963e-01 -3.858041586559246561e-01
-1.930125751399278755e+01 1.340439623035557526e-01 -1.259365074360957237e+00
-1.933279673505362695e+01 8.549440805102026530e-02 -1.125142351525666218e+00
-1.930967337384515048e+01 1.914116270439327194e-01 -6.574054420789137154e-01
-1.933272405159275920e+01 7.593164563542448287e-02 -1.164912719209220127e+00
-1.934061942142533752e+01 1.260753693593007485e-01 -7.684852461847764271e-01
-1.932366985437450424e+01 1.842513352284089745e-01 -4.078053618337176278e-01
-1.934458599992898797e+01 1.101756890830583036e-01 -8.799479482358752991e-01
-1.929193833685587833e+01 1.772476187590727170e-01 -5.517879619235183108e-01
-1.931886051273086480e+01 9.418141745011660015e-02 -1.099163195156113382e+00
-1.929054219808245918e+01 2.737645403234960084e-01 -6.522723628124871276e-02
-1.929663556177126793e+01 1.360755700244342947e-01 -1.147182016040717345e+00
-1.932421277379458857e+01 7.058701880349474433e-02 -1.189000590998491313e+00
-1.931298543404060197e+01 1.488971568690709568e-01 -8.438013445646217470e-01
-1.928180661356347869e+01 2.397991854926732058e-01 -4.395548944254148438e-01
-1.928193978777884965e+01 2.930916629693770536e-01 -5.151041503168429792e-02
-1.930137885574059098e+01 1.205878497913868141e-01 -1.026909241211176660e+00
-1.931144440398110618e+01 2.463637040437328396e-01 -3.860011418188655785e-01
-1.930334827346582571e+01 2.309140960886759963e-01 -3.031597869300033388e-01
-1.927585945779046739e+01 2.647789282150522783e-01 -3.456771382051797570e-01
-1.929054219808245918e+01 2.737645403234960084e-01 -6.522723628124871276e-02
-1.928308784687970245e+01 1.880879311258288611e-01 -8.816132580775287719e-01
-1.929267649574546084e+01 2.514787961267926919e-01 -8.473043745005925942e-02
-1.929060005008383527e+01 2.989858839753939956e-01 9.436449744343100576e-02
-1.931425358927358005e+01 1.117412434499177737e-01 -1.135565113206219889e+00
-1.932195555029863954e+01 2.289690530259871903e-01 -6.029939162294439825e-02
-1.933279673505362695e+01 8.549440805102026530e-02 -1.125142351525666218e+00
-1.931425358927358005e+01 1.117412434499177737e-01 -1.135565113206219889e+00
-1.931069973401107376e+01 1.343611740363235829e-01 -1.098432817970071085e+00
-1.926370329292166872e+01 3.067174891011988369e-01 -1.517083235789911111e-01
-1.930959606202859646e+01 1.868082184552048164e-01 -5.048426347948787862e-01
-1.929965715710336127e+01 1.679045039594581623e-01 -6.966185723183435652e-01
-1.929965715710336127e+01 1.679045039594581623e-01 -6.966185723183435652e-01
-1.933287763207655274e+01 6.668542922649377258e-02 -1.272327500593191107e+00
-1.927276630041241035e+01 2.839606736140854459e-01 -1.679236005038220458e-01
-1.931886051273086480e+01 9.418141745011660015e-02 -1.099163195156113382e+00
-1.933279673505362695e+01 8.549440805102026530e-02 -1.125142351525666218e+00
-1.930810338922436387e+01 2.436674251352448362e-01 -1.643581686214643511e-01
-1.927276630041241035e+01 2.839606736140854459e-01 -1.679236005038220458e-01
-1.931118378023026949e+01 9.931369493545844085e-02 -1.262287019786181963e+00
-1.929375227095820833e+01 1.999843217533774087e-01 -8.109158690964881622e-01
-1.931886932820635749e+01 1.598489494484711670e-01 -7.026023120971205405e-01
-1.932234994796787220e+01 1.159867727982603208e-01 -1.031019985155213758e+00
-1.929276977270855653e+01 2.411426441215923089e-01 -1.993673721999034143e-02
-1.930984595022719574e+01 1.114729321274845475e-01 -9.371833588902905854e-01
-1.930669734534491155e+01 1.941899787507104513e-01 -7.680089726700792818e-01
-1.929663556177126793e+01 1.360755700244342947e-01 -1.147182016040717345e+00
-1.931112754737783632e+01 1.192406954541819497e-01 -9.730608098164396091e-01
-1.927883578696699374e+01 2.543413623410356039e-01 -3.585473141475761238e-01
-1.931730962697433185e+01 1.325695682366558326e-01 -9.394787367708690162e-01
-1.931354540219410154e+01 1.479160342685420237e-01 -8.313285993765278103e-01
-1.930334827346582571e+01 2.309140960886759963e-01 -3.031597869300033388e-01
-1.932907613610161590e+01 5.651344678838463725e-02 -1.366737238048301828e+00
-1.930548934729224797e+01 1.177147479670533070e-01 -1.232716224624027523e+00
-1.932861744165734663e+01 1.069462390939281554e-01 -9.554611577664633426e-01
-1.928733244480378417e+01 1.849616017948228219e-01 -8.365756344325111504e-01
-1.931118378023026949e+01 9.931369493545844085e-02 -1.262287019786181963e+00
-1.930141043900622577e+01 2.387156264957008001e-01 -2.726430320517114758e-01
-1.929464500188957743e+01 2.417925037440503411e-01 -3.334802443866216048e-01
-1.931025413652282552e+01 7.316965100619765572e-02 -1.372104701094353230e+00
-1.931118378023026949e+01 9.931369493545844085e-02 -1.262287019786181963e+00
-1.931734536036390182e+01 1.991749178095743311e-01 -1.892443391800007202e-01
-1.932366985437450424e+01 1.842513352284089745e-01 -4.078053618337176278e-01
-1.933272405159275920e+01 7.593164563542448287e-02 -1.164912719209220127e+00
-1.929464500188957743e+01 2.417925037440503411e-01 -3.334802443866216048e-01
-1.932195555029863954e+01 2.289690530259871903e-01 -6.029939162294439825e-02
-1.927276630041241035e+01 2.839606736140854459e-01 -1.679236005038220458e-01
-1.929375227095820833e+01 1.999843217533774087e-01 -8.109158690964881622e-01
-1.928193978777884965e+01 2.930916629693770536e-01 -5.151041503168429792e-02
-1.936695307936684074e+01 8.057005471415135123e-02 -9.201487466630684509e-01
-1.930353548635371652e+01 2.674610710308130135e-01 -3.198425643452664779e-01
-1.932452070341280859e+01 4.258128906701619948e-02 -1.261752191131388035e+00
-1.929306883055438959e+01 2.702113065881925902e-01 -7.791915229698442857e-02
-1.929663556177126793e+01 1.360755700244342947e-01 -1.147182016040717345e+00
-1.929375227095820833e+01 1.999843217533774087e-01 -8.109158690964881622e-01
-1.932572416423873918e+01 1.014549068219328387e-01 -1.440927873600786002e+00
-1.929588529897023008e+01 2.417278489001359887e-01 -3.833890698129454044e-01
-1.926370329292166872e+01 3.067174891011988369e-01 -1.517083235789911111e-01
-1.934056651270945437e+01 6.877136148645471292e-02 -9.184500190657151064e-01
-1.933279248165314712e+01 5.267109659535197663e-02 -1.269982000978127745e+00
-1.932420189913107222e+01 1.581411920019730744e-01 -7.508861706813457770e-01
-1.932366985437450424e+01 1.842513352284089745e-01 -4.078053618337176278e-01
-1.931336796176325876e+01 1.168037940453497125e-01 -1.200471926428261726e+00
-1.930957546916744505e+01 1.313490335823459532e-01 -9.046205261075825899e-01
-1.930353548635371652e+01 2.674610710308130135e-01 -3.198425643452664779e-01
-1.932471742833768502e+01 1.085984217805648216e-01 -9.703178669772384302e-01
-1.929054219808245918e+01 2.737645403234960084e-01 -6.522723628124871276e-02
-1.931789521226222917e+01 2.588361702434812117e-01 -1.307755468183564584e-01
-1.928765734679496902e+01 2.597702297605881117e-01 -3.413261322293856814e-01
-1.932861744165734663e+01 1.069462390939281554e-01 -9.554611577664633426e-01
-1.931969584704138043e+01 1.207241344211643502e-01 -1.042952618201281378e+00
-1.930597863624863564e+01 1.833433366112404150e-01 -6.275847415361212045e-01
-1.932195555029863954e+01 2.289690530259871903e-01 -6.029939162294439825e-02
-1.933279673505362695e+01 8.549440805102026530e-02 -1.125142351525666218e+00
-1.932452070341280859e+01 4.258128906701619948e-02 -1.261752191131388035e+00
-1.928765734679496902e+01 2.597702297605881117e-01 -3.413261322293856814e-01
-1.933799497530291589e+01 1.588135438369071006e-01 -4.156977851480010422e-01
-1.932421277379458857e+01 7.058701880349474433e-02 -1.189000590998491313e+00
-1.930556486047952092e+01 1.729091977776013589e-01 -6.098515608582267822e-01
-1.932366985437450424e+01 1.842513352284089745e-01 -4.078053618337176278e-01
-1.928733244480378417e+01 1.849616017948228219e-01 -8.365756344325111504e-01
-1.931258993166668247e+01 1.415786152715019230e-01 -9.349475568254883573e-01
-1.928193978777884965e+01 2.930916629693770536e-01 -5.151041503168429792e-02
-1.932281307668665704e+01 2.278694709627780701e-01 -6.998246714331823881e-02
-1.930810338922436387e+01 2.436674251352448362e-01 -1.643581686214643511e-01
-1.930860863659140136e+01 2.141146537844951792e-01 -4.950284975381542552e-01
-1.926053969345872474e+01 2.775804251899918196e-01 -5.621404759760141312e-01
-1.929965715710336127e+01 1.679045039594581623e-01 -6.966185723183435652e-01
-1.929588529897023008e+01 2.417278489001359887e-01 -3.833890698129454044e-01
-1.933131764511064787e+01 1.053396761041908714e-01 -9.221790723799012657e-01
-1.932907613610161590e+01 5.651344678838463725e-02 -1.366737238048301828e+00
-1.931507506306592248e+01 1.836680576727569569e-01 -6.605847829979212271e-01
-1.930548934729224797e+01 1.177147479670533070e-01 -1.232716224624027523e+00
-1.930959606202859646e+01 1.868082184552048164e-01 -5.048426347948787862e-01
-1.933268186738335004e+01 9.934512411812984611e-02 -1.027667418252664611e+00
-1.927276630041241035e+01 2.839606736140854459e-01 -1.679236005038220458e-01
-1.926370329292166872e+01 3.067174891011988369e-01 -1.517083235789911111e-01
-1.929267649574546084e+01 2.514787961267926919e-01 -8.473043745005925942e-02
-1.930984595022719574e+01 1.114729321274845475e-01 -9.371833588902905854e-01
-1.931069973401107376e+01 1.343611740363235829e-01 -1.098432817970071085e+00
-1.933911017671436738e+01 6.605649492668431988e-02 -1.257092769986629222e+00
-1.930860863659140136e+01 2.141146537844951792e-01 -4.950284975381542552e-01
-1.929054219808245918e+01 2.737645403234960084e-01 -6.522723628124871276e-02
-1.928765734679496902e+01 2.597702297605881117e-01 -3.413261322293856814e-01
-1.927883578696699374e+01 2.543413623410356039e-01 -3.585473141475761238e-01
-1.929054219808245918e+01 2.737645403234960084e-01 -6.522723628124871276e-02
-1.930984595022719574e+01 1.114729321274845475e-01 -9.371833588902905854e-01
-1.927585945779046739e+01 2.647789282150522783e-01 -3.456771382051797570e-01
-1.932471742833768502e+01 1.085984217805648216e-01 -9.703178669772384302e-01
-1.933921148743884899e+01 6.627639491530477878e-02 -1.283521487310328446e+00
-1.927883578696699374e+01 2.543413623410356039e-01 -3.585473141475761238e-01
-1.930269536055779867e+01 2.589424166154298823e-01 -2.128180941320239050e-01
-1.932420189913107222e+01 1.581411920019730744e-01 -7.508861706813457770e-01
-1.931118378023026949e+01 9.931369493545844085e-02 -1.262287019786181963e+00
-1.931118378023026949e+01 9.931369493545844085e-02 -1.262287019786181963e+00
-1.931452616551860046e+01 1.685548659547017047e-01 -7.401607953705829912e-01
-1.929428795318328582e+01 2.873231923766593754e-01 -1.321451876643469081e-01
-1.932695519202515655e+01 7.012038323523456240e-02 -1.217465841304396612e+00
-1.929663556177126793e+01 1.360755700244342947e-01 -1.147182016040717345e+00
-1.929160102440592794e+01 1.310926764452559623e-01 -7.690692754632418859e-01
-1.934061942142533752e+01 1.260753693593007485e-01 -7.684852461847764271e-01
-1.928765734679496902e+01 2.597702297605881117e-01 -3.413261322293856814e-01
-1.933405210239900640e+01 7.528629630663874472e-02 -1.295088149674863853e+00
-1.931112754737783632e+01 1.192406954541819497e-01 -9.730608098164396091e-01
-1.930556486047952092e+01 1.729091977776013589e-01 -6.098515608582267822e-01
-1.929329277753940275e+01 2.138623524936498765e-01 -6.054788020795460746e-01
-1.931336796176325876e+01 1.168037940453497125e-01 -1.200471926428261726e+00
-1.933806414725464862e+01 1.152397489595903407e-01 -8.892751160847449654e-01
-1.930137885574059098e+01 1.205878497913868141e-01 -1.026909241211176660e+00
-1.932420189913107222e+01 1.581411920019730744e-01 -7.508861706813457770e-01
-1.933279673505362695e+01 8.549440805102026530e-02 -1.125142351525666218e+00
