1.000035403003675771e+00 -7.023296268072639847e+00
1.000003602747984388e+00 -8.747337832167152882e+00
1.000042710000463853e+00 -5.222811801340356830e+00
1.000000584612264376e+00 -5.699211309729131258e+00
1.000010540775572609e+00 -9.982801219955277361e+00
1.000010540775572609e+00 -9.982801219955277361e+00
1.000017732397163961e+00 -7.761470240524815267e+00
1.000006245278145300e+00 -8.408987279142774440e+00
1.000014605882762586e+00 -4.825015101142778207e+00
1.000006585390609937e+00 -7.425142127532566860e-01
1.000000777498873950e+00 -7.450865012768066897e+00
1.000005663683592338e+00 -8.845994212195353867e+00
1.000014223936635416e+00 -1.222200503121836590e+00
1.000009115975964535e+00 1.300352935347955707e+00
1.000001741556453716e+00 -4.161356972716863112e-01
1.000013914449116248e+00 -6.028329572112792079e+00
1.000029338123053613e+00 -3.168786637085400315e+00
1.000084530430555896e+00 -9.409297491829571314e+00
1.000075247971939474e+00 -3.278698096580508370e+00
1.000003602747984388e+00 -8.747337832167152882e+00
1.000037339080436460e+00 -8.744322571925749799e+00
1.000016870653183121e+00 -7.557805906017066810e+00
1.000061712664554348e+00 -4.541620230937347458e+00
1.000000464582897042e+00 4.362763761327467904e+00
1.000017732397163961e+00 -7.761470240524815267e+00
1.000046959404156111e+00 -6.955319637932662502e+00
1.000002210172628914e+00 -9.351895672934057657e+00
1.000001609012472814e+00 -3.693380355882370125e+00
1.000095816332047693e+00 -9.561117652306498016e+00
1.000010540775572609e+00 -9.982801219955277361e+00
1.000006860091893879e+00 3.342936609916264956e+00
1.000003191954833559e+00 -3.938941436699366250e+00
1.000013689491971114e+00 3.050555886383712334e-01
1.000003397174116238e+00 -8.621759036925702446e-01
1.000001806455171005e+00 -8.049284700940292581e+00
1.000033533173394718e+00 -8.825588241690123681e+00
1.000026858047726286e+00 -9.688391699410924929e+00
1.000024305097930943e+00 -2.682980113407273492e+00
1.000049889411651627e+00 -5.749722883504928106e+00
1.000046959404156111e+00 -6.955319637932662502e+00
1.000005198960038255e+00 -4.615763100459971291e+00
1.000018628237076657e+00 -2.218033201324365322e+00
1.000008062374844853e+00 2.423234983448683266e+00
1.000084530430555896e+00 -9.409297491829571314e+00
1.000014889916261529e+00 -3.444576866312210939e+00
1.000007926701171002e+00 -8.736617259948632253e+00
1.000007831808233272e+00 -3.638379609023555616e+00
1.000049889411651627e+00 -5.749722883504928106e+00
1.000001258755924605e+00 -9.481258719942260882e+00
1.000019979605639264e+00 -3.311890945540556075e+00
1.000007924906211043e+00 4.585029033287080225e+00
1.000034311316303715e+00 -8.900914273627689610e+00
1.000035312237587126e+00 -5.842466501101518439e+00
1.000016870653183121e+00 -7.557805906017066810e+00
1.000000170531455401e+00 -2.333793608786962182e+00
1.000017292679188152e+00 -8.520182721940191328e+00
1.000006585390609937e+00 -7.425142127532566860e-01
1.000007859068397842e+00 3.851477696130316986e+00
1.000014889916261529e+00 -3.444576866312210939e+00
1.000006109022826717e+00 -6.999490586033897621e+00
1.000029338123053613e+00 -3.168786637085400315e+00
1.000006585390609937e+00 -7.425142127532566860e-01
1.000007924906211043e+00 4.585029033287080225e+00
1.000041420450380025e+00 -6.566314633827803782e+00
1.000002908752233077e+00 -9.638920450068461321e+00
1.000001433199075640e+00 -4.574441278789694643e+00
1.000002137684855796e+00 2.310939196104476068e+00
1.000006109022826717e+00 -6.999490586033897621e+00
1.000014889916261529e+00 -3.444576866312210939e+00
1.000009431961684792e+00 2.499333921000967962e-02
1.000006585390609937e+00 -7.425142127532566860e-01
1.000013681088159023e+00 3.107025653867978576e-01
1.000025067344600949e+00 -4.735093807574116020e+00
1.000026858047726286e+00 -9.688391699410924929e+00
1.000046959404156111e+00 -6.955319637932662502e+00
1.000171757766048053e+00 -9.232927653105681642e+00
1.000034311316303715e+00 -8.900914273627689610e+00
1.000000237117211643e+00 -4.871160162015431894e+00
1.000027482956664659e+00 -7.041773052406763433e+00
1.000001609012472814e+00 -3.693380355882370125e+00
1.000000763940232407e+00 -9.344669497664810365e-01
1.000013914449116248e+00 -6.028329572112792079e+00
1.000002748382921913e+00 -9.547198312681057786e+00
1.000000108163552337e+00 8.169984659671136740e-01
1.000040146009085307e+00 -6.296072617647634040e+00
1.000086142800734379e+00 -7.017401079638474926e+00
1.000001831476759806e+00 -3.091507568435527098e+00
1.000017047345486354e+00 -4.586638687742146558e+00
1.000006585390609937e+00 -7.425142127532566860e-01
1.000036259865926036e+00 -9.174210304970344509e+00
1.000009431961684792e+00 2.499333921000967962e-02
1.000001522567587120e+00 3.472397510165698975e+00
1.000086142800734379e+00 -7.017401079638474926e+00
1.000009409911465807e+00 -6.528875765953465304e+00
1.000013681088159023e+00 3.107025653867978576e-01
1.000014223936635416e+00 -1.222200503121836590e+00
1.000018628237076657e+00 -2.218033201324365322e+00
1.000003191954833559e+00 -3.938941436699366250e+00
1.000026331486119968e+00 -3.951763092132381416e+00
1.000001433199075640e+00 -4.574441278789694643e+00
1.000084530430555896e+00 -9.409297491829571314e+00
1.000024145200596459e+00 -6.754633165110173643e+00
1.000005934723087408e+00 -9.050563792216344439e+00
1.000068108533963995e+00 -8.960441303775887434e+00
1.000007831808233272e+00 -3.638379609023555616e+00
1.000029599499995925e+00 -5.442014629201270104e+00
1.000009792469414460e+00 -7.715013664904403434e+00
1.000016870653183121e+00 -7.557805906017066810e+00
1.000001433199075640e+00 -4.574441278789694643e+00
1.000006860091893879e+00 3.342936609916264956e+00
1.000016870653183121e+00 -7.557805906017066810e+00
1.000003560509077127e+00 -9.338146501974495806e-01
1.000021445987130386e+00 1.776351592195712925e-01
1.000017292679188152e+00 -8.520182721940191328e+00
1.000029963795265431e+00 -6.761986878905263509e+00
1.000071987329250289e+00 -8.224433735310661575e+00
1.000000180802744998e+00 6.823102432919476712e+00
1.000035096591116890e+00 -2.335695855938794807e+00
1.000009409911465807e+00 -6.528875765953465304e+00
1.000001741556453716e+00 -4.161356972716863112e-01
1.000008062374844853e+00 2.423234983448683266e+00
1.000013914449116248e+00 -6.028329572112792079e+00
1.000021445987130386e+00 1.776351592195712925e-01
1.000002210172628914e+00 -9.351895672934057657e+00
1.000041420450380025e+00 -6.566314633827803782e+00
1.000033533173394718e+00 -8.825588241690123681e+00
1.000037339080436460e+00 -8.744322571925749799e+00
1.000007859068397842e+00 3.851477696130316986e+00
1.000006109022826717e+00 -6.999490586033897621e+00
1.000027482956664659e+00 -7.041773052406763433e+00
1.000041420450380025e+00 -6.566314633827803782e+00
1.000001831476759806e+00 -3.091507568435527098e+00
1.000117303994845441e+00 -3.801198843803871519e+00
1.000019800794947900e+00 -8.262550675400342826e+00
1.000071987329250289e+00 -8.224433735310661575e+00
1.000035403003675771e+00 -7.023296268072639847e+00
1.000019979605639264e+00 -3.311890945540556075e+00
1.000006585390609937e+00 -7.425142127532566860e-01
1.000017732397163961e+00 -7.761470240524815267e+00
1.000009431961684792e+00 2.499333921000967962e-02
1.000171757766048053e+00 -9.232927653105681642e+00
1.000021445987130386e+00 1.776351592195712925e-01
1.000004992813124272e+00 -1.606371181959918459e+00
1.000035096591116890e+00 -2.335695855938794807e+00
1.000003560509077127e+00 -9.338146501974495806e-01
1.000026030053580595e+00 -7.998896075065427880e+00
1.000004194296324700e+00 7.018264197347171773e+00
1.000156706806641926e+00 -9.238352412617452103e+00
1.000019800794947900e+00 -8.262550675400342826e+00
1.000019800794947900e+00 -8.262550675400342826e+00
1.000139006175698286e+00 -8.123328614220799437e+00
1.000004992813124272e+00 -1.606371181959918459e+00
1.000027219681322688e+00 -7.624016912610063201e+00
1.000001609012472814e+00 -3.693380355882370125e+00
1.000003191954833559e+00 -3.938941436699366250e+00
1.000017292679188152e+00 -8.520182721940191328e+00
