0.000000000000000000e+00
0.000000000000000000e+00
0.000000000000000000e+00
0.000000000000000000e+00
0.000000000000000000e+00
0.000000000000000000e+00
6.372021200929099551e-131
0.000000000000000000e+00
0.000000000000000000e+00
0.000000000000000000e+00
1.439095842032081765e-232
1.859059272354663146e-278
3.541602676955214156e-71
0.000000000000000000e+00
0.000000000000000000e+00
0.000000000000000000e+00
0.000000000000000000e+00
1.086766694835638465e-21
3.103766757285773081e-07
2.043844421531596990e-12
1.653003847491775511e-21
6.801869574990236799e-22
1.538551584657681324e-07
8.502758558385938416e-04
0.000000000000000000e+00
0.000000000000000000e+00
2.607065708675055937e-01
5.921481854144348055e-93
4.620553370934102860e-09
2.626174554152998215e-05
1.734019445401354320e-50
3.398696760544982487e-01
6.106552470411096278e-01
2.986545521207730142e-04
4.004487701903570174e-01
3.585625290819497990e-01
4.456389159526115695e-01
5.752019818171280052e-01
1.621836613500796044e-112
7.588482576132133950e-01
1.626347684355396450e-01
6.879720720114193490e-59
5.986948952288416725e-01
3.349727635209995835e-01
3.095341147234708266e-10
4.944636250845636516e-01
4.329832970237512124e-01
3.933670534375680594e-01
3.655532188533634486e-01
4.688524658191109973e-01
1.109431066368411767e-01
4.098943030727737469e-01
1.669839712398578646e-01
1.708858606344030613e-34
5.151977612936197267e-56
5.871955466416014513e-01
5.394277156361340086e-01
4.270542830072389662e-01
4.358423513075387334e-01
5.953548017399717951e-01
4.577717326621214000e-01
6.086028451709594306e-02
1.538965129810763243e-06
1.557664145025701192e-111
6.451918653825740139e-03
0.000000000000000000e+00
4.009292126682778004e-05
4.839007830635950191e-01
8.946106527869753661e-03
4.563936800594603493e-01
1.034585981456587848e-29
3.552724159292515449e-02
2.143357408895747371e-02
1.435294586845723419e-01
1.824260547321502895e-155
1.331972109010856570e-11
0.000000000000000000e+00
1.192966551812158632e-01
1.097865666246685412e-01
7.312442048338642087e-01
1.494249605117128091e-16
8.853513180003760516e-03
0.000000000000000000e+00
8.578923799762617763e-01
3.779777909413014059e-01
4.098481460590463511e-03
4.103707330015044646e-03
8.608240361469856605e-01
3.826045503543980542e-01
4.732025121064543649e-01
0.000000000000000000e+00
0.000000000000000000e+00
4.333440903942492595e-01
3.802047411956323009e-01
8.674191880545684775e-220
4.411575634070540532e-38
1.874604139204272797e-177
3.251919303195826005e-01
7.787452548078694914e-01
1.856826791212262092e-37
3.878474404443527090e-01
7.415875246299065068e-03
8.901743360979668188e-03
7.419319678303054769e-17
3.036531768350764425e-25
0.000000000000000000e+00
0.000000000000000000e+00
0.000000000000000000e+00
0.000000000000000000e+00
0.000000000000000000e+00
5.940605540608256963e-02
4.132628010159841020e-03
4.176967759662630723e-03
5.590343273504571078e-57
1.660887775125547416e-01
1.648334189028993479e-01
4.203152579815663294e-03
1.412604736643349734e-01
0.000000000000000000e+00
1.421785164636331089e-01
1.785513227917626400e-01
4.808861220887555854e-02
1.820770062115976973e-01
0.000000000000000000e+00
1.773027504772969332e-01
8.869581570367482057e-03
2.169585457995638206e-02
4.089620485053966151e-03
8.916581430194319216e-03
8.971825663403173653e-03
0.000000000000000000e+00
4.175662691848849167e-03
2.145555145651433654e-02
5.968012678323449116e-02
2.064946809447069261e-216
0.000000000000000000e+00
4.884995969286829581e-02
5.078964045856736108e-74
1.782390913375519470e-01
0.000000000000000000e+00
4.156157334801359980e-03
9.504451815239656209e-02
4.157592539670407206e-03
8.904956200836755542e-03
7.326886571464268361e-01
1.828006755824176670e-16
5.849631773176273697e-01
1.551993313375353875e-32
3.836626284077701625e-63
5.699966480578827488e-01
2.271849759306756866e-01
3.423708412193277040e-02
1.506237845846834789e-01
8.312370947481999561e-01
4.098953233974547868e-03
2.266322906148026387e-17
2.147127370501389354e-02
5.923798852894377465e-01
4.139956516693342817e-03
8.920434014888522362e-03
4.923615740553196479e-02
5.354635814327221022e-01
4.808053835583833702e-01
7.431943619493345393e-03
4.486939066257819575e-01
5.959751964285673470e-02
5.517827150974912165e-01
2.749800730057535558e-01
1.218193303921697514e-79
2.190168078135387001e-11
0.000000000000000000e+00
0.000000000000000000e+00
0.000000000000000000e+00
3.389771949230308629e-179
0.000000000000000000e+00
4.192247790495910557e-03
4.224418496285667693e-03
6.339303767466374377e-101
4.123815411072311032e-03
2.238278719394165851e-34
0.000000000000000000e+00
3.640812840556174543e-111
8.963176197261531544e-03
8.184218668912867090e-01
0.000000000000000000e+00
4.553134694764438148e-26
0.000000000000000000e+00
0.000000000000000000e+00
1.812657096632699780e-15
0.000000000000000000e+00
0.000000000000000000e+00
3.495362177228238110e-02
8.657584407810598457e-05
4.468866152445651330e-01
4.299386504681150800e-01
3.709221640409026133e-01
8.730424680043178315e-51
6.036192698192157507e-02
3.548657831386401853e-07
2.143180922440224984e-02
8.045389564420662998e-01
5.946846508588711222e-01
4.100752528986190831e-03
4.145748301653339775e-03
3.022462927653640427e-02
1.072455805726289270e-02
9.025192090333933326e-01
4.171201217930246147e-03
7.956168662062534924e-02
5.563803155084994234e-01
4.077484957876970594e-03
1.511631516030856048e-01
8.064639017445507374e-01
4.110017661168170224e-03
4.128525476530723812e-03
8.918919554598218891e-03
4.103535948444899176e-03
6.018484301846752788e-02
8.869799253551510776e-03
8.852556245285787481e-03
8.851698786277945388e-03
2.146552337482751302e-02
4.100407430611752342e-03
8.943276249197487301e-03
8.854224336723743455e-03
1.738766576618749893e-01
2.083987121066008599e-02
5.965125426078272258e-02
6.180792564785253778e-04
8.468099272646233773e-28
1.818898755453938055e-85
4.182105048026669268e-31
4.086169715921027928e-03
1.845905654515814509e-01
5.935057390034859798e-02
4.422636365847323892e-01
8.552969092399610451e-01
4.079712643006169238e-03
0.000000000000000000e+00
0.000000000000000000e+00
4.080589813742045019e-03
5.282279792631763282e-01
8.883656340551755459e-01
0.000000000000000000e+00
6.309307677430032735e-01
1.378324691818213625e-16
3.601008795523148294e-49
4.691909398044687429e-01
5.518943045036335260e-01
1.079080316532105822e-16
4.027738431625904614e-01
1.016086402953279454e-12
2.141347262801460150e-02
6.082146721996064542e-01
2.969182269227749540e-02
4.107641089919426489e-03
0.000000000000000000e+00
5.484422150763671081e-162
4.098227330850606198e-01
4.244303966924495297e-01
8.648625510058057797e-01
4.559814583161496682e-01
0.000000000000000000e+00
4.868750821131705153e-02
3.778417190703116657e-01
1.412357423231825893e-01
0.000000000000000000e+00
0.000000000000000000e+00
3.968271237664613982e-01
7.660852666600606973e-248
3.819366881395049318e-01
4.219573041280106837e-03
5.226208323815837442e-01
4.184661494852224412e-03
2.164245847568765577e-02
4.729719850462094644e-01
6.550455260713989869e-01
4.136025047122748183e-03
4.357350861683375598e-01
1.688868543936843658e-01
3.089762223940543305e-47
0.000000000000000000e+00
6.133116620722437601e-02
1.439305533366570790e-22
1.766802438205651304e-01
3.729539315757040563e-01
4.105048398374911214e-03
4.076948008848594977e-03
4.971403900843521240e-01
1.359104900013730632e-01
9.137986232797721264e-01
5.032918818845286690e-01
1.231546219192723324e-06
1.468353467710117877e-01
9.030970397471526079e-01
0.000000000000000000e+00
3.429461652621741369e-15
0.000000000000000000e+00
4.122343178191564469e-03
0.000000000000000000e+00
4.205780432758313668e-03
2.746587144099248242e-24
0.000000000000000000e+00
4.408260286150311735e-01
6.127530408834195447e-02
5.482798375437479560e-39
0.000000000000000000e+00
8.992643394538405235e-03
0.000000000000000000e+00
0.000000000000000000e+00
7.699108107489522132e-07
7.465525645819579871e-03
0.000000000000000000e+00
0.000000000000000000e+00
0.000000000000000000e+00
4.884966824426510007e-02
0.000000000000000000e+00
6.351316810206842911e-01
2.870642889752763598e-224
9.238729855605667975e-63
1.118958909537077691e-61
0.000000000000000000e+00
2.698409934956254358e-09
0.000000000000000000e+00
1.137421062733623028e-14
0.000000000000000000e+00
0.000000000000000000e+00
4.255971414475417630e-41
4.805509275705705657e-02
2.042646275608639624e-10
7.953747542544690721e-13
8.210524019980146582e-01
4.962283982789083420e-02
1.764617517491311460e-01
1.427890775143789981e-01
6.990575095943605048e-45
0.000000000000000000e+00
7.475030587530075502e-03
4.501787687071759358e-01
4.144175224160795770e-03
0.000000000000000000e+00
7.397778383587181317e-01
1.470678913664078546e-01
2.149834060287694748e-02
2.392169714544866609e-248
0.000000000000000000e+00
0.000000000000000000e+00
4.164476554903153716e-01
0.000000000000000000e+00
0.000000000000000000e+00
1.571817988433967144e-91
0.000000000000000000e+00
7.414855235090509478e-01
0.000000000000000000e+00
7.394039329779624435e-03
0.000000000000000000e+00
2.144291545066873486e-02
1.157624076571738547e-01
8.556732661689801789e-02
1.600871265572631116e-212
4.533794101925965659e-25
6.008278578767131672e-02
3.467654081340909054e-69
3.993399484000531574e-01
7.757530373640048950e-16
4.710662037857257234e-01
7.429089960904885007e-03
3.642737678135485914e-27
5.600951809053185126e-01
4.492896463373241137e-29
1.724736647823466940e-07
4.188583653894718817e-03
0.000000000000000000e+00
0.000000000000000000e+00
4.899783778004029866e-02
0.000000000000000000e+00
4.158973282397046556e-03
0.000000000000000000e+00
0.000000000000000000e+00
1.699062088267017656e-01
2.155354439436104816e-02
4.227031153468051652e-03
4.119831121307398168e-03
0.000000000000000000e+00
3.815358209998207922e-279
4.701060781936923227e-01
2.500952218890792805e-100
4.443225053192743624e-108
4.804872677526862701e-02
7.411383336433968912e-03
8.474939835605892480e-01
2.664200166167702832e-01
6.813070679525006779e-07
8.753719490209953269e-02
0.000000000000000000e+00
1.039544846269276485e-01
4.154774503043192138e-03
7.582514589945625882e-01
1.337386781078051534e-01
1.383142445801638517e-23
5.701662524487024207e-252
1.668505449024260956e-01
1.282568682069374277e-04
1.654267665187156844e-01
0.000000000000000000e+00
5.954717978677068757e-01
3.972760570304246230e-01
5.737237942969535265e-01
1.105023046028872887e-03
6.077678350705461430e-05
5.321167068779907305e-01
2.142399770717997795e-02
4.088368147873424618e-01
4.861258234571481235e-02
3.968352485275721264e-01
1.776889271103781198e-01
4.173493602657996626e-01
8.857597755949832286e-03
4.396890648145302949e-01
1.424353342427944202e-01
1.786159738737408131e-01
4.171457475065238826e-03
1.423757060445159650e-01
2.915076174650820251e-01
7.407291875488769030e-03
4.119008579959026507e-03
4.121222573174630061e-03
3.599186197301034174e-01
3.730694452301900887e-01
6.685478543969620713e-01
8.858380411807377161e-03
3.998277405148953911e-01
4.362664444956034226e-01
4.153355679929786153e-03
4.085058069415162772e-03
4.086527754427700665e-01
4.195545215919122550e-01
8.905473115871182996e-03
1.749150394638054051e-01
2.161644106034855614e-02
1.739153442247279580e-01
4.143495675462253482e-03
4.156502487160072985e-03
5.060197714707762584e-01
0.000000000000000000e+00
0.000000000000000000e+00
1.511298752553467684e-01
7.424542129381830891e-03
4.183968734677442729e-03
7.473823585561391140e-03
8.955185823801363118e-03
1.724972128552558536e-04
1.394856045185830229e-01
2.147083559866463237e-02
5.005854303102848929e-03
0.000000000000000000e+00
4.087890920423750511e-03
8.938509880835487920e-01
2.140392446507265178e-02
7.442682176816681899e-03
2.143903863842091390e-02
1.944537259877162638e-01
0.000000000000000000e+00
1.494433660331329653e-07
8.209226573710333430e-02
1.971933828328329419e-01
0.000000000000000000e+00
5.579061330869079516e-01
1.398437651593383013e-01
0.000000000000000000e+00
1.907918151172289859e-35
4.189728361781676867e-03
6.141944627368985804e-02
4.080091403753102232e-03
4.746946372530789076e-178
0.000000000000000000e+00
4.069964121525862857e-03
0.000000000000000000e+00
2.447041789571732517e-01
0.000000000000000000e+00
7.160538402918726897e-01
1.764086068517055628e-01
0.000000000000000000e+00
7.192783244047305704e-04
4.228838134002638194e-01
7.839772986897098391e-04
3.893957240338196574e-21
1.692393751059577955e-01
3.975938002632481427e-01
3.454232006853825289e-79
4.747599908284111381e-01
0.000000000000000000e+00
4.757608781342966466e-56
0.000000000000000000e+00
0.000000000000000000e+00
4.190175662037111115e-01
1.740353574824981542e-01
3.922553193413152450e-01
8.913902962212331971e-03
6.019872082565326243e-01
1.068909260678505554e-303
5.584837580740558138e-01
0.000000000000000000e+00
0.000000000000000000e+00
1.426387837019587046e-01
0.000000000000000000e+00
4.053196766782328250e-110
0.000000000000000000e+00
2.358600955504955655e-24
2.587654027576844515e-09
0.000000000000000000e+00
3.072057244743124799e-12
0.000000000000000000e+00
0.000000000000000000e+00
0.000000000000000000e+00
1.240803362214885006e-38
0.000000000000000000e+00
0.000000000000000000e+00
0.000000000000000000e+00
1.438255929730976324e-01
0.000000000000000000e+00
4.070140377151136579e-03
4.401121306098963459e-01
2.091607896864612032e-173
9.176337654724003921e-05
8.857544534688746585e-03
8.928942133065744802e-01
3.726047159053890723e-01
4.117861805089979010e-01
7.416589229899530622e-01
2.162706248643899570e-02
4.132421221499060250e-03
7.445393962590987624e-03
7.390314767398793207e-03
8.940255713822883865e-03
7.443148813903211446e-03
4.139675673847752549e-03
4.093280478586916980e-03
4.083368025686394398e-03
7.429265835453118146e-03
1.666497368328504480e-01
6.096560096487969177e-02
4.145886627924979910e-03
1.742211380541041910e-01
8.942776926099288773e-03
8.940124762549545023e-03
3.921745586681708097e-05
8.927005157646928507e-03
2.096470851422045649e-08
9.266221554551926087e-02
4.936866843014309780e-01
4.212158022640952182e-03
1.424993699540981762e-01
1.888112666572267536e-65
4.497330891291450583e-01
5.935805288726749787e-44
4.088573111675517652e-03
1.643777287737691520e-25
0.000000000000000000e+00
0.000000000000000000e+00
0.000000000000000000e+00
4.061078643409140598e-01
0.000000000000000000e+00
0.000000000000000000e+00
1.741342936346016770e-29
1.648502937126187967e-110
7.238672272046450073e-225
9.856110056222296480e-184
3.491174082558802930e-203
3.222494182626594087e-04
1.772123358348162009e-02
4.450463741069021241e-03
0.000000000000000000e+00
5.353694490072780088e-01
0.000000000000000000e+00
0.000000000000000000e+00
7.999258999200359321e-01
1.049982207493721509e-01
0.000000000000000000e+00
2.867480343653092123e-01
0.000000000000000000e+00
1.711666912912907790e-01
7.295865196747511433e-09
0.000000000000000000e+00
4.123061205490134995e-01
4.167434702070678676e-01
4.220018859447192683e-01
4.497906056676231334e-01
5.135592273806074415e-01
7.160750402785293067e-01
5.265060234969187736e-01
4.425540291468191278e-01
4.167481768072064940e-01
4.948167311255120561e-123
2.181345166264285970e-05
6.675246716360936361e-01
9.121565999687572535e-02
0.000000000000000000e+00
2.260061742805662410e-01
1.370337725342730267e-02
3.632750671927323536e-113
4.116245586322316297e-01
4.817683539429971629e-01
6.585620632480567727e-01
1.453689222281688594e-21
3.674900873890011299e-01
1.117887001886048716e-04
1.405319624232779507e-01
0.000000000000000000e+00
2.593431476622538451e-99
1.712283018338780771e-01
8.009944965583934984e-01
1.849433571086276651e-01
3.851730932548976805e-01
9.574574164448859639e-18
3.588502898984718414e-01
5.568873828077467608e-06
7.534873303428476499e-01
0.000000000000000000e+00
1.117219112904068307e-01
4.447908555041102385e-01
1.405574819041464363e-01
0.000000000000000000e+00
4.334550499391369160e-01
2.044454453471723427e-38
0.000000000000000000e+00
8.399798824940092334e-01
1.938377645299152063e-54
1.699921802662383574e-01
7.308860902306560936e-01
0.000000000000000000e+00
0.000000000000000000e+00
7.556608087061693624e-01
0.000000000000000000e+00
8.544742755968917664e-34
1.441143308071865851e-04
6.080345251809097240e-01
4.678801666116604773e-320
5.841380997706226985e-01
3.303445992205654597e-279
0.000000000000000000e+00
6.044720225695765935e-186
8.675515391497651691e-35
1.158530708451985295e-15
3.705936845992784945e-01
7.312788402075399677e-40
1.149776878830958138e-01
1.016548669899604140e-37
8.570458277331227670e-02
1.617614335786065136e-236
0.000000000000000000e+00
0.000000000000000000e+00
0.000000000000000000e+00
5.154776664186131736e-15
2.641441474313102056e-01
0.000000000000000000e+00
0.000000000000000000e+00
0.000000000000000000e+00
0.000000000000000000e+00
0.000000000000000000e+00
3.830972407703099954e-143
0.000000000000000000e+00
0.000000000000000000e+00
0.000000000000000000e+00
2.017479692930892760e-122
0.000000000000000000e+00
5.576278123250543173e-01
0.000000000000000000e+00
5.324668915226650201e-01
1.848216096584677851e-02
6.578199126840843360e-161
2.334134678831041845e-06
0.000000000000000000e+00
5.249647581698455578e-01
1.311718602932478162e-03
0.000000000000000000e+00
5.328671133662061798e-01
5.071776589287851911e-01
1.058731644573161811e-04
5.987101004945235561e-01
2.382364949326376049e-44
5.969923683051790719e-02
3.360521994224369873e-66
6.920835282336347289e-57
9.929178141725017448e-02
5.964960947197437552e-02
3.222068785473234710e-05
3.647866233885711518e-01
1.470418390608366156e-04
3.751950492497573841e-01
3.692040146789530297e-01
2.513629857554046528e-07
1.591640932548748978e-95
0.000000000000000000e+00
0.000000000000000000e+00
0.000000000000000000e+00
4.845503858552598769e-02
0.000000000000000000e+00
0.000000000000000000e+00
0.000000000000000000e+00
4.348939265916135777e-01
0.000000000000000000e+00
4.250999030395951617e-01
2.144705219877762054e-02
0.000000000000000000e+00
4.862955401107744990e-02
4.331026859505446858e-01
6.878148686768958353e-162
0.000000000000000000e+00
6.266060475683818964e-01
0.000000000000000000e+00
8.453939232665091952e-02
4.604080322131884340e-01
0.000000000000000000e+00
4.853231266957466067e-02
0.000000000000000000e+00
0.000000000000000000e+00
1.212171664949003580e-01
1.742537070888752759e-01
0.000000000000000000e+00
0.000000000000000000e+00
2.217145070190074757e-06
1.906044613361780604e-01
6.731303302541754574e-01
6.056910725073753690e-218
1.798288904202844651e-01
4.838412286999655559e-02
6.144743873880103430e-02
4.080896734781156582e-03
4.132055340614529566e-03
1.406744430832206072e-01
4.079410961124753897e-03
3.964431606558914134e-01
0.000000000000000000e+00
1.430646260275024728e-01
1.678404622709812055e-01
1.682703978503506115e-01
6.088886960538619597e-26
1.740892325370433646e-01
4.121050301990818003e-03
4.553600647762650611e-01
8.972541440089921647e-03
6.103212620558384066e-02
8.879026802804374993e-03
1.834415542717315606e-01
1.395633410834296317e-01
8.929483321257229364e-03
1.831349496060541981e-01
4.305691332712345901e-03
1.693013459718623048e-01
4.123166275101171167e-03
5.920704360300733243e-02
5.930420294630062150e-02
5.962298688099841593e-02
5.574540720474432387e-01
5.136428874247901399e-01
4.151475349318124730e-03
4.923237516639597522e-02
4.125239207174623106e-03
4.912416878832086969e-02
7.704107357041537485e-01
7.416679208505560714e-03
1.763445650445062962e-01
4.060939639756085406e-01
4.117338979061932989e-03
7.443385217654986327e-03
5.940279030564613733e-02
7.617181024940039569e-01
2.147713237803449901e-02
7.449074960405273511e-03
5.803154438948929794e-01
1.436729236898015571e-01
1.792866117984097951e-01
4.204865722827314835e-03
1.824195857031651602e-01
4.182508124943666236e-03
4.198554095489860985e-03
8.915275856127937923e-03
6.028894934228201663e-02
8.948867437864863397e-03
7.468094371364798062e-03
4.863148323435916714e-02
4.215967254592596289e-03
4.128147145487873898e-03
4.105961272416495597e-03
6.154273305928597004e-01
7.586598478519748223e-01
1.000000000000000000e+00
4.077874959330592824e-03
4.120795216571361552e-03
1.409200336923779329e-01
5.919978503746679832e-02
4.135184793410542209e-03
4.199481304731781175e-03
4.089038065625672132e-03
6.019510974728897040e-02
5.628441637295817923e-01
2.417151462308904930e-01
4.141361464102220613e-01
5.005173686618063361e-02
7.108357387589923082e-01
2.794252894566845725e-240
3.519712989548362397e-260
2.699577728781187846e-01
0.000000000000000000e+00
0.000000000000000000e+00
1.099826150339469338e-20
4.228115800595430400e-03
4.226489768155881725e-03
0.000000000000000000e+00
0.000000000000000000e+00
5.088853467102577577e-01
1.560208100490297761e-02
1.816058940980315450e-01
4.245948401949424800e-01
0.000000000000000000e+00
7.430579509487390301e-03
1.683256941032061360e-01
4.969420956561190206e-01
0.000000000000000000e+00
0.000000000000000000e+00
1.803942020743248553e-01
4.218992190191911407e-01
3.863170968825386242e-01
4.088415262882434953e-01
8.523886624466758821e-01
4.156895444928868782e-03
0.000000000000000000e+00
4.084903008467808960e-01
4.215636635676521006e-03
4.098248421537943956e-03
6.433730350204339365e-42
4.155365721661244058e-03
1.399745455395303428e-01
8.624638588004884315e-248
5.943451531203611804e-01
4.083147005251530626e-03
1.595136328158772141e-29
3.369631978624646599e-313
4.233215069402151802e-03
7.453730576972196140e-03
1.673382135640342597e-220
5.991407606513100143e-02
4.603382533694688750e-01
4.214308443216522454e-03
3.350971671288500121e-80
7.997784416176709210e-02
7.788318354512021501e-16
2.122098184116746802e-04
8.768317198392087291e-05
5.128686042896234420e-01
1.779419145823770698e-01
4.135566544673786038e-01
1.801658163675349811e-01
2.406382276660392499e-200
9.080487305686475719e-02
1.168355335956244161e-177
5.803302421474412220e-01
8.901877272951143338e-03
4.836241428062480752e-02
8.922088800210659781e-03
4.192986833660952012e-03
4.075458028553656520e-03
1.315073087362446658e-01
8.031134202038122671e-01
4.191362785643654859e-03
6.027111106874137592e-02
8.994660909602457399e-03
6.736844254620342198e-01
1.122502355939576229e-04
6.044782657240200807e-01
7.470637360625950567e-03
0.000000000000000000e+00
0.000000000000000000e+00
0.000000000000000000e+00
0.000000000000000000e+00
2.592372981195719396e-45
3.785332124196048170e-03
0.000000000000000000e+00
5.417845851691614217e-31
4.533576277942234664e-17
3.546748965680440427e-19
6.684308947993115035e-01
3.402978327952642656e-01
7.298835563547312333e-01
0.000000000000000000e+00
0.000000000000000000e+00
2.224155636379931002e-265
1.524152267611526651e-111
7.123592431130707060e-60
9.735826127854409674e-62
7.412675914826724437e-03
1.149751985198580233e-08
1.406456678828169327e-01
5.624821702527080802e-01
7.559288386494431890e-04
6.898173779683258559e-03
0.000000000000000000e+00
9.496887996072245208e-01
0.000000000000000000e+00
3.752625198309383903e-01
8.674318090952888305e-01
0.000000000000000000e+00
0.000000000000000000e+00
1.291009205478726467e-90
1.168054375832318660e-14
3.711057487997117359e-20
0.000000000000000000e+00
7.004186258391907616e-05
0.000000000000000000e+00
1.367002427479044602e-01
1.060684071737666694e-04
3.950253517898338359e-60
6.837479135091524224e-07
5.643303291809523796e-06
8.624716885808463868e-07
1.200560921056076653e-18
0.000000000000000000e+00
9.250245359631558133e-05
1.431137607168649722e-10
2.615754605306232115e-10
7.306461671160074944e-01
4.791647295824362773e-01
1.818835799993973046e-01
2.656163232743045111e-01
9.319860981796694865e-01
0.000000000000000000e+00
4.575404386051989958e-01
4.870283215690158346e-02
1.290066079473648756e-95
6.554477702666917939e-18
0.000000000000000000e+00
3.273624566313044770e-01
0.000000000000000000e+00
0.000000000000000000e+00
3.604679669707488432e-01
0.000000000000000000e+00
4.819653192501983929e-02
8.955008784898563223e-03
0.000000000000000000e+00
0.000000000000000000e+00
4.101833600116499071e-03
0.000000000000000000e+00
4.175206199275296667e-03
2.033485079744976474e-139
1.120620441366154403e-22
8.975932351042424998e-03
6.079878589870765793e-02
8.895471429895355706e-03
4.076548850835756167e-03
6.090472265266992646e-02
4.137629023599018012e-03
1.026788059132015099e-30
8.975982589469602008e-03
7.473352362382247420e-03
7.462962659824140706e-03
4.075664397258809725e-03
4.220497149421506000e-01
4.139599333672194792e-03
0.000000000000000000e+00
0.000000000000000000e+00
1.690934905326710591e-01
8.936436964893426302e-03
8.945608329776952999e-03
7.417595886920851783e-03
4.873022045803056951e-02
7.462686696143456741e-03
0.000000000000000000e+00
0.000000000000000000e+00
4.077047748488681934e-03
4.494958450594178645e-01
0.000000000000000000e+00
0.000000000000000000e+00
8.914839252872019254e-03
1.431553190671351616e-01
5.844638973052771469e-01
8.668847318753210018e-01
2.842031041057453411e-01
1.623944382796581373e-34
1.397592429443683948e-01
1.397993351452352928e-01
5.078714719564964009e-01
8.878763831035290516e-03
8.987113238454025321e-03
3.481777747398040050e-05
3.241185828379580101e-11
9.056715203464495319e-05
7.025838547686608606e-17
4.200359457994586564e-03
7.298272321287470055e-01
2.103721335927229548e-05
9.564849169040310350e-01
3.664386848221019011e-01
4.195393183302807347e-03
4.873845810258234379e-01
4.381087776719587712e-01
4.073573283476359178e-03
7.393922179070962740e-03
4.093713041427282304e-03
0.000000000000000000e+00
