1.245771526501029625e+00 -8.750661771108582343e+00
1.040134368921494135e+00 -3.161035455705860642e+00
1.664459513456786111e+00 7.375876621893212359e+00
1.080665752768854793e+00 6.684583648264059264e+00
1.087264682301961161e+00 9.873283983940481789e+00
1.218850246132328952e+00 -2.436353928362369636e+00
1.000365642024340085e+00 6.761438616858477246e+00
1.136742948186672431e+00 2.948792793343583796e+00
1.054610001404040709e+00 8.773326945283045575e+00
1.014177924283206300e+00 9.694646661135983834e+00
1.026427096715039955e+00 7.052532026501907580e+00
1.001525772752577481e+00 9.158277081660386898e+00
1.000314303690907458e+00 9.189780003409971698e+00
1.006185134995722485e+00 9.637952401502943189e+00
1.001082419526340361e+00 9.684630225833096517e+00
1.001539995511427028e+00 9.874228055759015632e+00
1.001154699641016776e+00 9.620270503756145786e+00
1.005838266403407122e+00 9.965677379919434031e+00
1.019528223926807975e+00 8.980405383040643841e+00
1.049956330851406383e+00 9.416566138349942605e+00
1.002019412939204823e+00 9.418594874993544863e+00
1.006683197438727362e+00 9.643924594526374960e+00
1.000016106165275476e+00 9.741065083370791911e+00
1.002226199588634570e+00 9.984782929673002627e+00
1.003106750281160142e+00 9.732294008125077056e+00
1.001333468187827425e+00 9.768330758758605015e+00
1.001177020631002668e+00 9.996377299049971299e+00
1.001706847308554860e+00 9.957651274000085095e+00
1.000022861791166173e+00 9.517176574912426190e+00
1.002415497534788980e+00 9.953389086378734874e+00
1.000231510790717815e+00 9.841989018601012162e+00
1.034414943672207876e+00 9.903595725748203904e+00
1.010735043941018096e+00 8.339592438548621089e+00
1.001184119379403992e+00 9.996986345217472092e+00
1.000095848159458845e+00 9.991607861805093194e+00
1.000128670378534368e+00 9.982327621427590003e+00
1.078529199936691718e+00 5.438211018736730296e+00
1.199514601617985621e+00 6.252282349446112164e+00
1.188758052114918140e+00 8.462281837972923881e+00
1.075496335432156281e+00 7.579479251370909054e+00
1.000058544246120285e+00 9.980411054575988317e+00
1.000029030896591120e+00 9.997967885033659741e+00
1.088812626143668805e+00 4.574857903263957581e+00
1.006298368624542139e+00 9.746675946457180828e+00
1.000049712793115830e+00 9.999105969636755020e+00
1.040635200831862672e+00 7.849214229642747398e+00
1.000147027692416257e+00 9.957277226089772171e+00
1.000183797256350759e+00 9.960325607090034339e+00
1.007147692195127453e+00 9.076199486506325798e+00
1.000083728314659748e+00 9.997444886628731098e+00
1.000139605127992493e+00 9.969101663043872463e+00
1.066626958684668169e+00 7.738239160839150088e+00
1.000072946843153732e+00 9.999431602725575630e+00
1.000072312788991447e+00 9.998015399205012699e+00
1.001802073925881498e+00 9.926931942505120787e+00
1.000007966978740059e+00 9.965504404735291644e+00
1.000026743442438359e+00 9.996885673041170151e+00
1.022647040430499921e+00 8.212317401605609746e+00
1.000057857755528579e+00 9.999398191160864258e+00
1.000001472945779124e+00 9.996664078775044260e+00
1.000143997240200866e+00 9.994964239177107856e+00
1.000171354609944219e+00 9.990056942796311290e+00
1.000365739951801336e+00 9.991882340428475118e+00
1.035170375147852706e+00 7.227955897570215171e+00
1.000106075956210372e+00 9.979794256353365256e+00
1.000014384427651226e+00 9.999513106578454824e+00
1.000015642869045651e+00 9.998451117720357217e+00
1.288918208077890482e+00 7.669936600136679772e+00
1.000000533647489309e+00 9.999779280685892502e+00
1.000069557087711614e+00 9.997800846751346171e+00
1.003900991777527008e+00 9.960138445702035881e+00
1.033125689936578384e+00 9.774774755973801632e+00
1.016275427242113061e+00 6.221256294748194193e+00
1.000094441108828391e+00 9.999206625617965472e+00
1.038119371276260861e+00 1.648246511017656957e+00
1.001725069978617100e+00 9.700187506251786829e+00
1.000006481258755242e+00 9.997897500682011440e+00
1.000019622400780461e+00 9.999375941210615792e+00
1.000010427381115230e+00 9.999819087329171907e+00
1.000051122088991384e+00 9.999563451883162202e+00
1.000027236524525298e+00 9.999610012692620842e+00
1.008446258330447431e+00 9.465198498959779272e-01
1.000219322990919757e+00 9.959277566560267303e+00
1.000001484580409050e+00 9.999986472048270514e+00
1.001823758539786446e+00 9.435841214020790346e+00
1.000323689110937275e+00 9.947208185716622353e+00
1.000114659581028409e+00 9.976803265840246127e+00
1.000131154450498050e+00 9.980584786984515233e+00
1.000020965366251513e+00 9.977722871683305073e+00
1.000184304747658182e+00 9.985973370116475678e+00
1.000098703652277488e+00 9.997257966061148693e+00
1.001029010172284073e+00 9.998522105443285568e+00
1.000031609305235714e+00 9.999377699076340775e+00
1.000026652470388244e+00 9.999860541095713984e+00
1.000057639538846077e+00 9.999223284480518004e+00
1.000199252691980734e+00 9.986704683499127100e+00
1.000001852243076916e+00 9.999988339593805620e+00
1.000000339845294794e+00 9.999975443879918657e+00
1.000296313921570368e+00 9.994453962637180666e+00
1.000204928979524288e+00 9.992036862931051644e+00
1.000025998117283210e+00 9.998679297129783095e+00
1.000040405239902563e+00 9.997000727610142690e+00
1.000000009844701943e+00 9.999903714202588390e+00
1.000000876314799836e+00 9.999122639416086145e+00
1.000000655733833232e+00 9.999981178799167481e+00
1.000003691149005780e+00 9.999802274312617811e+00
1.000011630826261655e+00 9.999382023033447808e+00
1.000003708830287552e+00 9.999977273595987981e+00
1.000169893983781533e+00 9.993674080907062773e+00
1.000014644508013806e+00 9.999672126876220091e+00
1.000495098909609970e+00 9.986102985693776191e+00
1.000000135757098008e+00 9.999964820689893230e+00
1.000042610760570438e+00 9.997124495357297747e+00
1.000802042386417900e+00 9.979139756629820113e+00
1.000266901837002509e+00 9.922690766954417541e+00
1.000007808096383233e+00 9.999415466351983639e+00
1.000000278454219016e+00 9.999976356085920060e+00
1.000000236263687947e+00 9.999990083619302084e+00
1.000222569043833776e+00 9.964813556977912157e+00
1.000000113512273137e+00 9.999991288214701513e+00
1.000000098083760891e+00 9.999993862538985923e+00
1.000000085300128516e+00 9.999990167738651792e+00
1.000000068587979296e+00 9.999932366220960489e+00
1.000000068198863223e+00 9.999982130823028115e+00
1.000000076943982297e+00 9.999964683764680728e+00
1.000000147826072050e+00 9.999986588969292711e+00
1.000000154386127660e+00 9.999991341647465504e+00
1.000000388255000150e+00 9.999988932392419372e+00
1.017161546828689644e+00 5.612481773800620743e+00
1.000000485435192044e+00 9.999939569485256641e+00
1.000000129479304833e+00 9.999863679682668760e+00
1.000005971080972333e+00 9.999819700171521220e+00
1.000000293965973341e+00 9.999993066694642607e+00
1.000000064159147328e+00 9.999997147936355191e+00
1.003754821297755395e+00 4.111487747597037057e+00
1.000006936665381652e+00 9.999540213272670286e+00
1.000002296951430392e+00 9.996558577693654968e+00
1.002074575647867283e+00 9.986575526184402918e+00
1.000000050774405347e+00 9.999986586382714648e+00
1.000008278743260925e+00 9.999862844283633478e+00
1.000024568241522749e+00 9.998442178566875782e+00
1.000000551981517827e+00 9.999919542744606815e+00
1.000172532444354667e+00 9.993122256825973437e+00
1.000147530113882466e+00 9.999718805729713722e+00
1.000057880414186418e+00 9.995263911779524335e+00
1.000004437416279313e+00 9.999758964797557326e+00
1.000001307220290458e+00 9.999992382467716823e+00
1.000002586395134729e+00 9.999739171431393459e+00
1.000004591145316146e+00 9.998774151740946081e+00
1.011652786724803521e+00 9.961721637065508617e+00
1.000001048626219191e+00 9.999989323114810702e+00
1.000004587689250712e+00 9.999991914421258343e+00
1.004034458187676560e+00 9.637772249333714569e+00
1.000011401568563052e+00 9.998932306091088407e+00
1.011929972559806545e+00 4.485048902395639914e+00
1.000124859553498613e+00 9.531870363816313585e+00
1.000172960375636411e+00 9.935468568662674471e+00
1.000002135378889268e+00 9.999951535224489874e+00
1.014627177328168317e+00 4.522093862908413087e+00
1.067398602862587920e+00 7.162071985036863708e+00
1.014181562789399527e+00 4.469429026914230718e+00
1.102711187357968026e+00 -7.225854374718742257e+00
1.049371686176160168e+00 9.220767330910792481e+00
2.505745030814225061e+00 -6.490018568185289993e+00
1.000008519593529988e+00 9.987008574506258896e+00
1.531328093291304482e+00 4.896970699331813393e+00
1.000014822275578696e+00 9.997560966267368343e+00
1.188586017796539052e+00 9.335308130353322298e+00
1.000052903305933549e+00 9.953658233849957071e+00
1.154897681994170755e+00 1.855154370357885441e+00
1.000060811945468808e+00 9.998122807942564805e+00
1.000026882522066174e+00 9.987267571953893253e+00
1.000001110672755322e+00 9.999993747713336489e+00
1.000000227114788975e+00 9.999996435429192587e+00
1.000052979957118060e+00 9.996506481041841141e+00
1.000013900718412119e+00 9.988838110520852354e+00
1.000048418069348299e+00 9.997477417082485829e+00
1.000873106847182781e+00 9.981775604682226799e+00
1.000000999622378650e+00 9.999998304598207710e+00
1.000002890161523883e+00 9.999824337563815391e+00
1.003128849010252566e+00 9.800687535021779695e+00
1.035381811815268671e+00 2.053751896983392555e+00
1.009413478441698375e+00 7.747059176290218119e+00
1.000000017528666296e+00 9.999981021873573184e+00
1.000040659810712773e+00 9.953317826553188752e+00
1.000000454151486862e+00 9.999994504741614776e+00
1.000000461076395952e+00 9.999993423379223145e+00
1.001874494472854371e+00 9.111034338693897894e+00
1.000417140852499553e+00 9.993136844008272845e+00
1.000001150938071959e+00 9.999968189711566424e+00
1.000002484008966297e+00 9.999982653817063749e+00
1.035062777071945606e+00 9.779744582569190214e+00
1.000011457111501523e+00 9.998541513866101127e+00
1.000000055530624765e+00 9.999972957879929680e+00
1.000001139765062774e+00 9.999199988518881810e+00
1.000000147238596648e+00 9.999991591208914343e+00
1.677713469262199331e+00 -8.347368560020896666e+00
1.000000518474077449e+00 9.999993257326252660e+00
1.000017042464953265e+00 9.991347153050590180e+00
1.000000072403958828e+00 9.999978580063356048e+00
1.000000221864246974e+00 9.999991202391917966e+00
1.000964915440011982e+00 9.999410602464884334e+00
1.000000176669744167e+00 9.999798461696350671e+00
1.000599370760482332e+00 9.992996381493313152e+00
1.000346760679187152e+00 9.996652475115830327e+00
1.000065630819075180e+00 9.998028350777111939e+00
1.000015943189530132e+00 9.999733603346438571e+00
1.104084726931359395e+00 6.260768740858814851e+00
1.000032190083486094e+00 9.998080760850406534e+00
1.000132667920955232e+00 9.993087306070695064e+00
1.114415476708572550e+00 3.682238777174045907e+00
1.000305314774555088e+00 9.991824985670113790e+00
1.001577848591737485e+00 9.952654943044599634e+00
1.001199870193058672e+00 9.922987755462983728e+00
1.000003884805678034e+00 9.999938335484486629e+00
1.013754227760911064e+00 9.762641799846633717e+00
1.095793087874018967e+00 4.207569357664596055e+00
1.552986390396930316e+00 -6.132540213041197674e+00
1.004764422231874565e+00 9.968777016626155785e+00
1.003606246777254851e+00 9.746352218502472908e+00
1.000002109281311835e+00 9.998025144337731263e+00
1.000064419260744186e+00 9.988082430419428448e+00
1.000059748964476913e+00 9.977913530636602246e+00
1.092478730252222974e+00 4.145741401521423342e+00
1.000300867168590235e+00 9.943652855948407421e+00
1.014923257366449061e+00 9.425001463624841591e+00
1.016158752635358598e+00 7.551631230868185440e+00
1.000000986201986519e+00 9.999973514916227657e+00
1.000125352196534978e+00 9.978480101630516685e+00
1.023914628166042284e+00 2.933846540815103765e+00
1.000000448299671607e+00 9.999992759171313139e+00
1.149495896102605830e+00 2.877293994874314365e+00
1.004468529510470720e+00 9.925037169459709929e+00
1.015287938242181331e+00 6.928112423457122304e+00
1.057383143046820573e+00 9.562434970468466133e+00
1.000000187761119097e+00 9.999957712684178546e+00
1.000010890919980966e+00 9.999171890669721563e+00
1.017545110667625430e+00 7.082799986103182732e+00
1.053586418526975210e+00 9.769290863494251909e+00
1.000004188639712188e+00 9.999985069300667107e+00
1.000000037930499852e+00 9.999914193490305081e+00
1.000000053535417210e+00 9.999996109903037222e+00
1.000125748036697404e+00 9.946556968563321277e+00
1.010376083759111809e+00 9.759977126296529804e+00
1.000937969154032769e+00 9.982028148846467275e+00
1.000008883227115675e+00 9.999524773998668792e+00
1.000001462433695476e+00 9.999919406804608002e+00
1.000000862764315102e+00 9.999898602538038972e+00
1.003919424206279665e+00 9.730897298398943462e+00
1.005357063837486908e+00 7.093121310886786546e+00
1.002486561681553701e+00 9.987022116638911484e+00
1.000001153275861476e+00 9.999965325470128619e+00
1.000000122134959257e+00 9.999996778013084509e+00
1.000000096933773452e+00 9.999994281633242110e+00
1.083240635367352711e+00 -1.533206993789992367e+00
1.000012365554015625e+00 9.999919127520627171e+00
1.000203925710503761e+00 9.990481743767190892e+00
1.000000184706219208e+00 9.997267565504326825e+00
1.000089159715240150e+00 9.912452703476773763e+00
1.005259312301356234e+00 9.495455378264114898e+00
1.000079001776064347e+00 9.843932299040602629e+00
1.000000903737162883e+00 9.999858968212919308e+00
1.013414423911146667e+00 4.849885890169169045e+00
1.010233996147176239e+00 9.800479175197818194e+00
1.000000054602564026e+00 9.999985175179816110e+00
1.001069264027152128e+00 9.602975408795860091e+00
1.084061693160830675e+00 8.850005436259948510e+00
1.000122129157535955e+00 9.992481965231778673e+00
1.000000445044824549e+00 9.999891803761776998e+00
1.000832566495291509e+00 9.947550620601980143e+00
1.000026400543887251e+00 9.998721793508831723e+00
1.000403549440797679e+00 9.988192978200892469e+00
1.000296163813135797e+00 9.992983318642906454e+00
1.000474974531321948e+00 9.990169749187607806e+00
1.161445206078070447e+00 8.911662952693514939e+00
1.096107519336936509e+00 1.645073131441744607e+00
1.000155785211402693e+00 9.992830922037725827e+00
1.000044826636167006e+00 9.996873116893276290e+00
1.000001271782826384e+00 9.999786650279197886e+00
1.000979186081952355e+00 9.833542192150503070e+00
1.000038244889051686e+00 9.994350403284272488e+00
1.050161468429668066e+00 9.996138160957137586e+00
1.000000617738397546e+00 9.999858254110364442e+00
1.122655275731923474e+00 6.991847153596985720e+00
1.000040838621564010e+00 9.998929002833953916e+00
1.000037959083054151e+00 9.983541693976604847e+00
1.000257530406314821e+00 9.919115308735690917e+00
1.000000401955986717e+00 9.999980900541970641e+00
1.000006962385679987e+00 9.998791898158032154e+00
1.001265872044293292e+00 9.905110592225817356e+00
1.007452562464301593e+00 9.898246118630101620e+00
1.000651645820013425e+00 9.998116439255241517e+00
1.115372824305535193e+00 9.729736103967088212e+00
1.000143205934141744e+00 9.998808152926041970e+00
1.000000870939637743e+00 9.999984811008268082e+00
1.000314034230142868e+00 9.990573474348618532e+00
1.000000217292074334e+00 9.999998518298831129e+00
1.005850725351519648e+00 9.822707511232991351e+00
1.065783764801411682e+00 3.303466555557690754e+00
1.003839686203347181e+00 9.598779245712023567e+00
1.052571701630267365e+00 8.458106141059079874e+00
1.000753696888770250e+00 9.927564584374117373e+00
1.005774839533449372e+00 9.719968337650172430e+00
1.029244916594789894e+00 8.714185503285850842e+00
1.083955261352465671e+00 6.421670321604068477e+00
1.171617753445108878e+00 6.399434032176170462e+00
1.000000225724080094e+00 9.999993211820878969e+00
1.000004049926008998e+00 9.997410577747650962e+00
1.000000224116012859e+00 9.999994167518522659e+00
1.001047418693305824e+00 9.972232369259941720e+00
1.000000272376312838e+00 9.999997542085480973e+00
1.026789578627876232e+00 8.790910551017834251e+00
1.000026158875384041e+00 9.996617765604383976e+00
1.002476056900316381e+00 9.793729860787355079e+00
1.001431062102110303e+00 9.581034396459727986e+00
1.000000523821657383e+00 9.999993594963072496e+00
1.000490739820945940e+00 9.895248046209754733e+00
1.027574855433064815e+00 8.718150802939170774e+00
1.000007804484321916e+00 9.999661605283215238e+00
1.105254672352797618e+00 -1.577409058734220437e+00
1.000683647970296519e+00 9.896427638714357045e+00
1.024481850108403203e+00 7.864850778625019245e+00
1.002994555562456869e+00 9.554803740773863296e+00
1.000000376336638297e+00 9.999967943874754184e+00
1.000674596944157280e+00 9.408159197844504718e+00
1.000000077158480494e+00 9.999986925439834806e+00
1.000000481132900187e+00 9.999879761171406756e+00
1.250655515766850190e+00 -1.968261267835487160e+00
1.000001090076796162e+00 9.999985191762675640e+00
1.000000034921473935e+00 9.999999270497688997e+00
1.000196572578888610e+00 9.798029769329744454e+00
1.000009391759843602e+00 9.938669850197761946e+00
1.003787146339767622e+00 9.930531317114628109e+00
1.000018356747865989e+00 9.999857923476135113e+00
1.000030908541832408e+00 9.999530494791557089e+00
1.011140125163907610e+00 9.803211639979089398e+00
1.000008637951815382e+00 9.998592721315198162e+00
1.000008187886718636e+00 9.997124121050820378e+00
1.014634619990180342e+00 8.983623741067496837e+00
1.000012524152021243e+00 9.999730093052242808e+00
1.000000948781723853e+00 9.999988159263178744e+00
1.000000968137672475e+00 9.999964797481283085e+00
1.000015002598703573e+00 9.999610785701733562e+00
1.000071897417224465e+00 9.974292684874423998e+00
1.000000129811764005e+00 9.999998216790523031e+00
1.152295201519048407e+00 9.954916298263079000e+00
1.000000061786608052e+00 9.999958100356280966e+00
1.000000110468193926e+00 9.999990370311373056e+00
1.004321190153840471e+00 9.473246279512284929e+00
1.000000421494281921e+00 9.999993520961844240e+00
1.000000822074700757e+00 9.999982775567268334e+00
1.000001764802533222e+00 9.999630027025038004e+00
1.066479629913266836e+00 9.882427390730068595e+00
1.000000031676477441e+00 9.999980617640069624e+00
1.000000050146069963e+00 9.999871406885102232e+00
1.005579594389190756e+00 9.061360100339602042e+00
1.000033648322662616e+00 9.993098502817346684e+00
1.000000731358848149e+00 9.999908872126418657e+00
1.000004334811884110e+00 9.999839760413554046e+00
1.103666243413983894e+00 9.750811126441277565e+00
1.000001687991176835e+00 9.999959920874374575e+00
1.000050243291161545e+00 9.987880396686556139e+00
1.001576892639095329e+00 9.975562910105743697e+00
1.000079118497555708e+00 9.991549231390109753e+00
1.000243664746724104e+00 9.997110191356483710e+00
1.000956211801061091e+00 9.582320822268897587e+00
1.000004849159560560e+00 9.999114025493607727e+00
1.000004353024320780e+00 9.999741228745719468e+00
1.056260581816121702e+00 9.244654988202110957e+00
1.000000311390343288e+00 9.999990281844709727e+00
1.000000778723794559e+00 9.999980661850653263e+00
1.000072796541823683e+00 9.998806676391374992e+00
1.001446244389815554e+00 9.991086974278541533e+00
1.000000622239126447e+00 9.999969998491643253e+00
1.000000154013247933e+00 9.999989476766838692e+00
1.000000921456470904e+00 9.999963166077982635e+00
1.000000665132568800e+00 9.999996386081253519e+00
1.000561447247634073e+00 9.882475711207113989e+00
1.000000020945538859e+00 9.999974531136132327e+00
1.000118387788402785e+00 9.966242177201070973e+00
1.007854333959806725e+00 9.743067909513396074e+00
1.000000330116759928e+00 9.999971163764385551e+00
1.000000098516877989e+00 9.999999821383688925e+00
1.000000384017213806e+00 9.999991699062707795e+00
1.003864581419930069e+00 9.917668642078126595e+00
1.000001934745360366e+00 9.999312869097312984e+00
1.024396638363509915e+00 9.963849831575835481e+00
1.013715514581056798e+00 9.526070488705997263e+00
1.000000021331466815e+00 9.999960864126407500e+00
1.013554646632912615e+00 7.497389908811243231e+00
1.000000869232086753e+00 9.999981916971755425e+00
1.214620706079655221e+00 -7.574463569205224900e+00
1.000001165918815493e+00 9.999963352150260221e+00
1.000000613769707059e+00 9.999979248530351583e+00
1.000000529344321487e+00 9.999937128444486234e+00
1.000070519910733369e+00 9.998156568778707509e+00
1.024970442158024575e+00 9.029862130193784253e+00
1.011178660016642139e+00 9.047854334077925387e+00
1.005698761313686074e+00 9.833697031879708561e+00
1.000000152115446683e+00 9.999899674960754936e+00
1.000000049696966986e+00 9.999992239959119900e+00
1.000000241929800193e+00 9.999996716390111118e+00
1.000041766417781641e+00 9.995677696268728596e+00
1.000000065086603884e+00 9.999986213671192559e+00
1.000014458216168300e+00 9.997919535467154617e+00
1.000000049957571635e+00 9.999991545204768073e+00
1.000000070875734171e+00 9.999988126785154918e+00
1.019250276481912021e+00 8.855403775913906372e+00
1.002060460807958187e+00 9.866485406334192021e+00
1.035024816721923369e+00 8.562432087286705240e+00
1.012098578434101892e+00 9.972867632284192041e+00
1.000509400100277668e+00 9.534030062574576192e+00
1.000004304129421540e+00 9.999994860510341255e+00
1.000550609720489925e+00 9.944244276838968943e+00
1.000005923750264092e+00 9.995792243922746678e+00
1.000376280230704795e+00 9.856535611574031464e+00
1.000079562976301517e+00 9.999224078035979346e+00
1.000005387245965993e+00 9.999884038268582742e+00
1.006722318345138589e+00 9.886538556950231538e+00
1.041681956173684087e+00 7.804390970863220645e+00
1.013938787292757215e+00 7.859044052858934037e+00
1.062599936032132319e+00 5.943842376619343781e+00
1.001580560594233615e+00 9.422654095613289371e+00
1.020385614937630914e+00 7.861316530980591466e+00
1.006141830159670958e+00 1.608875272133104772e+00
1.002333743447912262e+00 2.992422890355499021e+00
1.413791216642352744e+00 -9.979531152087727008e+00
1.015135863925997306e+00 2.024152725780524520e+00
1.005044263291870799e+00 9.948305895033364266e+00
1.000000814045350683e+00 9.999921959280296591e+00
1.000000402764263940e+00 9.999995406431487766e+00
1.000589846476014788e+00 9.901206238108599678e+00
1.000000449973114103e+00 9.999977101444301297e+00
2.662264831334270720e+00 -8.447110672530154574e+00
1.000000576520657658e+00 9.999997210921137025e+00
1.000043171997445413e+00 9.998218572216842404e+00
1.041608683109543465e+00 7.531478497410855510e+00
1.000006244907535313e+00 9.999847477562745723e+00
1.000412191783021099e+00 9.997014343596752894e+00
1.000087685794261549e+00 9.999806019042736693e+00
1.000134225605834981e+00 9.998352881670040659e+00
1.000617905344013625e+00 9.994150179653509269e+00
1.010423993659256281e+00 9.681066698049079378e+00
1.033850134166309109e+00 9.465450633287534998e+00
1.000156288341267796e+00 9.996423721039626287e+00
1.000150278113527857e+00 9.998793610137617804e+00
1.000015211330463005e+00 9.997308518695177781e+00
1.019188222497719121e+00 4.632817673370404066e-01
1.000035545264921222e+00 9.999609232244630164e+00
1.005159250517911218e+00 8.183530920408152554e+00
1.014019525253222254e+00 9.955769673872662651e+00
1.000011804414222993e+00 9.992552298868410787e+00
1.000182263256514936e+00 9.986334313914067451e+00
1.003734004143260083e+00 9.714727865856929157e+00
1.000246377598652314e+00 9.991287027978657420e+00
1.000405120862596142e+00 9.990771325491294874e+00
1.004481286246285965e+00 9.443253256117088767e+00
1.000951888619238783e+00 8.392702721559629708e+00
1.010486252756443770e+00 9.975894422692412888e+00
1.000000915580290028e+00 9.999945325572735300e+00
1.087468088223051854e+00 -7.225361047242293111e+00
1.000001843946747071e+00 9.999832636740087821e+00
1.002781563675910537e+00 9.956355038882087172e+00
1.000005555110572431e+00 9.999825083653320235e+00
1.002440382693307930e+00 9.954546084058719657e+00
1.000024500868777588e+00 9.998715333952141293e+00
1.000000705666576950e+00 9.999986957805596433e+00
1.000000352364284861e+00 9.999883738921269583e+00
1.000000205438194234e+00 9.999997868407263013e+00
1.000192272805249694e+00 9.997553273698827070e+00
1.000030992883433001e+00 9.977936387952723862e+00
1.000919552709494287e+00 8.557114038606020046e+00
1.000000349071141992e+00 9.999995553785229419e+00
1.000034576016729737e+00 9.999540252673874363e+00
1.000011782108432890e+00 9.999713121290344731e+00
1.000000031490057673e+00 9.999997761587223977e+00
1.126694061161029214e+00 -7.068136505906834621e+00
1.000000825119853998e+00 9.999913769990762091e+00
1.010559167113959544e+00 7.163842138463021314e+00
1.000126568707796926e+00 9.992130291441988277e+00
1.000001061939307379e+00 9.999969952676885043e+00
1.004983648780477745e+00 9.993649845854722713e+00
1.000000253256770888e+00 9.999972100627893212e+00
1.000079069722586977e+00 9.999503533863766336e+00
1.000049504494618047e+00 9.994908495780641999e+00
1.000828057351546230e+00 9.984895791135464549e+00
1.000002387635118062e+00 9.998992399528297881e+00
1.000019477339329610e+00 9.995371779303482640e+00
1.000000257083459188e+00 9.999989783425000667e+00
1.000000259831981930e+00 9.999992712956927932e+00
1.000951783823300412e+00 9.761496287024726826e+00
1.000019310537740402e+00 9.999800434530968118e+00
1.129321986594631344e+00 7.743973089387793607e+00
1.000001891612082527e+00 9.999997853583714402e+00
1.000000133069999908e+00 9.999981899245227623e+00
1.000001236078139177e+00 9.999938068628210885e+00
1.059310392142235324e+00 7.437737786375755888e+00
1.000002502339027100e+00 9.999966631801143535e+00
1.000611720743544097e+00 9.996703194565554895e+00
1.038626874214993334e+00 6.858850989936644993e+00
1.000153377818719713e+00 9.994699613110256564e+00
1.065360226650396980e+00 9.591998733907178831e+00
1.000090503292832445e+00 9.996046537065019777e+00
1.000000108426448486e+00 9.999964484916652907e+00
1.000000088702178269e+00 9.999980923146303269e+00
1.000000294081643926e+00 9.999992858338906387e+00
1.004386653508779537e+00 9.745242680661107215e+00
1.081437727708431273e+00 4.574379309789591730e+00
1.604465129078494146e+00 -6.258275453795375753e+00
1.000011476259591525e+00 9.993073938963348724e+00
1.007923921602341899e+00 9.880347899591974681e+00
1.028691011333389804e+00 8.803792131279386979e+00
1.005753315014396021e+00 9.544618098753311131e+00
1.000037839738858070e+00 9.998822694023793645e+00
1.000054589022014273e+00 9.999828105722123439e+00
1.000001763932099941e+00 9.999922410645638138e+00
1.077588886318351147e+00 9.077787063373357057e+00
1.041172977987572246e+00 6.337366719452127484e+00
1.019547898009314446e+00 8.596324329137566167e+00
1.000454626497395472e+00 9.999535842426126919e+00
1.000207125640024008e+00 9.996461052511783407e+00
1.055118214184742609e+00 9.729797611841561888e+00
1.000006206460836378e+00 9.999537694087038631e+00
1.000107267466729954e+00 9.994787651361232150e+00
1.000023000950322816e+00 9.986268044797302679e+00
1.003719722443441764e+00 9.937457256140234563e+00
1.000063274770454758e+00 9.997979224658969599e+00
1.000146541664543420e+00 9.932757030642470397e+00
1.000092591734584424e+00 9.996736629604228597e+00
1.000111476891948792e+00 9.987810825689301453e+00
1.000485931857480582e+00 9.971432209439335281e+00
1.000113407428855794e+00 9.997426346826436827e+00
1.052674490130671714e+00 8.449619254446599115e+00
1.002010489327835430e+00 9.941226953443347725e+00
1.000018858430634205e+00 9.997789942107086603e+00
1.000030669912109982e+00 9.997463362727430081e+00
1.005702819088949873e+00 9.818205281439198018e+00
1.058305832294844651e+00 1.420470318667621967e+00
1.002792511100600414e+00 9.358744396926518050e+00
1.003322010218919091e+00 9.669175621366427720e+00
1.007329189756329235e+00 6.684315338594224443e+00
1.320020531189473489e+00 2.335958781566361608e+00
1.000000595396088210e+00 9.989910673835225907e+00
1.000872957459490564e+00 9.958576838886592952e+00
1.000231863979322400e+00 9.996383202470617846e+00
1.000009438787184957e+00 9.997466538685280568e+00
1.000229573501296709e+00 9.993208316878934738e+00
1.002791452532039163e+00 9.995955196521762787e+00
1.000000298092664996e+00 9.999969165441967789e+00
1.000000057642741025e+00 9.999971456740212261e+00
1.001299524660749674e+00 9.480826412880510645e+00
1.002662481030283770e+00 9.946484003382163763e+00
1.000014662711637081e+00 9.986151282959262687e+00
1.000005957076119278e+00 9.999656646568631402e+00
1.000005162537235925e+00 9.999458025074652312e+00
1.000135221956459874e+00 9.995092073127437970e+00
1.000120949684842886e+00 9.973198436939014755e+00
1.000361733120078922e+00 9.919518090591054715e+00
1.000009493059791366e+00 9.992360908102213557e+00
1.107705497603964861e+00 1.023981394763930908e+00
1.160749213567133786e+00 8.776916789851966882e+00
1.000000065087782275e+00 9.999954523898704650e+00
1.816271762384900068e+00 9.465427369495419185e+00
1.022528113892393620e+00 9.096294420972270700e+00
1.000001369561113185e+00 9.999973757445900446e+00
1.002585073688553763e+00 9.361358429988076324e+00
1.000160904532163775e+00 9.993724033985706967e+00
1.074809916319145353e+00 5.849296017018353666e+00
1.000000199602880002e+00 9.999915558500219959e+00
1.000000483918971783e+00 9.999990698205195372e+00
1.000000118073289146e+00 9.999989451288683995e+00
1.000000034474601618e+00 9.999995525078453795e+00
1.000000035468197490e+00 9.999994121884132170e+00
1.000004025394197749e+00 9.999521489885481174e+00
1.000000323674455682e+00 9.999998517467744819e+00
1.000002920640478354e+00 9.999900342125059183e+00
1.000000275265130689e+00 9.999998837614452185e+00
1.000000167441692733e+00 9.999915706734377352e+00
1.000000982502030622e+00 9.999917944010171311e+00
1.000004490188524997e+00 9.993878595948668675e+00
1.000001361129048361e+00 9.999979339595022054e+00
1.000000413302537750e+00 9.999967597674647379e+00
1.000001476636362296e+00 9.999977339666209275e+00
1.000003548424615030e+00 9.999219502253289704e+00
1.037519502554894224e+00 9.521414316723614490e+00
1.074126729603824160e+00 3.848415738151857113e+00
1.159315116585449834e+00 1.896649623831423881e+00
1.000015205534692253e+00 9.999341228921945657e+00
1.117337325921643920e+00 9.975312894514964057e+00
1.000000090448095014e+00 9.999989084575648945e+00
1.000392526339758836e+00 9.623380020480219343e+00
1.037715120295045867e+00 7.061609318672022795e+00
1.006914045876755814e+00 9.954827506708749496e+00
1.004678667062467445e+00 9.481618856951506302e+00
1.086388149433892059e+00 3.886336285317717909e+00
1.857439642507896949e+00 8.031860885420190499e+00
1.000000253612143730e+00 9.999882772973691658e+00
1.000064594655456496e+00 9.996057707532223446e+00
1.000000023433902374e+00 9.999996552870726418e+00
1.005221666124732849e+00 9.626167503412158766e+00
1.000034134965142707e+00 9.998425585744250554e+00
1.006139598974568727e+00 9.852501925254095738e+00
1.000687446189862051e+00 9.914799110000625859e+00
1.000285597950101080e+00 9.976503588638536257e+00
1.000007431098785649e+00 9.999738690283830778e+00
1.003972995165802073e+00 9.815902183612223553e+00
1.000190064296241133e+00 9.999941575463605403e+00
1.007199534364565441e+00 9.923087818265230453e+00
1.000001665445454435e+00 9.999974664178161277e+00
1.000082366316326521e+00 9.999244225647636597e+00
1.000093906798398269e+00 9.698851982312657327e+00
1.000000149718113462e+00 9.999974771948657803e+00
1.000312437695826784e+00 9.784003066135113613e+00
1.080666411661014736e+00 9.632585902617371687e+00
1.022265845934765771e+00 9.933063690387459843e+00
1.003966883600390103e+00 9.922835515624345959e+00
1.000004281169442288e+00 9.999971430988995991e+00
1.001935098836936877e+00 9.942349241876407007e+00
1.000182820687721019e+00 9.973514475120637712e+00
1.000010976790252748e+00 9.999493971396361758e+00
2.154408174870857895e+00 -2.210159474427797477e+00
1.000000092190993950e+00 9.999981130491853776e+00
1.000016836337990878e+00 9.998933746728923211e+00
1.000002885142643017e+00 9.999104809865585253e+00
1.010208628134006581e+00 9.894153403436249050e+00
1.000000179799183320e+00 9.999993759641313318e+00
1.000885357973636758e+00 9.999707735638367012e+00
1.000361683924472667e+00 9.854880077598956234e+00
1.086302811518990996e+00 8.598120951774802734e+00
1.000152193957430269e+00 9.945812700486662550e+00
1.037525639917302511e+00 8.444529122068669125e+00
1.000000071060755502e+00 9.999994860748603998e+00
1.226552148197197267e+00 8.109734924806769385e+00
1.000000343130990732e+00 9.999890546842948424e+00
1.000051272311041295e+00 9.999511381368080265e+00
1.000006051039105337e+00 9.999474353028972473e+00
1.000119520259257655e+00 9.991223324088863933e+00
1.000480086745988206e+00 9.979105291792940591e+00
1.000470619531322658e+00 9.867806105826531393e+00
1.005932136045111891e+00 9.501964681992383532e+00
1.000416172779264201e+00 9.982589968572611383e+00
1.031713174982384906e+00 9.765883427743744960e+00
1.000004922380006933e+00 9.999889232164058228e+00
1.216734501843595773e+00 -3.054408289814065647e+00
1.011657351303152597e+00 9.687100892235072536e+00
1.000000400584236893e+00 9.999984553037155166e+00
1.000019079577110892e+00 9.996611596230820851e+00
1.000000194436904799e+00 9.999908740569733112e+00
1.015237338151986135e+00 9.806429572573215125e+00
1.000102003972977993e+00 9.991757956865733092e+00
1.004419859411051386e+00 9.970542747662449301e+00
1.000035201282437169e+00 9.999600316993237925e+00
1.379190003961618283e+00 5.610469429975454503e+00
1.000022467742628152e+00 9.996336289535776132e+00
1.000188206810745717e+00 9.989616072694644799e+00
1.000005751468176385e+00 9.996611864592125585e+00
1.000129568366158406e+00 9.996957323587878363e+00
1.000035176572155793e+00 9.999497273349771120e+00
1.000265501601782292e+00 9.998041488743634631e+00
1.000017011511697529e+00 9.729212925226399022e+00
1.000452126870022607e+00 9.992483712903428739e+00
1.000000091855132833e+00 9.999990132448274949e+00
1.000000254455630788e+00 9.999994306128751731e+00
1.000000125248419636e+00 9.999995182641818303e+00
1.000000162415098481e+00 9.999987577539300787e+00
1.000016826840323780e+00 9.999681339432171967e+00
1.000002996175022085e+00 9.999994507195527405e+00
1.180744069217734227e+00 9.499144829956772895e+00
1.000000362254602315e+00 9.999994971000482735e+00
1.001546354360481228e+00 9.971397382045388724e+00
1.000000108877953542e+00 9.999978894073542790e+00
1.000007184870297605e+00 9.999410126203745364e+00
1.000203401696948546e+00 9.973194654058914921e+00
1.000000303008676816e+00 9.999976167087289980e+00
1.000603620346629086e+00 9.998403256494121649e+00
1.000021458100031957e+00 9.983819722871253077e+00
1.000958897929465241e+00 9.973663190091855313e+00
1.000991409557485889e+00 9.989772561236684112e+00
1.021754456687550716e+00 8.955064976863308601e+00
1.000000734152462822e+00 9.999932436779360501e+00
1.002223570438296019e+00 9.804241305147826324e+00
1.003209201545087303e+00 9.298971867322457285e+00
1.000540963189247234e+00 9.967376095529701274e+00
1.007913875363308565e+00 8.203122796625081037e+00
1.000540852451117901e+00 9.575628180281992030e+00
1.000000208082198139e+00 9.999940249941847270e+00
1.000005341968312811e+00 9.997277555890001111e+00
1.908629978170461206e+00 -2.923862640898941656e+00
1.000088004589951840e+00 9.989771925719598045e+00
1.000466959024653990e+00 9.992604007401467925e+00
1.000000399796145967e+00 9.999881125042641372e+00
1.000006517635935399e+00 9.999889892402471503e+00
1.001052523561722252e+00 9.995777048888747629e+00
1.000190087807130368e+00 9.997501846153543426e+00
1.000004424474576270e+00 9.999563819357874195e+00
1.001088919247899112e+00 9.768717256782899483e+00
1.001176211221702195e+00 9.695079623115184120e+00
1.192615938911741447e+00 -8.803590798401037532e+00
1.000125624560070259e+00 9.996865589300611532e+00
1.001141121154502045e+00 9.874231501557492408e+00
1.015956748331818593e+00 -9.537891634085129411e+00
1.001236015110163580e+00 9.928822282032307101e+00
1.077296945669936612e+00 1.883839111212237682e+00
1.000425307946823938e+00 9.891709265941770468e+00
1.053366690603330325e+00 9.272807974684063481e+00
2.585931463466923486e+00 8.123533920190503466e+00
1.000069052249548784e+00 9.996820388668986368e+00
1.015248166973717225e+00 9.951159421773397185e+00
1.000094446890285704e+00 9.998397971316862254e+00
1.001708164113797261e+00 9.977062729263252550e+00
1.007288029758774739e+00 9.750974354395296473e+00
1.000638945883256081e+00 9.482998768632576514e+00
1.000014235163080523e+00 9.997805613242604750e+00
1.009106371233363886e+00 9.562160205048069628e+00
1.000382972595038167e+00 9.715374152020480381e+00
1.000002603181600280e+00 9.999947863607332010e+00
1.106814441370209012e+00 5.519110511880146674e+00
1.000000077221151251e+00 9.999915540878681952e+00
1.000008999982237023e+00 9.999254617927320510e+00
1.000040222086439501e+00 9.999234680280679299e+00
1.001915355209261893e+00 9.934782242884150349e+00
1.003192117060300870e+00 9.977598563771909568e+00
1.269626489829695615e+00 6.331743759924950865e+00
1.000032853632734087e+00 9.999239399696413955e+00
1.001744527690986875e+00 9.790936789592180389e+00
1.000003046252891714e+00 9.999955204631618244e+00
1.000006736170584665e+00 9.985116349182842299e+00
1.000227556598157541e+00 9.989062838565558877e+00
1.012472235839078305e+00 8.968577893514833477e+00
1.000016761833016687e+00 9.999652035951861251e+00
1.000000084599981465e+00 9.999998739052294638e+00
1.000000192838657043e+00 9.999992135493492640e+00
1.012566832828184715e+00 9.729031842972069910e+00
1.000000570276481593e+00 9.999997296394965929e+00
1.000000283061729611e+00 9.999999194782439815e+00
1.000001459477851462e+00 9.999962977227212946e+00
1.000000114622332070e+00 9.999998108739660552e+00
1.000361705446947358e+00 9.993904234926088037e+00
1.000157630758011784e+00 9.999816010229995555e+00
1.000000660830528076e+00 9.999944233269427940e+00
1.000043838313759981e+00 9.997298814404508960e+00
1.000000515931811496e+00 9.999734552081498862e+00
1.000000220229247949e+00 9.999995222358975866e+00
1.000128269451342033e+00 9.989469973450404439e+00
1.000000350474256949e+00 9.999989631650567645e+00
1.000000009297740355e+00 9.999986922235542863e+00
1.000000161074485305e+00 9.999993170147092769e+00
1.000001594345388600e+00 9.999863254920654754e+00
1.000007866719207383e+00 9.999506746867488971e+00
1.000000046687869792e+00 9.999525977324232429e+00
1.000004964542290375e+00 9.999047225628970637e+00
1.000000412460099408e+00 9.999982414951581688e+00
1.000402825073772872e+00 9.995216376506935063e+00
1.000031398634399604e+00 9.999235131448983793e+00
1.024227853375427655e+00 9.349846965280210753e+00
1.047815681224352868e+00 9.947230423593715898e+00
1.000088153456992757e+00 9.999115609529912518e+00
1.038894424919947879e+00 8.101241359008231058e+00
1.080664735686780009e+00 8.468667333297680955e+00
1.000778941158852353e+00 9.959923325626512280e+00
1.098109165571594659e+00 7.974864469836077774e+00
1.332713861122051480e+00 -4.009561881756962265e-01
1.000031670263822559e+00 9.993103262836761758e+00
1.004801965920978812e+00 6.429251446354136590e+00
1.104470019190690433e+00 9.712420376206413408e+00
1.010554021583087936e+00 7.965185240913065456e+00
1.191440230811037670e+00 -6.204777207286711338e+00
1.000018582033902925e+00 9.999574148707367272e+00
1.006383937417861141e+00 9.567625845812447238e+00
1.002455281384722507e+00 9.931307627390950188e+00
1.000000152298953449e+00 9.999995022163421510e+00
1.000000356808317559e+00 9.999996033008727636e+00
1.000000091930949742e+00 9.999997962730020618e+00
1.000277633637254748e+00 9.988072939219261315e+00
1.000000148919685694e+00 9.999989583238026114e+00
1.032837581387460402e+00 8.569968176924302128e+00
1.057146520408357881e+00 9.921106870957451918e+00
1.000000312062892194e+00 9.999972749779860948e+00
1.000030754059938243e+00 9.999491650574725554e+00
1.346595485213607502e+00 6.894196738058369078e+00
1.013231507101857609e+00 4.430528366174204535e+00
1.000034884298266036e+00 9.999647702165088248e+00
1.015673222837586875e+00 9.730526438837671321e+00
1.018682237001177215e+00 7.132631030869518440e+00
1.000004378971769858e+00 9.999775354405002759e+00
1.466098651474537773e+00 7.352138570052460409e+00
1.000001264810224999e+00 9.999963922609136802e+00
1.036254150327558854e+00 9.404881470618690287e+00
1.020843711374324281e+00 8.957375629818905338e+00
1.000013840863823944e+00 9.592380927573614713e+00
1.008580552676643594e+00 8.924768344814747678e+00
1.127081969982839826e+00 9.981870783837919703e+00
1.000205212120802489e+00 9.999025710656439969e+00
1.000227298164401590e+00 9.996579607012577640e+00
1.012067893067986057e+00 9.950520694536621136e+00
1.000055180241775643e+00 9.998558089526436987e+00
1.000020955592257010e+00 9.997973442458444993e+00
1.866398883432350164e+00 -5.176074097834494125e+00
1.000000283734032047e+00 9.999992931084499048e+00
1.000010887450013097e+00 9.999384431249950467e+00
1.010156073589117076e+00 9.844247437542090751e+00
1.000000446563719336e+00 9.999989515023447240e+00
1.000000536286522523e+00 9.999918481280211324e+00
1.067907989041987138e+00 7.837054585426582065e+00
1.197153426144869082e+00 9.167866633178540781e-01
1.003469766734709889e+00 9.866093225007720235e+00
1.000003577094121576e+00 9.996728267197191542e+00
1.000051008852981260e+00 9.973585334804724312e+00
1.000967088824103568e+00 9.930687981187642066e+00
1.000001489948218580e+00 9.999865745717603005e+00
1.000000893150785997e+00 9.999930948017350829e+00
1.000000727181450833e+00 9.999997798439565599e+00
1.000001685886597658e+00 9.999999110875442909e+00
1.000012696524412936e+00 9.999052919696595154e+00
1.003553005060938252e+00 9.356423331617293115e+00
1.000000276336802996e+00 9.999994138052148429e+00
1.000001718913180682e+00 9.999982378040598974e+00
1.000054792283040284e+00 9.998562875682786455e+00
1.000001282083457177e+00 9.999968943507411723e+00
1.007229725927012653e+00 9.889963567818483625e+00
1.000316660321697526e+00 9.977487467456885639e+00
1.000000065763497981e+00 9.999996929054880468e+00
1.000000702784989981e+00 9.999996048808448279e+00
1.000000516035177922e+00 9.999984197442888245e+00
1.000035328369906606e+00 9.997845570317792863e+00
1.009436458056322872e+00 9.988353763337357805e+00
1.000008116468677821e+00 9.999748495148828908e+00
1.000320328211256493e+00 9.993968719312796622e+00
1.001165181372305035e+00 9.966711514154525275e+00
1.001813793509425565e+00 9.811721579331887710e+00
1.000001576228402023e+00 9.999981365343515449e+00
1.000000194293730216e+00 9.999973716334920937e+00
1.004215075807467272e+00 8.907145112841007517e+00
1.656083772973304002e+00 -1.208989368787673158e+00
1.055310133159575781e+00 -3.527929388127725829e+00
1.512637178208410926e+00 -2.787456706440216259e+00
1.137996365960945777e+00 2.696511387943338889e+00
1.065065414527010867e+00 9.864747799957932273e+00
1.007282437675574016e+00 9.959769432420138457e+00
1.001228015479343147e+00 9.286519399123164931e+00
1.052242958692816144e+00 9.834284740197823282e+00
1.046853027695661131e+00 7.369344505406473900e+00
1.010153146590608619e+00 9.890868812649884489e+00
1.000112591531418627e+00 9.972426514381275808e+00
1.100526114959491597e+00 8.800636987757020080e+00
1.241129670116587702e+00 5.181136090706397468e+00
1.000004193970510213e+00 9.999904616643583211e+00
1.000015515223179552e+00 9.999686482648172614e+00
1.000002834405799179e+00 9.968036382704234200e+00
1.000279155416238686e+00 9.982128741185888998e+00
1.000034614764767404e+00 9.997106504857324438e+00
1.000007874127963436e+00 9.993465683573390379e+00
1.022769731016526684e+00 5.194108908352934151e+00
1.023598503434105078e+00 8.137105874000262418e+00
1.064933186643106211e+00 9.332060571887694778e+00
1.000695527629650972e+00 9.988582784589368657e+00
1.000322463552676178e+00 9.988400320600099747e+00
1.000142648303726789e+00 9.987625895522736386e+00
1.000000025887858968e+00 9.999998022162692735e+00
1.000000337609081580e+00 9.999984201760181435e+00
1.000000343579584117e+00 9.999995268997079023e+00
1.000000394504224177e+00 9.999986102410161948e+00
1.000016550905164836e+00 9.989531568815692708e+00
1.001819201445259377e+00 9.994473294888109649e+00
1.003696381360609236e+00 7.064412288307643450e+00
1.001072905054027684e+00 9.967635884165375160e+00
1.087915617029999060e+00 2.224992349067999697e+00
1.000000164758488852e+00 9.999974282733006703e+00
1.006076606954225738e+00 9.863338547344454810e+00
1.006145392300958896e+00 9.943023428799332208e+00
1.000583482061428331e+00 9.929613965674867870e+00
1.077396439356040014e+00 8.512705726331518008e+00
1.300589874102417109e+00 9.991835171551734618e+00
1.016693368731226288e+00 8.096143907466089473e+00
1.000000198508680604e+00 9.999992528237022782e+00
1.294587638667344498e+00 8.651927259301768203e-01
1.034849907553387238e+00 8.411921351429135996e+00
1.000001738017980868e+00 9.999758246681210494e+00
1.000021714307650855e+00 9.995690649987110987e+00
1.000225589530365111e+00 9.999103491064879279e+00
1.133245076646604454e+00 8.069658289087634273e+00
1.007953793138156806e+00 8.738279255677831259e+00
1.000053916197105819e+00 9.998878230905642539e+00
1.000002262237025263e+00 9.999461889057567276e+00
1.000272142049319690e+00 9.987926249702617554e+00
1.001135199481843152e+00 9.981636306670132797e+00
1.000000770961870122e+00 9.999873285279910817e+00
1.000000211516738569e+00 9.999751110808688281e+00
1.000000509522415371e+00 9.999990128150649582e+00
1.000045870397276770e+00 9.999356637712438101e+00
1.000000025998205366e+00 9.999989787203670488e+00
1.958060220581672617e+00 -6.871637679835203016e-01
1.001505142297349771e+00 9.965301307030692612e+00
1.000000861544874775e+00 9.999994334068546209e+00
1.000201633122817402e+00 9.997435267458079977e+00
1.001791491734222994e+00 9.883907278913092398e+00
1.002154768649427652e+00 9.968039118404885102e+00
1.001103725683805790e+00 9.978375770257606803e+00
1.000000523116694406e+00 9.999914474641130369e+00
1.000009823497289174e+00 9.999343001300186273e+00
1.016224093688893326e+00 8.786411860718850164e+00
1.000001828533043646e+00 9.999619696657966017e+00
1.000001068707347285e+00 9.999925336127027720e+00
1.000000557655711386e+00 9.999449501152000153e+00
1.000023679403786669e+00 9.999587382309499617e+00
1.000006342757026934e+00 9.999895167280911323e+00
1.000021070401973855e+00 9.999961601225574981e+00
1.000158139885517494e+00 9.945567348410953912e+00
1.001951073712981088e+00 8.764798647667891629e+00
1.000980574053178751e+00 9.860323563036068606e+00
1.000047375404993888e+00 9.998117323743741736e+00
1.000109153291377284e+00 9.999246547245220995e+00
1.103610225462354766e+00 9.416659173854966980e+00
1.000032010321209031e+00 9.998337468548751161e+00
1.000000366947219721e+00 9.999654408652538962e+00
1.125801435929242533e+00 -6.433139986532687260e+00
1.062427848469892799e+00 3.919221196728972956e+00
1.081805938758390706e+00 7.091762657137600456e+00
1.000156406032791212e+00 9.890380678139379711e+00
1.000119913523376258e+00 9.960426649216579165e+00
1.000000053935180766e+00 9.999998212155304600e+00
1.000000030911297966e+00 9.999989072906871002e+00
1.000000284804819506e+00 9.998554174566592678e+00
1.000220009369552354e+00 9.995568279711847026e+00
1.000245385819568567e+00 9.999325104130804220e+00
1.005916463772982716e+00 7.409748939790034683e+00
1.000000570541003331e+00 9.999991930522575956e+00
1.000094639284851095e+00 9.995824401475914556e+00
1.015265351272233829e+00 8.972680356319656880e+00
1.576699311304601503e+00 4.992422176528995337e+00
1.001016988786532558e+00 9.966669336169850624e+00
1.013717217739353194e+00 9.908084237011319573e+00
1.005149633074029492e+00 9.608985512818740915e+00
1.009494854106906203e+00 9.988739924815817517e+00
1.000000751976023450e+00 9.999989884235905180e+00
1.001421670262697905e+00 9.945994405840487218e+00
1.000000016262438063e+00 9.999872986929638330e+00
1.029915661249599435e+00 8.823489471166030995e+00
1.000000092319295764e+00 9.999995162477304689e+00
1.000005587932988993e+00 9.999917447697058037e+00
1.019110715892517671e+00 3.963357880197298400e+00
1.000002825234305392e+00 9.999891854447799489e+00
1.000001512443957408e+00 9.999977885448998904e+00
1.000000138941253391e+00 9.999992093422690687e+00
1.000000062219674746e+00 9.999990284157917131e+00
1.000000336931762934e+00 9.999994384864514529e+00
1.024312714451545148e+00 9.427719953782982998e+00
1.038334607533459630e+00 7.809145470125429256e+00
2.627187953031465906e+00 1.261963855656778932e+00
1.000000036346576637e+00 9.999955292659286954e+00
1.000000125714887611e+00 9.999988128886002414e+00
1.000001598654582491e+00 9.999942264633251199e+00
1.003178852199257731e+00 9.969930237484696534e+00
1.000000062547089508e+00 9.999964715679567462e+00
1.000006174222142219e+00 9.999996039151874072e+00
1.001435160527450519e+00 9.982176581795197734e+00
1.000000295042659415e+00 9.999977290075300118e+00
1.000676468941865460e+00 9.993534456029131263e+00
1.000000027016988646e+00 9.999984936042135786e+00
1.000004939196339926e+00 9.999874607484223077e+00
1.000000099166966416e+00 9.999997569255050678e+00
1.000008208742028781e+00 9.999938906229992597e+00
1.000000650818677839e+00 9.999997686080483561e+00
1.000000071448785111e+00 9.999982851678865359e+00
1.000000062661270395e+00 9.999993571697480377e+00
1.000004355079699092e+00 9.999036949092904081e+00
1.000200396622882959e+00 9.960080916181599520e+00
1.000027637569316896e+00 9.998877435497405486e+00
1.000011002426032913e+00 9.998183448447406363e+00
1.000124298794102362e+00 9.996204097961140178e+00
1.001912168989025798e+00 9.996389828329078853e+00
1.075544266085272760e+00 7.990028854514388712e+00
1.000000956992705303e+00 9.999931748812691978e+00
1.001241901730187012e+00 9.845046169707337924e+00
1.031138923004997654e+00 8.965981274118881572e+00
1.001404833034531539e+00 9.965950484491042261e+00
1.000000097294204027e+00 9.999986104130105247e+00
1.000000092922839867e+00 9.999991234647342964e+00
1.000011117157870055e+00 9.999187858335091050e+00
1.000000041545499263e+00 9.999945762340267663e+00
1.000318064735175483e+00 9.981206277361359014e+00
1.004520244121869021e+00 9.690758217665802476e+00
1.044499529060633591e+00 7.717724143975612350e+00
1.710905338155701783e+00 2.962087062086647293e+00
1.000028573717737679e+00 9.996682613789729999e+00
1.000002657480903556e+00 9.999912899872846594e+00
1.000000551814396177e+00 9.999990506718106076e+00
1.000000389718623595e+00 9.999998174471883772e+00
1.178627529140266361e+00 9.895378426086786305e+00
1.001193651778269134e+00 9.998338455782750600e+00
1.002223473458760949e+00 9.974575685535327807e+00
1.001436985364028365e+00 9.943199788857487675e+00
1.002961864132319025e+00 9.521608564984909151e+00
1.019075705503143636e+00 9.544762476147482744e+00
1.173569995632047558e+00 9.196298359004593692e+00
1.002691005259421786e+00 9.868600135955460928e+00
1.015328163399574546e+00 7.500415408119110339e+00
1.000173170942812551e+00 9.976467620111872492e+00
1.000276471432983705e+00 9.992506863649463611e+00
1.000001032333222684e+00 9.999904950598079267e+00
