-1.837819860788471615e+01 3.564346112345322948e-01
-1.974074730927773658e+01 3.425925620805531091e-02
-1.943861955164243227e+01 7.306594172732864267e-01
-1.850136611411369714e+01 4.470686451129184391e-01
-1.938434358032647964e+01 1.046331477684295796e-01
-1.915093521221496786e+01 2.384972915441270769e-01
-1.859411868433680226e+01 8.473012509265706038e-01
-1.937110935332841422e+01 1.985806303884137813e-01
-1.932571534940800007e+01 2.135890038543366565e-01
-1.927026483197468565e+01 1.798664483357054478e-01
-1.930370973221735653e+01 2.755393071940790972e-01
-1.927164073104527731e+01 3.176569400983501601e-01
-1.921907482955797164e+01 4.337131418211603306e-01
-1.881514009419979416e+01 5.263799760108200942e-01
-1.907931546243758802e+01 1.020510404744639499e-01
-1.933379317480302007e+01 3.308075586521485034e-01
-1.928432229190413594e+01 9.540269630387695488e-01
-1.976578742752736773e+01 7.831128414307692021e-02
-1.915936779345807395e+01 4.197844179837743606e-01
-1.929618688052801190e+01 2.625712083892863258e-01
-1.940074806118906992e+01 1.083399094739438268e-01
-1.924705815495699923e+01 3.504756225372251954e-01
-1.930358149492608888e+01 2.672046542336177777e-01
-1.930320894161522460e+01 2.462156746569943433e-01
-1.931531021251351987e+01 2.234570138956135099e-01
-1.929037689571102376e+01 2.701101967231863132e-01
-1.926941987138339840e+01 3.011718477227463553e-01
-1.929784973265273962e+01 2.528790326629308249e-01
-1.929418255933380166e+01 2.785203329868603528e-01
-1.929411673210012523e+01 2.713290168359808185e-01
-1.930237066882475006e+01 2.658578371492076875e-01
-1.930032735885582795e+01 2.598380628849139007e-01
-1.931278804531535798e+01 2.577100487583337540e-01
-1.930064598173809998e+01 2.679724372769987095e-01
-1.930087112820118023e+01 2.672766607462577215e-01
-1.929764954869440174e+01 2.812417012499224822e-01
-1.929664249815191823e+01 2.712095602307766917e-01
-1.929859369798467839e+01 2.698632267927765227e-01
-1.929780612155088093e+01 2.707235772269873109e-01
-1.929676957822631067e+01 2.727990114684371026e-01
-1.929743927828221217e+01 2.717562787220112464e-01
-1.929727614428256288e+01 2.718923542598494780e-01
-1.929735453529190892e+01 2.708577207050768543e-01
-1.930613678125209987e+01 2.615699708133051304e-01
-1.930170193111912269e+01 2.689684154563727891e-01
-1.929687733155521201e+01 2.736208178525315060e-01
-1.929815824875269215e+01 2.717829965302452355e-01
-1.929734864312618114e+01 2.707646872079627065e-01
-1.929684951776773616e+01 2.727469233858835218e-01
-1.929721564093865283e+01 2.718575510776006787e-01
-1.929711241437276925e+01 2.718648572531366936e-01
-1.929730537391288436e+01 2.715007894962946922e-01
-1.929703487064833567e+01 2.722706997072447122e-01
-1.929687105937814806e+01 2.723267319278283582e-01
-1.929684320772649997e+01 2.726560409776209726e-01
-1.929717174266730950e+01 2.719248060368292808e-01
-1.929711487531470127e+01 2.719428277052027831e-01
-1.929712818446736122e+01 2.719677989203657109e-01
-1.929655634492858596e+01 2.722448773561349511e-01
-1.929718023381170511e+01 2.718943917601274185e-01
-1.929807149206531847e+01 2.719887011971719448e-01
-1.929716426350010750e+01 2.719304812372329572e-01
-1.929716894684947093e+01 2.719368431643682249e-01
-1.929716672864470794e+01 2.709222064962641952e-01
-1.929717929598513848e+01 2.719066952507210311e-01
-1.929859852687175703e+01 2.700622458507223045e-01
-1.929670758893190907e+01 2.723250450390264366e-01
-1.929717725292757891e+01 2.720534243445242861e-01
-1.929747883237249084e+01 2.717385277835411284e-01
-1.929915553593941269e+01 2.698425309885778001e-01
-1.930503458172555753e+01 2.570336533491549558e-01
-1.926982465637118480e+01 5.812382561669656722e-01
-1.929712982743281557e+01 2.719528825825876517e-01
-1.929715921407511559e+01 2.719311459905831008e-01
-1.929716618964161512e+01 2.719273148972753962e-01
-1.929973562211326765e+01 2.695536345198609185e-01
-1.929716614876724989e+01 2.719196415784197463e-01
-1.929716290901125220e+01 2.719294227183242096e-01
-1.929716640657878912e+01 2.719269992122629320e-01
-1.929682611276376392e+01 2.723620331268278294e-01
-1.929700972758553235e+01 2.719053181261098517e-01
-1.929716974548713182e+01 2.719072124580498295e-01
-1.929726325111883156e+01 2.713117031775367782e-01
-1.929743791879911541e+01 2.717326204923899979e-01
-1.929696429631330190e+01 2.720598735929293799e-01
-1.929744048835311787e+01 2.718681482593912069e-01
-1.929717992619718459e+01 2.719047687056677098e-01
-1.929715705337311604e+01 2.720614493914956800e-01
-1.929711465493848266e+01 2.719825209853140580e-01
-1.929710610681177130e+01 2.719787557919644549e-01
-1.929710073714801055e+01 2.718894517500593522e-01
-1.929723877259539577e+01 2.715195404729741080e-01
-1.929639401204028459e+01 2.782695494476581377e-01
-1.929684992928262233e+01 2.728814796757487171e-01
-1.929697297585947524e+01 2.720468793674379882e-01
-1.929716387226163476e+01 2.719286205765168440e-01
-1.929923814120173731e+01 2.695276145769562870e-01
-1.929669022393389355e+01 2.739811917285118192e-01
-1.929715818919259007e+01 2.719280968184664693e-01
-1.929716058454244276e+01 2.719300797104216016e-01
-1.929291064901462960e+01 2.768435931822962881e-01
-1.929716202956414151e+01 2.719277039845606203e-01
-1.930004743225854824e+01 2.562721818775698934e-01
-1.929716140683797576e+01 2.719283822012932283e-01
-1.946366139908667847e+01 2.371023367760068390e-01
-1.929716106117133378e+01 2.719288883008600943e-01
-1.933716739122688466e+01 3.127565491233385009e-01
-1.929749438182665955e+01 2.721516870464311122e-01
-1.929715864533240577e+01 2.719319898300808780e-01
-1.929716201055974878e+01 2.719285052221309673e-01
-1.929716237749792640e+01 2.719289624974444153e-01
-1.925816249133730551e+01 3.299021797707734627e-01
-1.929716299070098984e+01 2.719267981401158885e-01
-1.929716082021186452e+01 2.719201020433897886e-01
-1.929824716970782816e+01 2.719073110571010865e-01
-1.929713980184085997e+01 2.722335355867027129e-01
-1.929476898669713236e+01 2.759757787132350870e-01
-1.929716314025079171e+01 2.719291861319967363e-01
-1.929715940749659353e+01 2.719311245410063749e-01
-1.929690660790373968e+01 2.721621076885369916e-01
-1.879169794106078939e+01 8.907076931662789576e-01
-1.929542387970940354e+01 2.753598875785354672e-01
-1.929716110129728790e+01 2.719287321237697230e-01
-1.929716134843703657e+01 2.719279386527382880e-01
-1.929715598948456190e+01 2.719304316925661436e-01
-1.929716063542064930e+01 2.719318978803403897e-01
-1.929716354789406196e+01 2.719323872949371279e-01
-1.929716293420295159e+01 2.719338627398190655e-01
-1.929716310286356418e+01 2.719747491577328424e-01
-1.929734853355126845e+01 2.717632552258837930e-01
-1.929716169513221757e+01 2.719272377046006994e-01
-1.929717178666306765e+01 2.719855090278032184e-01
-1.929718040097918319e+01 2.719533071148969583e-01
-1.929599404579199629e+01 2.720933916886366100e-01
-1.930498356277684735e+01 2.958931024814743793e-01
-1.929596368761794167e+01 2.813991686065927533e-01
-1.924096080149443111e+01 8.565392870021230065e-01
-1.929583404831974036e+01 2.708988404676993533e-01
-1.924545319110966801e+01 3.546762560254200780e-01
-1.928808375691107457e+01 3.172206718440506723e-01
-1.929715531279380158e+01 2.719492187559383045e-01
-1.929588338320067109e+01 2.735467699581528578e-01
-1.929063250299916277e+01 2.925186910899995052e-01
-1.929432132565611013e+01 2.745612909802087609e-01
-1.930281743622718338e+01 2.638122223607661243e-01
-1.926008037329011913e+01 2.739596582058214103e-01
-1.929738899013009501e+01 2.716177418549795552e-01
-1.972519990357850261e+01 5.671644271652817038e-01
-1.928131865190978544e+01 3.164042822293620105e-01
-1.929810132240722353e+01 2.719761053055729794e-01
-1.929529353319094653e+01 2.673826273402750142e-01
-1.927815346297643373e+01 6.004013831427230663e-01
-1.929717563484641474e+01 2.715952670395508362e-01
-1.929722743809506014e+01 2.719024694677754650e-01
-1.930052415462670012e+01 2.598877335075643891e-01
-1.929715082544225879e+01 2.719368397152175376e-01
-1.929712237232321215e+01 2.719717590970252008e-01
-1.929716424605578950e+01 2.719236853658092423e-01
-1.929716229618589551e+01 2.719259461979580683e-01
-1.929703378155102556e+01 2.721055830745240378e-01
-1.929425736820581605e+01 2.877335089780590494e-01
-1.877886799952881702e+01 7.113119232286564397e-01
-1.929004673724351093e+01 2.864357722238138892e-01
-1.929449966222393442e+01 2.724445012199155913e-01
-1.929628040001063383e+01 2.765067014380623855e-01
-1.929715717085731441e+01 2.719366588216488023e-01
-1.929721330795931067e+01 2.718865135569497049e-01
-1.929716184413069513e+01 2.719280566586697589e-01
-1.929715867489484893e+01 2.719363902385573128e-01
-1.929715939219905607e+01 2.719352205363512742e-01
-1.929715668920472993e+01 2.719363499650852556e-01
-1.929715556367478513e+01 2.719381825401739339e-01
-1.929716597265218070e+01 2.719213230747369314e-01
-1.935841467521657222e+01 1.484798705386989881e-01
-1.929672856855724206e+01 2.724577478638141037e-01
-1.929716236373997162e+01 2.719273898964678637e-01
-1.929708797737092496e+01 2.719312273838011551e-01
-1.928132119795777299e+01 3.295719172752609727e-01
-1.929818907023271279e+01 2.683992778750351471e-01
-1.931956705056432000e+01 2.474038334200464873e-01
-1.929716147177022023e+01 2.719287083196686994e-01
-1.928938457595129918e+01 6.331281670133491468e-02
-1.929717776865935264e+01 2.719003157989071107e-01
-1.936989462130473427e+01 1.257234184945896505e-01
-1.891843721262225841e+01 2.660895692113118827e-01
-1.929717649526461543e+01 2.729265909100876963e-01
-1.929899257903926113e+01 2.760237712479936545e-01
-1.931145563075466853e+01 2.219976721295461586e-01
-1.929487394518230658e+01 2.774536367242659840e-01
-1.929715823891008242e+01 2.719288238419391157e-01
-1.928915827005684847e+01 2.783882957632033417e-01
-1.931190098136467981e+01 2.511717606770285660e-01
-1.929945258301862765e+01 2.677802467619573856e-01
-1.929691874914748340e+01 2.729932281936634508e-01
-1.961469831870206093e+01 3.509518737212253825e-01
-1.929665027585305381e+01 2.725268009695533400e-01
-1.929716112405876061e+01 2.719739333924714453e-01
-1.929716283066681015e+01 2.719334196024998929e-01
-1.852498111775255651e+01 2.828651413313719720e-01
-1.929718900655240432e+01 2.719220822588083175e-01
-1.935224725709344185e+01 2.609033634383249312e-01
-1.929715452506979645e+01 2.719691339045144929e-01
-1.929716878054147244e+01 2.719179358055379692e-01
-1.929915572825047221e+01 2.705029842823650776e-01
-1.929716544336733719e+01 2.719158950734865132e-01
-1.929715944560320651e+01 2.719290028773608259e-01
-1.929716063239747470e+01 2.719286339201383851e-01
-1.929810162576513122e+01 2.705058305123920759e-01
-1.929721836820406367e+01 2.717807621870241830e-01
-1.930131491256977228e+01 2.764811277214140328e-01
-1.929715224328819545e+01 2.719387489998364438e-01
-1.929716117759536331e+01 2.719285224379630050e-01
-1.929709114562248828e+01 2.720833327729901829e-01
-1.933031465414328665e+01 2.070448724645156391e-01
-1.929753150278494189e+01 2.696996456470975856e-01
-1.929718060058133133e+01 2.719395232849178279e-01
-1.929711992945589571e+01 2.719972519889275464e-01
-1.929712609980369109e+01 2.719863481898626700e-01
-1.929715645434055560e+01 2.719509428496881820e-01
-1.929752996410590882e+01 2.714611102833601186e-01
-1.929743237634332687e+01 2.735691102473877256e-01
-1.932612710027105152e+01 2.647272851986375852e-01
-1.929698906985964868e+01 2.720470648037262573e-01
-1.929795700379822776e+01 2.768518929861328859e-01
-1.929704091135639032e+01 2.721317568457031211e-01
-1.929716189480936350e+01 2.719282558198631294e-01
-1.929682555535741173e+01 2.731840623328190554e-01
-1.929703407929411441e+01 2.720209240455894184e-01
-1.929716182217789822e+01 2.719272337412573237e-01
-1.929352632448746974e+01 2.863975876576187463e-01
-1.929779209294369480e+01 2.713756331177686332e-01
-1.929722982794622510e+01 2.771982809440006745e-01
-1.937174896125276291e+01 2.146849504402392750e-01
-1.927827503929280795e+01 2.603935518722247378e-01
-1.932448758216302664e+01 2.353680400260875771e-01
-1.929716850443080745e+01 2.719362033015798041e-01
-1.929098361943145790e+01 2.823450841999406435e-01
-1.929712347173608933e+01 2.719755151830228757e-01
-1.924324306523042338e+01 3.749630096759006270e-01
-1.938576279058117890e+01 6.893288270637816240e-01
-1.956978277337358563e+01 8.557198948056599086e-02
-1.928936176290163118e+01 2.778113656981847090e-01
-1.929736519470391443e+01 2.766761031081518829e-01
-1.929738314213479811e+01 2.712995471508204970e-01
-1.929079523104991623e+01 2.823129013933176057e-01
-1.929702692813873099e+01 2.725542007857909566e-01
-1.929766244351544557e+01 2.722898242627564969e-01
-1.929717597926146055e+01 2.719584753724989534e-01
-1.929749434988544365e+01 2.714299191533856570e-01
-1.929716588911511721e+01 2.719198441352439488e-01
-1.930048213846144023e+01 2.702397835698209239e-01
-1.938218337083433696e+01 2.324988896421631146e-01
-1.929716473673142829e+01 2.719246804124250683e-01
-1.929714214761831670e+01 2.719701329889087638e-01
-1.929814966923895625e+01 2.682413460752960943e-01
-1.930123412209016109e+01 2.656101609785267437e-01
-1.929752459613001747e+01 2.717559010715321910e-01
-1.929777803340257947e+01 2.709307940874857157e-01
-1.930268775225533062e+01 2.558438961243551524e-01
-1.929716210041638291e+01 2.719279619638026446e-01
-1.929521341440220183e+01 2.743421266882722920e-01
-1.918342721038955290e+01 3.629188706913586415e-01
-1.929716197888824425e+01 2.719270536309848496e-01
-1.916211331929893547e+01 4.383376534547778203e-01
-1.929155138265373637e+01 2.777349936314250090e-01
-1.930015240595358961e+01 2.668463048355282363e-01
-1.929713915993962559e+01 2.719074300239681663e-01
-1.929716107143310921e+01 2.719343207585229738e-01
-1.929522570250564328e+01 2.752801534883205226e-01
-1.929716067628672604e+01 2.719318466245042587e-01
-1.929715920653464423e+01 2.719318601029419580e-01
-1.929716843064873188e+01 2.719261593392683918e-01
-1.929714292707253520e+01 2.719409242984361375e-01
-1.929479774387444735e+01 2.749912900904615265e-01
-1.929713602346614820e+01 2.719462872967989830e-01
-1.929449374701019337e+01 2.753798725108547174e-01
-1.811379628499567929e+01 3.039059929917531377e-01
-1.929716187558823037e+01 2.719275268178628080e-01
-1.921028209490469152e+01 3.969530199966295747e-01
-1.928069229308140464e+01 3.855509012932809010e-01
-1.941221582216698849e+01 1.018102415742203892e-01
-1.930413693004872400e+01 2.488638508094006274e-01
-1.929716167447209330e+01 2.719288977731096346e-01
-1.929716169386321312e+01 2.719280016885798346e-01
-1.929716179379616037e+01 2.719276664722943271e-01
-1.929716800863791804e+01 2.723496942230012041e-01
-1.927803946643335564e+01 4.233614007766632881e-01
-1.929716093549961542e+01 2.719287739309638741e-01
-1.929712230356836145e+01 2.719803493819539786e-01
-1.929718365572308869e+01 2.718948940799852387e-01
-1.929715917763574140e+01 2.719316756122324152e-01
-1.925814170504427736e+01 4.146016915619858967e-01
-1.929716218035638065e+01 2.719328747224816767e-01
-1.934611582805189656e+01 2.611227518381262214e-01
-1.929715901646306619e+01 2.719319953634936060e-01
-1.929716115857903702e+01 2.719286865738856918e-01
-1.929721132985602594e+01 2.718918004698455126e-01
-1.929711720165772704e+01 2.719461826924778336e-01
-1.929715623926631096e+01 2.719411843026152131e-01
-1.929716195249619304e+01 2.719288720861574027e-01
-1.929716278672007945e+01 2.719247858380886007e-01
-1.929222604053632040e+01 2.844136643895879279e-01
-1.930974188843385164e+01 2.600653840264052774e-01
-1.929822074161765144e+01 2.705984103797867690e-01
-1.929715403840512522e+01 2.719298585793405998e-01
-1.929715049034451724e+01 2.719295233987902294e-01
-1.929716188379424935e+01 2.719284512459708147e-01
-1.929716250289087043e+01 2.719278617405980203e-01
-1.930326453111669593e+01 2.608707835549013421e-01
-1.929713594781088659e+01 2.719262607185082281e-01
-1.929741610603280932e+01 2.694401594659023291e-01
-1.929717558760290785e+01 2.718668482541206632e-01
-1.929840482068937391e+01 2.706856647238496394e-01
-1.929722867549449106e+01 2.715438380766601045e-01
-1.929658674658055872e+01 2.726351718707276106e-01
-1.929014654306102372e+01 2.712278025176536600e-01
-1.929719503966156680e+01 2.718419182621081287e-01
-1.930946633794996359e+01 2.474397336685717486e-01
-1.964134108617501795e+01 1.678181611955238337e-02
-1.929779564557371430e+01 2.712405075841051172e-01
-1.929002030669770562e+01 2.869315764354016252e-01
-1.955632716417840555e+01 4.055073145091853126e-01
-1.929053523730634367e+01 2.443579395616577443e-01
-1.929471792314080503e+01 2.662378507256362714e-01
-1.929641230614038960e+01 2.722453027596142272e-01
-1.930486250148580041e+01 2.557159056615563308e-01
-1.929716187854923604e+01 2.719281519348114018e-01
-1.929003759081640013e+01 2.601832904260976687e-01
-1.929716165778042125e+01 2.719282536841559628e-01
-1.930386228791845227e+01 2.607082857825194222e-01
-1.929721417595358801e+01 2.716885921828448014e-01
-1.930164849829161255e+01 2.693965758764823581e-01
-1.932288557442054611e+01 2.388387908186476727e-01
-1.925889033033100972e+01 3.957450785233902479e-01
-1.929715904301728102e+01 2.719297546289073941e-01
-1.922012678259030238e+01 3.058616280930444020e-01
-1.929716596085269842e+01 2.719260191036783625e-01
-1.929716418982808790e+01 2.719255996737589554e-01
-1.929716417460535283e+01 2.719256956108225820e-01
-1.974293030241299718e+01 4.915021967865208508e-01
-1.926889715586814944e+01 2.684270136983710198e-01
-1.929718665967423874e+01 2.718044134661377065e-01
-1.929716208121959298e+01 2.719275610288386380e-01
-1.930432970078852506e+01 2.585792263040153638e-01
-1.928048173848262792e+01 3.824522211587149667e-01
-1.929723466932493281e+01 2.730771918854056901e-01
-1.929915921180985094e+01 2.699296480961161926e-01
-1.929716155915236442e+01 2.719302494372478063e-01
-1.929716139930385310e+01 2.719283488427570727e-01
-1.929716214810739672e+01 2.719273683074628356e-01
-1.929716052529889225e+01 2.719284023338768286e-01
-1.929702863762054221e+01 2.722855898060477786e-01
-1.929716041858755560e+01 2.720859213559786993e-01
-1.929717663060601751e+01 2.719575746866211285e-01
-1.929716096868135367e+01 2.719682458938948999e-01
-1.929716204666580381e+01 2.719282560659788128e-01
-1.929885327944881368e+01 2.741685590069957712e-01
-1.929724759617408125e+01 2.717904064012853782e-01
-1.929705983753637355e+01 2.723280309314081715e-01
-1.929716275319040975e+01 2.719246597166877222e-01
-1.929716227099207160e+01 2.719264886830115024e-01
-1.929729166939263507e+01 2.710832683567664381e-01
-1.929717209193550431e+01 2.719280904742943372e-01
-1.930159767733238496e+01 3.561567354347670022e-01
-1.930657626758261358e+01 2.609440426170829830e-01
-1.929007417487506260e+01 2.855518138939356909e-01
-1.929758114794192636e+01 2.710546076742713084e-01
-1.929885625890015177e+01 2.679559065723834399e-01
-1.926608987629954584e+01 3.498907545396565122e-01
-1.929556436809108533e+01 2.734558329507145724e-01
-1.929722607968323445e+01 2.719006288926932302e-01
-1.929727065985913725e+01 2.717037509762995073e-01
-1.924295674619713026e+01 4.613734066539925682e-01
-1.929666834976458745e+01 2.710462183986210305e-01
-1.929640380314629766e+01 2.712800891490549926e-01
-1.929716240827534079e+01 2.719269431143925830e-01
-1.929716327932539244e+01 2.719249799611540563e-01
-1.910646225793005115e+01 7.107310116811782486e-01
-1.929744194662641021e+01 2.718583990899002267e-01
-1.937792941357787768e+01 2.016162189607945965e-01
-1.923129363400529712e+01 4.221923842158218365e-01
-1.929035371331870508e+01 2.869463765302747715e-01
-1.929627485158206568e+01 2.729460033947851416e-01
-1.929717343156243459e+01 2.719329568536897335e-01
-1.929692591256974765e+01 2.709591663040004650e-01
-1.948892038804217108e+01 8.815908328194321797e-02
-1.929734037471482111e+01 2.713633561102727354e-01
-1.930263247765682166e+01 2.594001157326499829e-01
-1.929704599397679132e+01 2.722582020433919059e-01
-1.917850145385321170e+01 4.277588104019410808e-01
-1.928231491226701166e+01 2.364499087089090845e-01
-1.929645219570535986e+01 2.733555176769052464e-01
-1.931210649053928918e+01 2.422830336592513012e-01
-1.929761995884164705e+01 2.713447769862183390e-01
-1.933971392435816838e+01 3.020906870132965549e-01
-1.929716012475694953e+01 2.719208599578352148e-01
-1.929715842897238787e+01 2.719273311898832146e-01
-1.940593837723803006e+01 9.362868400761222010e-02
-1.929747194072747973e+01 2.701079159675634500e-01
-1.929913092711592881e+01 2.652545665191096136e-01
-1.929523860630554921e+01 2.696090033149156073e-01
-1.931056209753619868e+01 3.411704271009839418e-01
-1.924302982818508312e+01 4.576124256917358801e-01
-1.929521325728174475e+01 2.637891119009063146e-01
-1.927341154018512981e+01 2.860100959010827282e-01
-1.933875711855800361e+01 2.204512694735500933e-01
-1.929507015937526759e+01 2.761761912809730379e-01
-1.923827335821146178e+01 3.679882828212319712e-01
-1.929743935555832834e+01 2.711587318586209938e-01
-1.876782713050384288e+01 1.668345390051772792e-01
-1.929812290452023049e+01 2.704139336686739448e-01
-1.929013110026588862e+01 3.066841280001035841e-01
-1.930721308218018351e+01 2.575278098057282028e-01
-1.929715185805288513e+01 2.718819132738757860e-01
-1.929713878351332923e+01 2.719191978963412248e-01
-1.929693264693406718e+01 2.739945483457748021e-01
-1.929472715788685377e+01 2.752976452336470259e-01
-1.929643866133852015e+01 2.727642783117265046e-01
-1.929987081301089091e+01 2.691648889058226302e-01
-1.929934789152477492e+01 2.693731125545640870e-01
-1.929828922281587822e+01 2.705795105758491137e-01
-1.929221769482089854e+01 2.755482145960539420e-01
-1.929714816148157297e+01 2.719423721959309259e-01
-1.929720352417519891e+01 2.718666236943887426e-01
-1.929715990550253224e+01 2.719120079906036658e-01
-1.930028369981465630e+01 2.687100701026951532e-01
-1.929725540158462138e+01 2.715203640127995532e-01
-1.929738105055221098e+01 2.712208248903630881e-01
-1.929753407839504575e+01 2.707879015317181115e-01
-1.929716198783667735e+01 2.719272823266610795e-01
-1.919880828147987373e+01 5.804320961140669866e-01
-1.929981200473124403e+01 2.681923219858217133e-01
-1.929716163874013901e+01 2.719276884946521533e-01
-1.929011462624189832e+01 2.685197351760107987e-01
-1.929716221420352440e+01 2.719282929773639279e-01
-1.929716367999062498e+01 2.719281881598215600e-01
-1.928385841145630408e+01 3.020682344005251596e-01
-1.877038712702963252e+01 6.252651413143176518e-01
-1.929716142269060697e+01 2.719273662474333553e-01
-1.924105913083001340e+01 2.641644948683698479e-01
-1.929716708519411128e+01 2.719377657185692576e-01
-1.925439184487609268e+01 3.301527015988865443e-01
-1.931283796816525467e+01 3.298618384305268547e-01
-1.928921649666147786e+01 2.823958865583258149e-01
-1.929716820016504997e+01 2.719196260982628122e-01
-1.929714965374425972e+01 2.719554075877136379e-01
-1.929712682534914947e+01 2.720121247129448916e-01
-1.929716073761057871e+01 2.719297298186854062e-01
-1.929723177854077676e+01 2.718671967624776697e-01
-1.929718628261072411e+01 2.719274574372726461e-01
-1.927871889223241908e+01 2.983841115063687321e-01
-1.929725188215866183e+01 2.720940655043604939e-01
-1.929719494814631275e+01 2.719877054564560637e-01
-1.929771617861995381e+01 2.722211228521180804e-01
-1.929710015407596657e+01 2.721277031441456384e-01
-1.929256209160482172e+01 2.750971164266379776e-01
-1.929717131719354128e+01 2.719154557833480812e-01
-1.929708094649705430e+01 2.717974471225722000e-01
-1.929888829595441990e+01 2.697752304014255920e-01
-1.929786784087202278e+01 2.703846137569121955e-01
-1.929890932633263034e+01 2.720790088764523107e-01
-1.929713366358478766e+01 2.719979531258247540e-01
-1.816659544188162556e+01 7.376718905652344116e-01
-1.929716102601502570e+01 2.719295195151111844e-01
-1.929677170594941771e+01 2.771060249478864979e-01
-1.929716157851168390e+01 2.719279577433649786e-01
-1.929754424834942839e+01 2.708396764400761714e-01
-1.929650424600324143e+01 2.745583833767878401e-01
-1.956091791839659422e+01 2.449659367693888534e-01
-1.920878977514168540e+01 3.750269643158623545e-01
-1.929716196370386427e+01 2.719282296435271973e-01
-1.929716081268858474e+01 2.719287603701527889e-01
-1.929716088856036649e+01 2.719299541203465953e-01
-1.930612126638953896e+01 2.691000974305607363e-01
-1.902474795681652964e+01 4.068761712065675495e-01
-1.928479802204056170e+01 2.828436643844296494e-01
-1.929716197567098135e+01 2.719281791664936443e-01
-1.929716245449975887e+01 2.719269987357975094e-01
-1.929716124147961054e+01 2.719264151684250841e-01
-1.929716121685336816e+01 2.719261131585996027e-01
-1.929723176209348523e+01 2.717962124136388824e-01
-1.930480845003121004e+01 3.743668546703800559e-01
-1.929719070031002914e+01 2.718968682253176672e-01
-1.929716711590469558e+01 2.719176084698917695e-01
-1.929525075068814388e+01 2.740940217791543732e-01
-1.929715774691378982e+01 2.719376493920148130e-01
-1.929716136455898479e+01 2.719280667629920267e-01
-1.929716247261730544e+01 2.719258801204230691e-01
-1.929875534928111591e+01 2.704444221990044417e-01
-1.929468933890615645e+01 2.742084634559673884e-01
-1.929823999183109606e+01 2.715047383001740755e-01
-1.929716268039723559e+01 2.719286005070854495e-01
-1.929716235437307503e+01 2.719286290978310539e-01
-1.929715993565778831e+01 2.719285717012637216e-01
-1.929749494845381363e+01 2.715269130744020210e-01
-1.929716914275773831e+01 2.719278006743022780e-01
-1.929197767533411323e+01 2.761600742163097810e-01
-1.929716330843188032e+01 2.719254254628998835e-01
-1.825457675202709140e+01 3.718829288642429010e-01
-1.929717611418547207e+01 2.719479492908797869e-01
-1.892955782566717104e+01 6.582874728926642049e-01
-1.929716245257581519e+01 2.719276643339623156e-01
-1.929716230823993683e+01 2.719284817441893209e-01
-1.929716487351781495e+01 2.719529814159913905e-01
-1.929715677982379418e+01 2.719611725548983783e-01
-1.929714712778476837e+01 2.719495272905868011e-01
-1.929773970550024487e+01 2.707946618225784419e-01
-1.929967858114148171e+01 2.698483068713872779e-01
-1.938160772325108994e+01 1.628980736495286019e-01
-1.929538629658427240e+01 2.762871026978156452e-01
-1.929707039789108691e+01 2.720481130689644256e-01
-1.917387498689654990e+01 7.216432266889165614e-01
-1.929968518064047700e+01 2.698292296585478311e-01
-1.949273702617895054e+01 1.783542331789423618e-01
-1.929831127761765330e+01 2.725331441008679301e-01
-1.921536045068368281e+01 1.525894529858513593e-01
-1.929716184554949621e+01 2.719278483111043920e-01
-1.929464915360039612e+01 2.750247117952859255e-01
-1.929718455833084789e+01 2.716713676301298341e-01
-1.928546669836739014e+01 2.893204844103252626e-01
-1.918845555790599278e+01 4.117471936697125745e-01
-1.929716250295755131e+01 2.719278280397337544e-01
-1.929716160192128172e+01 2.719294491155337945e-01
-1.930782195976463100e+01 2.744225516223611772e-01
-1.929602909457446813e+01 2.740911640701662044e-01
-1.929216084430123246e+01 3.273827296700594913e-01
-1.929716178691455752e+01 2.719284322314842739e-01
-1.929317765371375160e+01 2.734988317439393524e-01
-1.930136542894241458e+01 2.708807319308637052e-01
-1.927955811355584359e+01 2.206156791009800944e-01
-1.935863621884091046e+01 1.780135645940882083e-01
-1.930887321654217814e+01 1.205485162098467455e-01
-1.929709179085139681e+01 2.721716328822568753e-01
-1.929975501752112521e+01 2.718262862858909501e-01
-1.929770517705521016e+01 2.717683582951813670e-01
-1.895275537742796601e+01 4.403798987934237630e-01
-1.929703365525320535e+01 2.715586427692959215e-01
-1.929714489196937777e+01 2.720505916321851458e-01
-1.929712871315473777e+01 2.720197742101100324e-01
-1.929680961932042038e+01 2.724146304886249648e-01
-1.914639126394743585e+01 5.076637724676227315e-01
-1.923256195004028157e+01 2.894187721241241462e-01
-1.930041405893846118e+01 2.695697274070654736e-01
-1.929692931840230941e+01 2.724498528972004729e-01
-1.928699993992335493e+01 2.905768356190746027e-01
-1.929725489079119427e+01 2.718202246809489631e-01
-1.929686479736174576e+01 2.722741685834795256e-01
-1.929701947562073983e+01 2.720793528828441832e-01
-1.935394420355441625e+01 6.374288289190455092e-01
-1.929714215533004662e+01 2.719344558654819832e-01
-1.909767091400388495e+01 7.886588993259904257e-01
-1.929712799522251387e+01 2.719931244209889964e-01
-1.931300937199058865e+01 2.757182112296166498e-01
-1.929702997223384031e+01 2.719247377564777968e-01
-1.929715735410477606e+01 2.719376534448319505e-01
-1.930418324959531517e+01 2.577053784505800027e-01
-1.929716176404815187e+01 2.719267938448886035e-01
-1.929716131167903725e+01 2.719277462679834945e-01
-1.929715611257781305e+01 2.706420751128720825e-01
-1.929775780699933208e+01 2.718994048570103073e-01
-1.929716155423711754e+01 2.719288566001181184e-01
-1.929716137553491961e+01 2.719281977268633299e-01
-1.918599923786200634e+01 9.021686853046044785e-01
-1.929716096692240157e+01 2.719290063095775589e-01
-1.929716227767765346e+01 2.719268444713119348e-01
-1.929403266508965942e+01 2.841374042109032216e-01
-1.929716193327478280e+01 2.719260443952384865e-01
-1.929747759298418330e+01 2.686075451159509742e-01
-1.938638964617885208e+01 3.316744340944028507e-02
-1.929715604179573774e+01 2.719339999325605661e-01
-1.930952158280936359e+01 2.502260815421170626e-01
-1.929716034589434770e+01 2.719278634429934671e-01
-1.929716560827727179e+01 2.719173649802673065e-01
-1.929885653510922694e+01 2.684205598892597244e-01
-1.929716180711201545e+01 2.719276292398543071e-01
-1.929659762001686119e+01 2.723244413030848632e-01
-1.929713519344267780e+01 2.719761510770768997e-01
-1.929716161454526357e+01 2.719281512886309038e-01
-1.929723327556538592e+01 2.720182039310422017e-01
-1.929756707918969738e+01 2.713590324348006400e-01
-1.929719124213080761e+01 2.748789161786528989e-01
-1.929716507631637867e+01 2.719251187835489691e-01
-1.929711503219892421e+01 2.707786175519357186e-01
-1.929716027557526559e+01 2.719518206953583928e-01
-1.929496634259772492e+01 2.767774433541494994e-01
-1.922231301665868841e+01 3.441951768463707428e-01
-1.932968646496594189e+01 2.245577864894489073e-01
-1.929716225418603770e+01 2.719283116724017790e-01
-1.929715590442907214e+01 2.719377394940976078e-01
-1.929774288094892398e+01 2.730282638407220963e-01
-1.938719089053530809e+01 2.512035912019725536e-01
-1.929968137686264029e+01 2.611315017389287951e-01
-1.929681601560194792e+01 2.725012618348112703e-01
-1.929717799032067305e+01 2.719072586937036906e-01
-1.929711317306343688e+01 2.734466823934299518e-01
-1.929716126481099536e+01 2.719287432966052132e-01
-1.929542174480135230e+01 2.751985312788899907e-01
-1.929668277259419185e+01 2.713997769018387518e-01
-1.929682321423376479e+01 2.724473101976127576e-01
-1.929715296207547226e+01 2.719397136255043423e-01
-1.878523850913294524e+01 5.869090922505743047e-01
-1.929710316256528557e+01 2.722843180440115973e-01
-1.929531401846284311e+01 2.661804371038991590e-01
-1.982349988380091332e+01 1.617205688313398948e-01
-1.929705492581417303e+01 2.786507441340872471e-01
-1.929139538501217999e+01 2.754128501338434787e-01
-1.929717171120996611e+01 2.719161804292185569e-01
-1.902933496439998606e+01 3.229399470898499658e-01
-1.929722375524896805e+01 2.725079065621938690e-01
-1.919942687330402009e+01 3.680256111141054221e-01
-1.929695376971139353e+01 2.716981859962184220e-01
-1.929717725421560104e+01 2.718733106400327282e-01
-1.929346803457782755e+01 2.803715952961903790e-01
-1.929796810840061738e+01 2.699737739553123572e-01
-1.929718090907860883e+01 2.718501847676633165e-01
-1.929717247238270872e+01 2.719392242994820297e-01
-1.925110477065650372e+01 3.209582909769066461e-01
-1.931282185216571179e+01 2.398380155748793818e-01
-1.929715631055088210e+01 2.719329317839139226e-01
-1.929716324856867615e+01 2.719368446786047944e-01
-1.929680971095250186e+01 2.714956941104447741e-01
-1.929250052584639263e+01 2.754238774077364393e-01
-1.930065875782968021e+01 2.739807255672234154e-01
-1.930647414143584939e+01 2.649089145419321056e-01
-1.929772405490207632e+01 2.717229454276875455e-01
-1.929356167978844283e+01 2.481319514886053124e-01
-1.929519140413760425e+01 2.739903699107698043e-01
-1.929673642159142588e+01 2.724066309147706311e-01
-1.873660818132966455e+01 5.406176590118704217e-01
-1.929713115130064338e+01 2.722429742804097219e-01
-1.929950973532694292e+01 2.717646805380675157e-01
-1.929707297192027937e+01 2.723603632678169295e-01
-1.923941155268685321e+01 6.186562955396314178e-01
-1.939693579724733752e+01 1.722854003956620361e-01
-1.929493602785718664e+01 2.728971259646131298e-01
-1.929693406706962122e+01 2.722218776293442444e-01
-1.929720044531100243e+01 2.718755149447804054e-01
-1.929716093663579457e+01 2.719293161071526521e-01
-1.929713060603528874e+01 2.720388581952713491e-01
-1.929709910929146233e+01 2.720585974424821196e-01
-1.929716138857232011e+01 2.719287746862786292e-01
-1.929703120284438356e+01 2.723909761514091143e-01
-1.929523237923673662e+01 2.854402214780683567e-01
-1.929683615831568133e+01 2.746905595097008379e-01
-1.929716205353006941e+01 2.719269436090231418e-01
-1.929770178589171081e+01 2.755000304664834698e-01
-1.929716155671904332e+01 2.719282106486017314e-01
-1.931137500132899021e+01 2.580107199746513591e-01
-1.929715966316492626e+01 2.719303427897231118e-01
-1.945493124271853702e+01 4.889650687286727082e-02
-1.929242796714201802e+01 2.720664628601141000e-01
-1.936216814223276472e+01 2.151916591776195098e-01
-1.928498671531362874e+01 3.019119499618229674e-01
-1.929824960954967139e+01 2.537594171651036401e-01
-1.931344075588785003e+01 2.614164110589295986e-01
-1.929716248272336898e+01 2.719205733693945692e-01
-1.931026030005932981e+01 2.513528502635619666e-01
-1.929879017206828351e+01 2.694793269719329420e-01
-1.929716918411153870e+01 2.718908872300662138e-01
-1.929716160755237553e+01 2.719665721423903393e-01
-1.929725123869450698e+01 2.721118372790621298e-01
-1.929589664978222885e+01 2.742309780793095730e-01
-1.929714426711888109e+01 2.719491227859776039e-01
-1.916971849191360988e+01 7.797718001761810847e-01
-1.917011111364067943e+01 5.632203413552163695e-01
-1.929716899709951861e+01 2.719211664834356723e-01
-1.929716475597923875e+01 2.719154243819294492e-01
-1.929716120562678938e+01 2.719291626031752895e-01
-1.929716108652675643e+01 2.719293024484735755e-01
-1.929512318328706755e+01 2.527841016476484182e-01
-1.929716186570852443e+01 2.719288109824141708e-01
-1.929716217748139684e+01 2.719279639922768110e-01
-1.930350631962986796e+01 3.052839883587160630e-01
-1.931514071101053887e+01 2.498905838787980338e-01
-1.929716152407073793e+01 2.719275431839536239e-01
-1.929716208149436696e+01 2.719298022687079430e-01
-1.929716926254586085e+01 2.719155444890768991e-01
-1.931063166639927076e+01 2.620854631195942419e-01
-1.929978642489210472e+01 2.677251273061474479e-01
-1.929715577125582726e+01 2.719376091287055708e-01
-1.929715851018108808e+01 2.719366978491866704e-01
-1.847713641820436337e+01 6.812239950887751805e-01
-1.929704459172455344e+01 2.721575578060205780e-01
-1.929880732916873853e+01 2.719011035234707996e-01
-1.889853037624126841e+01 1.792951129322218062e-01
-1.930542885030824962e+01 2.605682189596835174e-01
-1.929761773339354392e+01 2.697819337618085900e-01
-1.934355772511831262e+01 2.429949248813027818e-01
-1.944859891235545746e+01 3.084388183827286301e-01
-1.929804498505497179e+01 2.674328604378320429e-01
-1.929273631158413238e+01 2.710401808377947974e-01
-1.929770308539439938e+01 2.717004516407576231e-01
-1.929585992543510642e+01 2.711588682850420984e-01
-1.929714397693718908e+01 2.753009590929915706e-01
-1.929743602272681358e+01 2.714190605680838475e-01
-1.929666554316143134e+01 2.696370501148584453e-01
-1.929753304009805959e+01 2.709434185383672866e-01
-1.929670883966004524e+01 2.723775225311876880e-01
-1.930072219267093203e+01 2.703773789892651713e-01
-1.980097229093374267e+01 3.245442940372544882e-01
-1.929652066341195749e+01 2.739028285574449106e-01
-1.929718161424363387e+01 2.718176216028124204e-01
-1.929701828485971404e+01 2.720645151754083058e-01
-1.929718948614869944e+01 2.720097209909577707e-01
-1.929756103125578193e+01 2.715083798702682127e-01
-1.929755702502908576e+01 2.716558106920293203e-01
-1.929716481948132412e+01 2.719319762135177787e-01
-1.929715986441654252e+01 2.719316427571665806e-01
-1.929569403336727618e+01 2.743499394992896523e-01
-1.931335865610610725e+01 2.683380846308159318e-01
-1.929739528604038057e+01 2.717669710176558451e-01
-1.929747997845759500e+01 2.729179386561308429e-01
-1.929484776642670596e+01 2.759333854379923956e-01
-1.929713604342215305e+01 2.719452081422955025e-01
-1.927427978127729702e+01 2.746162717950552112e-01
-1.929715681216681489e+01 2.719387394375523681e-01
-1.930912057325934938e+01 2.345467149395137063e-01
-1.929717182480995064e+01 2.719522301394755592e-01
-1.936564587239065460e+01 1.449673468865370352e-01
-1.929717348265363341e+01 2.718639746416101621e-01
-1.946337416161475176e+01 8.672873271866632372e-01
-1.935885967150307607e+01 5.055978826780114233e-01
-1.928309120346089856e+01 2.332945821448613455e-01
-1.929718944648913492e+01 2.718122680524337476e-01
-1.931169555375960556e+01 2.426129056887097180e-01
-1.929716306797863012e+01 2.719236016805729461e-01
-1.929710246200919599e+01 2.716750264905108958e-01
-1.929715542818532725e+01 2.719364357286094269e-01
-1.929716124722939696e+01 2.719288026287551840e-01
-1.930658353559133289e+01 2.662415220798565740e-01
-1.930195828871271146e+01 2.715377760781123029e-01
-1.929687091906431107e+01 2.723314203131579903e-01
-1.929718493089432485e+01 2.721174020291404760e-01
-1.930674855061592510e+01 2.531826163408026908e-01
-1.929844016210872581e+01 2.677307264387737695e-01
-1.929791310635249957e+01 2.721846085898508294e-01
-1.931696486955397418e+01 2.566596770188037668e-01
-1.929679790299523034e+01 2.725408630076059380e-01
-1.930081859098261177e+01 2.754046984748890203e-01
-1.928224984380483775e+01 3.049276509834380477e-01
-1.924767349642592151e+01 3.444075131864676731e-01
-1.930115438333751854e+01 2.895093538837222313e-01
-1.929018814887794875e+01 7.331858013405598840e-01
-1.918296085202648982e+01 4.115416001227465426e-01
-1.933634375191924804e+01 3.209338541219227681e-01
-1.929515343790045989e+01 2.711138899529844659e-01
-1.929716145192500676e+01 2.719289573494386159e-01
-1.934880556909209304e+01 1.547612672459079131e-01
-1.929624220849336069e+01 2.742801197511670619e-01
-1.929724180983453863e+01 2.714947851969296555e-01
-1.929739690585405754e+01 2.715593168253797041e-01
-1.929715746665607412e+01 2.719288620789321875e-01
-1.929716260209034573e+01 2.719274342388736665e-01
-1.929716814037337258e+01 2.710428122513436344e-01
-1.929697096591448613e+01 2.720246711811509788e-01
-1.929746706631672026e+01 2.664027041147651875e-01
-1.929883303074385026e+01 2.682909864090878282e-01
-1.929554456638457083e+01 2.724095809042872407e-01
-1.929716212991300139e+01 2.719275981379110085e-01
-1.929716160318151452e+01 2.719273283433071287e-01
-1.929748352412256196e+01 2.714503443177174180e-01
-1.929716200798874226e+01 2.719280341190495331e-01
-1.929716357706414698e+01 2.719173332076594285e-01
-1.929747121455290326e+01 2.714195650235191049e-01
-1.929733743778518118e+01 2.719586997321659094e-01
-1.929716941302014988e+01 2.719377988229293996e-01
-1.929715315926087982e+01 2.718449460472047718e-01
-1.929716304433821250e+01 2.719260706156587659e-01
-1.929716274101597406e+01 2.719180528359866900e-01
-1.929716369148475152e+01 2.719237792876854076e-01
-1.929716657242836675e+01 2.719174205609483641e-01
-1.929716202785478529e+01 2.719322912202083997e-01
-1.929715266834822174e+01 2.719361876846229098e-01
-1.929715934641645703e+01 2.719314168398928588e-01
-1.929708807076960397e+01 2.719646374511476283e-01
-1.929715652367585932e+01 2.719073414661421495e-01
-1.929715647104565690e+01 2.719371287517213243e-01
-1.929814872072820719e+01 2.714524079091586439e-01
-1.926466351570276103e+01 3.186005625284252796e-01
-1.929471055069007690e+01 2.765854475389844525e-01
-1.962406619390774409e+01 2.140562482617237514e-02
-1.929498965932541310e+01 2.753908669068840798e-01
-1.929716391182370927e+01 2.719252468573407078e-01
-1.929579416716333640e+01 2.840568404113483769e-01
-1.930240042775092491e+01 2.643931143927450433e-01
-1.932694048842463275e+01 1.617961587070609886e-01
-1.928029943345755370e+01 2.918822713767219024e-01
-1.929332949860479829e+01 2.769898018991919786e-01
-1.929741554212876764e+01 2.714596494626934642e-01
-1.916673483781593035e+01 7.641290822212790657e-01
-1.934632920786499710e+01 2.042331336952017407e-01
-1.929792146837802136e+01 2.707939541172574294e-01
-1.927020790133803629e+01 2.695105191341640172e-01
-1.931824597635130658e+01 2.443596149244593174e-01
-1.929663697397118227e+01 2.677081059108258887e-01
-1.930709057457213262e+01 2.607719196934926154e-01
-1.929676222023142884e+01 2.722245018694823826e-01
-1.907600831894727733e+01 7.907609936750290558e-01
-1.929762263136217015e+01 2.707064108194904839e-01
-1.929707560738843242e+01 2.720830017660337274e-01
-1.939678031611300213e+01 1.961491339543113277e-01
-1.929722238604628259e+01 2.719654719845588375e-01
-1.929716378044813041e+01 2.719666413650285719e-01
-1.929716261885028672e+01 2.719271741155885325e-01
-1.928400584634009718e+01 2.821323205011079249e-01
-1.929716582859943586e+01 2.720598083796588185e-01
-1.929713442266748658e+01 2.719619324531262761e-01
-1.930187275645336342e+01 2.730968805348760187e-01
-1.929716202106367717e+01 2.719283961811317374e-01
-1.929945944759144538e+01 2.740895702641250042e-01
-1.929716123025495378e+01 2.719283155492179249e-01
-1.929696412190832078e+01 2.739939407911893277e-01
-1.928848380543657370e+01 2.988426954178808881e-01
-1.929716841415051576e+01 2.719176314209684198e-01
-1.930058965128008452e+01 2.694507565442548214e-01
-1.929716223094265715e+01 2.719326287760228111e-01
-1.929734677776459861e+01 2.726935077720175626e-01
-1.929716195217541852e+01 2.719282207329258849e-01
-1.929715532080154716e+01 2.719347373924762001e-01
-1.930422856984998958e+01 3.139894680990949483e-01
-1.929438337444046070e+01 2.823579283397030792e-01
-1.929716245774131167e+01 2.719285124222801664e-01
-1.929709103476409737e+01 2.720073125651495394e-01
-1.929747681749784149e+01 2.711328930480454980e-01
-1.929716193957543169e+01 2.719277405340823073e-01
-1.929641153788399777e+01 2.731624301223386508e-01
-1.903142620483097147e+01 6.818846042877462210e-01
-1.929716222086161181e+01 2.719266921534419512e-01
-1.929794059787932525e+01 2.717129153322929147e-01
-1.929716110273135854e+01 2.719287014650842438e-01
-1.929716082625926887e+01 2.719279119528198452e-01
-1.929221301493639729e+01 2.798338962729667867e-01
-1.929706518115702707e+01 2.725342888222332949e-01
-1.929716255031503991e+01 2.719257360159890169e-01
-1.932038261852915895e+01 2.391381588310309558e-01
-1.929484708019823813e+01 2.770384111349595835e-01
-1.929716001714503193e+01 2.719207479613990341e-01
-1.929716432568979201e+01 2.719665453296384316e-01
-1.929716488905932081e+01 2.717882835675141662e-01
-1.930808933871990973e+01 2.659902633322147048e-01
-1.929735639702530747e+01 2.703494408064646137e-01
-1.929686743117614256e+01 2.722594539108029177e-01
-1.929715389294363348e+01 2.719797950552090837e-01
-1.929501063980626085e+01 2.753508442455827598e-01
-1.885669649054413100e+01 1.434700306692604233e-01
-1.929435880534294512e+01 2.840892498411940470e-01
-1.929756205955339965e+01 2.720562098283326735e-01
-1.940463690892718773e+01 3.385591378267271967e-01
-1.929742072860492641e+01 2.711628856644743846e-01
-1.929652466223026153e+01 2.714419933149704312e-01
-1.929764233200908308e+01 2.724429790673876250e-01
-1.929638416406066881e+01 2.729406775374849103e-01
-1.929823258383552442e+01 2.690919337595935601e-01
-1.929643932456231070e+01 2.730598331649553567e-01
-1.929707289926664515e+01 2.721020455886816181e-01
-1.929934225765662603e+01 2.671635403883255711e-01
-1.930607838846270852e+01 2.577091966872310236e-01
-1.929713160946403505e+01 2.719374675425340060e-01
-1.846368829640319120e+01 4.098708517790502492e-01
-1.940533147956971050e+01 6.121917478551797132e-01
-1.929719015576912255e+01 2.718952873921721136e-01
-1.929716034294185434e+01 2.719319954279731388e-01
-1.929716010905833912e+01 2.719318191658988138e-01
-1.929716025137343038e+01 2.719360146127929312e-01
-1.929779746685796482e+01 2.715308669162352362e-01
-1.938496812058517449e+01 2.065732438374004998e-01
-1.929717785179918721e+01 2.719762314049457563e-01
-1.939894461478395371e+01 2.533524438132399581e-01
-1.929717550606219945e+01 2.718851302640632461e-01
-1.929342607332388937e+01 3.034291399184353422e-01
-1.929719046277872962e+01 2.717939194955874549e-01
-1.929716084702716827e+01 2.719347257866808754e-01
-1.929716573807459667e+01 2.719240498363858505e-01
-1.929582440638520424e+01 2.762303767510813635e-01
-1.929716234898608462e+01 2.714965570948428275e-01
-1.929713729469928651e+01 2.715359523220959859e-01
-1.929722662058330585e+01 2.711004557328930420e-01
-1.929716517481697835e+01 2.719197667106547645e-01
-1.930663362560909846e+01 2.454947258141794986e-01
-1.929805863549010425e+01 2.716453690612229965e-01
-1.929749738931754877e+01 2.715985323728385969e-01
-1.930521370010910687e+01 2.728230849567793159e-01
-1.929716539962075927e+01 2.719207510224719848e-01
-1.928115365388325841e+01 2.779269539323280247e-01
-1.929709856785772715e+01 2.720401138632140836e-01
-1.954814422180200495e+01 7.201480575282860619e-02
-1.923428278202503705e+01 5.342525490194106608e-01
-1.934724925870224865e+01 1.994026613642933821e-01
-1.929420500034249741e+01 2.798187559055330120e-01
-1.929716941307855649e+01 2.718739058269193931e-01
-1.929675495603338220e+01 2.758824425706528638e-01
-1.938493331312500345e+01 8.559978320540194419e-02
-1.930046329931526472e+01 2.791066569981302536e-01
-1.929998589859984293e+01 2.682991044370810485e-01
-1.929716235959303461e+01 2.719301711143765621e-01
-1.929716156588818876e+01 2.719275543057873556e-01
-1.929716181738070802e+01 2.719286721296935716e-01
-1.928390135733339150e+01 2.918475039261858028e-01
-1.929716234266118846e+01 2.719278609761895948e-01
-1.928916828550723039e+01 2.798576693920889480e-01
-1.929716170526321406e+01 2.719284163860976045e-01
-1.930547525028449485e+01 2.966484102733332739e-01
-1.929716605463115542e+01 2.719588668881346982e-01
-1.929860376799217647e+01 2.663186657763026988e-01
-1.929716123746269574e+01 2.719290917740859737e-01
-1.908814386265997598e+01 3.421327500098643171e-01
-1.901316668284031053e+01 7.881226365202458339e-01
-1.929676379366002337e+01 2.730317623063376331e-01
-1.929801591388418913e+01 2.723406159745389021e-01
-1.929716209498425883e+01 2.719278126001843932e-01
-1.904715113751937849e+01 8.545659832484733265e-01
-1.929583390753576211e+01 2.742590080358237037e-01
-1.929716174472363477e+01 2.719275196955385776e-01
-1.929836481801259040e+01 2.677986357221207037e-01
-1.929716067521366085e+01 2.719303187794422927e-01
-1.927556964898025527e+01 3.056540763471420341e-01
-1.929716345360914076e+01 2.719294075316616710e-01
-1.929716169881891830e+01 2.719285376958811562e-01
-1.929716835843498046e+01 2.719368623227984560e-01
-1.932036023536682023e+01 2.226386227827354958e-01
-1.929708205969426871e+01 2.721054827817693811e-01
-1.929815315203372705e+01 2.722634239900015296e-01
-1.925779949955495951e+01 2.872741366049486045e-01
-1.929716952380507777e+01 2.719366171465736892e-01
-1.929588639942627637e+01 2.757447056488677717e-01
-1.929716438824551616e+01 2.719261275949408363e-01
-1.929716386686136786e+01 2.719257761516044591e-01
-1.929708515595352836e+01 2.720800058829613288e-01
-1.929716283251805109e+01 2.719289347803988677e-01
-1.929714831931557129e+01 2.719330735636543150e-01
-1.929715372569160081e+01 2.720572253302110943e-01
-1.929711070952343732e+01 2.721067726751706384e-01
-1.930892690231489794e+01 2.473676277553766012e-01
-1.929716124379209674e+01 2.719282859290880205e-01
-1.924069639452420333e+01 2.923529316268879685e-01
-1.926659589432770403e+01 2.494517176439568218e-01
-1.929754194889773444e+01 2.713344525895012294e-01
-1.931765869807207636e+01 3.911090566091699472e-01
-1.929634098382217644e+01 2.513729666074616675e-01
-1.929715962570675458e+01 2.719337030014553069e-01
-1.929712710668958664e+01 2.719719259522245247e-01
-1.929716257535442736e+01 2.719330349999872776e-01
-1.929715516828021293e+01 2.719332890032027383e-01
-1.929716166200667615e+01 2.719533677412842576e-01
-1.929740154993178791e+01 2.701802456432682575e-01
-1.929716289191769008e+01 2.719269817027090697e-01
-1.929730552055755410e+01 2.731696483437561773e-01
-1.929725914319216784e+01 2.720634398200215132e-01
-1.929716203224933579e+01 2.719273327704849197e-01
-1.929716157022324907e+01 2.719280914469955346e-01
-1.929714997079194205e+01 2.719559663022565466e-01
-1.929716172170932253e+01 2.719280715935050718e-01
-1.929716429657739241e+01 2.719230176841199165e-01
-1.929498273573941702e+01 2.748624705077275521e-01
-1.929716160017869342e+01 2.719251363473129679e-01
-1.929719523446894058e+01 2.718652699966439545e-01
-1.929710892811788270e+01 2.720387336806648348e-01
-1.929716254878406545e+01 2.719265930753622107e-01
-1.929720977945688887e+01 2.717904679883965668e-01
-1.929558520981302649e+01 2.737329510972140723e-01
-1.929833482002465317e+01 2.712793801517947578e-01
-1.929716808184516808e+01 2.719332388905082998e-01
-1.930095313932402235e+01 2.676204124753011615e-01
-1.929706813074685101e+01 2.722066117716689382e-01
-1.918113583824990442e+01 5.302994702775671865e-01
-1.964222524517716550e+01 4.347807770865106392e-01
-1.905505238787581490e+01 8.450728740995296917e-01
-1.917543347211641347e+01 6.180122132112018107e-01
-1.928871030605617065e+01 2.761536998196916226e-01
-1.924661633695627572e+01 7.089960673496502608e-01
-1.945822497739577273e+01 3.992489161363901168e-02
-1.959972770046875468e+01 6.289143287572067642e-01
-1.929716633780680723e+01 2.719240914321859326e-01
-1.930385104266174778e+01 2.579611248823648340e-01
-1.919243507400351234e+01 3.324894995268354858e-01
-1.929470521904031344e+01 2.675087264764403616e-01
-1.929899866738237080e+01 2.636442396009503475e-01
-1.930906767400936985e+01 2.612677567764745135e-01
-1.929716264573417561e+01 2.719269922983958421e-01
-1.927896929777126900e+01 2.910809696692880921e-01
-1.929716271784948844e+01 2.719265817017975095e-01
-1.929716271847403775e+01 2.719266867478952188e-01
-1.929716279888834407e+01 2.719260953918601897e-01
-1.930290492175890549e+01 2.674871834323990782e-01
-1.929712209122302724e+01 2.719595930800774997e-01
-1.929716414765266919e+01 2.719267437961804257e-01
-1.929719368206229291e+01 2.719962863534644559e-01
-1.929753360117461014e+01 2.694214296039627587e-01
-1.929712706897457153e+01 2.719525179460823838e-01
-1.929717289857380536e+01 2.718184670482606258e-01
-1.932361956855406149e+01 3.007207394681538637e-01
-1.929692879182969634e+01 2.723406860153807507e-01
-1.929573449670309060e+01 2.714905858459261689e-01
-1.929811846976710399e+01 2.725967457163556151e-01
-1.929719214483120737e+01 2.718650279914547885e-01
-1.929722004067544461e+01 2.717977877410140408e-01
-1.930723689596746340e+01 2.965272725934036124e-01
-1.929704586336350758e+01 2.725902556791003906e-01
-1.929716886419308608e+01 2.718551715027462956e-01
-1.930069337800031093e+01 2.668575943175744425e-01
