-1.954983092181423032e+01 7.214969109673092795e-01 -1.697870085494233905e+00
-1.905211569211326861e+01 8.611161935360502895e-01 8.505621579211712913e-01
-1.958259311232734845e+01 5.742075417428856854e-01 7.211089908424305861e+00
-1.874431056331927792e+01 2.200310331861261848e-01 1.133694230082518573e+00
-1.969297278197390710e+01 3.010190621794555099e-01 -4.793494713913812433e+00
-1.916507373429122651e+01 9.975354361182771079e-01 4.982523046022063085e+00
-1.989505639491176581e+01 4.790704720180805620e-01 6.018085250059606039e+00
-1.905225491142702410e+01 7.660610054640932809e-01 2.689974115830647605e+00
-1.911934078092778222e+01 8.541470636488863732e-01 3.593938541858474167e+00
-1.924582755768027553e+01 9.201272017030043271e-01 2.480789160375660884e+00
-1.939429024397133006e+01 3.927882628589687286e-01 4.424300594932326192e+00
-1.915961038516036652e+01 7.218058445106539933e-01 2.842412430444305471e+00
-1.928898035823901580e+01 1.331331026420364827e-01 -2.622094341886551661e+00
-1.938119387218823064e+01 3.013866423557409746e-01 -4.739159296821569001e-01
-1.931825626440244292e+01 2.800504429225755265e-01 -1.351069688343411457e-01
-1.955772259354030851e+01 3.479482965905724146e-01 3.329738493051841886e+00
-1.926881964216601162e+01 2.698477842705211960e-01 -6.219871618898960008e-01
-1.933426685508016973e+01 2.656889634156295865e-01 -4.116619170919157966e-01
-1.933326020040313509e+01 2.403861880045413402e-01 -3.926872952726867538e-01
-1.937048848379926724e+01 6.336411025349845960e-02 -3.880269536722297019e+00
-1.908153820573902593e+01 4.227013000201596538e-01 -5.066887141407908857e+00
-1.888356458298264329e+01 3.573269992921514482e-01 -3.218502740169023824e+00
-1.940819495991719634e+01 3.287600877724030646e-01 1.753249742751384233e+00
-1.948397304691999565e+01 2.442328282465666689e-01 -8.054402526660808803e-01
-1.905436140135665468e+01 9.681522089010701215e-01 -6.469881947906479525e-01
-1.914713978295446140e+01 5.422062790774325736e-01 1.470980405337227737e+00
-1.911320604946756063e+01 5.950971109567377848e-01 6.037590915434147831e-01
-1.908723630847805453e+01 9.189857821540226013e-01 3.700750862384033724e+00
-1.945153787892162001e+01 4.456303000847103984e-02 -4.453423921340339930e+00
-1.889063941342585551e+01 9.978542444953367729e-01 3.398095583697028133e+00
-1.973312261223779274e+01 4.654537832622224897e-02 -3.341471643331678010e+00
-1.929267433862715819e+01 3.776559890649605622e-01 8.036141018776863376e-01
-1.928010148623035391e+01 2.102908263759477037e-01 -1.470009207582732458e+00
-1.922871623840235245e+01 6.052562987387654081e-01 2.611483573497396904e+00
-1.903685395428928828e+01 6.322556248186528283e-01 2.294154002046996155e+00
-1.932569640801373012e+01 2.703481292987445772e-01 -1.692511101951481578e-01
-1.978906684502368662e+01 4.614570216616735721e-01 -7.281147688399247642e+00
-1.935195408893963886e+01 2.145112056921945065e-01 -7.441009249533863112e-01
-1.939059528440236591e+01 9.278400545758476170e-01 5.052614597795368923e+00
-1.923472066565748051e+01 2.903496784538933118e-01 -1.062767618408882342e+00
-1.959867785363883996e+01 1.307977537127539003e-01 6.912104989965950352e-01
-1.941549207659902621e+01 1.164386216117274109e-01 -2.507178450330826536e+00
-1.942797781740035390e+01 8.647559067489102302e-02 -2.849158904414599291e+00
-1.954362201135588606e+01 3.309985940113872038e-01 -6.598972149564730216e-02
-1.832738894361848025e+01 3.668765125977806463e-01 -3.454869636956150458e+00
-1.830008759421792774e+01 5.879164291119691743e-01 -3.839041616680063385e+00
-1.922832216181000220e+01 4.980225305958221327e-01 1.880480332086813533e+00
-1.920357791106081535e+01 5.321364981250381598e-01 2.054815284977497214e+00
-1.928914948383776817e+01 3.054977812337748566e-01 -3.936548921788762812e-02
-1.929083090431917924e+01 3.039014921701668759e-01 -2.047596106748628131e-02
-1.888285737986479518e+01 1.402876542744748711e-01 2.231549477076839594e+00
-1.929938277807138647e+01 2.914347605356457649e-01 -1.041506801955449646e-01
-1.929189230363127550e+01 3.049317113152517633e-01 1.515479059192692546e-02
-1.928049244440003562e+01 3.499008846326908118e-01 5.304069506635880060e-01
-1.911905609660795946e+01 7.236138559028051365e-01 2.597114255679510819e+00
-1.923396039054329876e+01 6.719114660907554715e-01 3.105423205807225528e+00
-1.927548580690584501e+01 1.777380857614788146e-01 1.970252655856238988e+00
-1.934791661612543123e+01 2.241419322802216951e-01 -9.309444666566069060e-01
-1.929152721310623519e+01 3.123682978645979658e-01 8.655896530631679298e-02
-1.932328486377821619e+01 2.539090573026667186e-01 -3.671057259869829892e-01
-1.935066874333596942e+01 3.422298273912149358e-01 1.029732111731098243e+00
-1.928686503136249186e+01 3.177960432516341860e-01 1.269908716144350080e-01
-1.924661600336420264e+01 4.767993096892267357e-01 1.554175851308029266e+00
-1.898803652068583148e+01 6.349978234925514053e-01 -8.516907602544334210e+00
-1.914787844422130547e+01 9.468475146735354508e-01 4.861551294977232374e+00
-1.911221821033581136e+01 9.327195895793360947e-01 3.845935211066201731e+00
-1.891895006456837436e+01 6.971906912340648521e-01 -1.927404115351247782e-01
-1.929013309884255278e+01 3.140855835440872768e-01 8.297558905477941948e-02
-1.929851863282403457e+01 3.111770810322800340e-01 8.589557439259287719e-02
-1.930068191218165197e+01 3.093562852283846532e-01 1.057695372102713804e-01
-1.929867230031125303e+01 3.030951714706102140e-01 9.328723903832880637e-03
-1.916851091396893025e+01 8.135087893493221367e-01 3.952605960518329908e+00
-1.929626664770767164e+01 3.123551944074192677e-01 1.217944509044244228e-01
-1.918403346322885028e+01 5.290269381411897287e-01 2.604532932803968137e+00
-1.939550571151220737e+01 1.102912918079230753e-01 -2.307278126827016607e+00
-1.908547782786823177e+01 8.137901911296265833e-01 2.262050139840178886e+00
-1.929320950966539527e+01 4.410273637254541468e-01 1.104607338914078696e+00
-1.929717767933778561e+01 3.037016611103034447e-01 2.013243034712886015e-02
-1.929150351282791931e+01 8.935198311069076915e-01 5.621291169106928720e+00
-1.929842971604980306e+01 3.038096909630220721e-01 3.441693168162807126e-02
-1.929800331792873891e+01 3.035708202852931969e-01 3.118211803683479388e-02
-1.931025129870326040e+01 2.847310473314205170e-01 -1.075827856828723839e-01
-1.930386374630477064e+01 2.837050679460929592e-01 -1.977900454959691245e-01
-1.930266079595604367e+01 2.807430168680721261e-01 -2.411166731267826435e-01
-1.927543080255335184e+01 3.424153261658861580e-01 2.978009083701476101e-01
-1.927835721039210881e+01 3.634873340190665769e-01 5.128295574147241354e-01
-1.927874981293654955e+01 3.451118484815230425e-01 3.569095912774251644e-01
-1.930069276726913330e+01 3.021193980444503713e-01 3.506958972033658029e-02
-1.929957557659015066e+01 3.220393233349166384e-01 2.510558806225446915e-01
-1.882014247703387610e+01 3.022248532708848301e-01 -4.859522237066464356e+00
-1.930002784805260418e+01 3.123485456138317962e-01 1.711539845384084657e-01
-1.918969380790959534e+01 6.220384108048091498e-01 2.274375493130458281e+00
-1.891988661584418452e+01 9.084328228579778841e-01 1.664816516631082877e+00
-1.929789272880171680e+01 3.084483339962501569e-01 1.197380537897778652e-01
-1.929630979657974521e+01 3.109630837909460599e-01 1.138457961148304776e-01
-1.929765764931140737e+01 3.030262371939474453e-01 2.062609884050026210e-02
-1.930959356171483776e+01 2.802496649897748271e-01 -1.813660634864984189e-01
-1.929864442559414073e+01 3.025855888757548739e-01 1.990602035859723173e-02
-1.931096480848780672e+01 2.687332540485234400e-01 -3.512764321938242063e-01
-1.929869020397109480e+01 3.022389104089799883e-01 1.796875494625815861e-02
-1.920060236447098490e+01 7.982769291271853973e-01 3.407962631401836973e+00
-1.893482520111293965e+01 3.874728204698015821e-01 -1.334326217818233573e+00
-1.929885150577256780e+01 3.030426452762611800e-01 3.152902169286697642e-02
-1.935069500364264883e+01 2.740575902778415174e-02 -6.889791231026273444e+00
-1.933223315030277334e+01 2.334918909605716575e-01 -5.544914428475458124e-01
-1.941456063255015607e+01 6.890617444582529394e-02 -4.091191988489393694e+00
-1.928944370613624315e+01 2.156116776279828062e-01 -1.317102437410127891e+00
-1.931245566068739805e+01 2.760190742139191911e-01 -2.367632409980107155e-01
-1.926030393798054163e+01 1.023803249769687784e-02 -7.866954992102139776e+00
-1.930192332552413959e+01 2.810760202031418187e-01 -2.322936070646210993e-01
-1.930881167853965863e+01 2.857311260338492587e-01 -1.125773040663631264e-01
-1.956085651377490464e+01 2.254843398650403230e-01 6.753985273600910944e+00
-1.906870927215670619e+01 2.394749943999424924e-01 -5.632914488939983144e+00
-1.929191067509207613e+01 3.932762442001645486e-01 1.094262077227675434e+00
-1.925974447954796176e+01 2.723488581429064359e-01 -7.669841725775281560e-01
-1.921346510087090920e+01 5.341536710610086391e-01 1.517198536882411020e+00
-1.930288074333089554e+01 2.791279083612973055e-01 -2.679877992531238817e-01
-1.959806719096803462e+01 8.662348552015254610e-02 4.411585779198720303e+00
-1.923558980141608643e+01 3.058430096451612568e-01 -2.005231133697762402e-01
-1.930852245500401665e+01 2.935833296923174296e-01 -4.713783503754420678e-02
-1.931096955663565495e+01 2.750014421896419536e-01 -2.159710809498172068e-01
-1.930809395062810907e+01 2.892349206324612010e-01 -7.170457775107408338e-02
-1.929991047249252034e+01 2.995895247651503279e-01 -5.570463362966293630e-03
-1.930876802643073020e+01 2.864977848467127330e-01 -1.197104980312122535e-01
-1.930767964029797312e+01 2.854358342994853248e-01 -1.248043182149523034e-01
-1.930280501524759629e+01 2.940008820499020459e-01 -6.301565485475357775e-02
-1.930558851395353415e+01 2.905985616000053007e-01 -9.974388251492705137e-02
-1.930035012386557369e+01 2.994569209303808988e-01 -5.007893741279190181e-03
-1.930739386126658275e+01 2.911602930524073707e-01 -8.460835770620178664e-03
-1.890802426810244086e+01 9.551251485567369137e-02 -9.914429444383085155e+00
-1.929978029141931373e+01 2.991524011953370921e-01 -1.205516231208392242e-02
-1.930211210556396750e+01 2.939987238521887813e-01 -5.998859726242677937e-02
-1.930826603276889486e+01 2.879603858152067208e-01 -5.518291826187038396e-02
-1.930070465422197401e+01 2.998888736029426960e-01 1.849347019481584198e-03
-1.929977536436625485e+01 2.996020199223619063e-01 -7.594815239997387835e-03
-1.929976917563690719e+01 2.997329870019377895e-01 -4.504221730689650371e-03
-1.929166353412115953e+01 3.283539679732008221e-01 2.683261320717971188e-01
-1.926337946011574331e+01 3.866290583244678669e-01 8.580214143225237677e-01
-1.929304991379495959e+01 3.221925981874524392e-01 2.482538379649028570e-01
-1.929150212224814709e+01 3.216037728886335656e-01 1.746713382171947160e-01
-1.930048135240144447e+01 2.973533364005690460e-01 -2.663750895136729469e-02
-1.904873049725942025e+01 7.362801486687922115e-01 1.805526611916103974e+00
-1.927595176448815550e+01 3.239579766514990022e-01 2.031985355723300302e-01
-1.950037158703164408e+01 5.643982595682642267e-02 -2.186437051772449180e+00
-1.884358271867240830e+01 6.803259091691749028e-01 -9.810084577830835428e-03
-1.930011662685199525e+01 2.995658290138275004e-01 -4.726427923831266753e-03
-1.929997126338486879e+01 3.003303144534224534e-01 3.648393423466345098e-03
-1.930066663073074906e+01 2.980954539027971251e-01 -1.919670887645708035e-02
-1.930077689440350852e+01 2.991471560779888073e-01 -5.312708122497511454e-03
-1.930071274990393704e+01 2.990225302904042648e-01 -6.945028692390664560e-03
-1.930459292770723323e+01 2.907029742457211130e-01 -7.979687156448278529e-02
-1.930050543457673484e+01 2.982157623772512811e-01 -1.736266608639702724e-02
-1.929468366687726899e+01 3.135242026300667506e-01 1.281138383325135521e-01
-1.930047809478277188e+01 2.991660163242322312e-01 -6.680560359175302665e-03
-1.930575431131109099e+01 2.903406331609513225e-01 -7.598362931678082077e-02
-1.930048395245124837e+01 3.001308940350431165e-01 4.329689529452451779e-03
-1.930038749910716689e+01 3.006394845912062630e-01 8.635963241871991158e-03
-1.930016417693462216e+01 2.996039243459228119e-01 -3.395487407237496313e-03
-1.929987477883341995e+01 3.005986566739467514e-01 6.290082028442611772e-03
-1.929477058162526504e+01 3.192901590144862078e-01 1.924796836427606905e-01
-1.929105476451993439e+01 3.199979403670221711e-01 1.764447008932510386e-01
-1.929969913321421515e+01 3.005288740382806023e-01 3.888767326758468812e-03
-1.930075139658510608e+01 2.982665355454492406e-01 -1.705649108374629463e-02
-1.923733066999466601e+01 3.222274112038377991e-01 -7.866789877825048904e-01
-1.930064435219081886e+01 2.984925074692057478e-01 -1.675156401130628581e-02
-1.928264669746243598e+01 3.386927427095595133e-01 2.941513256516401498e-01
-1.925628058018126154e+01 3.461246187044262901e-01 3.267263757853786643e-01
-1.926261753209971417e+01 5.040576644489228597e-01 1.883054183899441014e+00
-1.951689577480915716e+01 6.473795821071943735e-01 5.745074393195743312e+00
-1.930015646613053448e+01 2.996674386717242955e-01 -2.686381393084857905e-03
-1.930013506229776610e+01 2.995891455202819853e-01 -3.596856306190332475e-03
-1.929976737367536543e+01 2.996634277098907950e-01 -5.295076671485432485e-03
-1.929997907010273295e+01 2.991968588347084235e-01 -1.273871622865740960e-02
-1.915126272667987806e+01 7.167150897793971298e-01 2.852660271292787542e+00
-1.920279995307272713e+01 5.187206313852122941e-01 1.660621267590402184e+00
-1.930012890313857454e+01 2.996376637778035423e-01 -3.239573550702701255e-03
-1.930014867153185776e+01 2.995752527200562509e-01 -4.051572956843330076e-03
-1.880207920806988398e+01 7.433733586307982311e-01 9.102975472712802940e+00
-1.903089174380901838e+01 5.120265654113681508e-01 6.518526649036221698e+00
-1.930016161894246807e+01 2.996043952364953467e-01 -3.614292260786911015e-03
-1.930015185291129853e+01 2.996215141726858988e-01 -3.688813897110065909e-03
-1.930018137071030182e+01 2.995619360324717206e-01 -4.013645085997552542e-03
-1.917354265555283988e+01 9.428074474110120784e-01 4.947236464327442462e+00
-1.886021619208125344e+01 9.916816989364096724e-01 1.505953737329068787e+00
-1.930019123800959235e+01 2.995700557534833885e-01 -3.777538515173262113e-03
-1.930015160732450852e+01 2.996144484536807928e-01 -3.613123978428944838e-03
-1.930028436421155646e+01 2.994732021089371310e-01 -4.149482080819666407e-03
-1.935669693663763624e+01 1.563600676180569304e-01 -1.978618532406164476e+00
-1.942045870358335691e+01 2.637896149292835446e-01 -8.472887547490177695e-01
-1.936739861530360685e+01 9.284515640103871426e-02 -3.699885098522316618e+00
-1.928878558183892267e+01 3.304825155842756601e-01 2.997647408123871315e-01
-1.930032315074977589e+01 2.995441201429175915e-01 -3.123375432057429180e-03
-1.929529648535000774e+01 3.219875306960297001e-01 2.708146143760288282e-01
-1.930055782561444033e+01 3.002233596145074124e-01 9.757009210723310844e-03
-1.930071205733947792e+01 2.994935469408093187e-01 -4.151052521038423038e-03
-1.929984839785512918e+01 3.006544918717061199e-01 8.492295744279232395e-03
-1.896626293621775972e+01 7.925569330702222359e-01 7.449238512665758094e+00
-1.928399000093950733e+01 8.544126831596983163e-01 5.455305643855627551e+00
-1.929999216615238566e+01 2.992010939723924734e-01 -7.467461183159329607e-03
-1.929912900323764902e+01 3.004291711211802829e-01 -8.361257877902872337e-03
-1.929078080994223043e+01 3.170421260805615371e-01 1.537437636816658681e-01
-1.929939372828249233e+01 3.020017515514481499e-01 2.293809178883421396e-02
-1.930275632272482511e+01 2.924977523896159504e-01 -4.498999491411659335e-02
-1.924902219268503600e+01 4.438571990882441698e-01 1.299685834582200883e+00
-1.929615347840848827e+01 3.198657038413125209e-01 2.363738936322370421e-01
-1.929291990347761754e+01 3.237511689164305206e-01 2.213403458744807040e-01
-1.931207777924078073e+01 4.418205374650967521e-01 1.506835377688819477e+00
-1.930118481321279233e+01 2.981798124580257170e-01 -1.660049193516499599e-02
-1.929960742123210693e+01 3.005465388074433086e-01 4.562414614861509676e-03
-1.929956061903718734e+01 3.019577410839164311e-01 3.374298294554733957e-02
-1.930076973763609871e+01 2.971232689919043324e-01 -2.933959494546911628e-02
-1.928353009602647461e+01 3.083864524548995956e-01 -7.229882775936680162e-02
-1.930148074173297346e+01 2.969324231977507611e-01 -2.705192785098198271e-02
-1.929813877737233696e+01 3.030584271934343987e-01 2.636315706064706887e-02
-1.929942516725943591e+01 3.009971711341517531e-01 7.989552537370769869e-03
-1.929966450374436349e+01 3.007706538124551576e-01 7.818291738832527926e-03
-1.929998400839293637e+01 3.007996835489274989e-01 9.800764145087015322e-03
-1.930195507032006219e+01 2.994069088676133417e-01 -2.316293515284861826e-02
-1.929788842487134204e+01 2.991900155971729536e-01 -1.265911396554209034e-02
-1.924325484834918498e+01 5.129865824478445635e-01 2.011341777900350181e+00
-1.930067136054890753e+01 2.989410766195839675e-01 -7.889035584183190508e-03
-1.923896390948373281e+01 5.208523161043749905e-01 1.859583924864413262e+00
-1.927797939576110053e+01 4.161224620240235317e-01 1.242669121778760655e+00
-1.929876249609192485e+01 3.006699479160816479e-01 -5.360066673468111276e-03
-1.930135171337355260e+01 2.967441859784535341e-01 -2.630297932483571799e-02
-1.930022629197495476e+01 2.995439285358731940e-01 -3.985988554283892427e-03
-1.922097214413448540e+01 4.660930622290477277e-01 3.722748399260549235e-01
-1.930733083637363023e+01 2.903459980471106427e-01 -4.744135580062369684e-02
-1.930021683068746441e+01 2.995394946409272730e-01 -3.921284235278932329e-03
-1.927601779183353869e+01 3.537501139170992626e-01 4.346471996305965035e-01
-1.943083838738051128e+01 1.833064040598686439e-01 -4.856217598335632601e-01
-1.929985675110254917e+01 3.002810196545402932e-01 2.566343447199415095e-03
-1.929986012648405236e+01 3.002824229962416935e-01 2.495629143158595298e-03
-1.929990075629559243e+01 3.002976710009729322e-01 3.102782499322387366e-03
-1.922021727708062855e+01 8.377242102369896193e-01 3.683422909912035692e+00
-1.924885828577363966e+01 2.473243252155052363e-01 -1.037078406540114628e+00
-1.926853188210014167e+01 7.863807381160896615e-01 4.790748071365815264e+00
-1.929992235416444757e+01 3.002809896165714032e-01 3.122815354721808490e-03
-1.929991764243719032e+01 3.002662175024124469e-01 3.123479620784408439e-03
-1.930049715227128715e+01 2.946578884147746380e-01 -5.661682723867755840e-02
-1.930012690198873315e+01 2.996266385724901116e-01 -3.571002344493479086e-03
-1.929995654183936438e+01 3.002526551927563458e-01 4.712892341885321912e-03
-1.930013512137186282e+01 3.001931870321022933e-01 6.890896547199432121e-03
-1.914479845494631860e+01 6.706070090313313026e-01 1.923363213228091340e+00
-1.925912334966351480e+01 3.627943492515230406e-01 5.608569733310968530e-01
-1.930005001076062854e+01 3.005620582451827838e-01 6.985993958089409261e-03
-1.931615704976058012e+01 2.665981876963530173e-01 -3.184213135685833862e-01
-1.929964166107177093e+01 3.005385977515721008e-01 4.050772454448292592e-03
-1.930111038201162543e+01 2.981662471668380943e-01 -1.624032261368846264e-02
-1.930079109750877819e+01 2.982151192888170543e-01 -1.534708492476966057e-02
-1.930012716675730289e+01 2.996046493780277209e-01 -3.704036688873202365e-03
-1.924352521422078865e+01 2.533856255434559501e-01 -4.982454610443980414e-01
-1.893313178402926411e+01 3.782066000444092579e-01 -2.742388587798714639e+00
-1.935785629100004712e+01 3.017322626697919730e-01 1.111028397542265012e+00
-1.928493845781267879e+01 3.476042489063906338e-01 4.555829892394900327e-01
-1.929916325774400576e+01 2.949118712882707327e-01 -6.892617669218381593e-02
-1.924070063514971451e+01 4.641267043712258289e-01 1.357789894516415075e+00
-1.926005677899535939e+01 8.719004521493580739e-01 3.711249542738846330e+00
-1.928598285354327047e+01 3.430419506167151078e-01 5.571639310552267688e-01
-1.929963401008382462e+01 2.973998370779052935e-01 -3.270549395992716768e-02
-1.930076446462462769e+01 2.974511299601735881e-01 -3.411190492716720257e-02
-1.930000170882754418e+01 3.000616330941311971e-01 6.893237371343730047e-04
-1.930013731735257920e+01 2.994754587397951973e-01 -5.553451403290665667e-03
-1.930145981381194176e+01 2.965624869304268607e-01 -3.317531207619417444e-02
-1.930023926286744640e+01 2.994432787207650937e-01 -4.985463669564538236e-03
-1.929999973751494835e+01 3.000421148393760951e-01 7.265616831872989678e-04
-1.930038641643074726e+01 2.984453080042259177e-01 -2.010332386224789047e-02
-1.930005272789883008e+01 2.994438272950207813e-01 -1.887439813975433367e-03
-1.926486679827419124e+01 3.507907940546146075e-01 3.570502782782511986e-01
-1.929991844436088400e+01 2.996038309811210887e-01 -7.623097062161576787e-03
-1.931330822153246984e+01 2.776621010822404312e-01 -1.636712612366562070e-01
-1.928222531260047745e+01 3.447516913280639361e-01 4.177668823901701245e-01
-1.929938731566301868e+01 3.027418697912502288e-01 3.109818686226084594e-02
-1.930317768761413788e+01 2.928841733872864506e-01 -6.673025866631654424e-02
-1.930058692865191006e+01 2.895468084685428600e-01 -1.247416987812712819e-01
-1.933656232544165476e+01 3.272089058324602617e-01 9.273254614751937908e-01
-1.929886725080924847e+01 3.020029586915690678e-01 1.763367784065117405e-02
-1.930239001543805344e+01 2.929283395650263411e-01 -8.809851525301581887e-02
-1.930221653982433594e+01 2.928189972357577164e-01 -7.961865701656911654e-02
-1.930374310517032654e+01 2.868472192615152960e-01 -1.415940029525906141e-01
-1.929955386005887519e+01 3.008985276335450765e-01 7.261470591231500293e-03
-1.898998224208186869e+01 3.985375341297222596e-01 1.058348622197886613e-01
-1.930007949099606179e+01 2.996611221942437342e-01 -3.632367457859331239e-03
-1.917691586484881583e+01 9.319620696248328562e-01 4.640893747029892324e+00
-1.943191374142698535e+01 2.698693481801734961e-01 1.836807307644011900e+00
-1.930004977502733254e+01 2.995975103117119454e-01 -4.340182844265072504e-03
-1.929974992225249508e+01 3.004145084183035830e-01 2.595628205076749850e-03
-1.926091411028756539e+01 8.862037222605669839e-01 3.777105521643026265e+00
-1.930016929637308820e+01 2.995705225309407971e-01 -3.688143384515285561e-03
-1.932469963419873338e+01 7.007587086856439385e-01 9.337987235420818877e+00
-1.934045983464700313e+01 6.998786716841269850e-01 4.992105292429087626e+00
-1.930015418712550712e+01 2.996125405235138262e-01 -3.483870998616467318e-03
-1.920921079754337413e+01 4.667990903778129197e-01 9.766117443231063788e-01
-1.922115425318013848e+01 4.559168141380090522e-01 9.162124435365743835e-01
-1.920421075971373881e+01 4.939506466250812577e-01 1.494047158977265255e+00
-1.929991406597276438e+01 3.006049900123711205e-01 8.115218278996749746e-03
-1.930000229208450335e+01 3.003468120694743337e-01 3.339188950571170267e-03
-1.935349664157009641e+01 1.641950974659911466e-01 -3.188623776832175238e+00
-1.930061851277159946e+01 3.002905132655392939e-01 1.426251453780302825e-02
-1.839982370775062037e+01 8.050828744786170388e-01 -8.587502411221040077e+00
-1.919872744485470406e+01 4.536700141290826022e-02 -7.602538937246606565e+00
-1.929960456236473476e+01 3.016127361555186459e-01 1.689671541021020573e-02
-1.936635213065438421e+01 1.288055183824648176e-01 -1.883352688484160709e+00
-1.930003029862406549e+01 2.997100717810749493e-01 -1.890411767302424551e-04
-1.930015741678546703e+01 2.997145922610078284e-01 -2.082200373344278432e-03
-1.923814888890082031e+01 4.106777406866229940e-01 7.555113776702508943e-01
-1.928780448252544133e+01 3.120620951977076674e-01 5.019302000302161559e-02
-1.917223146230464792e+01 6.586526521033310155e-01 2.670212570341231384e+00
-1.928839536259110687e+01 3.225204928812548388e-01 1.802184107656135126e-01
-1.808070295076334943e+01 1.958439951054783412e-01 4.513949828664269859e+00
-1.928982138290360382e+01 3.174877776815543950e-01 1.075505401179412956e-01
-1.929998505235083073e+01 2.992545570470376282e-01 -1.139028731425639762e-02
-1.929936827188438642e+01 3.019590725411077092e-01 2.104736205462565124e-02
-1.924802909813060126e+01 4.213202879247153754e-01 1.071384528729923957e+00
-1.930021547154422024e+01 2.993535910493599350e-01 -7.453488655935203155e-03
-1.929930731422345858e+01 3.025604605298097272e-01 3.569528680120015451e-02
-1.839409816593138913e+01 6.816127970781172829e-01 -9.111499091789205806e+00
-1.982358974954986763e+01 1.641610204043074950e-01 2.504993045136968632e+00
-1.930716531368987177e+01 3.853421800467186631e-01 1.247965739293910303e+00
-1.918285306066587736e+01 2.381950742305104785e-01 -3.196184006607541761e+00
-1.932074326612145398e+01 4.232858313389314953e-01 1.121168772128187996e+00
-1.931245353430845668e+01 2.484077945218483019e-01 -6.126160207830171345e-01
-1.930059389537234438e+01 2.994286676897983668e-01 -1.521929216924178263e-03
-1.929968738801155226e+01 3.017839293366477160e-01 1.794891488763461496e-02
-1.918671448903333498e+01 4.768383785982880929e-01 9.121315555425368871e-01
-1.919346222785793898e+01 2.809562491713676335e-01 -7.529934155312929533e-01
-1.959793430605952480e+01 3.926584067753373652e-01 4.562992219610597644e+00
-1.929860529079009979e+01 3.112212281416826820e-01 1.417618191624576696e-01
-1.929776504252058089e+01 3.104141168221218883e-01 1.080654939328216102e-01
-1.920225113579567022e+01 5.538860147817734614e-01 1.810496821795162248e+00
-1.930578690029403077e+01 2.898529698849908187e-01 -8.662146218122046548e-02
-1.929604866791290618e+01 3.140487774883007899e-01 1.198359328782974131e-01
-1.928650853600312942e+01 3.215627375372016039e-01 1.064442013711150992e-01
-1.972065111949858363e+01 1.412441363303971187e-01 5.919178073786625305e+00
-1.929753818329222170e+01 3.081576120797463458e-01 9.309304094494130766e-02
-1.927165609946172964e+01 4.093777999475603502e-01 1.255595993485709272e+00
-1.948577297983976919e+01 4.313895889608410777e-02 -3.939084409220972915e+00
-1.930036368293739457e+01 2.998449106879483850e-01 1.124529939641405463e-03
-1.883763458465562479e+01 9.403944848070546758e-01 1.042525543214779304e+00
-1.929521983702951005e+01 3.132209390291363360e-01 1.067500417169373605e-01
-1.929490695792963351e+01 3.108135462756309031e-01 8.614171375592505342e-02
-1.945016802557503155e+01 2.589239848060894550e-02 -6.234357522984942612e+00
-1.929865744433507047e+01 3.046265728130900796e-01 4.724403908480567793e-02
-1.929349162564975373e+01 3.205123487872685306e-01 2.111536097607462636e-01
-1.927482533297965261e+01 3.867755606564818316e-01 8.601815114520245942e-01
-1.924652785348179052e+01 2.990540977380427567e-01 8.850510034153451500e-01
-1.929572247972702925e+01 3.220055011551484769e-01 1.763038841124338063e-01
-1.920075627449011080e+01 4.172367408647503773e-01 3.647013035105040046e-02
-1.929587115811487763e+01 3.087159276974811295e-01 8.151189248818724309e-02
-1.917961863937635059e+01 4.373768253580723742e-01 5.972711948516895575e-01
-1.930009039681907268e+01 2.999012394155878281e-01 -3.816854549505421801e-04
-1.930282025138770763e+01 3.030025376616823918e-01 6.397803931581336201e-02
-1.930504588485827711e+01 3.018592638225439662e-01 7.481293272826050611e-02
-1.929991583835090907e+01 3.029543192012500441e-01 4.086867873859034717e-02
-1.864037082038494120e+01 2.903719985058727526e-01 -5.162912486025776460e+00
-1.929951035578212171e+01 3.029893214617687125e-01 3.560077273588468927e-02
-1.930012001372174169e+01 2.998724186970664340e-01 -3.230394019038129727e-04
-1.922369967091184861e+01 5.522748396416499173e-01 2.631138965282563191e+00
-1.938645217100066986e+01 6.327469746991570831e-01 3.469263035594416067e+00
-1.929889786236670091e+01 3.026811468817319217e-01 2.635315578167407580e-02
-1.930002948515341288e+01 2.998615887182222717e-01 -1.312436374615089107e-03
-1.930002916738150276e+01 2.998588827437275728e-01 -1.528212508556947569e-03
-1.930002057503691049e+01 2.998619229605472558e-01 -1.456822752633257778e-03
-1.930014076857751704e+01 2.998560114012336908e-01 -5.616190330233195027e-04
-1.929403579826298909e+01 3.105382470906166703e-01 5.299429561957502699e-02
-1.929942689126701438e+01 3.021574649489497388e-01 2.361798445404161839e-02
-1.929922855131623649e+01 3.021766186446337432e-01 2.200854406934027452e-02
-1.929994566532171518e+01 2.999672771398716464e-01 -6.999013489075167627e-04
-1.936228496194856064e+01 4.251210824807031274e-01 1.666972253033225826e+00
-1.929611671784322269e+01 3.022932700837493991e-01 -4.007854621063877687e-02
-1.929977225203159463e+01 2.999060209255762777e-01 -2.552351482499659596e-03
-1.924695426761861583e+01 5.496011150837789572e-01 2.149542805944280488e+00
-1.930013967782507578e+01 3.010813039065294294e-01 1.755011698664787900e-02
-1.932306600526854012e+01 2.998117134066703993e-01 2.233403511401252928e-01
-1.929634469950875797e+01 2.988852368225251022e-01 2.188505109896485834e-01
-1.976268389764025457e+01 1.766806710623569643e-03 -5.459111719904492510e+00
-1.929898343821330542e+01 3.034736796899775713e-01 3.809414471623462362e-02
-1.930008276689519064e+01 2.999570416947124341e-01 2.494113580109313943e-04
-1.929933067865430019e+01 3.022039803732188279e-01 2.249241259583989461e-02
-1.928520224428020668e+01 4.684157364069994611e-01 1.842131132998893861e+00
-1.930002115617308789e+01 2.999899055170158202e-01 4.059602802435335889e-04
-1.929936296470618373e+01 3.021543981325422457e-01 2.299436470026172685e-02
-1.929943164727450977e+01 3.020774879756810138e-01 2.088319186463216681e-02
-1.930649036223658754e+01 2.709655872670888033e-01 -3.093980818477692907e-01
-1.930592661364455509e+01 2.768156115251818594e-01 -2.522760849922054405e-01
-1.931580428166870433e+01 2.804004569502250854e-01 -1.102788841460515812e-01
-1.931940065297335352e+01 2.777493655538070816e-01 -1.701099182077498995e-01
-1.930007538718831128e+01 3.000305137760319596e-01 2.221306164438274777e-03
-1.929927959556363959e+01 3.016931380873374424e-01 1.655841924489109829e-02
-1.929937093557839489e+01 3.015938712648309483e-01 1.625342062452084235e-02
-1.931152340846096394e+01 2.863395244171466625e-01 -1.036056660623305703e-01
-1.930005197254402205e+01 2.999149980583345476e-01 -2.512369119997970301e-04
-1.930870918351917354e+01 2.864291124258172561e-01 -1.089152889909748012e-01
-1.929991909363768698e+01 2.999195381125561721e-01 -9.173125799133430291e-04
-1.929985232256560934e+01 2.999799811465673205e-01 -7.648324821474261626e-04
-1.929999099405052831e+01 3.000507891856515341e-01 2.938787366257855638e-04
-1.930076794053137590e+01 3.017410131013401053e-01 3.285834314813662616e-02
-1.909340050262761324e+01 1.892324801682159219e-01 -3.565745884337266247e+00
-1.928979788074852308e+01 2.940897715811190416e-01 -1.962593677057427044e-01
-1.930161857687788896e+01 2.925555375148036763e-01 -7.180043198208174715e-02
-1.929999763671514756e+01 3.001298171791779157e-01 1.897157879712452200e-03
-1.938858989058288884e+01 1.484837394396652799e-01 -1.967570572369018223e+00
-1.939541768373141650e+01 1.747106054992245139e-01 -1.418985589418598536e+00
-1.929933527591970233e+01 3.014998296502041097e-01 1.233719192460291936e-02
-1.929946982701493496e+01 3.012972619453889167e-01 1.247772900316590494e-02
-1.929956277036353995e+01 3.012269767396107412e-01 1.213249523516246597e-02
-1.929954490581792470e+01 3.016748264457502771e-01 1.788247914628193769e-02
-1.928469989115731309e+01 3.899674853925631512e-01 1.009358324989809930e+00
-1.929997536446960282e+01 3.003408828014911269e-01 4.082955225195306070e-03
-1.929937531279593443e+01 3.012704942332119495e-01 9.983607409370875985e-03
-1.929991648826679196e+01 3.003090136710123148e-01 3.819583879256072123e-03
-1.929996488835761070e+01 3.003102244147614619e-01 3.523318392758767459e-03
-1.929409086588959354e+01 2.924560705825769991e-01 -1.493670851506347930e-01
-1.929771282584942327e+01 3.025695923467262016e-01 1.253111349204161229e-02
-1.929790365914213979e+01 3.026089414538326028e-01 1.889830947682646922e-02
-1.929340726536451101e+01 3.011244148356474470e-01 -5.273820899109615823e-02
-1.918923446196228610e+01 9.777542905351666036e-02 -3.323188149703412364e+00
-1.929574092560660858e+01 3.044668796165801439e-01 1.455546795414974781e-02
-1.924190379056107503e+01 8.397985292842755634e-01 4.431827197035136834e+00
-1.911588140720850504e+01 6.554687934181903097e-01 1.614316088504100577e+00
-1.929932453389024261e+01 3.027169604704658123e-01 3.187769900845083271e-02
-1.929945962520256231e+01 3.030236137036629307e-01 2.936674383607495997e-02
-1.929992121010648276e+01 3.002220850397684937e-01 2.380428620229579906e-03
-1.904891073939102242e+01 5.908828721087910907e-01 1.902948270219546600e-01
-1.929993824705207217e+01 3.002423273945068471e-01 3.072887108285016211e-03
-1.880393005694759978e+01 9.380578802777760350e-01 9.625921591481603201e-01
-1.894452771371024724e+01 2.068748789664366372e-01 -4.298165078984863108e+00
-1.929539961339318666e+01 3.325286052688252725e-01 4.331746663223103866e-01
-1.930206882201709817e+01 3.126086443823785088e-01 2.583262318788470679e-01
-1.949701264392401256e+01 9.295169204534771135e-01 8.099534378008556246e+00
-1.929995923098339716e+01 3.002463359213748961e-01 3.297013968476036894e-03
-1.931027403030583756e+01 3.017353487677060797e-01 3.667902463134886659e-02
-1.924488822649583497e+01 4.600249536707295972e-01 1.003680924088651949e+00
-1.925618373561234620e+01 4.324934912694771150e-01 1.098103566346701143e+00
-1.930083305833134233e+01 3.002366225292653068e-01 2.497067364449989668e-02
-1.929376279098959657e+01 3.363547749963071154e-01 4.644436483411489291e-01
-1.930014387793811892e+01 3.000830432418397087e-01 3.180117234903079293e-03
-1.930004132256482308e+01 3.001009327966887574e-01 1.664871954973889956e-03
-1.930004338434034139e+01 3.000929156769396311e-01 1.721710564927647624e-03
-1.930131144104417018e+01 3.011779361487243456e-01 2.932060504365452402e-02
-1.930002304379423350e+01 3.000947101168737752e-01 1.418076645819610349e-03
-1.929769240184484502e+01 3.047264904019253984e-01 8.273848473172229490e-02
-1.930124859795546399e+01 7.692110780659664471e-01 -4.379094416490168840e+00
-1.928595897546036042e+01 3.221402910257754049e-01 1.044628429101379652e-01
-1.929996971664722238e+01 3.001149564316146212e-01 1.380291738902528209e-03
-1.928196676480352068e+01 3.178551043725062475e-01 1.178860646291237657e-01
-1.903483224139809238e+01 7.689990565514355225e-01 1.939125188967210534e+00
-1.945540678038058502e+01 6.216942964798780613e-01 4.358996941941935432e+00
-1.896991547484747898e+01 1.085661422487777528e-01 5.576272226301608015e+00
-1.929996606308869644e+01 3.000687637576647804e-01 8.907708355607724116e-04
-1.968284632177701710e+01 2.480802391134295792e-02 -7.555360500836636461e+00
-1.929555035230582050e+01 3.132232504273513851e-01 1.363649323167699379e-01
-1.925531203309167338e+01 6.542176117245762645e-01 2.052263380183168451e+00
-1.926156563186377468e+01 4.480331057911667858e-01 1.411267387749910895e+00
-1.922353448906655515e+01 4.492025409789641155e-01 1.271606263579709406e+00
-1.926419195675576645e+01 3.833388313988032037e-01 7.187338897643069657e-01
-1.929776579658889801e+01 3.087952998365799950e-01 9.140720760772680364e-02
-1.926382590749132362e+01 4.218292740018713682e-01 1.126468295933440444e+00
-1.929690350303907564e+01 3.078337718613468610e-01 7.385000800858776415e-02
-1.899997700630083486e+01 8.450595856418099405e-01 2.740334470395444200e+00
-1.929787065572076088e+01 3.072799917480625309e-01 7.310192655164549080e-02
-1.938350578555046511e+01 7.483000727904304261e-01 6.259115076591093896e+00
-1.840947094859304300e+01 8.688191921257591988e-01 -6.548949163994025824e+00
-1.935785250070464159e+01 5.795633268378908021e-01 2.914729341859167988e+00
-1.917470671007220773e+01 8.328636622616634178e-01 3.889385734037206888e+00
-1.930004179966967826e+01 3.000210181763768302e-01 1.567096802942202771e-03
-1.929874174650854712e+01 3.042081954961971535e-01 4.535459935152807986e-02
-1.913811199019877307e+01 8.641216333386179116e-01 3.698383578035318919e+00
-1.914557598671473571e+01 5.169615614555279626e-01 -4.067767001345135469e+00
-1.930169160900755188e+01 3.020051524564877354e-01 4.430886836045644372e-02
-1.952987162190143167e+01 2.531033095118808141e-01 -4.082312881626499745e-01
-1.929885782195629318e+01 3.039515134048627054e-01 5.781742697444158807e-02
-1.923321343551298312e+01 3.780123423257113480e-01 2.250115834599011322e-01
-1.925949489945745086e+01 3.768842191724957602e-01 5.770429609026415108e-01
-1.927162914169886676e+01 4.389805337154723541e-01 1.334492803634711677e+00
-1.927897341016341315e+01 3.479960970465170167e-01 3.816034111248445271e-01
-1.927464623850092451e+01 3.471923305249047242e-01 3.764061641836686789e-01
-1.930160508096926719e+01 2.962137807031978154e-01 -3.578296536560898744e-02
-1.927491463151581996e+01 3.570941311903523263e-01 4.980891815830030822e-01
-1.909247420782416782e+01 5.896574830206980922e-01 9.239150850508330848e-01
-1.922188376598888482e+01 5.578796093396259925e-01 2.017634356789132610e+00
-1.930151904970432497e+01 2.962386607067332145e-01 -3.621663313342970980e-02
-1.930006863470748257e+01 2.999526219626377221e-01 -5.736045874797923716e-04
-1.918411644900527335e+01 5.517102662075132891e-01 2.165395300632889430e+00
-1.928084386245865645e+01 3.342543003554813708e-01 2.924097209133904585e-01
-1.930001782596374582e+01 2.999885746141662257e-01 -2.963622080542904769e-05
-1.930118828680845766e+01 2.964811236715506060e-01 -3.625895045394678107e-02
-1.928859873149489701e+01 3.292737897983196715e-01 2.429199558531252023e-01
-1.930158736095236094e+01 2.963739715893700666e-01 -3.538561786161587008e-02
-1.930158148081153158e+01 2.961867762864757725e-01 -3.578870095703301502e-02
-1.953667319783370360e+01 4.336643906446944197e-01 4.136841852028725341e+00
-1.929133812436687734e+01 3.134135377792922617e-01 9.296589876979055589e-02
-1.930141929456729244e+01 2.961898836151683478e-01 -3.787427098335527376e-02
-1.930138173801152490e+01 2.962497864213608501e-01 -3.768989201319250526e-02
-1.930000357998093463e+01 3.000329133181223185e-01 1.198878757131538464e-03
-1.929336002211826084e+01 3.171037568054638212e-01 1.697089821192427905e-01
-1.929435897696488666e+01 3.172980298122811682e-01 1.760889541451344797e-01
-1.930123196149442322e+01 2.963539145457178003e-01 -3.543638125764481117e-02
-1.930142230588883123e+01 2.964709464747288248e-01 -3.423528128745267907e-02
-1.930020218121723374e+01 2.999879057691955397e-01 3.019141445541606572e-03
-1.929556132933534229e+01 3.138877789701419174e-01 1.485159762674310713e-01
-1.930147375801799825e+01 2.964672883351212596e-01 -3.369964051598728361e-02
-1.928009994978662078e+01 3.375420831016318624e-01 2.290722242913272311e-01
-1.930069338895224007e+01 2.966286026965098133e-01 -3.671626640631586724e-02
-1.930024966254978125e+01 2.995868723784090304e-01 -3.713308514869950727e-03
-1.930106221257861776e+01 2.967715732705028531e-01 -3.301179351842975507e-02
-1.934810121533380212e+01 1.509749870054451493e-01 -1.861051070630660220e+00
-1.929113504815247637e+01 3.348726775559041080e-01 3.106815324338061401e-01
-1.930019413135016393e+01 2.995389177083188637e-01 -3.881938813062646432e-03
-1.928876953230014024e+01 3.353943341561697600e-01 3.742048152211019385e-01
-1.929488662708952873e+01 3.314932919161150959e-01 3.811517407525624179e-01
-1.928582538089019138e+01 3.437064417732809130e-01 3.749825158572157591e-01
-1.930091911531541626e+01 2.969537870692809389e-01 -3.164050857209055323e-02
-1.904408393219237894e+01 9.800262713539047432e-01 4.645872018774642953e+00
-1.922094779696498890e+01 4.363169440647481356e-01 6.708525428417750902e-01
-1.949287772048710465e+01 7.292956018973586474e-01 5.484430135774537973e+00
-1.930993704786111209e+01 2.828689014244527566e-01 -1.244332521065114605e-01
-1.930643025449872496e+01 2.771142612759110446e-01 -3.502050841675341530e-01
-1.862055824822817129e+01 3.677317638823677237e-01 3.465269312098707033e+00
-1.930018387671642444e+01 2.994948745391560196e-01 -4.589893393584176806e-03
-1.921974931236891848e+01 5.578827597445086273e-01 1.661585810862646895e+00
-1.928816771922308959e+01 2.887881346254678738e-01 -2.154317695845691105e-01
-1.930007168851536647e+01 3.007768370809251191e-01 1.059607203470491754e-02
-1.930109561839900323e+01 2.969639777884720000e-01 -3.023381193913010634e-02
-1.929976379105532303e+01 3.007474402117079615e-01 7.661559110193394417e-03
-1.930031210825218935e+01 2.994896409253209879e-01 -4.271098779252469058e-03
-1.930039301980334798e+01 2.994523563723616721e-01 -4.827128052621532106e-03
-1.929972277502893263e+01 3.008391070948362445e-01 8.841967511752812925e-03
-1.929966628349106728e+01 3.008026195909499489e-01 7.923953845487829994e-03
-1.930069969541069597e+01 2.974129940274197748e-01 -2.720519377629493363e-02
-1.930103566731446207e+01 2.978639513664527727e-01 -2.090985832841596448e-02
-1.929913643180895733e+01 3.157901482692908046e-01 1.943198963714145577e-01
-1.929983344504521980e+01 3.008807839280267515e-01 1.090038329164499942e-02
-1.930088439598172201e+01 2.981035125018229315e-01 -1.764022838115941738e-02
-1.930089781161074214e+01 2.981381372834550625e-01 -1.630215278553492908e-02
-1.929229683985935395e+01 3.151714112920683819e-01 1.162507567618682458e-01
-1.929963996220213573e+01 3.008687286113535531e-01 8.546462430659929055e-03
-1.929460334025257850e+01 3.116999458742402140e-01 9.990688514485057681e-02
-1.929421851612476502e+01 3.118551394960675793e-01 1.081411210291705061e-01
-1.930129408702620708e+01 2.979630493008463832e-01 -1.098410972847041478e-02
-1.930099380717169666e+01 2.977182821915905775e-01 -1.732879845192591972e-02
-1.929498945504528962e+01 3.122666748624245425e-01 1.168225494888162075e-01
-1.929535268420931260e+01 3.122213785958252164e-01 1.237016700440438655e-01
-1.911294057935763391e+01 4.192966293775032272e-01 7.668531146689687716e-01
-1.930078223179615904e+01 2.977546498466470681e-01 -1.925745123901378975e-02
-1.929531810721210761e+01 3.125222198454800093e-01 1.174284639505422945e-01
-1.929544457628457010e+01 3.106886740623019949e-01 1.020908270056590794e-01
-1.930104800984831925e+01 2.986909954108747378e-01 -7.144224168225576932e-03
-1.929976269142801115e+01 3.010572707115913293e-01 1.241675750364734654e-02
-1.923381834281477865e+01 2.128092503708054473e-01 -1.871977980933332120e+00
-1.929995309509379453e+01 2.989225087609544418e-01 -1.488596266385755484e-02
-1.929970508038583432e+01 2.996150677893552050e-01 -5.090092231167631098e-03
-1.920199855923903343e+01 4.298103032278651203e-01 8.857031798060166494e-01
-1.930012374374719641e+01 3.011732525620676171e-01 1.708930388923590726e-02
-1.929951750630611684e+01 3.002626813062182487e-01 2.144035779744868364e-03
-1.920065952070995863e+01 5.514639559107198385e-01 2.022766605441095322e+00
-1.929978272764080671e+01 3.004924482642746808e-01 4.645508979054469023e-03
-1.929943908776312966e+01 3.010307402199701721e-01 7.257896366082761119e-03
-1.930185478420639811e+01 3.016320907043141819e-01 2.611940138485913110e-02
-1.929849638705233517e+01 4.480599232691458988e-01 1.872332029915558138e+00
-1.929981919206380425e+01 3.004850491686975045e-01 4.851940844245561379e-03
-1.930015866398633051e+01 2.996066382390445981e-01 -3.574386522947392564e-03
-1.930011467354190913e+01 2.996256890860342081e-01 -3.478587442362623960e-03
-1.930012028371223565e+01 2.996535373550208714e-01 -3.464633515500636918e-03
-1.930014695123889723e+01 2.996140335967407697e-01 -3.652852586606414320e-03
-1.929980433441754428e+01 3.004680965081815702e-01 4.793575203546396324e-03
-1.929987871424003743e+01 3.004630340974912550e-01 5.170073289043841669e-03
-1.929845683974436099e+01 3.017211941502234152e-01 1.341444386743084749e-02
-1.929866761281519416e+01 3.021396820154366725e-01 1.764386769948345091e-02
-1.929982314697848977e+01 3.004531019227479893e-01 5.743011877550330269e-03
-1.929982379329790376e+01 3.004831878130128642e-01 5.225245421977220417e-03
-1.929945168714176873e+01 3.017714874185982721e-01 1.877230644540972548e-02
-1.933487063813901230e+01 2.287341572223794695e-01 -7.142041908546765683e-01
-1.930023208209328089e+01 2.995619309352932080e-01 -3.728524215951267706e-03
-1.930021675267466819e+01 2.993465147401396798e-01 -6.459082737638510707e-03
-1.930018931056648057e+01 2.995583471806269049e-01 -3.983947833912537817e-03
-1.929993218152154455e+01 3.002380921058757091e-01 2.611734729265791088e-03
-1.931923989456458557e+01 2.399873875732419781e-01 -7.064482195913441842e-01
-1.930001339575315811e+01 3.009444780260604468e-01 1.368684468516434549e-02
-1.935005319062558016e+01 2.261685362751887085e-01 -6.047403672862685653e-01
-1.930005074559163702e+01 3.012233474610190309e-01 1.642757744321876601e-02
-1.930016783756735776e+01 2.995774235347555270e-01 -3.974618552366138147e-03
-1.929957014314708985e+01 3.015750237487935248e-01 1.751614262349754370e-02
-1.930032041686419930e+01 2.995425137055791054e-01 -2.542119081326177366e-03
-1.929985106600439337e+01 3.002777229478216792e-01 3.294390629523746838e-03
-1.930016687581900214e+01 2.995744740447542354e-01 -4.013355460529055563e-03
-1.930014137926881190e+01 2.997253129500532798e-01 -2.379507860736040925e-03
-1.930012537140789775e+01 2.997179481030307069e-01 -2.520545641472082821e-03
-1.913985658169727699e+01 8.441870582795417688e-01 3.676065491433996968e+00
-1.930014957767868822e+01 2.995952697571834245e-01 -3.873225871679153443e-03
-1.930014305420076326e+01 2.996158789124134803e-01 -3.921779875708963914e-03
-1.929994137791080888e+01 3.001795107141768115e-01 2.329494362669493057e-03
-1.930000960588182224e+01 3.001589127803167556e-01 2.194370343449492111e-03
-1.929986998531355979e+01 3.001376648374703415e-01 1.547848582788446947e-03
-1.929991904705144634e+01 3.001285597253335879e-01 1.626209920173593559e-03
-1.930018025201558984e+01 2.996044561886557211e-01 -3.415921129851895444e-03
-1.932500997301440648e+01 9.240336531136254805e-02 -3.611336856704374654e+00
-1.929811622720682962e+01 3.037471400648153463e-01 3.824183366628908232e-02
-1.930026241943338761e+01 2.997005767253822506e-01 -2.358192781516166292e-03
-1.953266886050877105e+01 6.406562000528425588e-03 -9.133018936234700291e+00
-1.921906170608061970e+01 6.134895775801357809e-01 1.852463427106691540e+00
-1.930023189613429224e+01 3.009674357123784949e-01 1.360877143823913116e-02
-1.919980684716639630e+01 4.872817292985625048e-01 1.228717668692778986e+00
-1.930010328559104238e+01 2.996938348402847785e-01 -2.655169315408656416e-03
-1.930007720952351491e+01 2.997358968533903045e-01 -2.654413533312194318e-03
-1.929924243797743344e+01 3.010893344667897598e-01 5.805170834307205041e-03
-1.930008979132076163e+01 2.997205178561194172e-01 -2.622190884167707736e-03
-1.930001206403023772e+01 2.997789573609474512e-01 -2.575197563057685102e-03
-1.930343837080608083e+01 2.866707754495722571e-01 -1.570738338793731259e-01
-1.930182345707688540e+01 3.048979589735993367e-01 8.519502329636274851e-02
-1.930758138828778669e+01 2.891140426198177127e-01 -8.955130122675392101e-02
-1.930015524504453950e+01 2.996425326709575843e-01 -3.099412902916043322e-03
-1.929848930796982742e+01 3.055859623104243972e-01 5.469844518253985655e-02
-1.929833965084510439e+01 3.047845099194582130e-01 5.185663944957141780e-02
-1.929916629446537257e+01 3.051726356583545074e-01 6.038313564556574420e-02
-1.931192943312480637e+01 2.879914774798484345e-01 -7.517302990348184721e-02
-1.930210365023144448e+01 2.914405091032539752e-01 -9.383437603916355840e-02
-1.930007912913657364e+01 2.999434586104489653e-01 3.182365267786479990e-04
-1.930023897354149653e+01 2.997417276188271140e-01 -1.053178456196235402e-04
-1.930104304442231822e+01 3.043066257771037675e-01 5.295132549456127435e-02
-1.930021226034229898e+01 2.985218106173562758e-01 -1.988048614131621150e-02
-1.930841372330199590e+01 2.866874789186429906e-01 -6.819371325766887537e-02
-1.929861416278707154e+01 2.905890180260879418e-01 -1.768724850437752849e-01
-1.930028022644622254e+01 2.997651623908603180e-01 -1.965588496499748317e-04
-1.929769396667647996e+01 3.027136026326929241e-01 2.443319304390989544e-02
-1.929973739581520675e+01 2.995678142849144687e-01 -5.387191984381090037e-03
-1.930479047803893167e+01 3.058325594139521542e-01 1.049831228037589881e-01
-1.929990755654156942e+01 2.998276192362738235e-01 -4.522891939251039162e-03
-1.930197983287640540e+01 2.860018309045895268e-01 1.598614037481453920e-01
-1.929939621785510440e+01 3.027945642634192192e-01 3.363795915525180646e-02
-1.930016682547341844e+01 3.112792521095659737e-01 1.294665741411975546e-01
-1.930004785105561638e+01 3.030275970582145817e-01 1.479911263696820356e-02
-1.930008302016229749e+01 2.998377182287801923e-01 -1.288914637783022954e-03
-1.930001468375537854e+01 2.998229813625489792e-01 -2.263290633882419911e-03
-1.929853329467526279e+01 3.022970201319806760e-01 2.369128750211046963e-02
-1.930059088031715575e+01 2.990034382778472555e-01 -4.265434108345900199e-03
-1.978316910227888670e+01 7.925188499192778457e-02 -7.016423883080165069e-01
-1.930014352128644006e+01 2.997111716040400387e-01 -2.640591094920097248e-03
-1.930013955051024155e+01 2.996934695342559074e-01 -2.565385854333968041e-03
-1.930003356031648210e+01 2.998710567840037755e-01 -1.146124322399799667e-03
-1.945178395999587551e+01 6.418543771339368931e-02 -2.940301588112205877e+00
-1.930389075942401078e+01 2.747986681891844141e-01 -2.871487077762644446e-01
-1.930012864545919271e+01 2.994227966912832439e-01 -6.309475574848733004e-03
-1.933561950885074765e+01 2.032157838184382448e-01 -1.045455205271208499e+00
-1.929999805426119508e+01 2.999593816834669191e-01 -6.010193582355327635e-04
-1.930001879121957131e+01 2.999244044471333082e-01 -5.139507903724194193e-04
-1.929994123334087419e+01 3.008793336665198659e-01 1.089155065832692060e-02
-1.930001043898057489e+01 2.998919147131671736e-01 -1.149415046540980256e-03
-1.930017150090598221e+01 3.007639240889767307e-01 1.211927737120177540e-02
-1.915123660362455738e+01 8.133594145512346163e-01 3.613962419716788332e+00
-1.948903194720177368e+01 4.599333612603350718e-01 2.485621919181550510e+00
-1.901222692276788351e+01 9.332941724787549020e-01 4.051816059333290809e+00
-1.911649543571236265e+01 8.348123995003460251e-01 3.888575441526889165e+00
-1.922287878531481198e+01 8.330875992589514833e-01 3.691188957090469458e+00
-1.929686262412175068e+01 3.050671025852837448e-01 3.099652870798230708e-02
-1.916372925978070896e+01 2.989797722403699232e-01 -1.100567301582811908e+00
-1.914148403571181589e+01 7.494758557966815227e-01 3.206176463640453278e+00
-1.928241627076181075e+01 4.068256750236681207e-01 9.876901357080427601e-01
-1.929992363406948996e+01 3.004295671591097894e-01 5.834831719866429012e-03
-1.929986848758691664e+01 3.001160981482159373e-01 5.713647547835876139e-04
-1.931211175221133658e+01 2.716734694780972292e-01 -3.020526819027260501e-01
-1.908805801439704553e+01 8.693429124549382214e-01 3.228188181600046391e+00
-1.930709584553147451e+01 2.799024666741118939e-01 -2.661048500262452876e-01
-1.964883113024487571e+01 2.493117479672850578e-01 -6.979473768626167640e+00
-1.937567992339825906e+01 8.938268896084329562e-02 -3.322579579080299439e+00
-1.945681539812744276e+01 1.058308518511110324e-01 -3.721010594948499062e+00
-1.944308232266259395e+01 2.201388205459559599e-01 2.374953618555384338e-01
-1.939546926489909850e+01 2.548337261723820912e-01 2.846337824882301248e-01
-1.929587570429650611e+01 3.132283501609590126e-01 1.222240026143399660e-01
-1.930993869303815913e+01 2.763480770422225841e-01 -2.454189947783493864e-01
-1.929725814639793313e+01 2.716815598011377286e-01 -4.660518104395148242e-01
-1.935829214418888711e+01 2.230351469878842363e-01 -9.238624498143721553e-01
-1.935373645127667430e+01 2.034306580436323064e-01 -8.699618769236021620e-01
-1.931252429028903350e+01 2.369113686316902945e-01 -6.923412877013692679e-01
-1.929603905480150772e+01 3.314854821772382776e-01 3.967214660306552787e-01
-1.928240013513621065e+01 2.461518385355833116e-01 -8.594163322544865480e-01
-1.905109543029716335e+01 4.204243980338105979e-01 -4.754778795763762389e+00
-1.932463140210635544e+01 2.684252939786002101e-01 1.133646341073886177e+00
-1.977463495187092590e+01 8.936500354262717494e-01 -5.879099137542713294e+00
-1.925316054414082956e+01 3.987289576423375670e-01 -1.928161673022454892e-01
-1.928836774500699747e+01 3.207332471864921541e-01 1.532141220257869918e-01
-1.930056910312805485e+01 3.444073023596628813e-01 6.623986653366067401e-01
-1.901108429538858857e+01 2.085936248314070318e-01 -3.782959868539371939e+00
-1.926916898710205928e+01 3.669161360945689121e-01 5.957768311195703603e-01
-1.820533937942255420e+01 8.033340944272027162e-01 -4.326068617819220030e+00
-1.929146808056143314e+01 3.183799770016658148e-01 1.747206342327327633e-01
-1.929203144678475823e+01 2.902269238988003930e-01 -1.884575879027501344e-01
-1.926068833296956484e+01 3.729862309804925502e-01 5.248481498811603529e-01
-1.914497317042403424e+01 4.304081193552881102e-01 9.096924376233772591e-02
-1.927105289128943255e+01 3.068872826752037652e-01 -3.177393338349521201e-01
-1.927529532611311680e+01 3.164785771383445967e-01 -3.673099562002768437e-02
-1.926954357099794990e+01 3.812375614064375529e-01 7.356860949336301303e-01
-1.988085301113572712e+01 1.008209100691833393e-01 3.313998833166646563e+00
-1.928306767237661745e+01 3.359278276582446932e-01 3.263998156560923292e-01
-1.929268056687443078e+01 3.274617032381068049e-01 2.954975535466495273e-01
-1.929317243683826888e+01 3.263679423101714105e-01 2.784516400599432728e-01
-1.929068994445376006e+01 3.274438363585386869e-01 2.660857888623286982e-01
-1.929262592442664115e+01 3.303804601387688167e-01 3.276987821583485783e-01
-1.929232916382693475e+01 3.308784534551554302e-01 3.242078105673265043e-01
-1.836656953244924040e+01 8.340971574291311530e-01 -7.747387098083790669e+00
-1.919878318110320592e+01 2.481650880681168514e-01 -2.182801008531420450e+00
-1.897746372101232382e+01 6.139628167752153587e-01 1.135116406417326473e+00
-1.929798771250572642e+01 3.099885100749644740e-01 1.120269442477539457e-01
-1.962511352636850503e+01 1.160984257436800254e-01 3.600930771850308076e-02
-1.928552608668465851e+01 3.268881249191927241e-01 2.262087135621655420e-01
-1.923970945235610230e+01 4.249867647199814802e-01 8.955474324244434570e-01
-1.926959889530584391e+01 3.737199956746140028e-01 6.422477530226551323e-01
-1.929473215240646056e+01 3.122317331609983371e-01 1.075880466761240939e-01
-1.929493755178959802e+01 3.147826162124833793e-01 1.336666740623471128e-01
-1.952728178097279965e+01 1.480553067688369084e-01 7.544145882837060668e+00
-1.929641854968303250e+01 3.526273394994812183e-01 2.518916649252727069e-01
-1.926794758931459839e+01 3.146151576913269743e-01 -1.561080501761811234e-01
-1.931144534760033693e+01 3.353258097141411653e-01 6.137890654882411923e-01
-1.928364002761664153e+01 3.779450782408675935e-01 8.332860705995912554e-01
-1.928837412877136970e+01 3.174270760954761017e-01 1.191888874169411139e-01
-1.929892945492271394e+01 3.033873058166622894e-01 3.535646156113969596e-02
-1.929776452371143947e+01 3.036933980900821672e-01 2.437313395273221772e-02
-1.927582900272134481e+01 3.604181843698561205e-01 6.442079665061584137e-01
-1.929808522817198835e+01 3.048362465149279110e-01 4.561881281575352887e-02
-1.929594318630770999e+01 3.218065625952329922e-01 2.433898726780441280e-01
-1.929630374382570324e+01 3.189154438365593425e-01 2.434352656611533661e-01
-1.929673198491951780e+01 3.167450467989564866e-01 1.875181785505635190e-01
-1.929567061503271930e+01 3.173709158145622822e-01 1.770457864247170221e-01
-1.929860955956485213e+01 3.036713404847409814e-01 3.663531120399632357e-02
-1.928788657452687261e+01 3.159739067996123474e-01 2.086688448141078567e-01
-1.929422762552729509e+01 3.076499297207737071e-01 3.598799680804631862e-02
-1.929851330634487638e+01 3.033608930015624927e-01 3.349144858150410187e-02
-1.929866651138840794e+01 3.032745159252671074e-01 3.421469697249790443e-02
-1.929876224413951391e+01 3.035095980246506064e-01 3.175492668566448629e-02
-1.851804074605939476e+01 5.080244904797726058e-02 4.204711916871975319e+00
-1.929671200867381842e+01 3.062485714634187728e-01 5.383236440688143887e-02
-1.929884735044313615e+01 3.029489003576339434e-01 2.844389195056429287e-02
-1.929878349457212749e+01 3.031505824182065822e-01 3.148186875325897915e-02
-1.839347365276574919e+01 7.291393222596034285e-01 -7.784688460382902520e+00
-1.932961132636618018e+01 2.446895933649878563e-01 -5.980033053725684056e-01
-1.929777939252664964e+01 3.064239219290186278e-01 6.402384621947909693e-02
-1.929818404035124502e+01 3.035679660284358872e-01 3.188985745463313037e-02
-1.929797849548306843e+01 3.055838931568312100e-01 5.583486977621632263e-02
-1.929838898771726008e+01 3.035628289630493692e-01 3.266042796561485773e-02
-1.931279943701783708e+01 2.588881273261095517e-01 -4.896320685741777368e-01
-1.932043942091522482e+01 2.592834734150525344e-01 -4.582644390625638664e-01
-1.934131769729496497e+01 2.429876316707559325e-01 -6.919973158717862560e-01
-1.929841490636280099e+01 3.038524855216070963e-01 3.724972595923503604e-02
-1.934438802364192256e+01 2.409212324111509318e-01 -4.288891804816241660e-01
-1.933642050566391646e+01 2.399056095007076617e-01 -5.479141616237779289e-01
-1.932541115949059929e+01 2.635935589357268349e-01 -2.772398321126647858e-01
-1.892604914507318270e+01 6.296341556032521991e-01 4.160978163820061582e-02
-1.929897953085981399e+01 3.026731583576138251e-01 2.443600156507841348e-02
-1.933742552745018983e+01 2.573565616488424634e-01 -3.013018170572276944e-01
-1.929875727415087283e+01 3.027597023648311292e-01 2.616934721344854609e-02
-1.943810934777695820e+01 2.379695252823158524e-01 1.593671128716831475e-01
-1.929519838445863655e+01 3.099312483769403048e-01 1.698653955592277498e-01
-1.929877587486879165e+01 3.026115654057695559e-01 2.478454968628618360e-02
-1.930196916352165815e+01 3.056585224037075554e-01 1.152381140916087787e-01
-1.920838749704041959e+01 9.949011067016642063e-01 6.558349417392726366e+00
-1.882664586140228735e+01 7.466962517334306826e-01 -2.513055597912171812e+00
-1.930002368956075642e+01 3.054002360763403146e-01 7.159773261729363014e-02
-1.908219862065951844e+01 7.432902313727447474e-01 3.202767847441851501e+00
-1.929898757925798236e+01 3.030663147266327018e-01 3.243509821834678064e-02
-1.930283399765250962e+01 3.055955761062629228e-01 1.130026970768724937e-01
-1.929871958105209728e+01 3.031564621131705994e-01 3.089333904532942654e-02
-1.929952815475844474e+01 3.009852561575753760e-01 9.403358635383440856e-03
-1.929856121423430082e+01 3.030287775301855335e-01 2.672929490472064629e-02
-1.929760318767607075e+01 3.152148869222680116e-01 1.729979307252254017e-01
-1.929941286770983311e+01 3.008809442293444714e-01 6.821856556388894433e-03
-1.933380667482042981e+01 8.505586119129923128e-01 5.107582725499755227e+00
-1.929872789240485531e+01 3.030987278124395168e-01 3.057876273480530926e-02
-1.929865832957784733e+01 3.031694843705458609e-01 3.062405616081420590e-02
-1.863301748146100678e+01 1.990340834885069854e-01 -4.606496199397252411e+00
-1.929938272076526928e+01 3.024721071446053733e-01 2.788000448346039661e-02
-1.928928149681523863e+01 3.273520644730326667e-01 2.523192178939872576e-01
-1.839193058176864781e+01 9.076698746762668080e-02 4.984959543377161850e+00
-1.928268210067397703e+01 3.235397110363805728e-01 1.862555360712292440e-01
-1.929879551482943967e+01 3.029670295063678909e-01 2.977231245137090809e-02
-1.929888918171311829e+01 3.028574538928445192e-01 2.750032474297015028e-02
-1.929915171502749160e+01 3.021256742578196097e-01 1.991217053378058210e-02
-1.923625430136610248e+01 3.560108649942105852e-01 2.646376493216120451e-01
-1.929581030716117596e+01 3.042786825985370203e-01 1.720660530946815925e-02
-1.929969141142132827e+01 3.008677615080766476e-01 9.004473207513186139e-03
-1.929967249126412199e+01 3.007987569236236780e-01 7.337760074740629079e-03
-1.929870694695131661e+01 3.030194049201961337e-01 2.821728326822281474e-02
-1.906114339075733710e+01 1.512261650854578032e-01 -5.267350230426779412e+00
-1.919806601700712889e+01 4.537878359665272199e-01 7.191867120100248201e-02
-1.929889287833342237e+01 3.030779056288813722e-01 2.972518173625182669e-02
-1.929935412944740492e+01 3.015918499682311849e-01 1.566264700658948072e-02
-1.929931166672057685e+01 3.016420985151073708e-01 1.565321795429852614e-02
-1.929927430457252768e+01 3.017097015082535472e-01 1.676891836113902912e-02
-1.929947310447516173e+01 3.016764893467061004e-01 1.689144934668718179e-02
-1.935883320907144167e+01 2.042823128901533614e-01 -9.297418018041483379e-01
-1.929104894953077221e+01 3.103576952864448568e-01 1.198499077668255808e-01
-1.928195443693846656e+01 3.157655130580435121e-01 2.676384263400777286e-02
-1.929966440033933495e+01 3.007535040988554842e-01 7.269689076116137016e-03
-1.928738705393800501e+01 3.329470742386899662e-01 3.072645507987985525e-01
-1.929963392922234178e+01 3.015283431324686236e-01 1.688253744811518686e-02
-1.928569374039892637e+01 3.191339841124525289e-01 5.057069955270776518e-02
-1.932581446774787537e+01 2.547844995257899647e-01 -3.778465767167631384e-01
-1.928838199751312743e+01 3.170092154500931958e-01 1.335669223348521228e-01
-1.937322248240739953e+01 2.368052797221428252e-01 -3.651809983335319032e-01
-1.929169503027409505e+01 3.165780380735365163e-01 1.510883037037409338e-01
-1.929862940860169473e+01 3.021525310428624933e-01 2.392254514319525072e-02
-1.929995118345604510e+01 3.011435530559660179e-01 1.533689732757359536e-02
-1.914566084248959044e+01 7.302581597996651297e-01 2.639646268008723595e+00
-1.929403665264689849e+01 3.060281291538032300e-01 2.875813175267616373e-02
-1.918226639469383343e+01 7.802305204059382104e-01 3.490206507900960986e+00
-1.929962601757041085e+01 3.008740186682786755e-01 7.642745331580158563e-03
-1.929954258849659254e+01 3.008826782258775534e-01 7.567865156831388163e-03
-1.930400565880438535e+01 2.771283982527755207e-01 -2.878420478893080059e-01
-1.930452627781227903e+01 2.817184300333029912e-01 -1.913907954324738370e-01
-1.929932717934532249e+01 3.011078790286957352e-01 7.251386684194116583e-03
-1.929961921906323141e+01 3.008386885726139770e-01 8.585866275439002493e-03
-1.909672634321599105e+01 2.829662888043704139e-01 -1.059677992465736907e+00
-1.926726793120629466e+01 5.597191226955032795e-01 9.423718199436219578e-01
-1.926439801175326849e+01 3.915757108666495512e-01 7.691795241330883215e-01
-1.928750721156132641e+01 3.350745501730129083e-01 3.015519245443858409e-01
-1.929835932421465827e+01 3.030724073014768871e-01 2.787169393395849681e-02
-1.928633271463146315e+01 3.437775716618107769e-01 4.368881236235182541e-01
-1.929839395836235028e+01 3.034856300058232370e-01 2.917530250539712711e-02
-1.929974052962478837e+01 3.007400739512519072e-01 7.835395853458493320e-03
-1.929830397365519445e+01 3.028629788774745979e-01 2.206673151184901371e-02
-1.916061896546220922e+01 4.935620021671746627e-01 8.670480293623175072e-01
-1.929946920113849984e+01 3.008224850756588964e-01 7.653810311609277051e-03
-1.913979833848832612e+01 8.634532168826232201e-01 3.921364997043957246e+00
-1.929920795326822969e+01 3.018501146666775492e-01 1.829157574006323728e-02
-1.929908638014287803e+01 3.020970787748562536e-01 1.856855721302075324e-02
-1.927744024551028801e+01 5.277417409381309765e-01 1.714962473132631615e+00
-1.929960808767435410e+01 3.007688167237781984e-01 6.812356166639332855e-03
-1.918660033130374742e+01 3.632780577368912578e-01 -2.473490482613440733e+00
-1.839872815531157357e+01 4.666879503661605089e-01 -8.657026570079674244e+00
-1.929929023483184025e+01 3.019314720413947550e-01 2.210487107403125151e-02
-1.930021721218272646e+01 3.005604249757547475e-01 7.070430951189976554e-03
-1.929996450792476281e+01 3.004951660476820052e-01 6.027627866606266593e-03
-1.929803979657273061e+01 3.043995179247712679e-01 3.936133751976456097e-02
-1.929994524750050289e+01 3.002426028610996056e-01 2.512060385948089447e-03
-1.929993112782919340e+01 3.002394264686351621e-01 2.934254782219980484e-03
-1.930006958741399714e+01 3.013143413022018047e-01 1.633536222269960092e-02
-1.929378497711812557e+01 2.993840890870553828e-01 -5.408746247601570190e-02
-1.929960409062411841e+01 3.019809462731143923e-01 1.943418430094467908e-02
-1.922470404305652281e+01 5.481533863248468919e-01 3.533697528092742957e+00
-1.925845969572743499e+01 3.939533459844299368e-01 6.605824454941409130e-01
-1.926756441535239261e+01 3.712359286720332552e-01 5.668841636706911657e-01
-1.927914835073923783e+01 3.769129216321353004e-01 8.536529735894067272e-01
-1.929999859738825663e+01 3.002478698136459290e-01 2.979610336486970823e-03
-1.898010962766064225e+01 4.467120433271750124e-01 -7.240430603677214805e-01
-1.927083297433306797e+01 4.951587590428875307e-01 1.611103327430241094e+00
-1.927653665387639137e+01 3.586708983870443013e-01 5.323559401963944282e-01
-1.929993240036719016e+01 3.002709590233711978e-01 3.186129283756500286e-03
-1.972059985871890575e+01 7.575609716963946916e-01 -8.952163739312565482e+00
-1.815525966935423341e+01 2.887872194652515434e-01 -5.031736542863398221e+00
-1.930313641805536662e+01 2.942026856866505335e-01 -4.672244686451954010e-02
-1.929962249352535508e+01 3.003141122269809560e-01 2.823902742782991027e-03
-1.900894650703014221e+01 4.665431354569380407e-01 -4.267362164797496860e-01
-1.929937745946839556e+01 3.012350331631619138e-01 4.697369160467701477e-03
-1.928430922709781470e+01 3.269145417419556110e-01 2.455732838983113453e-01
-1.928072054320566053e+01 3.314415269756185167e-01 2.364282576783232059e-01
-1.931311129680534222e+01 1.871806242835836187e-01 -1.548248097963218939e+00
-1.871806765927096450e+01 9.567252484342709806e-01 -1.781605236841995676e+00
-1.929990804674510940e+01 3.002514233867446536e-01 2.690774285726504900e-03
-1.949965175643656323e+01 2.749941836174837895e-01 1.271733936003737853e+00
-1.929701015148851440e+01 3.014927839159745049e-01 -2.279880807105882923e-02
-1.937614368422626399e+01 2.709718410535103539e-01 6.394748777713736843e-01
-1.929988003682053233e+01 3.002983731007730639e-01 2.786213387727443092e-03
-1.929990021061835748e+01 3.002451883815152600e-01 2.520483308195764494e-03
-1.929957208852212602e+01 3.309568808197181911e-01 3.525067941679260741e-01
-1.930260287191009994e+01 3.293333805629829469e-01 4.305507507396342248e-01
-1.908356537887475923e+01 5.203735886080205209e-01 9.541451577677140250e-01
-1.929984609110477578e+01 3.002509356830215803e-01 2.182213260764953588e-03
-1.929996461659617069e+01 3.002195462535250381e-01 2.685960833835210337e-03
-1.929883385078263913e+01 3.013124795411751822e-01 9.587571308587783392e-03
-1.929995369212529610e+01 3.002129867969597354e-01 2.235582849497319557e-03
-1.936355373384367695e+01 1.518097672847594226e-01 -1.761337982497900967e+00
-1.929984169681891615e+01 3.001778172869686845e-01 8.626904917043987098e-04
-1.929894678027944011e+01 3.015424985601861674e-01 1.378612059248673916e-02
-1.929992355646509239e+01 3.001008173221308417e-01 1.055514346390395986e-03
-1.929995553087409021e+01 3.000927479422691446e-01 1.145738192924738996e-03
-1.927227314137888925e+01 1.592906711211299897e-01 -2.715511086015348852e+00
-1.892141481935723135e+01 2.599401402969769848e-03 5.899409949933236419e+00
-1.930000208045747101e+01 3.001010668160535855e-01 1.425705236053786962e-03
-1.897924305211201812e+01 8.992836506298246269e-01 2.556368680355801004e+00
-1.929995110289113924e+01 3.001617055757180297e-01 1.929895777875501039e-03
-1.995401754094148572e+01 9.276768389088516642e-01 -8.642627916484286743e-01
-1.929995485177491332e+01 3.001583476705535491e-01 1.977213895253626674e-03
-1.909117335323124820e+01 7.011135125207967889e-01 1.926704016485064841e+00
-1.929945973970451689e+01 3.012259459153185381e-01 1.138254630584789595e-02
-1.930002500433944945e+01 3.001831691854365824e-01 2.529552133808010694e-03
-1.930004088216170643e+01 3.000580219202481080e-01 1.243027818340181057e-03
-1.931564608229717805e+01 1.453400246244436755e-01 -2.719114245843232247e+00
-1.929990157029955711e+01 3.001374065756976517e-01 1.029219686085269814e-03
-1.902002009176247554e+01 3.197700143894179892e-01 -2.362077228348355540e+00
-1.929816760663155151e+01 3.003427588330294107e-01 -2.695602380356376671e-03
-1.929999571368396616e+01 3.000541977403090588e-01 8.195650033595569539e-04
-1.925167423292031188e+01 6.163353869936949447e-01 1.574656972828080370e+00
-1.929767582089254674e+01 3.000793453481811479e-01 -8.638793884605533435e-03
-1.929752121382750474e+01 3.075524731162793124e-01 6.903197670886385140e-02
-1.885914693514446228e+01 9.606022773793849723e-01 2.687912350234610059e+00
-1.929999268818054503e+01 3.000457123807347415e-01 5.998041177939228419e-04
-1.929997588885366255e+01 3.000442012857906793e-01 5.314246180514459184e-04
-1.930125019340558623e+01 2.967446628729359936e-01 -3.104327230486525480e-02
-1.930001502838380745e+01 3.000198465945974613e-01 5.766073228681278806e-04
-1.929998091510518421e+01 3.001162517222772386e-01 1.164610595301596163e-03
-1.930125182319203603e+01 2.968799657827037586e-01 -3.034853741805321192e-02
-1.930139179573817998e+01 2.969450380133934475e-01 -2.799786030865547559e-02
-1.930001934223738758e+01 3.037989653367904053e-01 4.796872766631565810e-02
-1.929929449160523802e+01 3.037081894047954367e-01 4.055524904555518617e-02
-1.930003269333043292e+01 3.000325114183166053e-01 9.195710112628319166e-04
-1.930003118828832598e+01 3.000312777737648706e-01 8.443669802034037275e-04
-1.929934359207315708e+01 3.031310927723437354e-01 3.591968087888730565e-02
-1.929999388719296860e+01 3.000394527601780159e-01 4.754358861500662670e-04
-1.930062157429508574e+01 2.943230162330360833e-01 -5.965457724273015572e-02
-1.930003546254417301e+01 3.000277331272838688e-01 4.673056353503568516e-04
-1.929599160145864900e+01 2.982694726325844092e-01 -7.899264404694505970e-02
-1.929312439256372258e+01 3.008185278582641287e-01 -1.192922386154293690e-02
-1.929998832263514785e+01 3.000442438067792983e-01 7.043675046372044335e-04
-1.929995218689081682e+01 3.000892460793865846e-01 6.753146156803779832e-04
-1.930579737250072014e+01 3.021742702881924925e-01 7.754707242311376092e-02
-1.930558395517605419e+01 3.013077976225151389e-01 6.669192885244434876e-02
-1.930108930127334688e+01 2.972125130739390331e-01 -2.695596497952656989e-02
-1.930004893828425239e+01 2.999689666902578544e-01 7.050810561004539068e-05
-1.930001344682232300e+01 2.999679603037507247e-01 -2.023727694986376946e-04
-1.930001531604041176e+01 2.999785661916744561e-01 1.341095629889821339e-04
-1.930284838888696441e+01 3.033973313055906562e-01 1.011302184758502420e-01
-1.930068884602593826e+01 2.972539818418062363e-01 -2.992944767832561581e-02
-1.929865323527533150e+01 3.054251170403212701e-01 5.478121579403172348e-02
-1.929997244008984225e+01 3.000669796261680733e-01 4.625092493917293268e-04
-1.929993855754397103e+01 3.000304191769199158e-01 -1.839183552547751788e-04
-1.930058959361825899e+01 2.987330285137796970e-01 -1.156079861973147160e-02
-1.929999316229261908e+01 3.000147310341218509e-01 3.035475566885992293e-04
-1.930049084320769737e+01 2.988253440647394288e-01 -1.075080529030714160e-02
-1.930480245380688231e+01 2.837888072218421875e-01 -1.834464680161485006e-01
-1.930004180546830383e+01 3.001144370162971975e-01 1.784940568080983780e-03
-1.896335202790390539e+01 8.568982680805360408e-01 -6.277180217291408404e+00
-1.930360630897059693e+01 2.959425751571511665e-01 -3.912359317878788545e-02
-1.930001850919854434e+01 3.000175996223783392e-01 2.393331863377312629e-04
-1.929994892869673606e+01 2.999650552925159364e-01 -6.043795215351366323e-04
-1.930917352033039336e+01 2.822538274183145068e-01 -1.750809420329861865e-01
-1.929999151878756436e+01 2.999702440456592512e-01 -4.477206819633039458e-04
-1.930000478739573921e+01 2.999743085873711190e-01 1.746287926707168481e-06
-1.930009103345631516e+01 3.000392910430187410e-01 1.330920813687797022e-03
-1.930305225695027715e+01 2.746423278572536208e-01 -2.887961673078152103e-01
-1.930002178914667255e+01 2.999590989838631927e-01 1.484369534008322944e-04
-1.932021190633737717e+01 2.602985794845933398e-01 -3.689585329363591626e-01
-1.932026034690960969e+01 2.575582681652271444e-01 -4.137396556116410551e-01
-1.931784351230694341e+01 2.642915807906729420e-01 -3.410063554808999697e-01
-1.930044980495278395e+01 2.993394805445833140e-01 -8.147905853560288847e-03
-1.928161144008140582e+01 2.480883560351098971e-01 -6.879145261779004983e-01
-1.930002700545300343e+01 3.000328739522760135e-01 9.132267475244759680e-04
-1.929997863987893325e+01 2.999690657328406007e-01 -4.413506413136758511e-05
-1.927759166834917437e+01 3.050195134326297297e-01 -3.979748729188514744e-02
-1.929153844594937439e+01 3.540414390883435680e-01 5.580254858926583239e-01
-1.929997847882685846e+01 2.999744812168009811e-01 -6.917631790610556664e-04
-1.928421420543138609e+01 3.469206421991051226e-01 4.768784355853146195e-01
-1.949426396516175686e+01 1.794290001531878009e-01 -3.086946730256485694e-01
-1.929999486434099509e+01 3.000482147580135206e-01 8.552696967800699213e-04
-1.932501269220742302e+01 2.399032695001321602e-01 2.795002182481454156e-02
-1.930002675364414344e+01 2.995865272033820248e-01 -9.368722539488061329e-03
-1.930002830490681021e+01 3.000110586601960061e-01 6.303251582906455042e-05
-1.930022286423557532e+01 2.992124992181898202e-01 -7.645505424958898288e-03
-1.930033432683669758e+01 2.992145089049097484e-01 -7.440803510926130571e-03
-1.930038679305569715e+01 2.992256992838701612e-01 -6.809341341849517448e-03
-1.929996463484911473e+01 3.000474909348043173e-01 8.404424124659470863e-04
-1.916090820802951811e+01 5.815394964638400666e-01 1.711759848493786151e+00
-1.929995789905810355e+01 3.000829576673897936e-01 1.091625333531354158e-03
-1.929995275815504030e+01 3.000093491648354593e-01 -3.249723639093815564e-04
-1.930002480775034712e+01 3.000976892118248363e-01 1.346701472145994671e-03
-1.930003727685273418e+01 3.000949915443414384e-01 1.013084984817780310e-03
-1.870993302441739914e+01 7.082744145961691329e-01 -7.398226371116489730e-01
-1.930000189179619952e+01 3.000514547226981188e-01 9.082809303411210067e-04
-1.918906703451172291e+01 8.172335594612051279e-01 3.789122219020192972e+00
-1.911915010770894341e+01 3.477111514192212094e-01 -1.356606551786857295e+00
-1.930020675717315726e+01 2.998249882388486776e-01 -1.420028691990538050e-03
-1.930002901201282128e+01 2.998201729585050490e-01 -1.932770039775988380e-03
-1.929995432176714587e+01 2.997024241565391378e-01 -3.754729596556316551e-03
-1.914536062657420601e+01 9.273074060780283068e-01 3.532130575497138381e+00
-1.923758961610452900e+01 4.472769092454924600e-01 1.150094473573869180e+00
-1.923798608709444480e+01 4.768866955837402499e-01 1.296092429710062888e+00
-1.886543810896845486e+01 1.871364288778973872e-01 -5.270967967406090082e+00
-1.920728500714156439e+01 3.823505551529235991e-01 7.033634012479712538e-01
-1.856064263611275322e+01 9.668401049379363177e-02 -6.515484985766084591e+00
-1.930018638125795505e+01 2.998055201842215745e-01 -1.213561417026554068e-03
-1.929972698196980829e+01 2.999335777721316432e-01 -1.659862452351390516e-03
-1.930013315817040365e+01 2.998037141627452051e-01 -1.380120876104840022e-03
-1.922988217675341005e+01 4.479028704719474341e-01 1.281869461828316403e+00
-1.929897884387447249e+01 3.022956657644113032e-01 1.963251668852450393e-02
-1.969965065935171467e+01 2.460571640057147569e-01 3.623790299817468252e+00
-1.929999289496329595e+01 2.999549624930045177e-01 -9.832432356660092410e-05
-1.930002266653671938e+01 2.999643356255771720e-01 -1.462734273136589991e-04
-1.930183947919579524e+01 3.041361885947432842e-01 7.876709932433811900e-02
-1.929777793202065084e+01 3.030060415801196783e-01 1.818740801735252433e-02
-1.930041681999040293e+01 3.006270412491760524e-01 1.456366919390106318e-02
-1.930002253961876946e+01 2.999208429151472566e-01 -5.692582121685774155e-04
-1.930002765926533215e+01 2.999133660535868717e-01 -7.961829073153126046e-04
-1.916683622431641609e+01 9.084948048775153273e-01 4.502702371908963386e+00
-1.929895613612814742e+01 3.036944810531072569e-01 3.611622325422381152e-02
-1.930006433004063382e+01 2.999346933544895233e-01 -5.452435195074656349e-04
-1.929991079036747692e+01 3.030569123550816424e-01 7.393356402848105802e-02
-1.930296123235098094e+01 3.072648202091943226e-01 1.109934832640000479e-01
-1.930002655015618629e+01 2.999578651134033880e-01 -4.773551485470761691e-05
-1.906209202868859620e+01 8.138919045841570554e-01 3.301565968014408270e+00
-1.921333737376536988e+01 7.302761996579423265e-01 5.104068106671334704e+00
-1.929981802362683396e+01 3.038098303219302632e-01 3.672055582528699347e-02
-1.881058227226554180e+01 7.035775182624519619e-01 -5.306559434394527486e+00
