# level_assignment log_likelihood tiebreaker ID
0 -2.856246839141843884e+04 4.030932871328706257e-01 4
0 -1.066752540173344460e+04 5.429406439227361103e-01 1
0 -2.393363762460823182e+03 6.111021270765348845e-03 2
1 -7.911929401996213528e+03 8.913609282213711404e-01 2
0 -9.725239934037099374e+03 9.728628932605314361e-01 4
4 -3.256778568099404765e+03 7.553880482050963074e-01 3
5 -1.930863498297333081e+03 8.231454273640008701e-01 3
6 -1.562214645345763529e+03 6.497897177983951167e-01 1
6 -1.592035426959185770e+03 5.990753297701481017e-01 0
0 -2.807401168245885856e+04 6.417422118699036560e-01 2
0 -1.224248730697452120e+05 3.543818008559402460e-02 4
0 -4.080289865090709645e+04 1.602109388254023825e-01 3
7 -5.019238186592644979e+02 8.884984270206901513e-01 4
5 -1.959440844566120177e+03 2.915277462100900330e-01 3
8 -3.609570820549485006e+02 7.044867434093436964e-01 4
6 -1.441509264157959024e+03 3.516247108185802661e-01 2
2 -9.099272149777740196e+03 7.711563907366589810e-01 2
7 -9.911653879323187084e+02 9.193950790376703708e-02 4
7 -1.025994271920286337e+03 6.963805829119440460e-01 3
9 -4.209075880911460104e+02 4.068885823870234120e-01 0
1 -7.936357006989750516e+03 5.804132469062146527e-01 2
1 -1.443951953542843694e+04 1.576410465165826169e-01 4
7 -7.306216375826602416e+02 7.459144527722700868e-01 1
8 -6.578311734365115626e+02 7.085720431758774085e-01 0
5 -1.381191263596892441e+03 1.645282002405832888e-01 3
2 -8.905898367416009933e+03 3.141852986144452187e-01 3
6 -8.901736894538512388e+02 7.897472606794968542e-01 0
8 -6.250235661756696572e+02 8.826370055185627228e-01 3
7 -9.853898712685415830e+02 5.994636837271442031e-01 2
12 -3.495822342708481187e+02 9.778518730533267145e-02 4
7 -6.492943104802023981e+02 2.400593507878720501e-02 2
13 -3.548767140696853630e+02 9.054428909300891171e-01 4
9 -4.181832742574069357e+02 7.275866077900395856e-01 3
10 -3.669834813280530739e+02 4.894314623387927554e-01 0
14 -3.516260165453246032e+02 3.818701562103099523e-02 3
9 -3.579703598612861697e+02 1.844530089659608962e-01 2
12 -3.551543658209956220e+02 4.191462943415917852e-01 1
14 -3.520069862564835148e+02 2.430071550925303470e-01 4
11 -3.576855382656583515e+02 1.809410246252829424e-01 3
11 -3.695087659555488244e+02 5.772787016488062362e-01 1
11 -3.549541095482163087e+02 4.487039176643090599e-01 1
13 -3.548770799793745709e+02 3.056861390201297546e-01 1
13 -3.545191690555722062e+02 6.832071915869031287e-01 1
16 -3.464591897580824025e+02 5.328800039993519810e-01 3
12 -3.505089959396479458e+02 1.236208171712485510e-01 2
13 -3.525148223629199151e+02 3.400561658506129348e-02 0
14 -3.518036950065762198e+02 5.284594996519317300e-01 2
11 -3.484825936077554616e+02 5.054483700699107240e-01 4
12 -3.565275026479685039e+02 3.425467787010445520e-01 1
14 -3.512784176160471361e+02 8.384276963981709407e-01 0
13 -3.570749763651635931e+02 5.373640107213849548e-01 3
11 -3.611405518007122168e+02 2.656902303849443259e-01 1
14 -3.504501364615068724e+02 6.914323844523879714e-01 2
9 -3.678082715538490675e+02 5.545311084780363275e-01 4
10 -3.772504893261826737e+02 5.083733175585969377e-02 2
5 -1.692054412431386936e+03 9.086028236527522450e-01 2
11 -3.643451721503346903e+02 8.489880117843712215e-02 1
14 -3.515771554194808459e+02 8.006175436279989732e-01 3
14 -3.501436764409496050e+02 3.396682668240547098e-01 0
7 -8.776190717843555831e+02 7.610401178527693711e-01 2
12 -3.509660889227777147e+02 3.456234680093809297e-01 1
13 -3.513988917239169609e+02 2.939293162191694009e-01 2
7 -9.783089864372179818e+02 4.143714897819625875e-01 3
8 -4.729730558005111902e+02 2.072188235980223781e-01 3
17 -3.462733231420302786e+02 4.520891787972014519e-02 1
9 -3.869824839189902832e+02 9.510036647327747561e-01 0
19 -3.460524788989083618e+02 8.973925904902436967e-02 1
20 -3.459449988662381656e+02 7.575148923961620984e-01 2
18 -3.459708337782698209e+02 8.839194314496612304e-01 2
13 -3.539580630536740955e+02 7.134051810250098269e-01 0
21 -3.458846033672750195e+02 1.234262030036843427e-01 2
20 -3.460021273905812222e+02 4.678574885802827543e-01 1
12 -3.564752797679843752e+02 1.861290579941114465e-01 0
6 -1.519474068416928276e+03 6.897276703931076725e-02 3
5 -1.545983418869049956e+03 4.777759660864044911e-01 3
11 -3.498807713921626146e+02 8.791643278731137157e-01 0
20 -3.459540328561527076e+02 7.407452223669821478e-01 2
13 -3.541837716003162768e+02 6.114114080029336984e-01 0
20 -3.460186695113686710e+02 2.227394940954972036e-01 1
14 -3.508565377599531985e+02 2.171217781624494580e-02 0
2 -9.159689106944666491e+03 2.603182786138980020e-02 3
19 -3.459738853105810676e+02 7.493533234452200986e-01 1
14 -3.500572224010601872e+02 2.985695634728782744e-01 0
5 -2.052707070940122776e+03 9.854755037884999069e-01 3
11 -3.537583783072815891e+02 7.127372533814244626e-01 0
13 -3.518765441414716406e+02 7.614987223726856769e-01 0
0 -3.073391111516099772e+04 3.705739241004705753e-01 3
20 -3.459943293624091893e+02 7.393802130436457620e-01 1
7 -5.398083577418891537e+02 8.672139225829901266e-01 3
20 -3.459867921058424258e+02 7.062465793008598780e-01 2
13 -3.544422720728666150e+02 6.590087856953544820e-01 0
21 -3.459371359063815703e+02 9.823346205553777910e-01 2
18 -3.459966762489374332e+02 3.531974924470944188e-01 2
14 -3.515942608717616054e+02 7.233002041525490311e-01 0
6 -8.195036240253148208e+02 9.599359011693840982e-01 4
7 -5.481111016113800360e+02 6.199444617372584787e-02 4
21 -3.459241392245183988e+02 5.360241548623143615e-01 2
11 -3.477141605877257007e+02 1.602832514358409899e-01 0
15 -3.478620552332609464e+02 5.355735411380115885e-01 0
7 -3.596110946273686295e+02 6.103458426857613084e-01 4
11 -3.567584849483811809e+02 3.274050554548847414e-01 4
10 -3.736108762039499425e+02 2.505327907352175032e-01 4
20 -3.459060081291239612e+02 4.783287634623252238e-01 2
3 -5.937211188085137110e+03 6.481277221632635310e-01 3
14 -3.470956707890059647e+02 5.295836557296059732e-01 0
21 -3.459260562876104359e+02 1.185150740096744398e-01 1
21 -3.458999421444008249e+02 7.683676898974756142e-01 1
21 -3.459198970134191313e+02 9.108025483445953974e-01 2
19 -3.460683086059899551e+02 4.033571699059604887e-01 2
10 -3.823506822102748401e+02 7.904620545600959947e-01 4
22 -3.458976104877428952e+02 4.375742197291008218e-01 2
2 -4.198458613090987456e+03 2.946144415324667420e-01 3
21 -3.459307203776282904e+02 3.919448523701321574e-02 2
16 -3.464321704642657096e+02 4.177888966125142267e-01 0
15 -3.468927386146526715e+02 2.381883773271158411e-01 0
22 -3.458805164650057122e+02 2.626520191542569549e-01 1
15 -3.471706719514294832e+02 8.476405054138362871e-01 0
12 -3.523653395764589504e+02 2.061889923657099222e-01 0
18 -3.462379469497844298e+02 1.854264456764473379e-01 0
10 -3.835241302292993169e+02 8.980364108620968455e-01 4
13 -3.468485958253311310e+02 2.301425585121515960e-01 3
17 -3.462348288047587630e+02 6.194866299839801860e-01 1
14 -3.518873721829967280e+02 4.035942733321419840e-01 4
12 -3.555521373272728169e+02 3.433634665885579862e-01 3
19 -3.460237468364394999e+02 3.369399198593959199e-01 2
12 -3.535296980673381313e+02 4.459023489667327533e-01 3
25 -3.458512486491933942e+02 7.853934197803208450e-01 1
12 -3.483646673687049997e+02 6.342995921740341991e-01 0
14 -3.487672068995434529e+02 4.810954613628512511e-01 0
9 -4.311053755169794499e+02 6.421220371437511565e-01 3
24 -3.458676398538432295e+02 4.635609860169578877e-01 1
13 -3.562086520672776828e+02 7.164534006617889750e-01 4
18 -3.461597355146006407e+02 6.434133619353804567e-01 2
22 -3.458960627035586413e+02 1.865293236848586389e-02 1
9 -4.291071429670515727e+02 7.846400810566407369e-01 0
23 -3.458718362399096122e+02 1.217637073228488021e-01 1
13 -3.529369054562241672e+02 3.033337118600642479e-01 3
10 -3.516966945319318256e+02 7.147573150794670482e-01 4
20 -3.460160432692838981e+02 2.756518732994183707e-01 2
15 -3.471949008918111304e+02 7.746506328597090318e-01 2
8 -5.699749164320144246e+02 7.781868224938406353e-01 3
17 -3.462354672144552978e+02 9.443213669979781677e-02 2
16 -3.465167475013199123e+02 6.002182686840839415e-02 2
16 -3.465934368881138425e+02 2.743310778324097310e-01 4
16 -3.465928628640531315e+02 7.348631694369484046e-01 0
19 -3.459498190674370903e+02 4.967693011952881155e-01 1
14 -3.492353307193310457e+02 4.140746837558832993e-01 0
26 -3.458487187790271378e+02 9.828621500125698240e-01 1
15 -3.469433625229114568e+02 5.929774953090435341e-01 4
19 -3.460854882524203049e+02 1.881196658893323492e-01 2
27 -3.458475471573725031e+02 2.783957616510689403e-01 1
6 -4.857617007579784172e+02 2.682018903578417546e-01 0
9 -4.236776571842256089e+02 7.331026298837544086e-01 0
13 -3.560934946517279514e+02 4.567235893831638194e-01 3
20 -3.459989824509763139e+02 1.803997028845634176e-01 2
8 -4.112324237186616642e+02 9.766511559378479035e-01 3
26 -3.458430005428343748e+02 4.051320626512692757e-01 1
15 -3.477353373849484797e+02 1.046104978044658379e-01 4
28 -3.458415134377094091e+02 8.652122948249852952e-01 1
9 -3.874321570031924011e+02 9.908284116926360241e-01 3
29 -3.458406967996216963e+02 7.878716172658961625e-01 1
29 -3.458419019006156532e+02 8.269908836433119692e-01 1
14 -3.483337341530756248e+02 2.835700851814282331e-02 2
4 -3.086518032876590951e+03 9.730646442283461539e-01 3
27 -3.458450966238227124e+02 4.611283722120737005e-01 1
8 -3.616486455266862663e+02 7.669815678019339389e-01 3
9 -4.016638863027005755e+02 2.525978954453946823e-01 4
18 -3.462164379868336255e+02 5.187964777853438375e-02 2
3 -3.644846418653189630e+03 8.105311669169096289e-01 0
8 -5.245034540081211389e+02 4.447636924473801212e-01 3
28 -3.458447973361698473e+02 3.744586495886904620e-01 1
6 -9.548813659496304354e+02 5.615945672827677981e-01 3
14 -3.522046337523066200e+02 2.516687830611914478e-01 2
15 -3.472743641036022382e+02 6.173649747678369160e-01 2
16 -3.465828910584101550e+02 7.487127735599633516e-01 2
9 -4.577971812500140345e+02 2.474199872465000088e-02 3
11 -3.684344272343794273e+02 6.281042238026995905e-01 3
11 -3.608668481298194592e+02 2.399526237118427829e-01 0
13 -3.494035113867648192e+02 9.663201106600555201e-01 2
27 -3.458481892104059625e+02 5.225377987666525170e-01 1
13 -3.568894955644361744e+02 7.768695694838529953e-01 3
7 -9.197343144504673091e+02 7.451033645866900201e-01 2
5 -1.845083425606184846e+03 1.191645668008596420e-01 4
5 -2.137390653828169889e+03 1.123143369308738926e-01 2
14 -3.502935328605773293e+02 2.031071222697955758e-01 3
4 -2.516575501722837544e+03 8.990067231467895326e-01 4
5 -1.113481985490168199e+03 2.415300948399114744e-01 2
4 -2.312817052545824481e+03 1.573999864180118946e-01 0
6 -1.378295447705524111e+03 1.495983833228186899e-01 2
3 -6.424365162236132164e+03 6.005532152472407015e-01 0
28 -3.458421526170508287e+02 3.319406029188014945e-02 1
6 -1.521292705676096375e+03 7.746654801190810957e-01 0
9 -3.766366578422795328e+02 8.160963514506107686e-01 3
27 -3.458488417687082119e+02 9.087929580519074069e-01 1
7 -7.924169068385727996e+02 4.440284829790693832e-01 0
11 -3.641749538884334356e+02 3.201244127022979669e-01 2
22 -3.459021508308498483e+02 1.172268767128352984e-01 3
9 -4.425087232307399177e+02 2.787644991410815898e-01 4
5 -6.967695425584954592e+02 3.713129427529937576e-01 2
29 -3.458422952050828485e+02 4.267878103663420575e-01 1
27 -3.458450846065116480e+02 2.210718261053692402e-01 1
23 -3.458802326689717006e+02 8.205104046336475498e-02 3
26 -3.458527491340453253e+02 4.178737762014960722e-01 1
3 -6.630087534291149495e+03 4.409805506160146549e-01 4
2 -5.280897416854986659e+03 4.208812060511836761e-01 4
9 -4.324432593381535526e+02 1.528685092978039339e-01 4
27 -3.458479404426463475e+02 8.923161330366391475e-02 3
28 -3.458439523532404110e+02 2.976238968194886425e-01 1
28 -3.458441493802041009e+02 7.060943212258621315e-01 1
23 -3.458740954136531514e+02 7.959565742399155042e-02 3
26 -3.458531111407841649e+02 6.605571742587298401e-01 3
4 -3.964049072287124545e+03 2.456388759210788864e-01 2
2 -6.927328364225071709e+03 6.912741651348779104e-02 2
3 -4.482334227024646680e+03 5.875658360367678190e-01 2
27 -3.458458327350751915e+02 8.119545011941310397e-01 1
26 -3.458453119252223473e+02 2.210336984778003000e-01 1
28 -3.458435685541340945e+02 7.965621618066083265e-01 1
18 -3.461306033811138718e+02 5.111956000222122043e-01 4
4 -3.781609232081425034e+03 2.908425199047498522e-01 2
29 -3.458408880074109675e+02 7.756947744263841260e-01 1
23 -3.458820478970852719e+02 2.398662848778916334e-01 4
22 -3.458843527904325015e+02 7.724376265388535057e-01 4
21 -3.458810434381701384e+02 2.683856803553119619e-01 4
29 -3.458417877293831566e+02 5.362474147606466346e-01 1
12 -3.573370926992340628e+02 9.469219893877628413e-01 2
25 -3.458507291439599385e+02 6.558393529836745728e-01 3
17 -3.461852865859494841e+02 1.791347624007657569e-01 0
16 -3.463991950932181680e+02 4.246222881672927496e-01 0
28 -3.458429135584875667e+02 7.042245337778599845e-01 1
28 -3.458429856437990111e+02 3.777239751430019332e-01 3
27 -3.458458600811320025e+02 6.250442148194784719e-01 1
27 -3.458469321178711198e+02 8.546407562040880812e-01 1
25 -3.458442543257663715e+02 8.825713319425919634e-01 4
21 -3.458603388335105819e+02 2.149489204921453123e-01 4
22 -3.459022984121637592e+02 4.748195100674615921e-01 0
23 -3.458717951609168608e+02 7.726665927188177685e-01 1
22 -3.459010685620078220e+02 2.695553472789553595e-01 4
18 -3.460939532599456356e+02 9.114451529533154073e-01 1
26 -3.458494793698160947e+02 2.136992645430220716e-01 3
16 -3.464695299179115864e+02 2.663838601405737333e-02 1
29 -3.458426289384458983e+02 1.224432296227773165e-01 3
19 -3.460942284087753933e+02 5.756490686891168052e-01 4
18 -3.462322867371419761e+02 6.719183567727857742e-01 4
6 -1.593906357060361643e+03 9.065713320316463875e-02 2
26 -3.458520563054392483e+02 4.654280244549839907e-01 1
23 -3.458814432641495387e+02 4.136018321589964020e-02 4
17 -3.463274616090021141e+02 8.956432450687179525e-01 0
9 -4.227162617330056946e+02 3.997665058199972865e-01 2
18 -3.462090038961748633e+02 5.090921645833474951e-01 0
23 -3.458739677551155864e+02 1.353524769180221021e-01 1
10 -3.600511496822585968e+02 4.203868088644466816e-01 2
22 -3.458809397716244121e+02 2.800406533724714847e-02 4
11 -3.617864431433295067e+02 7.322887460406551918e-01 2
19 -3.460244543850445780e+02 6.298532380856523005e-01 1
4 -2.704473074003698912e+03 1.270802537555754674e-01 2
26 -3.458529671032504211e+02 9.298697941032538772e-01 0
11 -3.686689197845084891e+02 4.132521521394951769e-01 2
19 -3.460747723611332276e+02 1.068126105686193483e-01 4
27 -3.458451202427597764e+02 7.941908336681025027e-01 3
24 -3.458556872972853853e+02 6.764999961174202880e-01 1
22 -3.458524294622488355e+02 8.243196712721435615e-01 1
25 -3.458424594790909623e+02 4.130822691565730342e-01 0
17 -3.460994291964364038e+02 9.226095142289336692e-03 1
22 -3.459003676451230831e+02 5.204860932389210326e-01 1
21 -3.458732722258405374e+02 9.224531678396574730e-01 3
2 -5.961374405995340567e+03 5.674530445324251771e-01 2
6 -1.415128576039467589e+03 6.612453100147538954e-02 2
16 -3.461224261277702681e+02 1.159540402432861356e-01 0
13 -3.568027847159487465e+02 5.447651444771479667e-01 2
14 -3.482765231719340591e+02 8.043658033587088863e-01 0
16 -3.464200691876386031e+02 7.526619176700243274e-01 4
15 -3.464281088267208020e+02 5.971425602556783563e-01 3
0 -5.098463672929498716e+04 7.105288195185157640e-01 2
13 -3.494838854680021996e+02 5.235127369003779174e-01 4
1 -1.675790936369198607e+04 2.853473714394461069e-02 0
6 -1.596840194512922835e+03 4.703284398488027929e-01 3
28 -3.458442920996591283e+02 5.639887482132517338e-01 1
1 -1.398608338150480267e+04 5.095583005209582961e-01 0
8 -6.446507811428027708e+02 2.768298963901525411e-01 2
4 -3.889415421251688713e+03 3.595658654411751920e-01 0
2 -5.731734757851163522e+03 4.888383961818910939e-02 4
29 -3.458425420578461171e+02 4.443394044041828472e-01 1
12 -3.539897569994832338e+02 1.713549041886184010e-01 2
5 -2.232268672870907722e+03 6.917376201815073067e-01 4
26 -3.458518212472615687e+02 6.639225433653382913e-01 1
11 -3.625470020696581628e+02 8.712410200334539390e-01 0
24 -3.458609224100451911e+02 4.572459000512989896e-02 1
10 -3.905362171146767878e+02 9.111544410791511117e-01 2
8 -4.603134711545769164e+02 4.895718764815367718e-01 4
4 -1.221769398272122771e+03 8.375415849580589711e-01 2
0 -5.839801697330896786e+03 7.332953225389664542e-01 2
14 -3.501340374775911641e+02 5.569111197517373490e-01 4
11 -3.692428894909388646e+02 2.431034696165471631e-01 2
11 -3.563810691301861198e+02 3.648669369870857215e-01 2
7 -9.382880650226568378e+02 1.318533891934347002e-01 0
29 -3.458418756573166206e+02 4.839285972221235577e-01 1
8 -4.813894136183938599e+02 3.458582464131021439e-01 0
2 -2.862034542438935205e+03 9.635660798905056890e-01 3
0 -2.019922287155710001e+04 4.828518108782359208e-01 2
14 -3.517586352747018736e+02 1.292758456056635197e-01 0
29 -3.458397864808539452e+02 2.095698303643001026e-01 1
5 -1.624302370815500353e+03 5.332618378308415785e-01 3
11 -3.472628702702356804e+02 2.771537920555617873e-01 0
15 -3.469627254548860265e+02 5.846800285517406159e-01 0
15 -3.472691377198397049e+02 7.895899267298617241e-01 0
22 -3.459076853908716203e+02 8.005316157970754354e-01 4
27 -3.458458975684874304e+02 2.626743847418333555e-01 1
21 -3.459163988202162159e+02 4.255509515636584084e-01 4
3 -4.100427335153273816e+03 5.479095455874714027e-01 3
5 -2.217264674574353648e+03 9.248473588780656840e-01 3
16 -3.464751753692306693e+02 2.492293967037917390e-02 0
1 -8.242211009269480201e+03 3.140507317202275717e-01 2
1 -1.437635238843186562e+04 7.827106323087740236e-01 2
19 -3.459196109018487277e+02 1.960304229131573095e-01 4
16 -3.461881269073380167e+02 1.190477078603962013e-01 0
3 -5.912688898803629854e+03 1.112889871928774907e-02 2
18 -3.461562360336525899e+02 3.355696507650421934e-01 0
24 -3.458605600098174477e+02 4.821027733703800999e-01 1
20 -3.460063098398674128e+02 3.170823287151646342e-03 4
24 -3.458641608136750847e+02 1.815065218313588746e-01 1
22 -3.458926282940020656e+02 2.645303932760869059e-01 4
29 -3.458408710341087726e+02 3.804002700485753508e-01 1
29 -3.458401151284026582e+02 4.866090389811210670e-01 1
9 -4.343666611464021230e+02 5.552092123852276906e-01 2
16 -3.465743805732886358e+02 5.774477104245874237e-01 0
18 -3.460599580308452232e+02 8.220298959123506499e-01 4
6 -4.935803395479788378e+02 5.378536774737892046e-01 2
28 -3.458439411172311111e+02 9.986693693062995703e-01 1
25 -3.458522306434517759e+02 7.032348377199495459e-01 1
7 -5.290643324941938772e+02 8.988572465725318261e-02 2
17 -3.463032769096472521e+02 3.342795967234287735e-01 0
19 -3.460233841903007601e+02 1.789642022820725487e-01 0
7 -4.597246528693887626e+02 9.176023203606735734e-01 2
7 -4.047639042777174154e+02 4.044915265123814052e-01 2
21 -3.459417130034676688e+02 6.734509730855151588e-01 4
28 -3.458443122637877991e+02 3.680990324859254037e-01 1
3 -6.493968228201793863e+03 9.864685503973511516e-01 2
18 -3.459119019057607716e+02 2.413963804454809237e-01 4
21 -3.459022009436541794e+02 5.357299563215445204e-02 4
15 -3.461629918327367932e+02 6.218593248993384837e-01 0
15 -3.474455514004187648e+02 6.547714911683892858e-01 4
25 -3.458533150410428334e+02 4.396312494052345698e-01 1
10 -3.817902390571385922e+02 9.072218523894101105e-01 3
27 -3.458466387570121015e+02 4.070614010735728039e-01 1
28 -3.458445137964097853e+02 8.671468196908665993e-02 1
12 -3.603803209774659990e+02 3.192046330523616859e-01 4
16 -3.463399378595979101e+02 3.229026994271999573e-01 0
6 -9.834393848620652534e+02 3.411181256579846055e-01 2
10 -3.894444822220748392e+02 1.733464200424119084e-01 2
24 -3.458592241688552349e+02 9.958096437283135705e-02 1
0 -9.458060734952052007e+04 2.208249738291301334e-01 2
2 -9.273703563177223259e+03 8.407824907434269246e-01 4
12 -3.550294987545388494e+02 7.881239822456770350e-01 3
5 -2.000338451846193720e+03 7.050532915078276952e-01 4
10 -3.972807126995222688e+02 5.345351285185757639e-01 3
6 -1.463432063069062224e+03 6.460205788426856555e-02 4
9 -4.584098215384242963e+02 6.363607737286745003e-01 3
9 -4.708887824427393980e+02 4.152133281257980313e-01 2
21 -3.458591453346001572e+02 1.679924295431534653e-01 1
11 -3.650733551349674144e+02 4.280233523956660235e-01 2
3 -2.253048686202780573e+03 8.379762772350290989e-01 4
15 -3.472997577866543679e+02 9.792430566800289782e-01 0
14 -3.476228167378868079e+02 9.500926129275132359e-01 0
3 -5.212389098463489063e+03 6.625494644379286147e-01 2
14 -3.483460811976799505e+02 7.958479899004035074e-01 0
29 -3.458409465184083729e+02 1.052533719552784103e-01 1
3 -5.971511415056075748e+03 8.892663525942058333e-01 4
13 -3.565527497048759642e+02 4.832148378951268697e-01 2
26 -3.458494041572241144e+02 9.110881160490307273e-01 1
22 -3.458866531316374449e+02 3.517217564214920600e-01 1
15 -3.471476112809987740e+02 5.102114154362092924e-01 0
5 -5.775814114663974124e+02 4.725090784906278985e-01 2
14 -3.497311573657507893e+02 8.573733624644872542e-01 0
0 -2.391566209896125292e+04 9.724108100962449708e-01 2
1 -1.090826938721399529e+04 2.470338515016443637e-01 2
6 -1.203617213495667784e+03 6.286341259648123847e-01 4
12 -3.482886074178637159e+02 8.839771962671300054e-01 0
20 -3.459546374803500157e+02 3.687505573986757379e-02 1
13 -3.544452755724336157e+02 1.196077743480900013e-01 0
9 -3.714415922243351815e+02 3.539710875429744608e-01 3
14 -3.516968842325478590e+02 2.236898643443057111e-01 0
9 -4.269508777994545881e+02 7.373684357630755359e-01 3
15 -3.472553997047144776e+02 7.878615172712226666e-01 0
28 -3.458406489811588358e+02 5.818916849612916220e-01 1
29 -3.458414371589315692e+02 5.869363718724496248e-01 1
16 -3.464881667072819482e+02 3.650442554957861185e-01 0
16 -3.465140483124333173e+02 4.678233311952908480e-01 0
25 -3.458577577111284427e+02 7.943091453086601472e-01 1
12 -3.590910963441641570e+02 4.071936389959869840e-01 3
14 -3.466942966932180070e+02 5.716125649085697091e-01 0
1 -1.449327825508942806e+04 5.181638128833472301e-01 2
11 -3.678223845986129845e+02 5.089821535478740444e-02 4
13 -3.511601869283151700e+02 5.909468434081033283e-01 3
4 -3.605558280173233470e+03 5.090390973398815078e-01 2
2 -4.779046789293664006e+03 2.462777197577795119e-01 2
5 -1.068065696729898264e+03 1.438556951609237800e-01 4
9 -3.840406263159874811e+02 4.061638371917282164e-01 3
4 -3.621881149466422357e+03 7.799275744371283459e-01 4
11 -3.672615473474106125e+02 5.996982119780464027e-01 3
6 -1.185694327783531435e+03 8.836317417800189089e-01 4
18 -3.462062026345458321e+02 7.917926796048821436e-02 0
9 -4.636224963849435312e+02 1.971283810917228152e-01 4
14 -3.519791941189608337e+02 6.613693180934278049e-01 3
7 -4.725052803858476409e+02 1.703139347880134602e-01 4
5 -1.651850824112023474e+03 7.362106846921909753e-01 2
6 -1.200719081364516114e+03 1.320374892633758290e-01 2
1 -1.409537702782255292e+04 2.804016407214042772e-01 2
21 -3.459377075192230677e+02 2.194427901676052617e-01 1
12 -3.589991328074738703e+02 5.149866410519496895e-01 3
25 -3.458576370076089006e+02 8.623139455026000988e-01 1
1 -1.423573115129922553e+04 7.165755717000389380e-01 4
3 -4.685978327378018548e+03 2.832700442120685280e-01 4
25 -3.458547990947903372e+02 6.979804205540656170e-01 1
9 -4.483761617968646078e+02 3.648533701722451728e-01 4
18 -3.462362422451686825e+02 4.720258882377266207e-01 0
19 -3.461014848951814997e+02 8.809458274995667360e-01 4
17 -3.462590357587866947e+02 8.948053307334932205e-01 0
13 -3.544953355535157584e+02 6.326128445624010777e-01 2
22 -3.458985059224073666e+02 4.477816815660720096e-01 1
20 -3.460023824823153973e+02 1.103184793442452960e-01 1
19 -3.460830219141938642e+02 1.440199551478018591e-01 4
2 -5.895144981440555057e+03 4.084026582649784576e-01 3
15 -3.463417404950893115e+02 5.827869981993476500e-01 0
8 -6.788213441276795947e+02 2.859095595777141341e-01 3
27 -3.458475266558940575e+02 3.721318266811977082e-01 1
25 -3.458571555714941042e+02 5.335309400333780872e-01 1
23 -3.458702947993788257e+02 8.331597381499062926e-01 1
12 -3.591435050652033283e+02 8.962889151271029586e-01 3
13 -3.568750659286535551e+02 5.760709927818563614e-01 3
21 -3.459229112163368427e+02 6.019471723460402268e-01 1
22 -3.458931911420841061e+02 6.296202833529679355e-01 1
21 -3.459278637597685702e+02 3.896356112264920402e-01 1
21 -3.459383243723582382e+02 9.231525781124432228e-01 1
20 -3.460185211390647737e+02 7.870024910178748945e-01 0
23 -3.458739899015050696e+02 9.348454503085970591e-02 1
20 -3.460079111800175156e+02 8.313574645275479957e-01 0
13 -3.478721107157547294e+02 1.551697072227503360e-01 2
18 -3.461358495200702237e+02 9.931872288376446534e-01 0
20 -3.460084950130914194e+02 3.060522382666305830e-01 0
2 -8.815764616009106248e+03 7.038898488107570017e-01 3
20 -3.460068200580295752e+02 4.177681390192271582e-01 0
0 -5.138821258362871595e+04 6.598496078232207740e-01 3
4 -2.907271436097744299e+03 8.784722805386880884e-01 3
2 -1.267550431790916036e+03 6.239589512547725203e-01 2
18 -3.461881635101508436e+02 7.615778915326478771e-01 0
9 -4.229473703515386660e+02 9.855036146140742082e-01 2
7 -6.138335567785214835e+02 4.807722400767918125e-01 3
7 -5.075509329329839829e+02 6.393222889576785084e-01 2
23 -3.458820613343563082e+02 4.237012296439246484e-02 1
3 -4.587743243897537468e+03 7.508467473552138394e-01 2
18 -3.461835415540708141e+02 2.207910695229396147e-01 0
25 -3.458574654077680748e+02 3.511429545537836927e-01 1
7 -4.695267359017067861e+02 2.799826403097275818e-01 4
11 -3.531658665205655439e+02 9.586708490831696849e-02 3
10 -3.620139715394619770e+02 2.750709285586792063e-01 2
11 -3.627677685388114810e+02 9.245624303410395761e-01 2
2 -5.109493276806042559e+03 4.639759929490729906e-01 4
16 -3.461227495998912786e+02 9.008515258291600603e-01 0
20 -3.460201829180581399e+02 6.177414021324700855e-02 0
25 -3.458548188892690405e+02 9.588860218284658288e-01 1
7 -6.450586677927585697e+02 4.649901181896654023e-02 2
6 -7.324671509939802263e+02 7.113560275799241106e-01 2
14 -3.468526605124185380e+02 3.813435206709664405e-02 3
20 -3.459900350168420005e+02 7.538934120321060250e-01 0
8 -6.406199521135214354e+02 9.399569182907195619e-02 4
5 -1.140202373956333076e+03 2.630836294936091946e-01 2
6 -1.293588530538229406e+03 7.141003297995378585e-01 4
2 -6.312599518553062808e+03 7.051973873836511197e-01 3
20 -3.459777925386941888e+02 8.454072164662846944e-01 0
21 -3.459041252968599451e+02 7.764783588418021354e-02 1
6 -8.161827591752495437e+02 1.989648302230586641e-01 4
20 -3.459949900608231701e+02 9.510528145718262216e-01 0
10 -3.957554652091016010e+02 2.840443219723738366e-01 2
17 -3.462114155202330608e+02 8.600279264169454763e-01 0
13 -3.512266062897144820e+02 3.132267420904513155e-01 2
5 -1.739960704688793612e+03 5.614094896452000993e-01 4
1 -4.223755498070177055e+03 5.600341302337201732e-01 3
19 -3.460919524616794547e+02 4.090564600151225250e-03 2
17 -3.463145017376197075e+02 7.819551756655873653e-02 2
11 -3.664851041036683910e+02 4.247728186330981259e-01 3
25 -3.458590689798568292e+02 6.116814016611233917e-01 1
15 -3.476256123576018808e+02 5.441602309355397793e-01 0
12 -3.574568708747025880e+02 4.067436118817405882e-02 3
9 -4.261465593093890902e+02 8.634738227049576498e-01 3
13 -3.550209836963848602e+02 3.623041288587671716e-01 3
21 -3.459314067500291685e+02 1.564495604223505865e-01 2
23 -3.458753639619624209e+02 9.932833514147522413e-02 1
7 -4.197963696013941899e+02 9.395204201119611298e-01 3
21 -3.459254168629792048e+02 5.216156098583666356e-01 2
23 -3.458742969135845442e+02 9.184921938042173162e-01 1
15 -3.466532934830211161e+02 8.570054956432028304e-01 0
22 -3.458786765286174614e+02 9.066296473129820122e-01 2
25 -3.458591332715842555e+02 5.454560096567038219e-01 4
25 -3.458593562149408172e+02 5.182192347838717739e-01 4
27 -3.458483981831302003e+02 6.746579638601255535e-01 2
19 -3.459502099213155475e+02 8.068479102627280630e-01 0
25 -3.458594785677130972e+02 1.672658986126407399e-01 1
24 -3.458682466769006396e+02 6.368816440358937569e-01 4
27 -3.458475725173121873e+02 9.640315300245096974e-01 2
20 -3.459438839821824558e+02 6.389195866512820121e-01 0
25 -3.458567352720168628e+02 2.539717597927058090e-01 1
24 -3.458647427698165302e+02 6.505740745144857895e-01 4
17 -3.461444586511721582e+02 8.644389437043219493e-01 0
4 -2.515783745091256606e+03 4.882288158161887659e-02 3
26 -3.458529254361457106e+02 2.261446578772542335e-02 1
26 -3.458531062943489474e+02 9.692496348753045776e-01 1
7 -9.344361861090128514e+02 5.819080266439264904e-01 3
5 -1.873456206735052774e+03 5.620158301851029270e-01 3
28 -3.458440457790651408e+02 8.250726284248781628e-01 2
5 -3.857489045796684195e+02 9.405803611885638071e-01 3
0 -1.553875390134226473e+05 8.146858416387505741e-01 3
26 -3.458537501032340629e+02 1.752215536442731647e-01 1
1 -1.063053350526162285e+04 5.145998449030875221e-01 3
26 -3.458513087537009483e+02 9.864703854531708949e-01 1
24 -3.458680910905873134e+02 9.797711188113478187e-01 4
5 -2.147766316172544975e+03 1.647675362175000657e-01 3
5 -1.806234994225083938e+03 5.670529210621622074e-01 3
25 -3.458591169967127144e+02 1.177488354315872066e-01 1
11 -3.578180356187834263e+02 1.004111069242619447e-01 3
11 -3.572604746394591757e+02 6.500109755687333291e-02 3
21 -3.458809443266045491e+02 2.994133856081115930e-01 4
14 -3.518548605417008162e+02 8.917677482485686369e-01 3
27 -3.458488256011928001e+02 8.822924025443610319e-01 2
27 -3.458488410362546119e+02 3.191355701574151160e-01 1
7 -7.975555618066534862e+02 3.201118977031250923e-01 0
21 -3.459247657323636531e+02 2.866848932355932078e-01 4
16 -3.461514592831012465e+02 1.345703453690330065e-01 4
19 -3.459738184394122982e+02 9.306290728923296562e-01 1
18 -3.459298423252754446e+02 5.616191756091603038e-01 4
27 -3.458481008911112440e+02 8.326390421524085816e-01 2
2 -6.150379643558685530e+03 1.141974156625451264e-01 0
1 -1.005359207011640683e+04 4.842575868391119087e-02 3
20 -3.458727240805802694e+02 8.800139202853861642e-01 4
7 -9.233128140726587390e+02 9.607865941339805982e-01 0
28 -3.458449618071108489e+02 6.591030174911267636e-01 2
9 -3.855596429111180896e+02 2.047378020251477970e-01 0
18 -3.461562029479017610e+02 2.642037209269716413e-01 1
22 -3.458876770639524239e+02 5.343541727092092630e-01 4
10 -3.573501828324559142e+02 8.465093255093576463e-01 0
18 -3.459632568082631678e+02 5.452101329511932493e-01 1
14 -3.461474451942131623e+02 6.392157569894036939e-01 1
15 -3.480201486336167704e+02 2.540457983931423969e-01 1
17 -3.460781111255643054e+02 8.444264515150274875e-01 3
19 -3.461062986517936224e+02 3.934784346048967318e-01 3
3 -1.797508791526717232e+03 6.198907332044565344e-01 0
11 -3.516859795207028583e+02 1.764258486640736812e-01 1
11 -3.511296206160973270e+02 4.554699278950218866e-01 1
0 -3.703184210729876941e+04 9.049881078501819109e-01 0
23 -3.458797276874489626e+02 3.915492562083831563e-01 2
8 -4.823426837132782339e+02 7.355179984058636544e-02 1
7 -3.921389443899082607e+02 8.681764486236972500e-01 4
6 -1.030325458299193087e+03 1.241932833747328990e-01 4
0 -2.085376874386497366e+04 3.512124904094630629e-01 0
27 -3.458468670541320762e+02 4.614208235137482461e-01 2
27 -3.458489451616593442e+02 1.595531802710619118e-01 2
28 -3.458430512160966828e+02 9.817150055432883882e-01 2
28 -3.458443255028754493e+02 7.631400249242668021e-01 2
1 -6.949262657477547691e+03 5.022174019999087191e-01 1
6 -9.145061729545442404e+02 8.379132933503403713e-01 4
11 -3.519866534557502291e+02 3.151009071175718823e-01 3
24 -3.458668614879483130e+02 7.101232766678836628e-01 2
9 -4.390294189769006152e+02 7.687765702857742856e-01 3
6 -4.916849252290081722e+02 1.871193020127768780e-01 3
0 -8.139280327915918315e+04 7.189222000400772306e-01 1
12 -3.583362655204561520e+02 3.908703079992820184e-01 0
2 -7.735979951757699382e+03 3.111428572932357639e-01 4
23 -3.458831830399515184e+02 4.158795611871687337e-01 2
15 -3.468437653068488657e+02 6.808993209604796704e-01 3
15 -3.478427064224269429e+02 2.842647424358912267e-01 3
6 -1.489048887658085960e+03 8.881443422056203296e-01 4
19 -3.460328062173530270e+02 6.369683433231153602e-01 2
8 -4.708465615797932173e+02 5.557419594257105855e-01 0
19 -3.460990429207802777e+02 1.607451125222474353e-01 2
12 -3.574215324788440284e+02 3.379171092430920120e-02 1
12 -3.585262732239583556e+02 3.503230249999964574e-01 0
19 -3.460760422627890875e+02 6.849540602712254067e-01 2
19 -3.460235837236167526e+02 9.529970839597859955e-01 3
19 -3.461102088376587176e+02 4.072938903287433021e-01 3
22 -3.459004429577402675e+02 7.281311126061296157e-01 2
6 -8.073373408884491482e+02 8.368214469217837292e-01 4
16 -3.463822074493681384e+02 8.239017398427327388e-01 3
23 -3.458746842341398633e+02 7.373600039199690315e-02 2
9 -4.344868768240332884e+02 5.948188936821808825e-01 4
19 -3.461074858991278802e+02 1.245656539986867983e-01 1
12 -3.580201697941117800e+02 6.106933969358707692e-01 3
18 -3.462017200164829660e+02 5.664313512877816592e-01 1
17 -3.460278633009958753e+02 5.488890415272309475e-01 1
14 -3.502476167361533044e+02 9.948842730606068940e-01 4
25 -3.458594674633278601e+02 2.294486376034326480e-01 2
3 -7.040248752269671968e+03 5.831920346766171770e-01 3
4 -3.421206014311963827e+03 1.594145309343241168e-01 3
0 -1.946551731140983247e+04 3.934783040197906701e-01 3
0 -1.205998846139064262e+05 3.224881189638084122e-01 0
15 -3.480229546388795825e+02 5.213252766760381185e-01 4
0 -8.443537064359246870e+04 7.065391760032424529e-01 3
25 -3.458595984102436773e+02 3.121788459868216625e-01 2
12 -3.595602070277224698e+02 2.248062808657220468e-01 1
7 -8.377003698102405451e+02 3.753096021688717143e-01 3
22 -3.458726829688007456e+02 2.218272533122807033e-01 2
3 -5.371483826242035320e+03 8.464760375769171397e-01 3
1 -1.296939366075960243e+04 6.668194085323444487e-01 3
13 -3.509041509470340543e+02 3.132894262162063681e-01 1
5 -1.155294075614199755e+03 9.913908161077209513e-01 0
4 -2.586233460704148911e+03 7.806268197988286417e-01 4
3 -5.657322228182385516e+03 6.344615353796811963e-01 4
24 -3.458689734268301095e+02 7.849983557113310306e-01 2
10 -3.734862131923931088e+02 3.363975160590306768e-01 4
15 -3.471431835533356320e+02 2.592175258728909304e-01 1
6 -1.414427590778999502e+03 2.573630358606315838e-02 3
7 -7.892637200244406586e+02 3.487866054885006006e-01 3
18 -3.461643338906700365e+02 9.264917612244871759e-01 2
18 -3.461613111396079034e+02 7.469037003462026814e-01 1
22 -3.459032024137518988e+02 9.709918149783995922e-01 2
4 -2.676275468319041920e+03 5.200301510660025883e-01 4
20 -3.459225968089041316e+02 2.707654485849640968e-01 2
24 -3.458599613753500535e+02 2.961629291069639014e-01 2
4 -2.702125090296459348e+03 2.787027091747873442e-02 3
19 -3.460995034339517247e+02 1.560717563463596136e-01 1
12 -3.490221893230711885e+02 5.049542464209557657e-01 0
2 -7.971103861565054103e+03 1.584849933185877857e-02 3
26 -3.458529380741096588e+02 2.576083429772123012e-01 2
11 -3.658667130547518127e+02 9.599673106547387258e-01 0
13 -3.567733868254491654e+02 3.421311701491808188e-01 4
26 -3.458519974033903281e+02 9.114965774978980306e-01 2
5 -1.418739817466749173e+03 9.746864385351008409e-01 4
23 -3.458783993330753219e+02 5.545131615606844200e-01 1
25 -3.458561343653761924e+02 5.371894501993434989e-01 2
2 -4.098468575115886779e+03 7.738144938425072228e-01 3
0 -1.825630165609631513e+04 6.515855076836140070e-01 3
6 -6.068130971142104499e+02 5.258259202124652143e-01 0
20 -3.459491902354469630e+02 2.708095751213277502e-01 2
22 -3.458895593518122951e+02 8.465727634318641615e-01 1
17 -3.463036694276479466e+02 6.457853316777961705e-01 1
10 -3.888977923158992098e+02 3.322370623382102650e-01 4
18 -3.461352675122375899e+02 3.725190503093325778e-01 2
10 -3.926987447417634485e+02 4.307350501568701362e-01 4
19 -3.460357127840348426e+02 3.041542929972184672e-01 1
8 -5.979990395590082244e+02 7.732181486839919682e-01 3
12 -3.521163050531951626e+02 1.596045979914364754e-01 0
23 -3.458738925104781856e+02 6.129065348430784432e-01 2
11 -3.664807578160709909e+02 2.210985422808111056e-01 3
2 -9.142026103386791874e+03 7.643951998301167228e-01 4
7 -4.327154437871205346e+02 4.758450231376398776e-02 3
0 -7.363904945320438856e+03 6.505457376820803495e-01 4
23 -3.458782994752489230e+02 4.794722934684949589e-01 2
17 -3.459985564563733078e+02 1.813552748414490878e-01 1
13 -3.571194904152342247e+02 4.263279098005184897e-01 4
4 -2.649374257071678585e+03 9.641905573097500071e-01 3
5 -2.221669709527425766e+03 7.492710691740436246e-01 3
3 -4.645561594846931257e+03 4.504020281634435463e-02 0
7 -8.119361408733282133e+02 8.451198098892879207e-01 0
15 -3.473302401741314043e+02 8.669215580420837064e-01 3
28 -3.458447645500714316e+02 9.450833408845841221e-01 1
28 -3.458448451921837545e+02 7.765330502328456896e-01 1
10 -3.662064452146761937e+02 3.610949257543500934e-01 0
23 -3.458769044020083356e+02 2.068086757839502354e-01 2
10 -3.860519597440121515e+02 3.840903633115365645e-01 0
6 -1.476907465905421986e+03 9.390689427999842076e-01 4
9 -3.746769170124515540e+02 3.343392227474424883e-01 0
21 -3.458729397951029796e+02 2.371409627936356748e-02 2
9 -4.570013082511538869e+02 6.893901970625988529e-01 4
10 -3.811236377351126521e+02 6.339688806209906602e-01 0
4 -1.839927216177270566e+03 4.058602486289517586e-01 4
25 -3.458525525983218927e+02 4.993943157751994377e-01 1
26 -3.458524123141432938e+02 3.154096146567586523e-01 1
26 -3.458512941818190711e+02 8.905732078422139431e-01 1
25 -3.458587378963600827e+02 7.866886953967912044e-01 1
18 -3.461607575959862970e+02 7.759812307931150954e-01 2
7 -8.683459638901697417e+02 6.112805710350555088e-01 4
14 -3.490186691526677123e+02 5.065722633093230343e-01 0
25 -3.458592809445776766e+02 6.282688795945603477e-01 2
16 -3.465687463617599064e+02 6.752299959307060673e-02 3
13 -3.477128545030407736e+02 2.064822100049208409e-01 0
4 -7.210221749934112268e+02 4.510923706676805978e-02 4
26 -3.458535690637569928e+02 6.663752709431367549e-01 1
24 -3.458630806743639141e+02 3.393575721617914098e-01 2
8 -3.572780617721425642e+02 4.851553458314370459e-01 0
5 -1.628583931848097109e+03 8.432835944385175253e-01 4
26 -3.458523366262305103e+02 3.086836185167733948e-01 1
25 -3.458585726326684835e+02 2.978217376271493078e-01 2
3 -6.387150270642745454e+03 6.742007057487384714e-01 4
2 -7.861653359547915898e+03 3.033760349853524829e-01 4
25 -3.458576238925920734e+02 2.267896449672612835e-01 1
10 -3.753347876092341835e+02 4.499957742497182611e-01 0
18 -3.461850550905557498e+02 9.737540271190974206e-01 1
21 -3.459068397850455767e+02 3.227367362260955552e-01 2
17 -3.459648208124712028e+02 5.485439664239031288e-01 2
18 -3.461718959089812984e+02 7.354026336510681716e-01 1
19 -3.460893349599285784e+02 9.952213304471406730e-01 3
15 -3.476036417376225245e+02 3.888915515336286433e-01 0
18 -3.460718408657070313e+02 5.190988266054512579e-01 1
18 -3.461517758386927426e+02 5.367779742295015755e-01 3
17 -3.460819868683022378e+02 3.467671477640837385e-01 3
16 -3.465050423941094095e+02 2.013342150657658203e-01 1
14 -3.504461179895739633e+02 9.563973579814760706e-01 0
7 -6.580712651051753710e+02 9.927051028794098286e-01 4
1 -7.661387021872660625e+03 5.998847030270575420e-01 4
1 -1.230783539539693811e+04 9.065748187183464424e-01 4
3 -1.916601756214465240e+03 1.932593134552762493e-01 0
24 -3.458695112272836241e+02 3.864161579355323006e-01 3
3 -2.446235190067046005e+03 4.601807412686220178e-01 4
24 -3.458646726216449565e+02 7.384473436463380169e-01 2
21 -3.458865196906348274e+02 7.976637873300651549e-01 1
17 -3.459598753372433180e+02 4.338782029574441701e-01 1
0 -5.759062153244396177e+04 7.645544688919526655e-01 0
17 -3.462714170156424984e+02 9.078014686656334098e-02 1
6 -9.319775311250347158e+02 5.707546711956146268e-01 0
4 -1.274082165022110075e+03 1.441231556444654005e-01 0
17 -3.459065427842928671e+02 1.297764455954180662e-01 1
0 -3.912484631920331594e+04 4.059535721122290441e-01 4
3 -6.960010211142356638e+03 9.083372419827083488e-02 4
18 -3.459991358720681660e+02 8.893982578579242571e-01 1
4 -2.355655857636872042e+03 6.398886327743488200e-01 4
25 -3.458590467827457928e+02 4.541655953158361125e-01 3
16 -3.464555089546499289e+02 6.197674279719375123e-01 1
8 -6.221219181748007259e+02 8.570603412122033138e-01 0
21 -3.458942963446052090e+02 9.501233740383884241e-01 2
14 -3.492849307189510455e+02 7.091971442974840389e-01 2
19 -3.460601033825154218e+02 9.093397635577353810e-01 1
24 -3.458664377060774768e+02 1.609612466816398302e-01 2
23 -3.458757219077104992e+02 8.375709147316214853e-01 2
10 -3.847596037743726356e+02 7.780483527910240227e-01 0
18 -3.460724568222321409e+02 4.820132729113137948e-01 2
16 -3.461775225289687796e+02 3.107350954595062276e-01 1
16 -3.465013027980617153e+02 7.850535938935556679e-01 1
7 -1.010610498256843584e+03 9.539316748272448354e-01 0
5 -1.823521521934234443e+03 4.592545978774129067e-01 0
10 -3.983880407122028942e+02 4.939127982905984204e-01 4
14 -3.484191891952195874e+02 8.823646180317199494e-01 2
8 -4.616082215456591484e+02 8.211446694651164391e-01 1
10 -3.485845762077663608e+02 1.183135742406594970e-01 1
12 -3.539743131712762647e+02 7.596592837268349996e-01 1
4 -1.814465654637754369e+03 1.431663681955032130e-01 0
14 -3.508813139335604774e+02 7.244629815719672017e-01 1
23 -3.458799529620657154e+02 3.113513615815329261e-01 3
11 -3.658755990109634695e+02 5.721611610619516952e-01 1
0 -2.035451635927109237e+04 6.405331617817670020e-01 4
2 -5.738883416389091508e+03 7.973223605122043978e-01 0
13 -3.481632989554802862e+02 3.140484323835855407e-01 2
11 -3.624378490345534374e+02 6.973127313757065959e-01 4
0 -7.123419950234371936e+04 9.898588133796657473e-01 0
4 -2.470943189076403542e+03 9.002901461816275042e-01 4
4 -3.633717006242392472e+03 6.131798476791405772e-01 0
8 -4.476691156927379325e+02 6.000606889028503588e-01 1
19 -3.458959678376795637e+02 7.236166794772969091e-01 3
9 -4.628737947216067141e+02 1.729189008175032460e-01 1
10 -3.836518266946724225e+02 2.815460971964789394e-02 0
17 -3.461573434399002736e+02 5.032211278178168046e-01 0
0 -3.814815518173715100e+04 6.620372689990154935e-01 2
8 -5.403697059009011809e+02 3.836485618544518972e-01 4
20 -3.460196210049525689e+02 3.236100092860905164e-03 3
15 -3.463195478337152622e+02 6.345296885797058195e-02 0
16 -3.463254335000769970e+02 7.834274827779946770e-01 3
20 -3.460155138621965989e+02 4.125877109696743893e-03 0
15 -3.472248334152871507e+02 7.281869906810132242e-01 1
8 -4.649134603147754206e+02 4.919032900854340418e-01 4
6 -1.580993295839898792e+03 8.955563052136432667e-01 4
13 -3.493897182029874671e+02 5.770588500907773977e-01 3
22 -3.458757622669930925e+02 6.386922146643843334e-02 0
12 -3.574557972046990812e+02 5.072007272471488193e-01 2
1 -5.776160220818752350e+03 3.498896565691904104e-01 4
17 -3.460639212579570767e+02 3.066982638952564511e-01 3
20 -3.459805555943708555e+02 6.608948717503887460e-01 0
15 -3.475973160299058122e+02 1.223022247875178437e-01 1
1 -1.171918743185186213e+04 7.463340420554228638e-01 4
16 -3.465536729357046397e+02 5.814388730665576155e-01 3
16 -3.461476667157117504e+02 2.018039434623517536e-01 3
10 -4.006485350705673341e+02 1.934405992757008974e-01 1
7 -3.654583743789695518e+02 1.049268374345350974e-01 1
18 -3.460429285001163748e+02 8.945100320629713053e-01 3
7 -5.847015291473760499e+02 1.900462652291714516e-01 2
16 -3.462531101457049658e+02 2.666194539456840928e-01 3
13 -3.563017346694738308e+02 1.919379052661386309e-01 1
7 -8.853262228524312150e+02 2.802372510183046006e-01 2
15 -3.478683725539647753e+02 1.728253911056603087e-01 1
11 -3.610122304705832335e+02 6.956271409979253306e-01 2
22 -3.459050655829265111e+02 8.378728253116037861e-01 0
19 -3.461090923627716052e+02 7.201366507214914670e-01 3
3 -2.422290278652997586e+03 7.081602547799729086e-01 2
18 -3.461355142013765089e+02 3.694859125311024672e-01 3
20 -3.459622829071991532e+02 6.324446419992334478e-01 0
6 -1.027302069256134018e+03 3.066351629053213901e-01 1
17 -3.462013300442120567e+02 2.164315808156909160e-01 3
6 -1.358132722046384060e+03 1.326706630424493161e-01 2
3 -6.515027681945775839e+03 9.583506140668071049e-01 2
22 -3.459025811590614694e+02 6.960955154007031354e-01 0
0 -1.484091629667944217e+05 6.261298587068799826e-01 2
11 -3.676429295089510561e+02 2.271747041697737002e-01 1
1 -1.661119641857001261e+04 5.091478057834963877e-01 2
22 -3.458960435601891277e+02 2.938129122745145594e-01 0
3 -1.078777624631046592e+03 9.408667676295108251e-01 4
17 -3.460081073242270122e+02 6.265467715841850360e-01 0
4 -2.942342723613789076e+03 1.717956817256277025e-01 2
7 -9.941688833460159458e+02 1.388275657863494716e-01 1
17 -3.461964200059563836e+02 4.426915128484157358e-01 3
1 -1.521525845089174254e+04 9.184999216761573493e-01 1
23 -3.458786185030369325e+02 8.912761160287783202e-01 3
22 -3.458988899336669647e+02 7.375403022974452716e-01 3
23 -3.458789579135180361e+02 7.651726600462687156e-01 0
9 -3.658815583641011244e+02 2.277561736138633275e-01 2
20 -3.459946537927414170e+02 9.510796668328713732e-01 0
7 -4.802192986338948231e+02 6.880237071753154687e-01 1
11 -3.656823135178000257e+02 8.421200516936948599e-01 2
12 -3.591093421790793627e+02 1.314120290184849216e-01 2
13 -3.534353951790687347e+02 7.722931001044899268e-01 2
2 -4.655239957882223280e+03 8.416811867753043463e-01 4
23 -3.458773185810136965e+02 1.460660912664309419e-01 1
10 -3.667471972334277552e+02 8.462849108676491205e-01 2
29 -3.458422798389762534e+02 3.366574174345231540e-01 3
6 -6.994920933080225041e+02 2.590829522583282252e-01 2
29 -3.458426247669557370e+02 7.376092109207905700e-01 3
23 -3.458742041535664384e+02 6.073227409360940632e-01 1
21 -3.459290430380078760e+02 9.907429854656812918e-01 0
3 -6.994170526893845818e+03 9.214581969427321217e-01 2
29 -3.458424445601551724e+02 3.946643110523275766e-01 3
22 -3.458952822164094982e+02 5.721741005948385306e-01 1
20 -3.459669205141289012e+02 4.859652223913850100e-01 0
16 -3.459467759354130862e+02 2.787189445492110895e-01 0
18 -3.459164071325720897e+02 7.959553151451628228e-01 1
13 -3.539146373252061721e+02 5.082272519295223390e-01 4
6 -1.403566087612584397e+03 5.075962260566077022e-01 2
26 -3.458530406384398930e+02 6.991638142185481186e-01 0
8 -4.239416649883191894e+02 7.498408748309770555e-01 4
29 -3.458421479037926360e+02 3.031635481226709894e-01 3
3 -6.209572212918505102e+03 9.469237010369120355e-01 2
12 -3.589505644324177638e+02 6.737281856118112477e-01 4
11 -3.620669050236027147e+02 5.498652586246712826e-01 2
29 -3.458427764619198683e+02 2.584044337536339775e-01 3
9 -4.482215498151165320e+02 9.194834362932807759e-01 2
26 -3.458519055053893680e+02 9.582694001963553143e-01 0
17 -3.462446303490327182e+02 1.219850750097747627e-01 4
26 -3.458514869585791303e+02 5.742556467294628320e-01 0
15 -3.465655267109139572e+02 3.660059885820821091e-01 4
3 -5.557236954689358754e+03 2.600305999946641577e-01 2
0 -1.435317052945668111e+05 6.682941902821415425e-01 2
9 -3.540218015961687570e+02 7.817518534206491232e-02 4
13 -3.553934623142902183e+02 5.922368209639738978e-02 4
29 -3.458420467091556816e+02 4.758737155174105338e-01 3
24 -3.458676678513667184e+02 5.849153491879833799e-01 1
4 -3.294731418539481183e+03 8.717376577785092007e-01 2
12 -3.563769264690685645e+02 3.116857281080344655e-01 4
25 -3.458589064252040544e+02 4.625223926106514227e-01 0
25 -3.458586078270707844e+02 2.244504948682993217e-02 0
28 -3.458431313660060482e+02 9.088951049744617983e-01 3
8 -4.538951663705328770e+02 3.778909857583805376e-01 4
5 -1.469664079881641101e+03 6.639261684443908962e-01 4
23 -3.458809681504676519e+02 9.775611095187797250e-01 0
8 -5.756056934710833275e+02 7.583027414963391388e-01 4
25 -3.458536423924794008e+02 4.269928865640659765e-01 1
13 -3.521082141866347115e+02 5.884945887132360109e-01 4
19 -3.459872773732928408e+02 2.928264919465808358e-01 0
20 -3.460158254454279358e+02 8.035184395462992013e-01 1
29 -3.458404371481709063e+02 7.582139027138908860e-01 3
20 -3.460183172457343517e+02 3.091184553487984488e-01 0
28 -3.458432416654858343e+02 7.100504400207849898e-01 3
18 -3.459658613562977507e+02 3.531238506555023360e-01 0
1 -1.353171575624326215e+04 2.460690842392252442e-01 4
24 -3.458687773155999139e+02 5.634615779920628675e-01 1
1 -5.936789181011497931e+03 5.622869947122159928e-01 4
20 -3.460072994671360220e+02 4.114581659713543171e-01 0
27 -3.458476930486966125e+02 7.066451866968871398e-01 3
23 -3.458681078772984847e+02 3.142552541312748082e-01 1
21 -3.459372043517302586e+02 5.518496377078849768e-01 0
2 -7.391751183045809739e+03 1.087870250337001909e-01 2
5 -2.170821654614861927e+03 4.728891906154758518e-01 4
26 -3.458532004755906542e+02 9.371390732492216324e-01 1
26 -3.458536827397114166e+02 9.881872811088472375e-01 1
9 -4.568065649496379592e+02 9.228445888481948689e-01 4
17 -3.462141091403253768e+02 9.106990674222039672e-01 0
27 -3.458488389732519863e+02 6.596983309711773602e-02 1
16 -3.465004771297296315e+02 6.202862715706802810e-01 0
29 -3.458425374497257394e+02 7.918781227813493917e-01 3
15 -3.464467724128041937e+02 1.991986879639845165e-01 0
15 -3.471911370385551550e+02 5.319313575319672971e-01 0
8 -6.334255940841514985e+02 9.194702949802535663e-02 2
4 -3.133270327749320586e+03 6.179377514034289920e-01 4
0 -4.194070460321367864e+04 7.900627886053284143e-01 4
12 -3.602606827008257255e+02 2.953454536452498891e-01 2
28 -3.458443344509245208e+02 7.873362379279543743e-01 3
16 -3.462984891358306641e+02 6.347431934896894390e-01 0
13 -3.490235089359805443e+02 6.288530425754096376e-02 0
12 -3.571346819993025861e+02 9.084167419180760872e-01 0
27 -3.458483646892108823e+02 9.707177569418137253e-01 1
11 -3.547525386203425342e+02 3.807002967010575389e-01 0
13 -3.560088226222225103e+02 4.275563506892927634e-01 0
27 -3.458480385399806210e+02 8.374511627020646554e-01 1
29 -3.458425925736658542e+02 8.543769988776466207e-01 3
14 -3.475343861986669936e+02 1.240491259688899506e-01 0
14 -3.521402081136351399e+02 7.395638078307592567e-01 4
11 -3.688559941769148054e+02 7.199679995017781442e-01 4
4 -2.257295006774791545e+03 7.575132135550862733e-01 2
29 -3.458424955012679902e+02 9.615546451924422700e-01 3
27 -3.458469186502726984e+02 9.998467652935034700e-01 1
0 -2.642827214886312140e+04 1.813222192191848992e-01 2
27 -3.458491892253188098e+02 4.205093189142694032e-01 1
3 -2.531977360885472081e+03 9.290150739647605738e-01 2
27 -3.458485611600013954e+02 4.233753539523716913e-01 1
28 -3.458430225583855417e+02 1.107703056473184622e-01 3
27 -3.458486203917332773e+02 9.125803456670552594e-01 1
7 -6.541992548660350622e+02 8.942894769438349822e-01 2
13 -3.468795792111838523e+02 7.972349716424961263e-01 4
7 -9.934826378803858233e+02 7.818817256403642890e-01 2
29 -3.458426542350575232e+02 7.840556510424873116e-01 3
2 -8.139743579709595906e+03 2.822640334579706867e-02 0
26 -3.458536205419761700e+02 2.430802969788505297e-01 1
25 -3.458560448934123315e+02 3.824390524944689118e-01 1
24 -3.458695074445909654e+02 7.449372780619533119e-01 1
29 -3.458412672817921134e+02 3.202442156795015649e-01 3
28 -3.458441226045960661e+02 5.630104302801447469e-01 3
1 -8.932916530816064551e+03 9.993100060366906234e-01 2
3 -3.197877838367553977e+03 1.485294163681114554e-01 2
26 -3.458511587381897243e+02 9.912461074910287051e-01 1
27 -3.458467586536880845e+02 8.635750099726451356e-01 1
29 -3.458418110137679378e+02 1.590008889208877896e-01 3
27 -3.458481244785190256e+02 7.296087792912251402e-01 1
28 -3.458442704453078704e+02 3.509280004781561435e-01 3
29 -3.458422039812398907e+02 4.243329242435532611e-02 3
0 -9.012556017136693117e+04 3.114813764409782859e-01 0
28 -3.458437958804814798e+02 5.436002192715726211e-02 3
11 -3.692393932083860477e+02 6.959959028635346323e-01 2
13 -3.539127889559308642e+02 8.449092340410062629e-01 2
21 -3.458593545935682414e+02 1.444522297245516840e-01 1
9 -4.625309180190366192e+02 7.289694174655998449e-01 2
10 -3.928687822984766740e+02 2.794443144427507519e-01 0
21 -3.458721793040168109e+02 3.262702956092673467e-01 1
18 -3.462423381403250460e+02 9.733530762421060967e-01 4
18 -3.461303020960543790e+02 8.106992826627893445e-01 4
6 -1.461969790657817612e+03 3.262992921664022994e-01 0
4 -2.988145928160090079e+03 2.594487039744153289e-01 0
4 -1.071537449992491247e+03 8.202765437503778401e-01 0
23 -3.458791579449393794e+02 9.455338311727428113e-01 1
28 -3.458438409505823188e+02 8.693949112171327487e-01 3
13 -3.541855604995415092e+02 2.495660194096931128e-01 2
11 -3.642663094898276199e+02 5.373173402465987181e-01 2
20 -3.460023013930175466e+02 8.087198329002199815e-01 4
12 -3.535430982780969202e+02 1.633314182981780716e-01 2
25 -3.458594708532770028e+02 9.008399583611030881e-01 1
10 -3.481834845814976802e+02 4.179961490720923711e-01 0
22 -3.458996660160420333e+02 9.605805626923645812e-01 1
28 -3.458448384132450428e+02 6.167799439498834468e-01 3
19 -3.460734523557616740e+02 6.892388122349141222e-01 4
22 -3.458836383462592039e+02 6.789999642091679721e-01 1
24 -3.458636329569641248e+02 8.957785088328903966e-02 1
19 -3.460567865385938831e+02 4.436216832759338757e-01 0
8 -4.723462645012623966e+02 2.235160257049073895e-01 2
24 -3.458659709516215912e+02 7.286291108420344109e-01 4
16 -3.464790850864062577e+02 2.796654809580343959e-01 0
16 -3.462594235423716214e+02 1.671656429040235536e-01 0
15 -3.477757056564398681e+02 6.794733779905556270e-01 0
5 -1.086807645520751976e+03 6.081677645149299316e-01 2
14 -3.502148546843235408e+02 7.921037253584586879e-02 0
27 -3.458450611375155290e+02 4.756450160280556450e-01 3
6 -7.740719077385379023e+02 9.453361782071791897e-01 2
26 -3.458524355449072800e+02 4.249253491420930118e-01 1
12 -3.487827985711754195e+02 4.023267324865592021e-01 0
19 -3.460663795999028025e+02 5.784885978339937562e-01 4
8 -4.452097011236813842e+02 6.827217236356527552e-01 0
17 -3.463003187647822756e+02 4.126956338813654313e-01 4
18 -3.462392409834707792e+02 7.222773009857997861e-01 4
3 -6.120086304472240954e+03 9.104679078338302478e-01 2
22 -3.458883791443429345e+02 2.487434030449621469e-01 4
28 -3.458448084366470425e+02 8.271018639245625304e-01 3
22 -3.459061361149137497e+02 4.967964178214687720e-01 4
23 -3.458692999277357671e+02 6.094275202430963212e-01 4
7 -7.009702927098153395e+02 8.636047019164013738e-01 2
29 -3.458418813119659490e+02 7.635908447936143872e-01 3
27 -3.458486536989859701e+02 3.264857375453896204e-01 1
26 -3.458536965022277627e+02 2.538855532406806281e-01 4
29 -3.458414573688909854e+02 8.191187796999095383e-01 3
28 -3.458445476346249166e+02 9.982240693674049314e-01 3
7 -6.270638791649319046e+02 9.424495005428240590e-02 0
29 -3.458426581233173920e+02 3.497654117086312908e-02 3
29 -3.458425592509127000e+02 5.716910821914740204e-01 3
28 -3.458435106791989142e+02 4.739345120327450450e-02 3
7 -4.711236840396905450e+02 3.593423902295231898e-01 0
8 -4.679377325505854515e+02 2.712868023264558559e-02 2
7 -7.898869918738193974e+02 1.536428355068945595e-01 2
0 -4.158162390701592085e+04 2.097453109601675747e-01 0
6 -1.053160639255337856e+03 1.099892738206886128e-01 2
17 -3.461679092194007694e+02 4.703978314042123188e-01 1
20 -3.459951773652681482e+02 1.740247535278141855e-01 4
18 -3.461604806778593115e+02 2.771800704285693473e-01 4
16 -3.462546581197163391e+02 3.479829912976368789e-01 4
20 -3.459560020615504641e+02 8.307839672110589602e-01 4
27 -3.458472261972804063e+02 7.369641608222720075e-01 3
18 -3.462009498034346962e+02 8.661316468320924278e-01 4
19 -3.461011950262688970e+02 2.965709515399490570e-01 4
23 -3.458802666899934479e+02 7.450462500834932333e-01 3
3 -3.843137687244216067e+03 4.136985316132442136e-01 0
15 -3.462143588040341342e+02 2.635726463770805550e-01 4
17 -3.462304352444016331e+02 9.100393264138850746e-01 1
14 -3.480388676476781029e+02 6.448591827987399938e-01 4
2 -8.493162770413047838e+03 1.961175032713229349e-01 0
2 -7.196211791760424603e+03 5.929409852967992833e-02 0
15 -3.475873246978965199e+02 4.479092460456983171e-01 1
25 -3.458538115309071941e+02 2.822354105983047035e-01 3
6 -8.237851918323947302e+02 5.418998319136266728e-01 2
7 -7.664121531648102064e+02 4.538952149607143882e-01 2
22 -3.459058588216583985e+02 6.297596726619958396e-01 4
4 -3.631771230763392850e+03 4.089108625405460939e-01 0
