1.000000007779493494e+00 -4.325246474899659077e+00
1.000009655927459828e+00 -6.687832257555097470e-01
1.000092886319894570e+00 -3.174346889544903405e+00
1.000002225940201717e+00 -9.258762932664293288e+00
1.000065699430858102e+00 -5.505806095966343960e+00
1.000027194006121389e+00 -9.730696154890148719e+00
1.000006930036772879e+00 -3.711061305907282559e+00
1.000006930036772879e+00 -3.711061305907282559e+00
1.000000214898798756e+00 -4.188342061478884659e+00
1.000007185868180493e+00 -8.412661078040978069e+00
1.000025381123682111e+00 -1.663397658888216668e+00
1.000034079895031569e+00 -4.639219405903712179e+00
1.000014000230254219e+00 -3.265477213786232014e+00
1.000009465292465372e+00 -8.346457492939419964e+00
1.000034079895031569e+00 -4.639219405903712179e+00
1.000025055945595875e+00 -4.918230712836834329e+00
1.000001252565789089e+00 -7.961057510318436670e-01
1.000000402721381354e+00 -5.262922328406039796e+00
1.000034300136977805e+00 -2.578681836688873297e+00
1.000031346326537562e+00 -9.340574336985385528e+00
1.000021263198926702e+00 -1.262638790932854249e+00
1.000006665026871744e+00 -4.060820505353113674e+00
1.000000221258694033e+00 -9.976665015490446820e+00
1.000010884783914422e+00 -2.955938754915627520e+00
1.000023343126602793e+00 -5.908342445730678349e+00
1.000013473556819577e+00 -8.104872764466277246e+00
1.000001785600887150e+00 -8.992735350099604119e+00
1.000165197459304878e+00 -5.660870959043713846e+00
1.000094124917746852e+00 -9.923810226395548995e+00
1.000034079895031569e+00 -4.639219405903712179e+00
1.000031346326537562e+00 -9.340574336985385528e+00
1.000043477297196892e+00 -5.223958630266455572e+00
1.000062802834130959e+00 -6.617492968213262827e+00
1.000018170688890873e+00 -9.776118776527413345e+00
1.000018866835003406e+00 -6.862746201306109128e-01
1.000018133845861357e+00 -2.597934358666218913e+00
1.000193935282616575e+00 -9.663091127915580003e+00
1.000062802834130959e+00 -6.617492968213262827e+00
1.000000154642211037e+00 -8.567447344886840455e+00
1.000010007741857665e+00 -5.529029599788113813e+00
1.000016934410047131e+00 -3.838335027235559416e+00
1.000034079895031569e+00 -4.639219405903712179e+00
1.000021263198926702e+00 -1.262638790932854249e+00
1.000005413183115532e+00 -5.985964909508575182e+00
1.000041835785163036e+00 -2.744040798841346884e+00
1.000014669008926216e+00 -4.020919032264209214e+00
1.000026180117788988e+00 -9.394261883136380220e+00
1.000071268775329925e+00 -3.634192444413910650e+00
1.000000941748373950e+00 -4.287310173236079436e+00
1.000016785791434160e+00 -2.012792128373472877e+00
1.000000854990355181e+00 -5.395920723226848459e+00
1.000022630387534139e+00 -9.062585150514767207e+00
1.000007185868180493e+00 -8.412661078040978069e+00
1.000009655927459828e+00 -6.687832257555097470e-01
1.000018778425292298e+00 -3.231096365522640568e+00
1.000034300136977805e+00 -2.578681836688873297e+00
1.000018866835003406e+00 -6.862746201306109128e-01
1.000011365201798785e+00 -6.973893719429874238e+00
1.000019792230073090e+00 -2.476993814241105873e+00
1.000006930036772879e+00 -3.711061305907282559e+00
1.000021263198926702e+00 -1.262638790932854249e+00
1.000008872624069012e+00 -9.372802231774461035e+00
1.000077084582176035e+00 -4.427783115588504792e+00
1.000026180117788988e+00 -9.394261883136380220e+00
1.000004220338076788e+00 -4.075223734805895504e+00
1.000014669008926216e+00 -4.020919032264209214e+00
1.000047332845602766e+00 -4.539282658882711985e+00
1.000058197643032942e+00 -2.846111636735948913e+00
1.000034079895031569e+00 -4.639219405903712179e+00
1.000034300136977805e+00 -2.578681836688873297e+00
1.000012591015466912e+00 -2.163871961158499779e+00
1.000018734684416710e+00 -8.863869450358485835e+00
1.000131134227926655e+00 -3.443292284949484916e+00
1.000001740124045080e+00 -1.655760405421638382e+00
1.000068120503742941e+00 -8.670056538318481998e+00
1.000012591015466912e+00 -2.163871961158499779e+00
1.000043477297196892e+00 -5.223958630266455572e+00
1.000088400331311300e+00 -9.744552311350652474e+00
1.000003942266181500e+00 -2.532787499841441914e+00
1.000004038742305479e+00 -3.052721149472420237e+00
1.000081374695918512e+00 -4.811562782655663284e+00
1.000014669008926216e+00 -4.020919032264209214e+00
1.000018054062844275e+00 -4.161761869957845583e+00
1.000004038742305479e+00 -3.052721149472420237e+00
1.000018778425292298e+00 -3.231096365522640568e+00
1.000018734684416710e+00 -8.863869450358485835e+00
1.000018734684416710e+00 -8.863869450358485835e+00
1.000193935282616575e+00 -9.663091127915580003e+00
1.000065699430858102e+00 -5.505806095966343960e+00
1.000004038742305479e+00 -3.052721149472420237e+00
1.000037428480413437e+00 -1.927391067608212438e+00
1.000001203781059278e+00 -3.578731451518931905e+00
1.000027194006121389e+00 -9.730696154890148719e+00
1.000018734684416710e+00 -8.863869450358485835e+00
1.000011983946434979e+00 -4.649049469289428416e+00
1.000014000230254219e+00 -3.265477213786232014e+00
1.000026180117788988e+00 -9.394261883136380220e+00
1.000047332845602766e+00 -4.539282658882711985e+00
1.000023528763396286e+00 -4.873959126865051061e+00
1.000001674036000932e+00 -5.816610405370820303e+00
1.000003942266181500e+00 -2.532787499841441914e+00
1.000012591015466912e+00 -2.163871961158499779e+00
1.000002111563527141e+00 -4.346113068019619163e-02
1.000004215334868052e+00 -3.796511787366386059e+00
1.000007429167957484e+00 -1.827639653199993219e+00
1.000003267389435901e+00 -1.729540541327486025e+00
1.000018866835003406e+00 -6.862746201306109128e-01
1.000067596763842825e+00 -2.944743061347754320e+00
1.000010884783914422e+00 -2.955938754915627520e+00
1.000025055945595875e+00 -4.918230712836834329e+00
1.000013558277583536e+00 -5.155330617348807820e+00
1.000018133845861357e+00 -2.597934358666218913e+00
1.000023343126602793e+00 -5.908342445730678349e+00
1.000062802834130959e+00 -6.617492968213262827e+00
1.000022630387534139e+00 -9.062585150514767207e+00
1.000009590457294095e+00 -6.381429156526261082e+00
1.000065699430858102e+00 -5.505806095966343960e+00
1.000026180117788988e+00 -9.394261883136380220e+00
1.000011422402010242e+00 -5.305087479518756588e+00
1.000018734684416710e+00 -8.863869450358485835e+00
1.000018054062844275e+00 -4.161761869957845583e+00
1.000115830677819284e+00 -9.878799137672254815e+00
1.000003701066284556e+00 -9.901262589453777352e+00
1.000001737384820455e+00 -1.617428720010591903e+00
1.000016949312511283e+00 -6.622457699631193684e+00
1.000068256450781456e+00 -3.641038465003727964e+00
1.000025469896634434e+00 -7.111786641520687624e+00
1.000023343126602793e+00 -5.908342445730678349e+00
1.000009986064968270e+00 -8.041428079145852337e+00
1.000027028827477071e+00 -9.059349471473145954e+00
1.000001340454987453e+00 -9.735797255116963811e+00
1.000059450887628154e+00 -3.142504602312449435e+00
1.000002111563527141e+00 -4.346113068019619163e-02
1.000001340454987453e+00 -9.735797255116963811e+00
1.000010007741857665e+00 -5.529029599788113813e+00
1.000000598370180294e+00 -8.656325250197228982e+00
1.000028149714224490e+00 -8.151352764048889199e+00
1.000000719642909708e+00 -1.866238958597072894e-01
1.000025055945595875e+00 -4.918230712836834329e+00
1.000018720875853528e+00 -6.259062258836673109e+00
1.000094124917746852e+00 -9.923810226395548995e+00
1.000027194006121389e+00 -9.730696154890148719e+00
1.000028149714224490e+00 -8.151352764048889199e+00
1.000011422402010242e+00 -5.305087479518756588e+00
1.000006899160050367e+00 -3.922612272847612047e+00
1.000044838828478388e+00 -1.566622849859326649e+00
1.000025381123682111e+00 -1.663397658888216668e+00
1.000018133845861357e+00 -2.597934358666218913e+00
1.000021263198926702e+00 -1.262638790932854249e+00
1.000065699430858102e+00 -5.505806095966343960e+00
1.000054019352461632e+00 -1.954129183597881791e+00
1.000016785791434160e+00 -2.012792128373472877e+00
1.000020703613377027e+00 -6.039336866865731679e+00
1.000014669008926216e+00 -4.020919032264209214e+00
1.000022653604610623e+00 -7.235364098012279754e+00
1.000006585289118677e+00 -9.641946689587836516e+00
1.000050588519954431e+00 -7.191159546624499299e+00
1.000022630387534139e+00 -9.062585150514767207e+00
1.000062802834130959e+00 -6.617492968213262827e+00
1.000004154161604708e+00 -8.908976880568278744e+00
1.000004026189536877e+00 -9.086172209343502004e+00
1.000037428480413437e+00 -1.927391067608212438e+00
1.000005055755798677e+00 -6.553934799752385132e+00
1.000003942266181500e+00 -2.532787499841441914e+00
1.000018734684416710e+00 -8.863869450358485835e+00
