-1.929568252547366214e+01 2.736819501298048962e-01
-1.929691554987092417e+01 2.743800042634483849e-01
-1.929539113825243035e+01 2.790165999734072755e-01
-1.929581613348865687e+01 2.742467249484679126e-01
-1.929267258807365337e+01 2.811142452332922037e-01
-1.928960459948548944e+01 2.810530785742774706e-01
-1.929806261995645400e+01 2.809235353975810812e-01
-1.929806261995645400e+01 2.809235353975810812e-01
-1.929386197750420706e+01 2.794212492255165325e-01
-1.929129116862994664e+01 2.842105932311322913e-01
-1.929568252547366214e+01 2.736819501298048962e-01
-1.929101277011807269e+01 2.903439206960167773e-01
-1.929791970083350350e+01 2.738229537540546321e-01
-1.929494735983554321e+01 2.781965119771217521e-01
-1.929806261995645400e+01 2.809235353975810812e-01
-1.930041461953996418e+01 2.721811711158852454e-01
-1.929337992457023176e+01 2.738065301700511878e-01
-1.929433837235944438e+01 2.781856376686798749e-01
-1.928781742475186434e+01 2.854627531434399401e-01
-1.928960459948548944e+01 2.810530785742774706e-01
-1.928606702822747465e+01 2.879923371595362047e-01
-1.929159729555810188e+01 2.841361817865029060e-01
-1.929367520510466250e+01 2.824524879234691643e-01
-1.929064977473896647e+01 2.734563721093755118e-01
-1.928781742475186434e+01 2.854627531434399401e-01
-1.928145414363363130e+01 3.005562754294647254e-01
-1.929405695030827061e+01 2.826563255226676730e-01
-1.929216334971917135e+01 2.944904796293346116e-01
-1.929539113825243035e+01 2.790165999734072755e-01
-1.929127673812981314e+01 2.819001670358742828e-01
-1.929040373413605991e+01 2.834433152346059748e-01
-1.928606702822747465e+01 2.879923371595362047e-01
-1.928779050509692539e+01 2.836223473083305802e-01
-1.928960459948548944e+01 2.810530785742774706e-01
-1.929618412747288758e+01 2.848785055989423998e-01
-1.929053724492499455e+01 2.852089162949090762e-01
-1.929092962774106468e+01 2.797361711964764242e-01
-1.929337992457023176e+01 2.738065301700511878e-01
-1.929568252547366214e+01 2.736819501298048962e-01
-1.929695748319914372e+01 2.707808554039179416e-01
-1.928706524627281738e+01 2.831604083191556764e-01
-1.929581613348865687e+01 2.742467249484679126e-01
-1.929091190333146955e+01 2.891130570680152112e-01
-1.928822854127517061e+01 2.851346028595250215e-01
-1.928567510761611459e+01 2.872910511208432438e-01
-1.930041461953996418e+01 2.721811711158852454e-01
-1.929534696787253978e+01 2.818294561395651154e-01
-1.928790409679803020e+01 2.869279782934889278e-01
-1.929490938263650435e+01 2.775490621725262841e-01
-1.929386197750420706e+01 2.794212492255165325e-01
-1.928779050509692539e+01 2.836223473083305802e-01
-1.928411476099758914e+01 2.966546264075038963e-01
-1.929513935801544022e+01 2.803216337080259302e-01
-1.929534696787253978e+01 2.818294561395651154e-01
-1.929695748319914372e+01 2.707808554039179416e-01
-1.929101537334813443e+01 2.839100508455915106e-01
-1.929091190333146955e+01 2.891130570680152112e-01
-1.929297545322192775e+01 2.880053910966471342e-01
-1.929064977473896647e+01 2.734563721093755118e-01
-1.928822854127517061e+01 2.851346028595250215e-01
-1.928617835596667973e+01 2.947574533500175731e-01
-1.929400449491811642e+01 2.917051490196786445e-01
-1.929497691794004410e+01 2.805116299221950271e-01
-1.929688367930071990e+01 2.781654958779750664e-01
-1.929480879616050970e+01 2.792787305323941593e-01
-1.929799671010158946e+01 2.833074946550508955e-01
-1.929172891606130591e+01 2.864923806204726087e-01
-1.928828879544792230e+01 2.890744562653006500e-01
-1.928927396382307080e+01 2.894449955185545154e-01
-1.928790409679803020e+01 2.869279782934889278e-01
-1.928986907270879314e+01 2.892124023045536951e-01
-1.929297545322192775e+01 2.880053910966471342e-01
-1.930041461953996418e+01 2.721811711158852454e-01
-1.929297545322192775e+01 2.880053910966471342e-01
-1.928909635577218395e+01 2.915793765096211243e-01
-1.929463524578378042e+01 2.776343231639123443e-01
-1.929433837235944438e+01 2.781856376686798749e-01
-1.928567510761611459e+01 2.872910511208432438e-01
-1.929501218913745220e+01 2.776342108073113213e-01
-1.929806261995645400e+01 2.809235353975810812e-01
-1.929367520510466250e+01 2.824524879234691643e-01
-1.929851399163354131e+01 2.789136293308642767e-01
-1.928617835596667973e+01 2.947574533500175731e-01
-1.929236979087665205e+01 2.840334142701761433e-01
-1.929337992457023176e+01 2.738065301700511878e-01
-1.929290881668425683e+01 2.786761122785029188e-01
-1.929171622347670123e+01 2.846899941044044868e-01
-1.929688367930071990e+01 2.781654958779750664e-01
-1.928846341464627656e+01 2.914626900410238197e-01
-1.929172891606130591e+01 2.864923806204726087e-01
-1.929297545322192775e+01 2.880053910966471342e-01
-1.929581613348865687e+01 2.742467249484679126e-01
-1.929165089341127270e+01 2.851989112500172285e-01
-1.930063552263042226e+01 2.682506843304743871e-01
-1.928697185892336208e+01 2.882276032368073504e-01
-1.928145414363363130e+01 3.005562754294647254e-01
-1.928398232604107676e+01 3.003726421288158144e-01
-1.929172891606130591e+01 2.864923806204726087e-01
-1.929101277011807269e+01 2.903439206960167773e-01
-1.929283624591903035e+01 2.855517829563744003e-01
-1.929574140755857314e+01 2.734112353284088859e-01
-1.928843954886873391e+01 2.890741484229242264e-01
-1.929068267089131083e+01 2.830125255787757088e-01
-1.929688367930071990e+01 2.781654958779750664e-01
-1.928781742475186434e+01 2.854627531434399401e-01
-1.928617835596667973e+01 2.947574533500175731e-01
-1.928732589532537034e+01 2.913375103650161502e-01
-1.928998820504032352e+01 2.834865103213088378e-01
-1.929367520510466250e+01 2.824524879234691643e-01
-1.928942858384059278e+01 2.880880351084595947e-01
-1.929157822203828587e+01 2.865788278964307434e-01
-1.928566647206789852e+01 2.983689506592729357e-01
-1.929325552420270284e+01 2.825957974535336370e-01
-1.928909635577218395e+01 2.915793765096211243e-01
-1.929754923385163679e+01 2.749204800323474251e-01
-1.929325552420270284e+01 2.825957974535336370e-01
-1.928567510761611459e+01 2.872910511208432438e-01
-1.929033877079118398e+01 2.884529943970489674e-01
-1.929792200355013065e+01 2.731758577801405852e-01
-1.929695748319914372e+01 2.707808554039179416e-01
-1.929802707677811568e+01 2.677561104220446686e-01
-1.929144922211280644e+01 2.818307418103682127e-01
-1.929179037952343378e+01 2.836780143232250362e-01
-1.928909635577218395e+01 2.915793765096211243e-01
-1.928706524627281738e+01 2.831604083191556764e-01
-1.928960459948548944e+01 2.810530785742774706e-01
-1.929691554987092417e+01 2.743800042634483849e-01
-1.929095124857023436e+01 2.855400625298383788e-01
-1.929754923385163679e+01 2.749204800323474251e-01
-1.928843954886873391e+01 2.890741484229242264e-01
-1.929709390364743626e+01 2.658276422514818105e-01
-1.929851399163354131e+01 2.789136293308642767e-01
-1.929791970083350350e+01 2.738229537540546321e-01
-1.929053724492499455e+01 2.852089162949090762e-01
-1.929337992457023176e+01 2.738065301700511878e-01
-1.928843954886873391e+01 2.890741484229242264e-01
