0.000000000000000000e+00
5.343398119448172322e-199
1.609119982776802495e-152
0.000000000000000000e+00
3.630440083685835503e-31
3.650706414941360224e-04
3.506725120933313896e-12
2.249036226433938394e-319
1.606021721431767635e-02
2.504588967937612654e-01
5.823111881697968784e-01
6.848075640903474870e-01
3.359646391720476500e-322
0.000000000000000000e+00
7.953990475013871173e-43
4.396835160747648019e-01
2.613034230082931786e-01
3.145832116726469119e-01
3.572068459969715004e-01
8.858403202791013254e-39
2.654313306594223709e-01
4.460945367271547113e-01
5.938590078937805883e-25
3.296519438952356107e-01
2.891797191981695381e-01
1.483116779637795035e-01
1.540792423596153855e-08
0.000000000000000000e+00
2.634680853428479907e-01
7.567728201813119782e-01
4.058976690475591953e-01
1.656951458567785529e-01
3.826716896528810363e-02
1.884518510305831240e-04
6.567414563421126728e-01
2.499889358665232930e-01
1.883764734012897679e-01
3.502231362012901417e-01
3.671438937585558282e-02
1.073275163680640567e-07
1.052551074498726674e-01
5.707259293982643866e-01
1.835184770682662392e-01
1.129313284751352203e-01
6.016834219331290940e-271
1.852013604491497582e-20
3.975864364183727684e-01
1.664757211543929361e-01
1.029482999400975762e-01
2.122574526002372203e-03
1.839497063741667993e-01
3.783901659772437309e-02
9.824317364465011415e-02
1.374215634390514541e-03
0.000000000000000000e+00
1.857828825747072643e-01
1.713888789794908996e-01
1.370160304864835170e-07
3.000607565214354516e-15
3.501112786811423974e-03
3.876440116111955492e-01
2.165423654123448474e-04
3.081605724072164108e-05
4.714864315352492851e-04
3.507216252755299395e-03
3.079447325587688044e-05
1.312558032703947222e-05
3.491332702230004817e-03
4.715058018895958961e-04
1.111834992476727346e-01
8.346011372851940696e-03
3.080950015649974911e-05
1.312537436735772872e-05
1.312234197629444764e-05
2.469798543361018117e-01
2.166193286010760987e-04
3.985279468533585723e-01
1.811263780512172261e-30
2.168264879100558233e-04
0.000000000000000000e+00
1.312677933021985886e-05
2.165843416748892264e-04
1.978270014309181045e-06
8.363469922494698795e-07
3.080514523245545027e-05
2.432422572859873151e-07
2.432496865346288629e-07
1.978175583963171343e-06
5.658381994471144519e-67
1.696782799978564515e-01
1.725993130967653499e-01
2.165488991127057839e-04
5.591482613671312165e-08
1.312537145500541344e-05
1.312431077651831638e-05
5.591492655844482947e-08
2.896615796448170355e-01
2.432553921906829281e-07
2.432544168032012050e-07
7.652060058673790837e-09
1.226721933927187132e-07
9.309620875544295515e-01
1.971142196673924207e-08
1.743549715701958602e-01
2.166096655575329270e-04
1.977984387236058513e-06
2.232868991503823672e-09
2.432459462572663218e-07
4.711120925406474388e-04
2.232867821627310529e-09
1.971131936619703218e-08
6.870942849373004471e-10
3.489131549244292325e-03
7.652067694830814055e-09
1.312411122272057654e-05
6.870971315726019390e-10
5.591445672554228376e-08
2.232874539964322794e-09
1.226702684080414649e-07
8.697115084165258723e-09
6.870934065035530907e-10
2.232864412841523065e-09
8.697107652960157269e-09
1.702903022881274431e-01
3.485455167070523799e-03
2.232878692242091665e-09
2.920130073750722421e-01
5.484033429614568883e-02
1.226729684451736427e-07
2.232877059174344275e-09
6.870952233304739312e-10
3.740533177441126428e-02
6.870949062580460529e-10
8.697067811358652428e-09
1.011091291788566188e-32
8.697065748136344218e-09
1.226695127924825986e-07
3.079796294315895048e-05
2.618322828746117922e-03
2.432505976412848388e-07
4.156160211087887579e-01
5.108129679593300665e-01
3.286738270270532936e-03
1.849884830518831735e-01
4.713906634000863006e-04
1.080991500194029981e-01
4.896194377648586512e-55
3.818390516405571755e-02
3.044527095953809548e-01
3.079605792565801199e-05
3.079081929159153459e-05
0.000000000000000000e+00
1.377229196931350130e-03
4.712089399491582536e-04
1.380416704621010389e-03
3.078499319528637168e-05
2.479663857297581542e-01
1.978094426215686419e-06
1.226693805942898303e-07
8.363374101846186774e-07
5.305906865938295747e-01
1.181814752030616904e-109
1.978156305574700595e-06
5.269519897009068099e-06
3.493626744858842250e-03
1.372485485653391962e-03
8.431958563977765345e-03
3.288050602351849649e-01
7.133894009110350320e-02
1.426321877214944966e-02
1.971117933242242228e-08
7.652063720988348244e-09
2.232879705470629865e-09
2.951046263506802436e-01
1.978016405139770662e-06
9.465418879421645026e-23
6.870953386256941701e-10
4.716980278989476878e-04
1.071175678596140148e-26
1.868050215878660214e-01
1.031839549545458534e-01
5.270302239344985865e-06
8.363259621843928143e-07
1.372612534385737101e-03
8.297408594873219023e-01
2.432464942056998851e-07
1.372012857455221120e-03
3.498958144661130226e-03
1.224705063608771973e-65
2.232866067918244512e-09
1.374219123707842022e-03
8.382674050405394817e-03
3.498201622103512820e-01
3.180866391981263530e-01
1.755092361302699466e-01
3.080658079205494167e-05
1.226717779798195892e-07
6.870951598483067421e-10
6.870950655650673153e-10
2.726378362008128058e-30
1.971144839132608578e-08
1.375160073414128130e-03
2.232876509216591935e-09
2.546353115830438260e-59
2.998772967351504559e-01
1.378432155442172553e-03
8.363289824935908063e-07
1.086881289031820241e-01
3.489690858273233887e-03
2.432454512802356362e-07
7.652031127199110985e-09
0.000000000000000000e+00
2.432546880348141889e-07
4.716731385330023255e-04
2.232870550365013022e-09
6.870979226335392469e-10
2.271241187687928365e-03
1.361349053912784338e-05
3.927729155612881273e-01
8.363324763007631954e-07
1.688585681087878820e-01
2.135113773394500813e-01
2.071251843294719943e-04
0.000000000000000000e+00
1.372166092740953990e-03
2.162420718590905986e-11
2.432486440983131709e-07
1.078896238831804910e-01
1.978239152197077997e-06
1.971132876920366796e-08
0.000000000000000000e+00
5.591458795453720966e-08
1.971117343302450697e-08
2.432430446463233856e-07
2.660977716774599600e-01
1.677871395424728462e-01
4.429216512379727799e-01
4.512313864053792905e-131
3.674902913338968374e-02
3.497212120395706836e-03
8.697078954140647351e-09
1.312410539572660396e-05
1.978012239849620194e-06
2.432440242153140135e-07
1.978043812426228733e-06
8.089822642539859788e-108
5.270308463662268868e-06
5.270100229135130169e-06
0.000000000000000000e+00
1.265907054356708149e-18
6.870985139236167910e-10
8.697086677330037893e-09
2.757944157905586088e-04
6.870950637659924964e-10
4.095831723180549111e-01
1.986375911080576925e-32
8.380192548722641827e-03
4.592892949510443690e-01
2.170234088003692059e-04
3.078530205986985095e-05
1.380381165348356720e-03
7.652058370370827260e-09
1.312254464974350584e-05
1.108370559869264887e-01
1.377920044509302637e-03
3.802274240976141750e-01
2.166569214026450938e-04
2.748891647111150523e-03
2.057052562072305535e-214
1.000000000000000000e+00
2.232872286538594102e-09
1.624496363057995292e-69
1.312337489730494657e-05
5.014952821313281952e-241
1.971136581300728056e-08
1.978121148769817228e-06
6.093584957505545630e-01
1.667985352155019474e-01
8.414053522081983011e-03
3.589335916622860556e-01
1.042395902604397323e-01
1.047100174070893785e-01
8.363432226810740182e-07
1.921736241064853912e-01
2.170254984117182047e-04
1.312452645483774853e-05
3.806824789766730804e-02
3.813089601509652565e-02
1.373262726391921967e-03
7.400067761538011227e-03
1.971129396925035287e-08
6.870968011501810436e-10
6.870949776000637769e-10
2.432463913348915706e-07
1.029705331961821152e-01
8.697122740224515486e-09
0.000000000000000000e+00
3.235789962188628244e-01
2.143394352631238786e-01
1.978148033917678274e-06
4.120926362933027940e-04
2.166618252655075339e-04
3.499310997312657205e-03
2.432429920140242720e-07
3.641437616712964176e-01
1.004078328106209440e-08
8.697127511359946971e-09
4.254025623295595064e-09
0.000000000000000000e+00
3.171920879233690278e-17
3.658294061193997360e-01
1.050669669232179164e-22
6.515604997347129930e-08
1.971149992100495049e-08
5.636960812806673937e-01
3.123808030879152153e-01
3.695250098858299942e-02
3.027726264491151786e-01
7.652039617070846268e-09
1.033728677978262289e-01
8.417386518705731735e-01
6.870984937135186165e-10
6.870948409050864518e-10
2.830670438891452756e-01
1.491638695002752146e-01
2.232882205045649251e-09
8.363327966123951890e-07
2.232867016113930634e-09
2.165985655557185513e-04
1.088914095240718777e-01
1.312793407542604589e-05
1.978300043705438284e-06
4.711544138743570362e-04
8.914510189631230641e-143
2.693451182627434881e-01
2.165929252505607004e-04
3.079628169989042562e-05
1.374931207705915211e-03
2.169021093273815844e-04
1.978386243940940260e-06
9.540958069720810898e-08
8.363007077388717779e-07
1.605107645753529529e-25
1.978222517905005801e-06
3.157541219774829822e-01
1.971116445821366253e-08
6.870942086398297889e-10
2.232866907353314087e-09
1.971145834888633363e-08
8.363014964854523348e-07
8.697106260212208072e-09
2.261851357605835350e-48
5.591411965868829771e-08
8.354264818690631048e-03
6.870951294434965142e-10
1.068077300176354383e-01
7.652062687924633551e-09
1.312750334536018197e-05
1.977993511222778794e-06
2.995107116611959164e-01
3.212775214614113084e-01
1.226712556292730840e-07
2.170471104654207435e-04
5.185853817755011752e-01
1.978415074132009901e-06
1.978070022311271536e-06
4.874440838716791208e-59
3.706961872342180025e-02
3.490584113508186058e-03
4.711038169043618154e-04
2.168019061523613982e-04
3.079118729980372229e-05
4.037883724766855408e-08
0.000000000000000000e+00
3.690736920122642678e-02
3.961528310158435873e-01
5.125166440260388845e-76
1.742127665085727861e-01
1.768070139679610575e-01
1.978284471143129374e-06
0.000000000000000000e+00
1.938309403711203829e-27
5.289725322339154934e-01
3.499240723442327838e-01
3.681014200358036226e-02
3.499320296138216154e-03
1.052340714511612457e-01
1.635724467398272930e-01
1.978400648610285758e-06
2.949520244592950258e-01
3.515294182412640467e-01
1.978086464965854925e-06
1.051294319391310461e-01
6.870971881030479277e-10
2.967492814754974046e-05
2.889009304340596013e-213
0.000000000000000000e+00
1.808569578725711668e-01
0.000000000000000000e+00
6.870944832868375812e-10
6.318179047548259130e-17
2.061883995821550091e-07
1.162829007444733771e-14
1.978376572603461970e-06
3.665632422913260302e-01
2.184870868370376515e-02
8.697077443263736324e-09
3.690547091118480116e-01
2.164993020965713796e-04
3.078688165051928042e-05
1.971125181423819154e-08
4.081980426537349382e-01
5.269881662648347722e-06
2.168203761205277362e-04
3.078914510091054795e-05
5.269729103566955502e-06
3.079318914501162564e-05
6.870938905609475813e-10
2.232875556827611305e-09
5.591427874895024721e-08
1.971140119654635133e-08
1.372269523533304995e-03
2.432560930924469074e-07
8.362936768131548852e-07
2.232876288783937445e-09
5.269423380639739002e-06
1.080765511333898338e-01
1.943800845577297320e-01
4.711165520463157178e-04
4.711681867138494588e-04
2.232869636880254832e-09
2.232870316862822962e-09
1.978121082810318081e-06
7.652029432046137370e-09
1.978093377367674312e-06
2.908318262676367330e-55
1.971131946590329541e-08
2.232882023306934654e-09
3.019389931989298614e-01
7.652081169525095291e-09
1.226704656386449142e-07
4.016639967762471453e-01
0.000000000000000000e+00
1.266066895953809664e-48
8.014748142216219760e-86
3.080127015926308932e-05
1.978266540274498326e-06
2.432559343117637542e-07
8.362683607561874362e-07
8.363225682879635265e-07
1.267740614775191402e-05
1.918255436644537848e-01
3.311197267963301993e-02
8.374538793691314875e-03
3.109992956714047740e-01
8.363206419767212715e-07
2.165002778540669342e-04
3.891737922219371763e-03
1.353327080876748183e-02
1.374346457941374956e-03
8.327274813300098236e-03
1.859932615482053631e-01
6.870936770735351921e-10
4.710913860495195881e-04
1.153926959288068872e-04
2.403551108968010586e-04
6.158978144079741979e-01
8.697117334430302171e-09
1.057244320200945026e-01
6.870939237309612822e-10
2.232883115983347108e-09
2.232866654887697051e-09
2.557052063026428179e-01
2.432485378765019096e-07
3.667539034363649919e-01
5.457763009336501648e-04
1.971133294688933738e-08
2.432437240576770233e-07
2.432448922817798671e-07
1.312711148177276732e-05
5.269496171213489457e-06
9.263506927921442147e-01
1.740262376011601220e-01
1.956686749227673217e-01
1.685449542176322146e-01
3.737659108226201038e-02
3.081575278579528341e-05
5.219746620234279080e-227
4.488014442027839918e-03
1.733705131990677939e-01
3.078802861937939917e-05
3.072605555355670814e-01
1.764867409544991494e-01
8.420029794894440950e-03
7.363292780293443154e-04
3.501223579576094071e-03
3.727837498906888536e-01
0.000000000000000000e+00
1.312270301606218798e-05
0.000000000000000000e+00
3.684695793637560168e-01
1.037416950941509042e-01
1.978249555852571957e-06
0.000000000000000000e+00
1.421953238330819279e-32
3.782223789097625966e-02
5.591488256379372925e-08
4.715112343508249117e-04
0.000000000000000000e+00
0.000000000000000000e+00
0.000000000000000000e+00
5.591448744514709445e-08
1.765475435753243629e-17
1.376736225913931903e-08
2.205763330961968137e-107
2.902658170123423864e-01
2.560494088521749201e-01
7.652060696712384674e-09
8.407831014368465777e-03
3.286787259293485475e-01
3.623131706370371630e-01
8.435170471901981548e-03
3.746348715033138294e-02
2.704274791771595909e-01
4.047668619780986354e-01
2.686966830572120046e-01
1.038347682877137912e-01
5.270226705841284719e-06
1.014607000496987430e-35
3.484467914116362672e-03
2.844679760956659309e-01
8.351749464978942827e-03
2.232864362059626026e-09
6.870933014140639850e-10
3.506717859556180046e-03
2.232878448170305611e-09
5.270033477040458253e-06
6.870949953364724358e-10
1.978035398008158017e-06
1.971141609374864430e-08
5.270359711692278800e-06
8.697070297386485763e-09
2.432424863097256618e-07
2.432534425735511050e-07
1.226727739371414502e-07
1.971141539768823568e-08
1.971117657866373338e-08
6.870942839566626315e-10
6.870932671041315003e-10
3.201307433650395673e-04
5.269817535875365042e-06
6.870950665359811058e-10
2.232878043853157636e-09
5.269656028743400025e-06
3.293553280444003750e-01
8.362721722085273364e-07
3.566841475139975737e-01
6.870979278820962898e-10
2.232879092441546131e-09
1.887262564086052696e-01
1.978031981639863747e-06
5.591467373960984634e-08
8.363478746103563366e-07
2.432562755661459788e-07
6.870943584474525451e-10
3.080398449276556557e-05
5.269426479295115513e-06
6.870946374522444665e-10
8.425330167324813699e-03
1.226725263121852197e-07
8.362773489349919552e-07
1.978283621792859218e-06
5.269629502075397783e-06
1.971133064550364203e-08
1.971126566059667310e-08
2.232875597903608852e-09
1.375860921598024474e-03
1.971145257483216195e-08
0.000000000000000000e+00
1.889724063898485137e-294
2.232868630660580504e-09
2.232877187564690052e-09
3.497893086349063933e-03
2.169275043550632253e-04
9.623917756786666555e-02
8.412857784960174265e-03
8.352179548086484161e-17
8.415311734792450815e-03
3.279254981970987637e-01
2.170852021740066477e-04
1.971136672823156814e-08
1.878069892996369078e-08
3.079906006475888604e-05
1.150353204360941341e-23
6.104214533002921696e-69
0.000000000000000000e+00
1.978088657387928383e-06
2.381332066582562281e-33
8.363303280052750538e-07
3.079846640610450553e-05
5.042342176816448918e-01
3.237010941961208921e-02
4.583517642139927489e-02
2.858685460362856692e-86
1.376838535510155120e-03
1.378030841879901870e-03
3.078767190027439308e-05
8.392189527294277238e-03
2.701863632045037877e-01
5.648663352490480571e-01
1.851045863525411714e-02
1.488271573244904675e-12
0.000000000000000000e+00
1.491891534462231436e-82
1.649334642148604248e-53
1.254807360987562903e-03
1.241753336593067506e-23
2.798091201930743566e-01
8.697073433196981736e-09
4.317283425539384425e-234
1.685913702568868881e-71
1.102959016260678603e-04
1.300384385167187208e-106
0.000000000000000000e+00
1.376392911046347457e-03
5.591483534797381219e-08
2.432427382274010086e-07
1.312383471075068162e-05
1.021484868974151666e-01
3.079335991799230247e-05
1.855652594772386754e-01
8.393958695452650304e-03
4.715523980380376709e-04
1.372023559279124741e-03
3.503612155702609358e-03
3.845742348400046917e-01
5.269538280251333373e-06
8.697087781493969494e-09
5.591453630914292409e-08
3.715217469337670636e-02
3.789575254948431698e-02
1.570305893478728411e-31
9.967562985861660570e-11
2.232867125556260637e-09
8.397542780893307510e-03
3.079029325406699362e-05
1.373514555855731610e-03
3.488956169392046919e-03
3.779733237937533269e-02
6.870949785973408476e-10
5.334647835082516609e-01
2.482993541024211270e-01
2.232873570187571005e-09
1.907485215215635743e-01
8.444927235361953527e-03
6.870932552550617372e-10
6.870955385597987515e-10
4.711856308899109468e-04
2.432439959233150794e-07
2.168213989858620524e-04
3.405640210481131747e-01
1.971144653806288993e-08
5.734177487661666905e-01
2.199351403383122143e-122
3.533874725040374032e-01
7.652035740446100596e-09
2.948387442762215757e-86
9.871130228667993761e-05
8.363041140122937689e-07
1.978272622302283799e-06
2.083494143072248193e-04
2.932001592053244590e-04
2.432456162654155405e-07
1.977983262588409233e-06
3.081468516399188786e-05
8.367107720216766797e-03
8.077904381232946315e-198
8.335599329321211753e-03
1.080620996850852888e-01
3.599414043740466324e-259
0.000000000000000000e+00
1.570865607696471083e-51
8.697087634677292143e-09
1.971134656548272738e-08
1.312579862688640607e-05
4.716512104766200884e-04
1.977998484681232981e-06
1.978030949092047798e-06
8.362699363644382974e-07
2.165818757441344419e-04
7.652044157130827574e-09
6.870949648182093204e-10
1.380535922006073278e-03
2.167678401578483822e-04
5.269817008215927970e-06
1.971149616082883857e-08
2.432536817406979364e-07
8.697113418727019807e-09
1.226724303064709195e-07
1.531632862660655958e-01
7.652050684472254127e-09
2.232866887118235472e-09
1.376415777850272665e-03
1.226693648856149490e-07
3.407667196793484794e-03
1.312561481675270028e-05
1.978016527698587327e-06
4.841597484026798348e-01
8.697117880376792263e-09
1.226721102941416177e-07
0.000000000000000000e+00
2.432508080459259979e-07
2.571394469441016239e-01
3.098757252495607517e-01
2.432541839311263164e-07
3.080209894599887643e-05
1.971116298830323530e-08
0.000000000000000000e+00
5.591473200121142455e-08
2.168614782306644564e-04
1.978099207701322468e-06
1.285162873625614322e-01
6.870956924962959134e-10
1.471857562317790897e-172
3.837449648525072254e-02
1.075540434038322474e-01
1.073414174514328440e-01
1.226709666686305332e-07
8.318219630832892827e-03
8.341576935266437065e-03
1.971146723442891508e-08
1.678534634708356288e-01
0.000000000000000000e+00
3.080920967982634056e-05
7.652029153255890250e-09
1.978016019691879948e-06
5.270107167942945883e-06
2.170464717491315209e-04
1.312171958025091018e-05
1.376819862017712682e-03
4.712143925668433090e-04
2.581518644451254452e-01
2.766307587212957220e-01
1.376166274033004903e-03
1.097958872430415816e-01
1.312579784917690866e-05
3.014293940189781034e-72
3.793966315318349908e-02
1.381226341943408856e-03
0.000000000000000000e+00
3.514780445998024749e-01
3.686774356543010001e-02
0.000000000000000000e+00
1.666810916166470979e-01
1.226702218579370740e-07
0.000000000000000000e+00
3.614712834539332564e-01
8.151635534744402212e-100
0.000000000000000000e+00
2.875028246075091998e-01
1.375425627914994087e-03
1.382830084082201927e-01
6.870979705036686097e-10
5.466443247660634169e-38
2.751991431837949587e-01
6.870939883203128231e-10
5.457504848848029205e-05
2.432564243791471085e-07
2.432574291681933870e-07
3.671086220554862362e-02
1.555347596410486075e-25
6.870969813476370955e-10
1.894604209515426685e-01
3.668082220608485239e-02
3.492134045699772996e-03
6.870936478415085643e-10
6.870952352162130244e-10
1.971150009478522103e-08
6.870945535042879597e-10
1.312646710735022676e-05
6.870984134142275641e-10
3.080004786531045300e-05
1.971133743162109514e-08
5.591423218311821465e-08
2.432438490699587133e-07
2.432477216891669195e-07
7.652081201042618850e-09
7.652049156465999294e-09
5.591444161080474773e-08
8.697075032829685930e-09
7.652048760624107066e-09
2.166543040377600456e-04
2.432582594446615990e-07
2.232873758781153672e-09
8.363401443861064988e-07
8.697094210106823902e-09
1.312284230261707312e-05
2.232866437905549972e-09
6.870955769801887758e-10
2.164886378997928345e-04
1.372788346287946454e-03
1.971130938693537008e-08
1.226702305098480170e-07
1.049456553121192875e-01
9.389132003006853946e-05
3.086464172741630319e-01
1.789202980218413397e-01
3.080841376578164745e-05
1.977970805756070322e-06
1.226733825039668544e-07
1.978409150992078372e-06
2.432545946419904638e-07
8.437615298459681321e-03
5.269692460238725956e-06
5.591455616338355537e-08
1.103451450795633892e-01
1.978069911975443961e-06
9.833980621018615365e-01
1.312268891630862553e-05
2.091058428065874497e-01
1.075884711543792782e-01
9.608137751083245526e-02
1.226704644758050764e-07
8.765004687362806129e-33
1.971137990680804116e-08
9.596800482927024461e-138
0.000000000000000000e+00
2.968536952103787422e-14
2.232880654758835874e-09
6.870981692794833463e-10
3.078115370013689844e-01
4.851313210781599827e-01
3.983326530456040016e-01
8.697065563105657991e-09
7.193172209266025519e-01
8.697097185357630562e-09
5.591415199574898888e-08
1.923516203275460745e-01
1.971138132437880373e-08
5.591468124196944264e-08
1.011669882058660181e-56
3.080014336866513503e-05
3.634193977988749531e-32
1.381698347562753748e-03
1.312481409909219414e-05
3.492921983367556615e-03
2.525779735241636307e-10
1.711121678531270143e-03
5.856574045051832081e-04
1.750550667864162191e-01
5.591494041108960907e-08
1.226708556273876199e-07
4.759302201027913459e-01
4.721373233538631855e-04
2.432463898328139521e-07
1.061487058737959899e-01
3.079554475964055386e-05
1.978001557009880626e-06
3.079605402635347415e-05
4.713485022114748406e-04
3.079258471086852850e-05
3.081549423115991296e-05
7.652076410587465988e-09
8.362772967873394184e-07
2.432535864568013175e-07
2.432447847130312656e-07
8.348258065703811209e-03
1.099405472086547736e-01
3.816872936210781442e-02
8.697054628838532971e-09
8.838588951049760611e-01
0.000000000000000000e+00
8.363263510371439003e-07
2.232871586924589853e-09
2.169664466267014929e-04
2.432422464467227884e-07
8.697080062213586373e-09
2.432424937544821473e-07
1.443571834842740775e-03
1.971135362114369318e-08
1.971127224405166005e-08
1.971121832631658448e-08
8.392343876317478676e-03
1.926660901145270666e-01
2.824961364761148785e-01
4.007642052027365343e-01
0.000000000000000000e+00
1.226721636298914030e-07
1.803783373343738339e-01
3.680396078109692271e-01
5.270059109657735013e-06
1.971151939469488748e-08
3.081312132253709752e-05
3.698194670285133434e-02
3.682803590316887504e-02
1.114973286251210866e-01
4.714587668395072155e-04
2.232872412966799638e-09
3.604649492989212556e-01
1.668503054913663408e-01
1.892306030981847909e-01
3.490465268226388470e-03
1.876918174645046122e-01
1.821914806641430629e-01
3.928516962628063948e-81
8.362812461576705128e-07
1.115483597152974469e-30
5.270347982636942472e-06
3.081069987945656572e-05
3.080085326244941474e-05
0.000000000000000000e+00
3.081301920137794620e-05
1.757947117442060225e-01
1.039196106755123222e-01
3.970760352542972438e-01
1.043428776269063468e-01
2.165812387381835789e-04
0.000000000000000000e+00
6.354656759406129241e-34
1.167961253870066114e-02
1.750581143447868841e-04
3.767504919294403093e-02
1.148804634917778295e-14
1.375558652374994769e-03
2.602683375681903444e-01
3.138102200509430006e-01
4.738777177109161354e-01
2.888079313783398772e-01
4.710370844636831687e-04
1.378284873447711530e-03
1.375811641106615283e-03
8.697078689311169144e-09
2.232874769200904149e-09
1.312221639362071334e-05
1.971137547941634751e-08
1.971147964678233870e-08
2.232876198951473585e-09
1.226696823538018079e-07
2.998549164209338702e-01
5.591463061319832125e-08
7.652052115025359983e-09
1.971139946465169739e-08
3.725192946357705481e-02
3.494302934076439372e-03
1.971127213422679748e-08
8.697124141950960985e-09
8.363238106033533382e-07
9.443054935130974770e-02
8.697065688658079436e-09
6.870936911723595148e-10
3.857340227710816249e-02
1.978157436248176991e-06
4.700084988721716278e-50
3.653955702315133964e-04
3.685185343324717890e-06
3.799503145149722982e-01
1.675919081074156713e-01
4.517505174281639091e-150
5.470638596316667046e-01
1.078634671665285871e-01
8.360032800352806479e-03
8.697086826740176273e-09
2.169438749277779728e-04
8.363052632568220551e-07
1.191484717406198827e-33
0.000000000000000000e+00
5.351161029409246263e-102
5.270230745559798139e-06
4.008923663048828412e-01
6.870936010219162604e-10
6.870941492718805024e-10
9.873789458573478907e-22
8.183308407152096603e-28
2.232866341570669774e-09
8.697129633783928963e-09
8.362797868883687765e-07
1.226706766624714988e-07
4.706222428484258535e-01
2.871487124162466417e-02
1.376627792019210258e-03
1.831579190377376160e-08
3.078700152076198636e-05
1.312232988605754648e-05
1.374139660525958932e-03
3.712701012576113957e-02
1.799200102745202590e-01
3.481996470441329761e-01
1.971120680739491198e-08
1.971115120939013000e-08
5.737558132672142507e-70
3.488833121112250215e-03
1.373577637012280556e-03
4.713836383996010556e-04
1.226699965675223827e-07
2.909839001142046078e-01
1.373606269853857231e-03
3.080004579895590568e-05
3.081318786018717525e-05
0.000000000000000000e+00
1.312375202393784055e-05
