0.000000000000000000e+00
0.000000000000000000e+00
0.000000000000000000e+00
0.000000000000000000e+00
0.000000000000000000e+00
0.000000000000000000e+00
0.000000000000000000e+00
0.000000000000000000e+00
0.000000000000000000e+00
0.000000000000000000e+00
0.000000000000000000e+00
2.023646868865656242e-169
0.000000000000000000e+00
0.000000000000000000e+00
0.000000000000000000e+00
2.987179664156713670e-252
0.000000000000000000e+00
0.000000000000000000e+00
0.000000000000000000e+00
0.000000000000000000e+00
3.302654800200622466e-231
0.000000000000000000e+00
0.000000000000000000e+00
8.988991960765749231e-190
3.284258219762613045e-161
0.000000000000000000e+00
0.000000000000000000e+00
3.213384181435911446e-235
0.000000000000000000e+00
9.407455133582442528e-174
0.000000000000000000e+00
7.357656333807252009e-306
0.000000000000000000e+00
3.128243804475826320e-82
0.000000000000000000e+00
9.089015319755723835e-45
1.611517042955237628e-232
3.106879988159495679e-56
8.289797859402605721e-131
2.926014451106832802e-12
1.448389862528452971e-03
5.135550169587244356e-131
8.374414546441195597e-06
3.106825356390719279e-29
3.151116923340267059e-32
1.592814286934724114e-06
3.708843284311325830e-43
3.014152507590942304e-136
1.622401141719381995e-49
4.161312184761794954e-277
7.411872804973498433e-187
0.000000000000000000e+00
1.930000103497806971e-02
2.073695662069628965e-179
1.358017967584810611e-203
1.038346364615292231e-253
5.042905513581688711e-232
4.431850433866391479e-128
2.198886447808278594e-69
1.068309646741924060e-20
3.066913557875178623e-02
3.262376445418247450e-01
2.086878809119723172e-05
1.700279651847071117e-22
1.292083011852518393e-01
7.009575997126965732e-25
4.126213736181817287e-113
0.000000000000000000e+00
1.038314660504632227e-171
0.000000000000000000e+00
1.293412208443717527e-137
1.008753848946539884e-88
0.000000000000000000e+00
1.536124647187139655e-246
2.872813480239255258e-39
6.164800525419625865e-01
1.894387915506679509e-01
8.691966154725119624e-04
2.437409699126751872e-01
1.867326001285203078e-141
7.361871680429361575e-01
2.022443306229573454e-03
5.383323469126403138e-01
1.610650732423827123e-13
3.115898132039927604e-01
2.277423981082420390e-01
2.799723817842499907e-01
2.974480244283635999e-01
0.000000000000000000e+00
0.000000000000000000e+00
9.795145516207960385e-04
3.552537639798573313e-05
3.030042718637592780e-01
0.000000000000000000e+00
5.499922826112700001e-05
3.612941145605889220e-02
3.455961757760576125e-01
0.000000000000000000e+00
3.306578026667575387e-01
1.196938014412541884e-01
6.824552738793140394e-01
3.412584152412619920e-01
9.767283172479640507e-02
0.000000000000000000e+00
2.574021511149194794e-02
0.000000000000000000e+00
2.217629843018740776e-01
6.188974155808945055e-01
4.698316782697127270e-01
1.022162964148575765e-167
6.206864693955338463e-01
2.732244912297248640e-01
0.000000000000000000e+00
1.430068992389622352e-02
2.176066290352781929e-01
2.220366633406632098e-127
1.049283282810982015e-01
3.076202657771631710e-01
9.339422966860726899e-03
1.468828344169767510e-24
1.038669786170233971e-18
3.524602550763395946e-21
4.080224461024217208e-01
7.551566107092247959e-01
9.951502999277524533e-03
6.819322054482388276e-03
4.357325736309408115e-01
7.261185842912331045e-01
2.014149061965204296e-02
5.624282619526382865e-01
6.581426441072275590e-01
3.893641168182385703e-01
5.935323009893900270e-01
1.718808637486035585e-03
7.522629098888445687e-04
1.945721532674353139e-47
7.295481347557808633e-04
1.801865960932667573e-03
1.929381767400758368e-04
2.795006256639831440e-08
7.235978006396131786e-05
1.238244705189243261e-01
7.336654141384162586e-04
2.566154137250477532e-05
1.033311697018738714e-05
1.807605710874554857e-03
9.549213420101596711e-03
0.000000000000000000e+00
1.752266203154623486e-03
6.204727225279153997e-03
8.054822834175355769e-73
9.339145922080408641e-03
1.930601189571079697e-04
3.520166988697666643e-01
4.504352458617325722e-02
8.188022071034942173e-02
2.475818574125612515e-01
9.533815743896110681e-03
1.421177980816644796e-06
1.425502842369701809e-06
1.429476576184908755e-06
4.826136378213796072e-06
4.773591780793833941e-06
1.044662741454563722e-05
4.772597538972281185e-06
1.037302668480079115e-05
2.581694545952376615e-05
7.095437111225543761e-04
1.921013433141756409e-04
1.039461290495593490e-05
2.571579793360075509e-05
4.778839217546992014e-06
1.970725275598520724e-04
0.000000000000000000e+00
4.010903705264458247e-281
0.000000000000000000e+00
4.846635135198818513e-06
2.578504067268429735e-05
7.261990013419595744e-05
1.430341033324004896e-06
9.664495573317885557e-02
1.067205008155894790e-166
2.365216524680974763e-01
6.145028114821547531e-03
1.425590698286045872e-06
1.418383469190659397e-06
1.468530543417441813e-208
2.417304493817724054e-01
8.815563424465117268e-32
1.042225399217929158e-05
6.169673300109644590e-17
5.210872815394132477e-88
4.830440148599506099e-06
1.952612582627643776e-04
4.417552767120138113e-01
3.062032686311726491e-171
3.492492347425201205e-01
9.588373445344318077e-58
2.724437484133996473e-02
0.000000000000000000e+00
3.162629955903581980e-01
9.334443140353946775e-03
1.743756080196550090e-03
4.284601739190977976e-01
3.391144394426691688e-01
0.000000000000000000e+00
2.496111357580674539e-01
1.733741934079735449e-03
2.202379308922054391e-47
2.714999861613288101e-01
1.007793860051680625e-02
5.976779519401521634e-01
2.542276365584053018e-05
2.289438205692578138e-02
0.000000000000000000e+00
3.477496468297966437e-01
2.657578439283885263e-01
7.795698630735267143e-01
3.010978476620564948e-01
4.427126793394199847e-235
4.776586417378421602e-06
1.024272428888271368e-03
1.851602486769240996e-01
1.183201619957340994e-01
8.234253757891616393e-71
4.773906554401527495e-06
7.399785543232416819e-05
7.401331544476080467e-04
1.144397515058181714e-01
0.000000000000000000e+00
2.497855191140314346e-01
1.426511287509215869e-06
4.303584727438531377e-01
1.676074214306075326e-03
8.426735805876178616e-07
1.032858703735811958e-05
9.721981477235049150e-05
7.214391547864974644e-05
7.240536936128695339e-05
1.854281674398038223e-03
0.000000000000000000e+00
0.000000000000000000e+00
0.000000000000000000e+00
1.944047623684811332e-04
1.974247845489099948e-04
6.352678038376685839e-21
1.747305492603506276e-08
1.440121613874082874e-06
4.796048156428710582e-06
0.000000000000000000e+00
9.715630929736318588e-03
0.000000000000000000e+00
0.000000000000000000e+00
4.341151050456452110e-01
4.700895600163480887e-89
2.434926885147876419e-01
6.300233233484536788e-01
5.849024701923408404e-26
7.697823755090944967e-197
0.000000000000000000e+00
3.727858626753544069e-01
1.765120341756161795e-03
9.387299373683269770e-190
6.934525937292570023e-29
1.789373235896277690e-03
8.292481245831740459e-176
3.401599042981045875e-101
2.708171350662764154e-01
4.972725754678860022e-01
1.484360667566805620e-43
2.702793841133203090e-01
7.268753544930256277e-05
0.000000000000000000e+00
2.358397156248602290e-139
5.931915822873161934e-47
1.422414994376948801e-320
7.402595236760082121e-05
3.756000670949782294e-01
3.804397528585346522e-01
1.603496869199442480e-80
8.250105424946912861e-59
4.794529247889525527e-06
3.242284384625704341e-01
7.299790483657265833e-05
2.415551481647097709e-01
6.443552356685645985e-55
1.437803160560443001e-06
1.000000000000000000e+00
9.754149630769056931e-03
6.931622093961120612e-01
1.040954416163067747e-05
0.000000000000000000e+00
0.000000000000000000e+00
2.558645148282052560e-05
4.776040204866766395e-09
1.029137504292820421e-137
4.379270949539852484e-171
6.263423125116879264e-01
1.750585411290905464e-62
4.441549923425174295e-01
7.909165281661609814e-01
4.783011955897663037e-01
0.000000000000000000e+00
4.821051690825612520e-06
1.044773775729660934e-05
0.000000000000000000e+00
3.955157424722466897e-01
4.306434102763680757e-42
5.284564771740706268e-01
0.000000000000000000e+00
7.180670987605176689e-07
9.267455471489745647e-03
0.000000000000000000e+00
0.000000000000000000e+00
1.763458266792381889e-03
2.208171200771489015e-23
7.238904981230186728e-05
0.000000000000000000e+00
2.578732521960010982e-05
7.284676143613260301e-04
1.237413604106507234e-02
3.264332199219238673e-01
1.502856989829340906e-01
7.246516417078870348e-05
1.557206371181550119e-42
0.000000000000000000e+00
0.000000000000000000e+00
4.804728931401153902e-06
0.000000000000000000e+00
4.741176351184236551e-20
4.696853072545583152e-01
1.224030276789707750e-22
6.569112963763155462e-15
3.488860740662181901e-91
2.905205312996154143e-01
1.880681453243856988e-51
2.542729218092856967e-05
1.038252008674808037e-05
2.192398913228538005e-89
1.043201572092995036e-05
5.020245493301031848e-318
0.000000000000000000e+00
0.000000000000000000e+00
9.074244618096337099e-15
3.996906639231795899e-01
6.869777991645128479e-01
7.289355240330160903e-04
2.018353163252653570e-01
8.335811876893393429e-18
4.813438623841811382e-06
2.990536824301203156e-01
1.970791588045492029e-84
7.211537293315469638e-03
8.374147731097094750e-160
2.349731813768941170e-41
7.379320538933869947e-04
5.459694679871141693e-24
2.957747093140304751e-195
8.299739659489754569e-284
4.792565427401383206e-06
1.670673630156119249e-03
5.964725715348496132e-08
2.588735367685972982e-02
1.722498354588978880e-03
1.603615788067848766e-14
1.044649419136248399e-05
2.554325005890530350e-05
1.763978208960907956e-01
1.973938452369133640e-04
2.580712092553801774e-05
5.454369525951845432e-01
0.000000000000000000e+00
4.690069530654419433e-21
1.624834071846626982e-01
1.670163294622675765e-03
3.027593871611133760e-102
2.383689712380516654e-203
4.231253772790960771e-108
0.000000000000000000e+00
0.000000000000000000e+00
5.794331931183582520e-14
3.398470537518145362e-100
4.877437515893059267e-02
4.252424457749655051e-01
4.065165903689742510e-01
3.474025714592417491e-01
1.093156038808803798e-01
1.550262631210240399e-210
0.000000000000000000e+00
0.000000000000000000e+00
0.000000000000000000e+00
4.583867878037264863e-182
5.995550713370412907e-23
2.760237102164060374e-01
6.269211500776636914e-01
1.704289589544627634e-03
2.564783085547521355e-05
2.060318036601662692e-304
7.410540557243470896e-05
2.079314456090125354e-240
6.944347287997145735e-01
6.581880202317943462e-01
2.235456231391910187e-01
3.223680008366394842e-14
2.923793762577603927e-01
8.288483573433668150e-01
3.555066058510389371e-01
7.122070287974268657e-04
2.691936056714953895e-02
3.188136607047988291e-01
6.508429584610848309e-63
0.000000000000000000e+00
0.000000000000000000e+00
0.000000000000000000e+00
0.000000000000000000e+00
4.737105935645336418e-88
1.694112815661743852e-245
3.171168082543776182e-179
1.418431921407232169e-06
0.000000000000000000e+00
5.006913849018669600e-137
4.772059873312877916e-06
0.000000000000000000e+00
0.000000000000000000e+00
0.000000000000000000e+00
6.715192498952403735e-03
4.598370906318502947e-03
3.971690995191962809e-02
8.174140401446383807e-27
2.945931305896313801e-01
4.717999178535757232e-01
2.762716342084295527e-27
2.522376399035835409e-02
6.251622730485886237e-01
2.717018606940437842e-01
0.000000000000000000e+00
1.249986083978353757e-320
0.000000000000000000e+00
3.205429650821726946e-45
2.399228901819551389e-300
0.000000000000000000e+00
0.000000000000000000e+00
6.858064603988496278e-12
7.588109034873705286e-315
5.377251100210167718e-271
0.000000000000000000e+00
0.000000000000000000e+00
0.000000000000000000e+00
0.000000000000000000e+00
1.117673219988466234e-57
8.100558148785077031e-03
2.995696857118461121e-01
3.221248600958516538e-07
8.145314198828812581e-16
1.829990101671394699e-03
5.107282634232065410e-01
3.103895646126212868e-02
1.572736886596990952e-80
4.818835908505602965e-202
2.481427623497973189e-01
1.098093706311382532e-314
2.144060951598548063e-108
0.000000000000000000e+00
0.000000000000000000e+00
4.273425211956259351e-01
1.849785826609921895e-121
0.000000000000000000e+00
3.969983919301734408e-03
4.600950702403547865e-01
1.593044625288288191e-172
0.000000000000000000e+00
0.000000000000000000e+00
0.000000000000000000e+00
2.790453868899702705e-01
3.513923602686547243e-01
3.953440935088989936e-114
3.572040745280470001e-03
6.206423174442258306e-28
3.122181536196504403e-01
5.956882270719875411e-127
2.771210537043415911e-01
2.621030563708347527e-01
0.000000000000000000e+00
5.187769610286065841e-02
6.758142739026158413e-14
2.741651595074195980e-01
7.163429356945809122e-103
0.000000000000000000e+00
0.000000000000000000e+00
9.788054356135710283e-10
0.000000000000000000e+00
2.673195787602285489e-01
7.568896865855670683e-51
2.047463736293189704e-41
0.000000000000000000e+00
3.138323345671792102e-13
8.186040984240911995e-38
2.842940086251385945e-01
4.883113248336399969e-119
9.508816884964133020e-02
0.000000000000000000e+00
9.133058598848339260e-01
0.000000000000000000e+00
0.000000000000000000e+00
7.310814195843610091e-24
4.249299308485412671e-41
3.411489439604080409e-02
1.552328850747491384e-01
1.740724956346727421e-03
9.938047750261889274e-03
6.009696958986434634e-01
2.844613313562719889e-02
2.140616957395496955e-01
2.822030763321389801e-01
2.519840726405482197e-315
1.931603590252033121e-04
9.281988624327136843e-56
7.281388223107004083e-05
6.592656211903553422e-03
1.422346816918058690e-06
7.283470629979168446e-05
1.016206010890726388e-65
6.147500348944159310e-01
4.777030981145258322e-06
2.554033247479298624e-05
4.779208541098568675e-06
1.032638087205523756e-05
1.434696062634739291e-06
4.781530874646911099e-06
1.425337406849490074e-06
2.102982118207001039e-01
2.584652251700622828e-05
2.590868988803439162e-05
4.809413107834510695e-06
7.835786117888542959e-87
7.224115975793192045e-04
2.556490728623199828e-05
0.000000000000000000e+00
1.363917951014277652e-01
1.858199629990498402e-03
0.000000000000000000e+00
7.327783326025291873e-04
1.428217225820856511e-06
4.795941395544301433e-01
1.930795254975771198e-04
1.724219249794296718e-03
1.043627298447088232e-05
1.198225287358101465e-01
5.936796212104226485e-185
1.076296316324271007e-172
6.465222161086283630e-44
1.689759816800363553e-03
1.426765023366287019e-06
6.237527053239647588e-03
1.430374389641425707e-06
9.653881053953644945e-03
1.974749693457933581e-04
7.222865422391440914e-05
7.267267300398382816e-04
7.266949418661603193e-05
1.038376683312115522e-05
7.313526695958870926e-05
4.550291781376340940e-08
5.380198957023649995e-91
1.930848441825653195e-04
1.557872999514440397e-15
1.025124179138873630e-63
7.315212629480288831e-01
3.770056787230764983e-01
1.208139139959453076e-37
9.930805248977119318e-03
1.222564710030972277e-247
7.222667828779608362e-05
3.148486351679657957e-01
2.232657890225336894e-01
0.000000000000000000e+00
4.372083939210481551e-01
2.768289890097449524e-01
2.868300348174910794e-02
1.504835543437346022e-104
9.369840415109588660e-165
9.298355323570917791e-03
2.811198352448766175e-02
1.997506042973406504e-01
0.000000000000000000e+00
0.000000000000000000e+00
4.222681198749491521e-03
4.797203986990528219e-06
0.000000000000000000e+00
1.744022421090331244e-03
1.429631264514363461e-06
0.000000000000000000e+00
6.798391752425730211e-03
0.000000000000000000e+00
2.829484608034130927e-09
1.483458290126331179e-55
0.000000000000000000e+00
3.399087735751502581e-01
2.047614768051613302e-135
2.306698187489533980e-01
4.953306344628023121e-126
1.204705762219923787e-01
2.116273267237445023e-26
5.594764114915120643e-82
0.000000000000000000e+00
2.441657021729738967e-233
6.984710715531675250e-27
6.438306130016667461e-02
0.000000000000000000e+00
0.000000000000000000e+00
0.000000000000000000e+00
0.000000000000000000e+00
1.425283948279490824e-42
1.953537162877028904e-233
1.150125625339128849e-01
0.000000000000000000e+00
2.578412774754926289e-05
4.381775517224226430e-219
2.511051442538847843e-185
1.947037766519695204e-145
1.041232546074727688e-05
1.424157228951948055e-06
2.350043785860194167e-79
0.000000000000000000e+00
1.034477402438194012e-05
3.236252611541542777e-30
3.154978029005787030e-248
0.000000000000000000e+00
0.000000000000000000e+00
6.434607887220504703e-03
2.283679225568478466e-01
0.000000000000000000e+00
0.000000000000000000e+00
3.580384060195782994e-98
9.822721883305797833e-03
1.893254416473796440e-114
2.773619051599106600e-01
3.522994600019172529e-01
1.744928488113087630e-62
1.424913552495780388e-06
1.681091778713173814e-03
6.459153275552169220e-03
1.674693453236671820e-03
8.553215583440841874e-01
7.383028163060906821e-05
2.566420807431205736e-02
6.326261298614236327e-03
4.296895291258106542e-01
7.401269165823671559e-05
1.736761378688779618e-35
3.311816598971830672e-01
3.372499305705086714e-01
2.581890699318578615e-161
9.516044978053697328e-16
7.209805606537150486e-04
1.036824410073013434e-05
3.646086653850663922e-03
1.044672843553456608e-05
1.210232821324332515e-11
0.000000000000000000e+00
0.000000000000000000e+00
4.552444903826871059e-01
2.719066002125702923e-130
1.037709983978501484e-03
4.508928564377444998e-05
5.545847643163794712e-33
0.000000000000000000e+00
0.000000000000000000e+00
1.690558576902102903e-03
2.936690831520470390e-31
0.000000000000000000e+00
5.324945930111666392e-01
3.907119785789463576e-03
6.592567094333357921e-06
5.737361592184274608e-08
0.000000000000000000e+00
4.832698928748698184e-06
2.281240545426488908e-01
2.765214805927141947e-21
4.418323905312501495e-180
0.000000000000000000e+00
2.115808710840500484e-78
1.040696716852050171e-05
2.563440932053323655e-05
5.002385203316659368e-01
5.848853201411110536e-01
1.388420302255737336e-226
3.518948563656435491e-01
7.515517878826814375e-232
6.667138379778759931e-49
1.762822978074911904e-03
0.000000000000000000e+00
8.353060585896060486e-01
2.576725210490656837e-01
2.709404908781748444e-01
1.315601857899211656e-130
7.103042965022174915e-01
4.366331800000866070e-01
7.562079008179054540e-01
4.805734935608032213e-06
1.032460592148381759e-05
0.000000000000000000e+00
0.000000000000000000e+00
2.563664373865119083e-05
3.525210098912212597e-01
3.856819924309424774e-01
7.220823070104634412e-05
4.872219131737096087e-01
1.410174875205268130e-01
0.000000000000000000e+00
7.295753562022886871e-04
0.000000000000000000e+00
0.000000000000000000e+00
1.976797030717483201e-25
4.808136773444107904e-06
0.000000000000000000e+00
0.000000000000000000e+00
4.298142163894043133e-01
1.854176701484685685e-21
2.433592358111505705e-01
1.216819091762011603e-19
9.751185028007877216e-54
0.000000000000000000e+00
4.616335353522430733e-263
2.483973159457587756e-03
1.723923747767386447e-210
0.000000000000000000e+00
7.370888483401154148e-05
0.000000000000000000e+00
4.193338290818833802e-01
0.000000000000000000e+00
7.192453516292180993e-01
1.621577573295006434e-03
2.957182710485914975e-62
4.796844441567105211e-01
2.978120622683105290e-01
2.803096641611999007e-01
0.000000000000000000e+00
2.213157496126493817e-01
2.440692149357782947e-01
1.085439424176560946e-01
1.814134988741102532e-170
6.142473270738061745e-248
5.899701544956147930e-183
1.338212430485596562e-241
6.220426663862579364e-01
2.370669868014881748e-02
0.000000000000000000e+00
0.000000000000000000e+00
1.035097388994147307e-152
1.765250501836426726e-61
3.912724287308170573e-41
5.664681995450251417e-01
4.198823351735504491e-40
5.686213444495501363e-27
9.130558880808001612e-03
5.318815578287650059e-01
0.000000000000000000e+00
4.460502681660798480e-150
2.907529323771114727e-01
6.942996397997894947e-03
9.201247144801670830e-01
1.920436219916498940e-04
2.569877747547202017e-05
1.035507019726363939e-05
1.428043924349330802e-06
0.000000000000000000e+00
3.220885659840745929e-01
0.000000000000000000e+00
2.556274299054842286e-05
7.058446150640548117e-03
1.038253281942705607e-05
1.791061124347847998e-132
7.275608803932389224e-04
2.580458492331053216e-42
4.793803952259662709e-06
0.000000000000000000e+00
3.763618112641870227e-195
0.000000000000000000e+00
0.000000000000000000e+00
7.266286132047023165e-05
1.423641757655271652e-06
0.000000000000000000e+00
4.779543354561853973e-06
9.516867772173030759e-02
1.114729345478051165e-01
4.364064623617953248e-02
1.420119981338687524e-06
2.601832406828057803e-02
1.778261636050084693e-01
2.492843555986708204e-01
1.034521998015969675e-05
1.956256363289981994e-04
1.771136855667264018e-03
3.648810198916729089e-43
2.682970170956297982e-288
1.422817184968549810e-06
1.073462919552516937e-01
1.418966960024683695e-06
4.790878422752454965e-06
2.541947881135474990e-05
1.787963686727798429e-01
2.553726161828777326e-05
4.799463283636824214e-06
0.000000000000000000e+00
6.618131782039198344e-03
2.572946193047151249e-109
0.000000000000000000e+00
5.116264866755373397e-01
7.219412713631577798e-05
2.691250062113677011e-01
2.047303523559825533e-01
1.420468492758700165e-06
1.679039947614401887e-03
2.557577246019062184e-05
7.259514189994252596e-05
2.080116800412736278e-01
9.006952188651452806e-02
4.734235110875712471e-01
6.564883789936821340e-03
1.034774550470366240e-05
2.484498760900724634e-01
4.132897436136225844e-01
1.959996860107074467e-04
1.423397036014931122e-06
4.809291781242238290e-06
2.578237243261869213e-05
1.430692818774917317e-06
1.437144184401341734e-06
4.563095294440892569e-01
7.258387803308453219e-05
4.602412737106375551e-01
1.041070818020464034e-05
1.420474094935852228e-06
6.551679887123670887e-03
5.512640526184136025e-01
1.423925301553214390e-06
1.835188730764665543e-03
3.798328011680248366e-298
1.845556469985636929e-03
2.017954760144415665e-87
6.177709958854648639e-170
5.138642727632878651e-246
8.914907590316011032e-08
1.294901876285062517e-270
4.415808610672399270e-01
1.389469494841352410e-17
4.763989514131082292e-01
2.984399313243660777e-289
1.900357434990451733e-03
0.000000000000000000e+00
3.123546026552986817e-60
0.000000000000000000e+00
0.000000000000000000e+00
4.467250464248306274e-264
4.378225374339059118e-42
1.486313035887047594e-15
0.000000000000000000e+00
5.456074541674404976e-01
2.752102311273141866e-01
7.745220552681367693e-07
1.021342361721488874e-07
5.229969306218837470e-08
2.151501165049326081e-167
3.314377868168248004e-02
0.000000000000000000e+00
6.640640216302957775e-94
4.347787114556045940e-01
4.206214111070312047e-124
8.700997656303673944e-01
0.000000000000000000e+00
8.488325849133379226e-94
2.319216790836429731e-01
1.479889556412525549e-113
4.265579472670038563e-01
0.000000000000000000e+00
6.673793957003111267e-60
3.006032308907447098e-174
7.798413457668747887e-61
6.910153993065807530e-20
8.218735676281933022e-01
6.379138695562881379e-260
2.878692466693964259e-03
4.031165301893393504e-01
3.584566674900776942e-04
8.109726651279034683e-183
0.000000000000000000e+00
4.275789888212067069e-01
3.210975280568179047e-01
7.586069961975695254e-04
9.459153017350781928e-03
4.058585724599427538e-78
1.335394724765703560e-147
4.684613281623218883e-01
3.907964846706219464e-01
3.832987123376381191e-14
0.000000000000000000e+00
0.000000000000000000e+00
0.000000000000000000e+00
7.941250801894193102e-109
2.246097806199941474e-12
0.000000000000000000e+00
2.387436477967804383e-03
0.000000000000000000e+00
0.000000000000000000e+00
0.000000000000000000e+00
0.000000000000000000e+00
0.000000000000000000e+00
0.000000000000000000e+00
1.453435096321753495e-01
3.790894853940487807e-33
2.567898751842970784e-01
7.287729753848724012e-01
0.000000000000000000e+00
1.677188088936304902e-58
1.711653799487437998e-251
2.654055280918977688e-01
6.490762070988287044e-04
1.633917672815618341e-272
6.813459904447661078e-59
2.700886029193853496e-02
6.379963270390639346e-03
6.292435772560067871e-03
0.000000000000000000e+00
2.094639552467393325e-13
1.444401933216919772e-273
1.306077454952769444e-39
7.037304775944719253e-23
0.000000000000000000e+00
6.441514103199960095e-01
0.000000000000000000e+00
9.862468690421624662e-02
1.738141311273839221e-37
9.425553407579667642e-03
2.603940949498628407e-02
3.628611173052132855e-31
3.480248483277277875e-170
1.842296445564386596e-03
6.282656890261982367e-03
7.224841661665234831e-04
1.685828634258873396e-03
4.525485156473950665e-01
7.335155649087352005e-05
2.564961569684633520e-05
2.885605989398574642e-02
2.500444574334413724e-127
1.646391750357099888e-116
1.368714799868673216e-180
2.591466238867855108e-05
7.387753638281334195e-04
7.283500382148024477e-05
1.629223070226728243e-01
2.583419057669151308e-05
6.348312711109302571e-03
7.125047782402288594e-04
4.830798941609960127e-06
4.796744296952647709e-06
2.570384954724454828e-05
3.512703254360349248e-01
0.000000000000000000e+00
1.419593905382669103e-06
1.426843990200822782e-06
0.000000000000000000e+00
4.771910055589793859e-06
1.034592479129294566e-05
1.963894518056303359e-04
4.775959024697606282e-06
1.041847185949828318e-05
7.372693149803534094e-05
1.428845708654075647e-06
7.081269523110248539e-04
7.035047486940495740e-03
2.438512808131356323e-116
1.795261679300662197e-03
6.473609795852372679e-03
4.804081062850274122e-06
1.425146301004165763e-06
3.258423800740459786e-01
1.408315821282697519e-73
4.713224114218183925e-110
1.440596463759636300e-13
4.187752675990956130e-01
7.307809583144231705e-05
6.894068385576993668e-03
1.971183062834734969e-04
4.848662707964304004e-06
5.020203351152212334e-02
1.931225377924835316e-04
4.819967826634846518e-06
2.566156672040529813e-05
1.949474411703958716e-04
7.491403484053120064e-04
2.296540290775052617e-01
1.700169045762533375e-03
2.862337931499500665e-02
5.716070056156471457e-01
2.504180871778295341e-33
4.150601495334976243e-01
2.982724547942821602e-01
2.722205887181101125e-01
