0.000000000000000000e+00
0.000000000000000000e+00
0.000000000000000000e+00
0.000000000000000000e+00
0.000000000000000000e+00
2.382445269181797156e-293
0.000000000000000000e+00
2.622804893008248696e-228
0.000000000000000000e+00
0.000000000000000000e+00
1.062741174454685360e-18
1.860778666800933121e-32
0.000000000000000000e+00
6.809721891798486152e-08
0.000000000000000000e+00
3.634863867792881720e-03
2.791891410703687959e-01
2.264476828373743217e-27
1.039465906657661420e-01
0.000000000000000000e+00
1.255625902936411895e-02
1.016701508996880839e-04
2.559037186108692560e-228
2.169557703958599482e-01
1.000000000000000000e+00
4.009977541395494671e-01
3.458608301116305461e-01
3.808617898133606072e-01
1.937371339217266453e-01
3.494325021597962299e-39
1.918609398540378486e-01
2.622377418143014838e-01
3.044941594882187297e-01
1.790476617527714809e-01
1.767303815054656890e-01
7.140204406343986926e-03
2.637653735902142568e-02
1.790011918356872178e-01
3.530395746392267498e-01
6.868849984177788359e-02
3.998328591483543692e-01
1.703408888333820978e-05
1.339589695983648602e-21
3.489475315909007502e-01
3.497528897760430744e-01
0.000000000000000000e+00
0.000000000000000000e+00
0.000000000000000000e+00
2.746952777471172724e-01
2.637698686553621372e-02
0.000000000000000000e+00
2.011667314443647181e-38
1.851097412423214350e-01
1.767830819645082319e-01
3.260453877098788422e-01
1.877758484528588984e-02
1.831635529510638460e-01
1.793307671710840934e-01
6.733444943095021062e-02
0.000000000000000000e+00
1.170416446863800294e-02
0.000000000000000000e+00
6.296716229567896062e-02
4.792742183511314313e-02
3.287076390593743027e-05
2.844926646860240771e-01
3.557951706673689873e-01
6.905232424683992176e-02
1.695142335337539718e-01
1.372061700739845604e-02
1.710153074604796597e-01
6.595517106789441919e-02
6.462924953525498796e-08
6.913421469895775218e-02
3.100980524012443389e-04
6.724465809556247342e-02
4.414219975967332843e-01
2.789688445920684989e-01
2.638870296324849832e-02
9.577663123534378986e-01
1.166259785703660165e-02
1.789765737720635241e-01
2.484101512670772861e-86
0.000000000000000000e+00
7.220836610494917749e-15
3.843865457792041817e-04
3.843602042620581543e-04
3.843653034556240291e-04
4.932601599026094675e-37
3.843745482771480102e-04
2.136087524291862758e-02
0.000000000000000000e+00
1.177066257996898417e-03
2.881560919934684772e-01
1.706925832126004183e-01
3.843783129407053571e-04
1.168485397950031444e-02
2.804626798818092136e-03
4.162125770399831845e-04
3.843472410062857272e-04
3.842473980358465744e-04
3.843076423864359476e-04
2.806211126578398666e-03
3.842477914201451804e-04
7.084670228829356882e-03
1.169998713289520376e-02
2.664012668000929895e-02
2.803482720417800871e-03
2.803638416780561242e-03
3.024850268419583266e-01
2.806134746069304051e-03
3.843805445929540415e-04
5.072010125697322680e-01
3.843323915032753071e-04
3.842625965801993730e-04
3.842363085369401225e-04
2.803940641317442285e-03
3.842994779483622581e-04
3.774223873928242989e-01
6.886694839711525462e-02
1.177210538432479307e-03
2.631865957078212068e-02
3.842150493449342057e-04
1.168103577281636406e-02
1.169998725658707474e-02
2.627261435307308435e-02
3.843048363730835006e-04
2.806762672347094204e-03
3.843754087226386928e-04
2.804844430306774501e-03
2.806578686474541819e-03
3.843410900545760588e-04
3.843267143023880645e-04
2.803425541430378410e-03
3.842388815673555358e-04
1.170528000486462106e-02
3.842253604188140717e-04
2.664053827957535425e-02
6.773643367481177457e-02
2.438626356989897215e-01
2.806493555891484068e-03
2.853301595293217807e-01
4.406073136501113000e-05
1.348511304769405561e-01
3.963035768641721690e-01
6.843912827973339108e-02
4.406064941547820920e-05
2.621513213345212645e-02
1.169800712188862231e-02
1.821092742380385210e-01
3.842234279404640410e-04
9.299692086701252802e-02
3.047691157961040383e-32
3.264662203417928007e-29
0.000000000000000000e+00
2.286125499038052750e-43
3.843227338770619146e-04
2.634848746192419364e-02
1.063082231577905757e-72
3.842830290921642991e-04
5.298933603014964466e-02
2.627493525385946049e-02
2.641308693154403864e-02
2.045855600666392386e-05
3.842243759776681200e-04
3.244768192552241411e-06
3.244768192552241411e-06
3.244768092521774967e-06
1.703909492161436723e-01
6.736232118989678164e-02
4.019453534581681198e-01
2.699417772591553019e-06
2.699417906345740521e-06
2.247621522512313287e-07
2.747355673451812863e-01
1.602431540874019587e-07
2.247621529233642279e-07
3.236914836588324351e-01
1.602431541258774244e-07
1.166875408910258462e-02
2.807111133342710726e-03
2.649168905830847839e-02
1.083969437308246387e-07
1.083969441093965780e-07
2.195476593234108320e-01
6.816954933161684105e-02
3.936107597348104115e-01
0.000000000000000000e+00
0.000000000000000000e+00
1.240172602676642568e-235
5.602803607360629828e-08
5.602803607360629828e-08
0.000000000000000000e+00
5.461218692863492596e-03
2.247621522937506886e-07
5.765912987249408594e-01
5.681539263221553338e-01
5.602803627132023913e-08
5.602803626561303701e-08
1.083969437308246387e-07
5.602803626765132254e-08
5.602803626561303701e-08
9.699116441398544312e-23
6.809409111022576844e-02
2.024770456812328423e-01
1.083969440849471573e-07
2.982193361772108586e-01
1.083969440849471573e-07
0.000000000000000000e+00
1.083969436377590377e-07
1.083969439382505270e-07
4.907686651622470975e-01
0.000000000000000000e+00
0.000000000000000000e+00
3.011325260947825266e-01
6.736015194828414977e-07
0.000000000000000000e+00
6.736015192181822416e-07
1.602431540384332370e-07
2.699417699449031520e-06
3.473332880088710581e-60
2.699417646202690959e-06
0.000000000000000000e+00
2.699417445139333542e-06
2.699417432745959116e-06
0.000000000000000000e+00
2.626595357712236539e-02
6.050072628143893307e-70
2.633736462887811131e-02
3.244768169746144851e-06
1.835985647096991524e-01
2.552819574594243357e-01
6.337380039205669422e-320
0.000000000000000000e+00
2.804894128197443163e-03
0.000000000000000000e+00
3.843178448238091221e-04
0.000000000000000000e+00
6.730047802913004251e-02
2.804073644810773595e-03
2.656354061921038789e-02
2.651258408217514739e-02
6.953374280732761703e-02
3.256505914151942016e-01
3.629042996337109028e-01
3.842989115501168956e-04
3.063807478674285422e-09
2.684371419166777240e-01
5.220088585203843667e-01
3.842280571970138571e-04
0.000000000000000000e+00
6.864517588065613407e-02
2.666739874185562048e-02
1.177202089771534413e-03
4.425156351037594082e-01
7.056240198880266678e-18
2.606878625677170325e-01
2.646792875471988896e-02
6.858860554762137574e-02
1.913533005369089379e-01
2.664818906228309803e-02
0.000000000000000000e+00
4.406068913962856316e-05
4.406068913481980804e-05
9.096687597798452520e-06
4.406067853856783024e-05
6.871113882377428983e-02
4.406054519329125074e-05
0.000000000000000000e+00
0.000000000000000000e+00
4.406049413123544912e-05
0.000000000000000000e+00
0.000000000000000000e+00
3.421223408373592623e-01
4.406048805748384004e-05
2.642635562214891385e-274
0.000000000000000000e+00
1.876673134289996714e-01
3.864333639323578553e-216
0.000000000000000000e+00
1.898262916830245617e-01
2.804268645223055925e-03
0.000000000000000000e+00
0.000000000000000000e+00
0.000000000000000000e+00
1.741975013447198684e-01
5.545067723156461735e-215
2.805414976620947739e-03
3.277431622922851590e-02
3.842225959532069037e-04
1.232151589360146045e-37
0.000000000000000000e+00
1.131633517874807900e-15
3.842824830899854997e-04
3.843401553033235830e-04
1.422364293839718505e-24
5.748791257590321058e-01
0.000000000000000000e+00
0.000000000000000000e+00
1.893584306537463291e-01
0.000000000000000000e+00
3.843684639128986053e-04
0.000000000000000000e+00
0.000000000000000000e+00
1.017388447425069770e-04
1.760382697616233796e-02
3.842738721875714318e-04
1.166475468399497117e-02
3.847222298042384183e-47
2.707706894389481089e-01
1.170310304682181494e-02
1.170293201158928084e-02
2.978925609044597578e-01
6.476674371335360003e-02
2.159339320674662863e-12
1.364540738478849220e-64
2.793920074138890532e-04
6.757843797002688335e-02
0.000000000000000000e+00
6.355261408429034864e-01
6.707200724098051625e-02
0.000000000000000000e+00
8.609825193855159430e-113
0.000000000000000000e+00
8.405119664989738183e-64
0.000000000000000000e+00
6.702428583614960904e-03
6.820359492781573330e-02
5.050089317064285765e-01
3.263040041982782635e-01
3.046264048222518395e-01
3.570643469542527648e-01
6.863597659500161874e-02
0.000000000000000000e+00
1.034595410260955941e-10
0.000000000000000000e+00
9.483846421539130489e-01
0.000000000000000000e+00
3.012283527865319832e-01
3.774312381107378100e-01
0.000000000000000000e+00
2.648740079332306124e-02
0.000000000000000000e+00
3.216364814971622854e-01
3.990810868530676758e-04
1.725121485871215221e-01
1.759858762340904548e-01
1.404648922928696799e-17
6.750904468519035306e-02
6.751328152578911501e-02
1.170449812671440874e-02
0.000000000000000000e+00
2.496546947719918697e-01
1.177091644992936132e-03
1.177267771817917157e-03
0.000000000000000000e+00
1.407772820657404226e-74
5.451543379787452495e-268
1.177262895449098000e-03
2.806649038225523477e-03
0.000000000000000000e+00
3.842605080339816202e-04
3.842358665306775853e-04
3.842424517953232379e-04
4.904067587198523981e-01
3.816347210153194780e-01
3.842257485443729991e-04
3.574174384599765331e-01
2.806835967821391317e-03
2.436383470036782320e-75
0.000000000000000000e+00
2.803386544723277928e-03
4.651465410994778109e-100
2.192037090414449760e-14
1.177073343147771534e-03
3.842617760243257990e-04
0.000000000000000000e+00
9.035785568104096060e-257
1.350214769132420285e-202
1.382213559834771153e-09
2.534686487739807870e-01
2.594463599974128898e-01
1.458788545154860038e-34
8.773790619465806628e-01
4.362331831083144885e-09
2.806202619300658761e-03
2.473413338095460635e-157
2.637429518247422916e-02
3.842372620854862353e-04
0.000000000000000000e+00
0.000000000000000000e+00
3.843661358861351612e-04
6.091556271516153164e-289
3.843776779962237620e-04
3.843742566940546194e-04
2.146758656809556697e-291
2.101968763463235579e-01
3.842215070623054124e-04
8.248394009599781282e-91
2.368734367364177165e-09
4.544342249101648162e-02
3.842206093944219728e-04
0.000000000000000000e+00
6.384099782107162208e-35
0.000000000000000000e+00
6.913869261086059249e-97
0.000000000000000000e+00
2.558290034259659562e-02
3.740148673447010123e-05
6.923686875372990490e-02
2.638487938692202564e-02
1.197156606183226407e-14
5.013842589968107166e-01
7.100266865718257156e-30
4.129314189860672779e-01
2.396634226707023462e-36
6.818429501050963387e-21
0.000000000000000000e+00
1.166689636634313590e-02
6.465098627450382995e-02
2.803444342843432451e-03
0.000000000000000000e+00
0.000000000000000000e+00
0.000000000000000000e+00
0.000000000000000000e+00
0.000000000000000000e+00
3.842303668447974311e-04
1.925235256313356791e-01
6.768596735180328061e-02
9.431694097024362681e-43
0.000000000000000000e+00
3.842773938081063849e-04
2.638199178813516524e-02
3.842315835332981940e-04
0.000000000000000000e+00
1.170038493271480760e-02
3.843017978260190415e-04
0.000000000000000000e+00
4.087265924753147872e-01
3.843216920774214355e-04
6.902987291386386303e-238
4.226620483093850300e-01
3.926636717814420696e-01
8.665392456221590045e-01
3.843808756763628857e-04
3.642501266041519437e-05
0.000000000000000000e+00
1.177078832822711640e-03
2.790518835071343906e-01
3.228132705927490576e-01
1.706502937183781987e-01
3.051741145293814625e-94
0.000000000000000000e+00
2.951134219333331825e-09
1.168484849555315001e-02
2.919955947960725107e-01
2.625429008080461951e-02
1.764006101066799529e-06
2.667252599828812479e-02
6.101878285983814987e-01
6.866969680223642390e-05
5.970440116538138220e-01
6.727833527584607676e-02
1.295214860291671044e-01
2.660685677992891129e-02
6.868358608111330144e-02
1.055384736089232669e-05
3.250275351437920124e-01
1.624904732719065463e-14
0.000000000000000000e+00
1.079357645465630396e-14
0.000000000000000000e+00
7.173180928073461441e-53
0.000000000000000000e+00
9.374582542661694454e-03
3.215311158138507985e-01
0.000000000000000000e+00
0.000000000000000000e+00
2.177536578530522501e-02
2.748052571710061787e-01
5.908808778028589587e-02
3.609761723065996565e-24
5.495512337307002671e-25
2.299671417691806517e-47
8.384823794991196182e-108
2.764063256737750995e-01
2.664140147638099920e-01
0.000000000000000000e+00
0.000000000000000000e+00
9.155541123336593994e-06
3.625064015167088760e-01
1.694179136626532967e-01
2.805767532731333249e-03
3.842303346026381306e-04
0.000000000000000000e+00
0.000000000000000000e+00
3.842765758740198756e-04
2.525311419280072819e-04
1.177113260009627141e-03
3.843201965642964761e-04
0.000000000000000000e+00
0.000000000000000000e+00
0.000000000000000000e+00
3.843824000615324115e-04
1.166782917239248332e-02
0.000000000000000000e+00
3.904372027547299284e-01
2.661643363588976977e-02
2.806011280877037089e-03
2.652623109145588187e-02
2.807082673995762653e-03
2.804795816285673288e-03
2.662129875742727872e-02
3.333620372736824100e-01
6.914507097724414963e-02
5.888489540834191960e-01
2.804290570521598136e-01
4.124704272894598733e-01
2.229218179585326977e-16
2.659849936058674216e-02
2.024560897074940968e-01
1.177218504134378181e-03
2.119127648988594489e-291
1.782940123361162207e-37
5.574610203296495037e-01
3.842222606645876609e-04
3.842220919986019147e-04
3.842611458072459963e-04
3.122549895700327816e-01
3.842268587582929823e-04
0.000000000000000000e+00
2.803404575014152404e-03
1.177262688064592165e-03
3.843017521758549456e-04
0.000000000000000000e+00
0.000000000000000000e+00
1.695867594824822244e-01
3.817465958010472504e-01
1.421937421021136731e-02
2.627500786482979064e-02
0.000000000000000000e+00
4.449187903572195402e-01
5.487638006241763861e-220
1.921225823121700815e-01
1.270379888679798615e-05
0.000000000000000000e+00
1.883631610407634008e-02
2.991670851506758599e-01
3.825163192656704791e-01
0.000000000000000000e+00
2.452017126238832667e-02
1.877401421180803220e-01
2.804409122919811811e-03
1.784260574875574321e-184
1.220302053588301480e-09
0.000000000000000000e+00
0.000000000000000000e+00
2.663196403302172874e-02
0.000000000000000000e+00
6.751833766823230054e-02
6.152610817021159084e-02
0.000000000000000000e+00
0.000000000000000000e+00
2.376724741336068685e-03
0.000000000000000000e+00
1.893897256914125748e-01
3.275793127294897022e-01
0.000000000000000000e+00
0.000000000000000000e+00
3.843387194221760395e-04
6.721968087048883767e-02
6.849396044668623618e-02
0.000000000000000000e+00
0.000000000000000000e+00
5.676425245862108948e-01
4.128401493494950390e-142
0.000000000000000000e+00
3.951562760481222569e-01
2.803602203538186396e-03
2.805979352453696982e-03
3.216942007002994708e-01
0.000000000000000000e+00
3.681708894835366185e-279
3.842977051786583835e-04
4.406073205522851737e-05
4.406070586576605344e-05
3.842765400575166835e-04
1.922264526913125679e-03
1.935016947101617646e-01
4.669067411241944778e-19
6.441346688440029514e-03
1.169991518956563399e-02
6.729867189731095212e-02
6.937097204849257404e-02
2.647928408233906836e-02
2.804381749351137019e-03
2.699417514883982373e-06
2.625926287797509737e-02
1.167596433730381210e-02
0.000000000000000000e+00
1.892303051648268342e-01
5.841585433744265199e-01
0.000000000000000000e+00
3.843856720940258868e-04
1.177108594061915823e-03
2.045855706755771476e-05
1.176980749876819707e-03
6.782580458929488021e-02
0.000000000000000000e+00
2.798425804273617090e-01
2.045856075396683678e-05
2.904722832460359672e-01
3.754748866358537107e-01
3.271730960823487910e-01
2.576870784870397002e-01
6.112200286526637808e-288
0.000000000000000000e+00
0.000000000000000000e+00
0.000000000000000000e+00
0.000000000000000000e+00
6.736015216883346625e-07
4.957375445139240999e-01
3.417646703987019636e-12
6.736015219431916298e-07
0.000000000000000000e+00
0.000000000000000000e+00
1.083969432781156775e-07
1.111959812102940791e-84
2.651891999692845281e-01
5.844557855300654969e-01
1.083969432923121218e-07
8.267379297464898192e-36
3.260350961987962815e-01
0.000000000000000000e+00
1.886199133580764020e-01
0.000000000000000000e+00
0.000000000000000000e+00
0.000000000000000000e+00
2.780592617009920997e-01
5.602803609480449554e-08
1.387140964440976713e-40
5.480287842226222450e-01
4.556171026268394653e-01
1.809925968993963130e-01
2.645690276768427121e-02
9.431713179109396528e-321
3.210785660694699823e-53
9.270183402645531048e-03
5.602803629048014425e-08
5.602803629129545979e-08
3.385346239582036620e-01
3.837625989388622205e-01
2.803723523466351147e-03
5.462118890344849244e-03
1.169524140739738524e-02
1.374126189351984779e-02
1.690952924810315283e-01
2.804123541170907077e-03
1.083969441078192042e-07
2.804047862903912437e-03
6.838143474968871871e-02
0.000000000000000000e+00
2.642164634081143881e-01
1.330273513039441528e-39
2.570979119662531454e-01
5.602803611396440066e-08
5.602803611396440066e-08
2.807095954116994949e-03
1.177184726130769618e-03
1.170507056554247194e-02
1.177287699074212315e-03
3.842270606215593735e-04
0.000000000000000000e+00
3.843202340486657630e-04
3.842866631364364014e-04
5.602803641073914910e-08
3.842554360697128502e-04
4.660736779698091792e-252
3.842652540913463330e-04
1.177153479855849510e-03
3.842303693468987133e-04
5.602803617429772369e-08
7.999031438299020538e-03
1.083969438806760300e-07
3.842957012646818957e-04
4.756597205710336929e-38
2.830134104669895789e-01
1.856702956984586372e-01
1.914585689596906837e-01
2.699417856654389616e-06
4.931159742987891170e-01
0.000000000000000000e+00
1.833414262271992057e-01
5.201421936142500840e-02
1.574599640761622024e-02
3.843860225355435968e-04
1.394681295796708676e-29
0.000000000000000000e+00
2.699417745290773110e-06
2.804396800531570085e-03
4.818582577614448791e-288
3.736179380162531483e-01
3.984904807007383365e-01
1.917641817837277829e-01
2.699417665922102474e-06
2.699417650680804227e-06
9.239145943406270550e-07
4.219596858628906211e-01
1.983204509841838483e-09
2.699417606606740777e-06
0.000000000000000000e+00
1.483293966124632669e-94
0.000000000000000000e+00
0.000000000000000000e+00
0.000000000000000000e+00
2.666977588594548684e-02
2.715070239604489358e-02
0.000000000000000000e+00
3.843156496269679780e-04
3.843522078358584094e-04
3.244768167054742554e-06
1.155925414951889940e-93
0.000000000000000000e+00
9.678983688660724294e-24
4.406068268627902357e-05
1.177101714419142610e-03
2.665720501162879494e-02
0.000000000000000000e+00
3.842836352629147210e-04
1.023618609889179534e-03
1.652440526895968510e-139
0.000000000000000000e+00
1.177060373372032683e-03
2.804854869288099257e-03
3.843257006650570382e-04
1.705042182282943765e-10
3.526838697924812582e-02
1.083969435265535247e-07
6.898878411725115067e-02
2.882976737170719200e-02
2.805239830067679258e-03
2.805243815586563796e-03
5.136114782866336190e-274
5.088403070033490038e-103
1.698318344294026394e-01
6.736015257856510335e-07
2.798994474694881385e-01
4.657287244936696990e-01
2.853029567300459091e-01
9.542599053851649193e-01
7.179835316457763945e-40
5.431499174339379182e-06
1.066265086409129062e-09
2.256415800941944069e-221
3.590215760832032929e-20
1.192308108736852990e-99
0.000000000000000000e+00
1.401751865884000757e-12
0.000000000000000000e+00
0.000000000000000000e+00
2.804720405879644260e-03
1.083969440029232395e-07
2.393442168932664907e-119
5.380145394529812445e-28
1.166007288923874390e-02
5.602803626602069147e-08
2.803367556716862899e-03
5.602803637812653436e-08
5.602803612741709704e-08
2.804225655892996633e-03
2.660767907040879204e-02
3.842706735886273453e-04
3.843254137133980978e-04
3.843059314784038369e-04
5.602803606096891081e-08
5.602803606096891081e-08
3.842422411593561819e-04
7.107327124803183849e-02
5.602803619182700436e-08
3.843702068917661781e-04
3.843530126082290608e-04
6.768680427098472396e-02
2.662020481400668298e-02
2.667502854825324829e-02
0.000000000000000000e+00
6.758092044760900807e-02
1.915157179229102224e-01
6.842851079884772391e-08
1.488675654336947655e-05
1.083969435502142783e-07
1.465016753349373299e-91
1.083969440463012659e-07
8.166692128383098437e-01
2.908485665833816514e-01
5.602803613230899686e-08
5.602803613230899686e-08
2.627324305868339316e-02
5.602803618978871884e-08
0.000000000000000000e+00
2.612547818055911520e-73
3.871887840657385338e-01
0.000000000000000000e+00
5.602803629781798406e-08
1.829767856854020713e-01
1.083969436314495025e-07
0.000000000000000000e+00
4.987355699982655419e-22
0.000000000000000000e+00
2.699417891163363155e-06
2.638472273115616620e-02
3.842288333449423365e-04
3.244768100100198228e-06
2.805697599355453514e-03
1.576790157044299530e-14
2.699417554990592626e-06
2.895024727247336705e-08
3.398849373157634243e-91
6.569354960551095195e-24
4.406066830682189199e-05
1.306943779005411959e-21
3.843341965580216054e-04
2.805437759350881254e-03
1.755461123520743461e-01
1.177157029985796037e-03
1.177132474965258751e-03
1.177036303363823005e-03
5.103061627566530811e-01
4.406061432379012926e-05
9.877663851938749129e-02
2.626126927120266824e-02
2.983440184007092079e-03
0.000000000000000000e+00
0.000000000000000000e+00
0.000000000000000000e+00
5.478008580414549522e-01
4.406059395297895801e-05
4.406058445859343528e-05
2.639130221492267531e-02
3.312815848004364353e-74
9.001599146738992197e-01
4.406061875553198833e-05
1.732544777445415018e-01
2.642335958620491143e-02
2.643362184293132286e-02
2.648656210029650890e-02
1.730563666433295456e-01
3.842730188697907924e-04
4.154929082752979781e-253
2.804164910753914608e-03
3.842519926867998988e-04
0.000000000000000000e+00
1.194243461056373902e-38
1.177279918542946391e-03
1.177123371013932438e-03
9.799016594682567595e-53
3.842512412209017647e-04
5.306480428953808115e-01
6.338506629830155115e-01
2.804469744102574668e-03
3.843289789205747253e-04
2.751290680261465060e-01
3.843309583943776953e-04
3.843655340290886473e-04
3.842750802065314150e-04
6.885446675424782004e-02
3.842172098502792004e-04
5.608543700493355821e-01
9.373365917105194143e-100
3.842297559523686116e-04
1.083969436677293133e-07
1.083969436677293133e-07
2.807072418485338696e-03
5.602803605240810101e-08
3.008231524206796776e-04
0.000000000000000000e+00
6.050688287500883635e-211
5.602803625052970295e-08
5.602803623829997656e-08
0.000000000000000000e+00
2.806556911822835100e-03
0.000000000000000000e+00
0.000000000000000000e+00
0.000000000000000000e+00
2.371073266793723155e-01
4.406047897891622367e-05
0.000000000000000000e+00
0.000000000000000000e+00
6.577689309957800211e-70
2.247621531768450313e-07
2.247621532504362331e-07
1.083969436125208970e-07
0.000000000000000000e+00
2.699417735018608894e-06
1.083969437229377297e-07
1.146343049566549283e-01
0.000000000000000000e+00
1.083969439800511662e-07
1.083969437899765096e-07
6.185665411448529882e-01
1.083969434224462404e-07
1.772937538561605852e-01
7.550746005983214326e-01
1.871297071802907885e-01
3.244768177277350683e-06
8.948552127278002219e-55
1.651119987249839651e-04
2.699417843809273884e-06
7.737708342284919558e-09
8.593699544062491022e-03
5.602803604507026121e-08
3.513676041234571334e-01
2.917357824295528354e-256
1.730699855960446633e-55
5.602803613964683005e-08
2.885755126211837496e-01
0.000000000000000000e+00
5.602803607360629828e-08
7.298550103789162005e-209
3.724753126668590426e-226
5.265405171287648182e-261
5.602803607686756041e-08
0.000000000000000000e+00
5.602803607686756041e-08
1.003087605992850767e-02
1.787296280079064131e-02
0.000000000000000000e+00
0.000000000000000000e+00
5.602803611600268618e-08
2.247621530509223076e-07
2.247621530198504656e-07
5.602803639891707055e-08
5.602803637690356437e-08
5.602803637690356437e-08
2.647006803151030763e-02
1.929091178928585004e-01
3.843710363292760640e-04
1.824469245060273970e-01
1.850746243525699941e-01
1.775609329029069244e-45
6.971055243650618976e-05
3.842429686342201675e-04
1.083969436148869776e-07
4.679511111207251828e-01
2.804875095898189639e-03
4.358120452062568817e-01
1.167518569803198750e-02
1.083969438830420974e-07
1.167093363065264781e-02
1.083969432583983916e-07
7.088435017309381546e-12
1.083969432583983916e-07
1.083969432986216570e-07
2.699417894718357047e-06
2.247621528170658546e-07
2.699417682852514438e-06
3.152296410887193145e-01
1.167167888702080880e-02
1.003885471985347839e-247
1.730193577101165059e-01
2.045857110911072352e-05
3.373595727223610008e-01
3.120796435216258158e-01
1.256349033486664299e-18
3.842595885316027059e-04
0.000000000000000000e+00
0.000000000000000000e+00
0.000000000000000000e+00
0.000000000000000000e+00
2.433218445032672150e-01
0.000000000000000000e+00
0.000000000000000000e+00
1.083969437907652032e-07
1.083969439674321091e-07
1.757535865755371629e-01
2.247621533845357365e-07
4.050310196536317797e-02
9.634790262828798468e-01
4.087794037181182588e-02
5.638930298147569742e-01
4.068235139282591686e-178
2.995599567221288728e-01
2.980923146245105862e-02
5.602803636793509350e-08
5.714638050391519048e-04
9.252668992385582008e-07
0.000000000000000000e+00
1.224196758430902540e-04
5.602803615350718751e-08
2.699417477409245366e-06
2.846438079252210302e-14
2.699417886076382700e-06
2.998344255181141635e-09
2.699417799951256352e-06
2.247621534941048480e-07
3.551420152789572785e-101
2.692690165437476926e-02
5.602803609358151893e-08
5.602803613964683005e-08
5.082455366875464620e-01
1.483543804832956044e-06
