-1.929783408429830160e+01 8.254981692227090218e-01 -6.376366713465062119e+00
-1.903501203125637176e+01 7.158075881891097225e-01 -7.053851354581224697e+00
-1.909415284389752188e+01 6.516681182005199524e-01 5.378011228250443310e-01
-1.883210872141549785e+01 5.705274743394833648e-01 -2.227909669273827831e+00
-1.862372329399155291e+01 2.650316903326324081e-01 -8.073332101418699835e-01
-1.983387295205785961e+01 6.569402453023005517e-01 -2.299381188530347231e-01
-1.936082032969544287e+01 8.758805605483292733e-02 -6.397556852050982457e+00
-1.928414916685168379e+01 1.969547694274900382e-02 -3.850634913684825023e+00
-1.927343783741746464e+01 3.381144082625071601e-01 -1.888696124125814890e-01
-1.927674165254776284e+01 7.524747119191599332e-02 -2.551158470957556545e+00
-1.877139102012760219e+01 7.108044346796805746e-01 -6.149280322430538348e+00
-1.929212631690576174e+01 2.886350720771952982e-01 2.196293091635208583e-01
-1.817992289902983316e+01 9.191503433552270508e-01 -4.728231703200707514e+00
-1.919893851233274162e+01 8.795105624660830290e-02 -6.759689349184277773e+00
-1.932947241563043406e+01 1.276399391178680356e-02 -2.155556210435132236e+00
-1.938047904439885016e+01 1.181788584287229160e-01 -3.980237742358276876e-01
-1.932815447081843274e+01 1.156726466008930893e-01 -1.141398001466813028e+00
-1.932610445388029419e+01 1.332169024760362919e-01 -1.120651181993238765e+00
-1.930839007742147828e+01 1.752720035836654033e-01 -8.662921477043408203e-01
-1.928286455057158122e+01 7.812456151057194098e-02 -1.538018138167114301e+00
-1.898087296956469672e+01 2.302979948640118124e-01 -4.605086326934674013e+00
-1.932744969818470437e+01 5.465787052121908601e-02 -1.705740259822292160e+00
-1.930869189474436354e+01 1.630708273811012909e-01 -9.437223943665689063e-01
-1.926801607306404307e+01 1.008550816739752359e-01 -4.260892545512560581e+00
-1.934323175494093405e+01 2.602640906129463083e-01 -6.089884257750899366e-01
-1.929932979882944011e+01 2.197957162775453777e-01 -5.342340903173656841e-01
-1.908539145598911446e+01 8.962570861915071241e-01 -2.568948121701080112e-01
-1.928442117022069979e+01 2.976489069241365359e-01 -5.440781243128611777e-01
-1.928580048562585247e+01 2.841975971514908439e-01 -7.234413282098905995e-02
-1.865654940124529659e+01 5.032048839368482573e-01 -4.544685458074633644e+00
-1.932142410395100640e+01 1.279606802908329899e-01 -1.163701031360734106e+00
-1.931063682119113523e+01 1.457609159641839180e-01 -1.137643037708819804e+00
-1.932028477381154019e+01 1.182098549739652726e-01 -1.296192786029251920e+00
-1.932169102501865154e+01 1.082376328396009446e-01 -1.389559718267856070e+00
-1.931354376810555706e+01 1.304021237084208307e-01 -1.253083723399932126e+00
-1.931896896192652946e+01 1.083552761956454447e-01 -1.504735753638692941e+00
-1.941994184288230230e+01 1.145975110902685973e-01 -3.467451962799117382e-01
-1.915708957771311205e+01 4.729227716329837961e-01 -4.343882037161321819e-01
-1.903785914287450254e+01 1.673845864829739960e-01 -7.387591577434232448e+00
-1.816860731769809334e+01 4.968697017172338248e-01 4.833768383767012011e-01
-1.935886938824151571e+01 3.560597527085885283e-01 -1.032801459968208491e+00
-1.932091271272786059e+01 1.008317450411326949e-01 -1.454761963642438261e+00
-1.932417841818065085e+01 1.114882879548379918e-01 -1.282228047056168663e+00
-1.947391732368254935e+01 1.323369264183930638e-01 -5.340972720206186963e+00
-1.932502534313248432e+01 1.156531794310848571e-01 -1.256049597346768465e+00
-1.919700989142163650e+01 1.343095836979946167e-01 -4.320893487039382919e+00
-1.931287200199066589e+01 1.570757525816216527e-01 -1.016493730974215026e+00
-1.931640459121717868e+01 1.261795324290320708e-01 -1.259210635832598513e+00
-1.931936565330414268e+01 1.157086538949051863e-01 -1.375066668675515302e+00
-1.932167076820675078e+01 1.048216935875822819e-01 -1.371366290459354431e+00
-1.931702617078720152e+01 1.290391583252384622e-01 -1.281267153053097019e+00
-1.924728098998345516e+01 3.053920670232211365e-01 -6.484707062709816228e+00
-1.935158462205142271e+01 1.853620139401185307e-03 -2.371924061539606221e+00
-1.928643970836440147e+01 2.483678832093620392e-01 -1.011777198190554117e+00
-1.910128284886399541e+01 2.104362317094539137e-01 -4.465835075224768858e+00
-1.929983405049977563e+01 2.322109791190533346e-01 -4.802863000541535143e-01
-1.929380167615852670e+01 2.525682919164841667e-01 -2.845022344166192596e-01
-1.930319891050220704e+01 1.358764814717003389e-01 -1.523285212979446968e+00
-1.931430500002672446e+01 6.892294183668437602e-02 -1.925421731029526740e+00
-1.908367242208521475e+01 4.369921404179816227e-01 -3.181910946457644940e+00
-1.904840311806245268e+01 1.347140675971538193e-01 -7.001354333550446007e+00
-1.933231927488526480e+01 2.638002809575907756e-02 -2.002844902445437114e+00
-1.888647950073310966e+01 6.214778673912069173e-01 -6.113895834422464759e-01
-1.930636920937618584e+01 2.100106145429895543e-01 -6.166890208923128114e-01
-1.931961159813761242e+01 1.778872925662431104e-01 -5.788140402315182342e+00
-1.912266407918011879e+01 4.688509212172515817e-01 -4.598232812141986869e-01
-1.939776352082956734e+01 1.774133703329937584e-01 -1.201109424322925889e+00
-1.930929400229505433e+01 1.811489107879082072e-01 -8.486279707601696032e-01
-1.928611885935073644e+01 5.000836396164504843e-02 -2.293554563566861049e+00
-1.931172175304557825e+01 1.693098427931146732e-01 -8.989087499967265416e-01
-1.930853509925849920e+01 1.707353995838407634e-01 -9.395448701172011141e-01
-1.931606245624403329e+01 1.399294303075004353e-01 -1.149152513143572918e+00
-1.928713755014768694e+01 4.532453490264293783e-01 -1.187695951197314415e+00
-1.934412230758718820e+01 7.924507751283527135e-02 -2.081626692991910943e+00
-1.927378689164489955e+01 2.257839104810887010e-01 -2.628836895780766625e+00
-1.930942736773027235e+01 1.603140918459797504e-01 -1.014947266991956809e+00
-1.932006875134788970e+01 1.122328371817534337e-01 -1.387855194144872684e+00
-1.931908483283164202e+01 1.224195020928640076e-01 -1.262145913690797983e+00
-1.930007129158651580e+01 2.262880711521120247e-01 -1.803649058086129742e-01
-1.931532147490262119e+01 1.553752204589935459e-01 -1.023224328929314808e+00
-1.931198928910183099e+01 1.567364793124318978e-01 -1.041137488319115789e+00
-1.931349890275409820e+01 1.523990846686735234e-01 -1.039695620217921501e+00
-1.931270162444019789e+01 1.528626226882072447e-01 -1.052088604070659628e+00
-1.931289937530634049e+01 1.489610393176962200e-01 -1.082157938414452403e+00
-1.931353088995894751e+01 1.511324001051768395e-01 -1.072047905629343489e+00
-1.931376675969452350e+01 1.515883152334730755e-01 -1.060207603740675353e+00
-1.931106092123328821e+01 1.559919656841386726e-01 -1.042461819219283825e+00
-1.935665905405715392e+01 1.117018180738676009e-01 -8.648671030395611581e-01
-1.931285777951194049e+01 1.553391658924289376e-01 -1.011727618905203130e+00
-1.931577282642303217e+01 1.468808029502475798e-01 -1.079018046247176343e+00
-1.931566704220910324e+01 1.480667947508333415e-01 -1.062130628986196257e+00
-1.931351192376449788e+01 1.515256051873680732e-01 -1.043298683892681211e+00
-1.931496708636927906e+01 1.442137966342836308e-01 -1.094468330636821918e+00
-1.919889830803410291e+01 3.507697983181782275e-01 9.171870840465423669e-02
-1.931361757577450078e+01 1.258131034134488679e-01 -1.511382243061992980e+00
-1.931275195883265283e+01 1.656109528285658050e-01 -9.173608776202737403e-01
-1.932491960488871996e+01 5.373896774887929745e-02 -1.860799995335327139e+00
-1.933471206798245490e+01 5.005158835345001334e-02 -1.783589373951464552e+00
-1.931372050831132370e+01 1.501382554161783400e-01 -1.020519545836679143e+00
-1.931621630781633669e+01 1.290368378966943175e-01 -1.229041196142942383e+00
-1.928122836861998479e+01 3.038092956990740556e-01 1.334059029279988096e-01
-1.931448075746870430e+01 1.480270176913483227e-01 -1.051486039109104098e+00
-1.931688065604590321e+01 1.339885193393726137e-01 -1.184407683533905242e+00
-1.931501095801812795e+01 1.311872403225310402e-01 -1.246662297779161932e+00
-1.930680248748697281e+01 1.670455712396178849e-01 -9.914190239571407659e-01
-1.931416677029477569e+01 1.433462176412385602e-01 -1.141263688490099071e+00
-1.931395951638149100e+01 1.266625743727643472e-01 -1.279342031436685900e+00
-1.922465064712757155e+01 2.107140859510789332e-03 -3.885925877165012032e+00
-1.934709831272511593e+01 7.566876608580672126e-02 -9.228455814626688181e-01
-1.935459163849811404e+01 1.109723137698861439e-01 -8.028731122001229181e-01
-1.933901055803667646e+01 1.194160986592161106e-01 -1.391126542655021225e+00
-1.911149215900043785e+01 4.644305932586318963e-01 -6.935009964243048941e+00
-1.842280578307732597e+01 1.281515818830476494e-01 -8.732864843768414431e+00
-1.931414753782812710e+01 1.466421171449512895e-01 -1.082720146782197190e+00
-1.931481935335268574e+01 1.428849382663727741e-01 -1.130270095599886560e+00
-1.916131138403334688e+01 3.754404349145814557e-01 -1.959116005909235625e+00
-1.931593333668678625e+01 1.375074418088786665e-01 -1.163421845844219149e+00
-1.931576682587575533e+01 1.375355125383871668e-01 -1.158487636148477051e+00
-1.931549807854626621e+01 1.355083177690439289e-01 -1.183852094634737284e+00
-1.931549910759058619e+01 1.382376112156491199e-01 -1.160688420518411590e+00
-1.931430315299473577e+01 1.382974944079790602e-01 -1.171563871267077062e+00
-1.931420324340471240e+01 1.448741372520051252e-01 -1.141349026459980820e+00
-1.932068714932267284e+01 8.039540135212376593e-02 -1.646795506393077702e+00
-1.931590248860224435e+01 1.381793620416258139e-01 -1.155534774866650238e+00
-1.931953420268858324e+01 1.259971329647345262e-01 -1.240984973782367717e+00
-1.931934202173669135e+01 1.211160668806728485e-01 -1.266241930737058041e+00
-1.931970283672388788e+01 1.211002736919392642e-01 -1.270060951392416371e+00
-1.931402044395328232e+01 1.466456497280379245e-01 -1.085194268186928213e+00
-1.931539255572569758e+01 1.385002962006666727e-01 -1.159737775511965552e+00
-1.931551150623879565e+01 1.387936228532534177e-01 -1.154929040984123745e+00
-1.931482827985890083e+01 1.423249259207183259e-01 -1.117051774611233839e+00
-1.931454781853240732e+01 1.532452185310284043e-01 -1.023291953589010816e+00
-1.931483407195788260e+01 1.419387227356301295e-01 -1.132490699272381107e+00
-1.931565280877954649e+01 1.374416464760982448e-01 -1.164379960640843592e+00
-1.931497989090819445e+01 1.414436120319757795e-01 -1.136045617355796011e+00
-1.931499365583755790e+01 1.554262873693395830e-01 -9.972405155130648069e-01
-1.931488372682971644e+01 1.415174217555217884e-01 -1.133934530903630389e+00
-1.931718195319941955e+01 1.310878736937233224e-01 -1.189141671023079994e+00
-1.931577360787089859e+01 1.375290983676943080e-01 -1.162801443361145104e+00
-1.931556066006490369e+01 1.383585146008257105e-01 -1.155242740985537253e+00
-1.931524831885888815e+01 1.387929093282338211e-01 -1.151826507979038183e+00
-1.931558180760368515e+01 1.377919461716434202e-01 -1.163019114705718948e+00
-1.931592452272711213e+01 1.369795736136474040e-01 -1.165411890902310788e+00
-1.931559432836679946e+01 1.384292779210705704e-01 -1.155560676423780464e+00
-1.931610859263653168e+01 1.366686651586455081e-01 -1.165555199729279678e+00
-1.931566377668363899e+01 1.383200543484622014e-01 -1.155814220114240953e+00
-1.931566077195235920e+01 1.382202276769529670e-01 -1.156538260263229034e+00
-1.931785939071830427e+01 1.305134483680531199e-01 -1.201542328707708052e+00
-1.931557590242525890e+01 1.383780352853927476e-01 -1.156668521542830064e+00
-1.931576394871943592e+01 1.374408609189814168e-01 -1.162125769620457660e+00
-1.931686242159287659e+01 1.246163623028007095e-01 -1.276686546301370129e+00
-1.931598499348608655e+01 1.366266700293724545e-01 -1.169245661858651530e+00
-1.931565823246815228e+01 1.381826442459754278e-01 -1.157521627443063750e+00
-1.931488163294447702e+01 1.398483218763964531e-01 -1.125567698999457633e+00
-1.931564456686827924e+01 1.381262974261663334e-01 -1.157836556915095017e+00
-1.931563505761324961e+01 1.381625856017341947e-01 -1.157938469374521162e+00
-1.931596651556917621e+01 1.365146755103071319e-01 -1.169073729620150104e+00
-1.931565871829779368e+01 1.380930702945721289e-01 -1.157761885492943676e+00
-1.931564576590935545e+01 1.380529029434244825e-01 -1.158314725039161885e+00
-1.933908552875445963e+01 3.050408308884838479e-02 -1.409326949451218169e+00
-1.932851132875721945e+01 5.113735339859920050e-03 -2.245949067762337492e+00
-1.934158491079790920e+01 4.167158144574496272e-03 -2.106676279509905214e+00
-1.887328038907615380e+01 2.924191863252160739e-01 -8.805559287655793099e+00
-1.931565422769673290e+01 1.382023636336583150e-01 -1.158262876549558840e+00
-1.931606651301869704e+01 1.365698461278677944e-01 -1.168261520841088696e+00
-1.931593313629193887e+01 1.366360143775223746e-01 -1.169738626118117963e+00
-1.928098652533554969e+01 3.806903968917460523e-01 2.849602704242677476e-01
-1.931561016176369705e+01 1.380031033173092780e-01 -1.177826027683551047e+00
-1.931563317288454584e+01 1.382434220165583705e-01 -1.155928444435774693e+00
-1.931522491261715757e+01 1.414220418387961975e-01 -1.128908058367272815e+00
-1.931571347797560279e+01 1.377848593497846830e-01 -1.160041321890206589e+00
-1.931569391041335493e+01 1.378275003280733380e-01 -1.159390909194762287e+00
-1.931565558139583416e+01 1.379741094137711677e-01 -1.159159286250448062e+00
-1.931389859737561210e+01 1.666884635583560925e-01 -9.319524022271217234e-01
-1.931557314364303934e+01 1.384119050484386992e-01 -1.156456871118900054e+00
-1.931567896362780701e+01 1.379097226042819702e-01 -1.159554811148620246e+00
-1.931567686179028343e+01 1.378926045717680515e-01 -1.159445473437939356e+00
-1.931569645230840848e+01 1.379917427187270507e-01 -1.158553463228633618e+00
-1.931566741267820930e+01 1.379809669943286299e-01 -1.158295488225457248e+00
-1.932871796134093145e+01 1.101611425894678808e-01 -1.226812767932555559e+00
-1.932612623194205170e+01 1.850820754017862002e-01 -2.569171749628598178e-01
-1.931561025233605022e+01 1.383083011004332674e-01 -1.156443508401965303e+00
-1.931560784584893398e+01 1.383282066997919835e-01 -1.156432737372528052e+00
-1.884878681965803082e+01 4.936412648166389472e-01 -2.146734453631125028e+00
-1.917482307302003974e+01 6.251299798602617530e-01 -3.460849542125936651e+00
-1.921521873040478212e+01 2.590935191491182121e-01 -8.104268895649457960e-01
-1.915198757421121201e+01 4.428007483527665600e-01 6.121461135287393773e-01
-1.931574476352462000e+01 1.378857609713804444e-01 -1.158849143654233416e+00
-1.931561513132034236e+01 1.382056036111500297e-01 -1.157685780910165718e+00
-1.931562295413745645e+01 1.382629423953096737e-01 -1.156980386834984387e+00
-1.931483802179755571e+01 1.404536626480029637e-01 -1.146226573561348161e+00
-1.931562463408241825e+01 1.382587756890890640e-01 -1.156780102349388883e+00
-1.930286432450724732e+01 1.952616316034791466e-01 -7.485192783572838238e-01
-1.931569409492428946e+01 1.382146425826089042e-01 -1.156542683859548504e+00
-1.931564300543551127e+01 1.382194919756415119e-01 -1.156505496935317012e+00
-1.931541664797954283e+01 2.571894243422804816e-01 -5.343217791428855890e-02
-1.931769442097881040e+01 1.276445874780671730e-01 -1.236609109273819840e+00
-1.931599352147658877e+01 1.371735230880022638e-01 -1.160395448504122129e+00
-1.931386047819526652e+01 1.373861715872138622e-01 -1.174704386651592714e+00
-1.931702093454419256e+01 1.366732283573406370e-01 -1.132936065913783708e+00
-1.931690784122520554e+01 1.311541692052878294e-01 -1.194353361848323303e+00
-1.931563780406337472e+01 1.383166150700637087e-01 -1.156086326318870761e+00
-1.927233249136505577e+01 3.540980415548015681e-01 5.287478586998588526e-01
-1.931776830011240165e+01 1.420822446677769690e-01 -1.202149027276368187e+00
-1.931611945170438815e+01 1.360216355142454259e-01 -1.188928372106826004e+00
-1.931555515530181921e+01 1.386968914039049539e-01 -1.154570511550321754e+00
-1.931785009568569933e+01 1.718294061958341723e-01 -7.432919389165171253e-01
-1.931542623879649767e+01 1.388069825227248033e-01 -1.154285686490315044e+00
-1.931497928397185504e+01 1.330063015309778385e-01 -1.231180664924989898e+00
-1.931548960024393935e+01 1.384651372581929551e-01 -1.157149139544188188e+00
-1.921294664086033777e+01 1.155119648327334048e-01 -5.547150402218143483e+00
-1.915256461355676976e+01 6.596140878340310820e-01 -1.012014261164395634e-02
-1.931545980797145035e+01 1.383781510073607557e-01 -1.156351286630501463e+00
-1.931235040855345630e+01 1.067596031144376900e-01 -1.552697591373155106e+00
-1.932982194596248604e+01 9.420937947159575832e-02 -1.383608852277848911e+00
-1.930297759553386783e+01 1.726988401085743918e-01 -9.377092296927962423e-01
-1.930785970327569601e+01 1.788838416983536406e-01 -9.856647752995897349e-01
-1.929793650448026199e+01 1.027470556181753342e-01 -3.773202277639242652e+00
-1.931568715094802968e+01 1.377670147090458430e-01 -1.160732635255024903e+00
-1.910383305830443845e+01 2.134980873889684716e-01 -7.332590122056497073e+00
-1.931562307887998742e+01 1.379729811979569787e-01 -1.161369258324562281e+00
-1.931566741781258756e+01 1.377669299563747674e-01 -1.160050037709302373e+00
-1.934807480416287007e+01 1.341554110693942044e-02 -2.071802334563260573e+00
-1.931693572479023047e+01 7.407651797918844705e-02 -1.693724281399887843e+00
-1.931349353412611691e+01 1.516306166080508278e-01 -1.035529239859217299e+00
-1.931598575020460018e+01 1.307307828424055240e-01 -1.229451825575132773e+00
-1.931680387978790847e+01 1.308690688480363962e-01 -1.210072084994020969e+00
-1.940939843683493393e+01 1.814797748423516892e-03 -1.259799824077989072e+00
-1.931568065587514127e+01 1.379612029428368691e-01 -1.158600360042767008e+00
-1.931477976941190633e+01 1.519171899916013091e-01 -1.033943143361382155e+00
-1.931569722151664692e+01 1.379761938675874156e-01 -1.158469789107504866e+00
-1.931567571027212793e+01 1.380266939223676881e-01 -1.158410484717995459e+00
-1.933271421214677588e+01 8.315808182748361810e-02 -1.320174632817833427e+00
-1.929499881199392064e+01 2.175563887612394220e-01 -6.559136971754941925e-01
-1.931575307792594742e+01 1.378315782507173182e-01 -1.157185677402962298e+00
-1.931566601623552160e+01 1.667983817316379402e-01 -9.643061440679971952e-01
-1.861305545245919291e+01 6.377803820274101643e-01 -9.515597039135403890e+00
-1.931652400889917232e+01 1.475166433988134296e-01 -1.056543672051137861e+00
-1.920291309427170034e+01 3.914951943451503991e-01 -2.508343165188922086e-01
-1.923789700558974403e+01 4.697302486524222997e-01 6.778384938288208872e-01
-1.800682005633375482e+01 3.746612017636170577e-01 -7.278138738498959093e+00
-1.931621389503547093e+01 1.348736186186199615e-01 -1.180563517049336042e+00
-1.931572140732244236e+01 1.374529872263464403e-01 -1.163554667823078148e+00
-1.931582148311349911e+01 1.373837451893896167e-01 -1.162342395276141360e+00
-1.934284195160619646e+01 2.221709085813585935e-02 -1.841508650935848479e+00
-1.931587168004277189e+01 1.372132815770198688e-01 -1.162388273210407164e+00
-1.939428319461761063e+01 2.432242453456769649e-01 4.384186694365634906e-01
-1.931590489963397062e+01 1.371587901343432336e-01 -1.163170895723979470e+00
-1.931535101672125165e+01 1.390711422381095685e-01 -1.151071500197542008e+00
-1.931594194838195122e+01 1.368857952717595916e-01 -1.167790529722100956e+00
-1.931465941510351669e+01 1.365494388744691312e-01 -1.188730331562647180e+00
-1.931585763746593187e+01 1.375456282481825332e-01 -1.162081307161903609e+00
-1.931546777087066502e+01 1.396568119440205202e-01 -1.147919607910901973e+00
-1.931521490597960167e+01 1.395109233674674543e-01 -1.145461234646450777e+00
-1.932340758391546842e+01 9.757375237776996779e-02 -1.468852332834522656e+00
-1.930824087923100763e+01 1.288388185677636355e-01 -1.201382566241571581e+00
-1.931454599180065301e+01 1.365039480225808399e-01 -1.194676129116952978e+00
-1.931742700993612161e+01 1.256193705108277214e-01 -1.256458845292952375e+00
-1.931571059957504843e+01 1.444020627976750626e-01 -1.100265506563966156e+00
-1.931914363031911108e+01 1.275676842243741449e-01 -1.234300444428056309e+00
-1.931698335589643989e+01 1.254212533219317138e-01 -1.258148310430009076e+00
-1.932035234194364293e+01 1.084225331066183962e-01 -1.344399191288736972e+00
-1.932082846621144512e+01 1.340261603729593631e-01 -1.369179755600690385e+00
-1.897368743453769468e+01 4.551232906904313924e-01 -4.950683299139555515e-01
-1.931492227239181858e+01 1.377027513084601307e-01 -1.106445075190233496e+00
-1.940524913989069944e+01 2.392659440847426655e-01 5.306033892433532628e-01
-1.931152946431792117e+01 2.186345909817306588e-01 -6.612125496021423743e-01
-1.931111535430846260e+01 2.010616250214257161e-01 -6.754448493138358600e-01
-1.931478579435818332e+01 1.425247018526944187e-01 -1.096902323264593804e+00
-1.931560781718463105e+01 1.386360351383750522e-01 -1.153224951228216000e+00
-1.931197551811434110e+01 1.625365539231100886e-01 -9.667033880699147375e-01
-1.931384483134310059e+01 1.594917478480291084e-01 -9.995666563562473073e-01
-1.916545424343309278e+01 5.096646347709161695e-01 -4.805945014902732737e-01
-1.951431652082247581e+01 3.062484859130965020e-02 -8.514895544070686384e-01
-1.931928010282483754e+01 1.453859176821810928e-01 -1.078519284156408631e+00
-1.934529393359730776e+01 1.459688904526453349e-02 -1.522483246115882594e+00
-1.931460585721523771e+01 1.370443301341323084e-01 -1.187261110704595168e+00
-1.931480679913216747e+01 1.373311906443838160e-01 -1.188815306995046228e+00
-1.928550428684609841e+01 2.488911294501989970e-03 -4.572442958809281421e+00
-1.923752369786098271e+01 2.695493555458728374e-01 -4.303683206666590877e+00
-1.931558842632278683e+01 1.383121159625982088e-01 -1.157130183022166747e+00
-1.931518993692630914e+01 1.412029670833407080e-01 -1.135042680987865538e+00
-1.929265120780428688e+01 2.202649832151244436e-01 -6.233911630867616793e-01
-1.930229820189491718e+01 1.898000804499203886e-01 -8.482103005116812255e-01
-1.931595346454118811e+01 1.369994011201955131e-01 -1.152829811374537883e+00
-1.929806327661371057e+01 1.881437582136071263e-01 -9.508376876275832501e-01
-1.931558838221482333e+01 1.384625865759950836e-01 -1.155409142021387225e+00
-1.931824525397592396e+01 1.537714913135520001e-01 -1.120880669372546379e+00
-1.931644509225436224e+01 1.350223917602798029e-01 -1.180507763722298264e+00
-1.931212674439062837e+01 1.470771837463600018e-01 -1.117078790521993881e+00
-1.931556073956604536e+01 1.384530680562994498e-01 -1.155493893180121745e+00
-1.931565637998371088e+01 1.382463168108695184e-01 -1.157070988035084014e+00
-1.931643344879886470e+01 1.360810943994921474e-01 -1.153474425021936867e+00
-1.931833488995180659e+01 1.302478018106272561e-01 -1.204175408576292128e+00
-1.931461220052364780e+01 1.279898651719693081e-01 -1.280523388997371725e+00
-1.926519837720683626e+01 2.815658970298201558e-01 -1.077746263763163626e+00
-1.931919368001207715e+01 1.217836837980689757e-01 -1.240832438963483497e+00
-1.931564839542667045e+01 1.381237735774384912e-01 -1.158026715529643980e+00
-1.931563458930665789e+01 1.381081004089420861e-01 -1.158138462097337396e+00
-1.930303419070304116e+01 1.634792682481547854e-01 -8.136905081327032718e-01
-1.931589959230276321e+01 1.369777227083870397e-01 -1.164945872972513286e+00
-1.931275342271362661e+01 1.459269348484704132e-01 -1.107273145912548884e+00
-1.931483228922413886e+01 1.421519502869151019e-01 -1.189616056572230463e+00
-1.931598740879692855e+01 1.370083087776970965e-01 -1.162883256736282789e+00
-1.925835747695069244e+01 2.629550905985884035e-01 -2.085336624915095527e+00
-1.931563038389889186e+01 1.381795727359596548e-01 -1.157681846904301537e+00
-1.933421228926914992e+01 7.670615538489783392e-02 -1.386925266906004595e+00
-1.931600439349921672e+01 1.365691477165512091e-01 -1.166427273959152799e+00
-1.931645004360360929e+01 1.340013756184890159e-01 -1.191880834063063332e+00
-1.912213798432371092e+01 4.886019726637726990e-01 -8.661006028407363999e+00
-1.927987942217858830e+01 2.255735856624000446e-01 -1.017223759617955636e+00
-1.931564803416333120e+01 1.381863000854757773e-01 -1.157366613851971593e+00
-1.931594765631615829e+01 1.365894706140156900e-01 -1.169904752980851725e+00
-1.927909040871806212e+01 3.298292753943719013e-01 -6.973444526963614720e-01
-1.931567370439207210e+01 1.379900748192192106e-01 -1.158810917806800234e+00
-1.931584223250708021e+01 1.369579130705972647e-01 -1.165555304344534804e+00
-1.931580231323817998e+01 1.368907523080826749e-01 -1.168577486779543761e+00
-1.931559358788178571e+01 1.382545975400798488e-01 -1.157306220036829814e+00
-1.929323041943820982e+01 2.775304436617494486e-01 9.513985691307169645e-01
-1.931566643587579790e+01 1.380930284826446253e-01 -1.157085563935865480e+00
-1.932898581748449729e+01 4.702063144969360203e-02 -1.792674421955814168e+00
-1.931554471248727367e+01 1.384191350922209240e-01 -1.156109387019935042e+00
-1.931563352157106905e+01 1.380513445735672695e-01 -1.158671550450478094e+00
-1.931563673377704760e+01 1.380970446998190382e-01 -1.158521291382735185e+00
-1.930685114791809198e+01 1.765638165263328785e-01 -8.292401816918957280e-01
-1.931062585825999278e+01 1.716868610676940965e-01 -8.992892341507925380e-01
-1.931484152382254749e+01 1.635670378816314885e-01 -9.127397313021514691e-01
-1.931568932010494422e+01 1.379441319256956011e-01 -1.159107260704587361e+00
-1.931262974175686153e+01 1.559611745289046503e-01 -1.026807850619624318e+00
-1.931556871993518953e+01 1.383824592742720627e-01 -1.156209608498562247e+00
-1.931561980315686711e+01 1.383762973332682278e-01 -1.156115170117567814e+00
-1.931558040362428130e+01 1.383834078061192685e-01 -1.156127572763862688e+00
-1.930389019521885885e+01 2.257838928811006091e-02 -2.328369370084720558e+00
-1.932487649562569132e+01 7.787240213682405932e-02 -1.530822198135062706e+00
-1.931561092417482683e+01 1.383844271265877723e-01 -1.155845509581856945e+00
-1.931568218411169369e+01 1.326113314861652459e-01 -1.211561437678421171e+00
-1.931562189710276556e+01 7.671686629122348444e-02 -1.632742596322900752e+00
-1.931517536946813607e+01 6.718755443124659055e-02 -1.890085012488125216e+00
-1.931886271322503035e+01 1.235658180540140372e-01 -1.253776710214566492e+00
-1.909526696864053008e+01 6.048194143304250758e-01 -2.150536505894805828e+00
-1.931560138524801573e+01 1.382884399254232510e-01 -1.156920675873770676e+00
-1.931573470489881217e+01 1.388985975549306973e-01 -1.149615454847010554e+00
-1.931570574205563418e+01 1.380129268690540034e-01 -1.158115213742664906e+00
-1.931821276914580920e+01 1.220240485275880249e-01 -1.317368346066780660e+00
-1.967412787532758855e+01 5.816258966900837990e-01 -4.643282661773914910e+00
-1.931565585486292136e+01 1.380740779913890992e-01 -1.158091724171717019e+00
-1.931562954426628664e+01 1.381401920546984352e-01 -1.157570812902914525e+00
-1.931563560433206206e+01 1.381186009367077194e-01 -1.157833579485922471e+00
-1.931657976816557110e+01 1.325958679251343364e-01 -1.200572557285266129e+00
-1.931983230862563516e+01 8.796763367391730037e-02 -1.520037633896823337e+00
-1.931564722635436482e+01 1.380663228977908330e-01 -1.158295524768490736e+00
-1.931544084322417731e+01 1.382126782011564303e-01 -1.156928112451710788e+00
-1.931976114683375911e+01 9.989490910046054661e-02 -1.463320861317228605e+00
-1.931567725868276142e+01 1.379981200984393974e-01 -1.158396345459344445e+00
-1.931930657088309289e+01 1.126672269447077240e-01 -1.339608715885827195e+00
-1.931565006906022575e+01 1.380745820740325591e-01 -1.159320747789264416e+00
-1.931559130665429080e+01 1.383689215218855684e-01 -1.156230927978642242e+00
-1.931563734020139833e+01 1.381183224291472889e-01 -1.158116496143541951e+00
-1.931644984391853370e+01 1.334865211321473177e-01 -1.176636829213917324e+00
-1.931568530713948917e+01 1.382672136133472063e-01 -1.156690480487736039e+00
-1.917597571841578485e+01 1.372492661484198129e-01 -6.347045229150249490e+00
-1.931558675996273777e+01 1.383432170419858498e-01 -1.156601454246692029e+00
-1.931569484464562336e+01 1.382899873363475363e-01 -1.155740762436657576e+00
-1.923776059277707162e+01 1.636499481906578957e-01 -1.760503535777072415e+00
-1.931559117772711431e+01 1.383356295647548972e-01 -1.156266699334306480e+00
-1.926355383409777033e+01 4.114147364958994357e-01 7.683855923789195685e-01
-1.931558025614608809e+01 1.384990192054900704e-01 -1.156606237421923922e+00
-1.931457463916113326e+01 1.450131964059584722e-01 -1.114742664050131893e+00
-1.931583863097920784e+01 1.370482138979473297e-01 -1.162256352294194883e+00
-1.932171002167342522e+01 1.399582646423200016e-01 -1.016138475005853081e+00
-1.931519523596659127e+01 1.377152583685614662e-01 -1.196024666741921649e+00
-1.931605211917982245e+01 1.352824061700862168e-01 -1.179563654824768548e+00
-1.931519682698741747e+01 1.361880885099072402e-01 -1.179880016074726257e+00
-1.931576107136026010e+01 1.435244020330231074e-01 -1.138103612541369714e+00
-1.931616812951203244e+01 1.361840722282393612e-01 -1.169827945588423290e+00
-1.931084786043492940e+01 1.543004222332111097e-01 -1.222193401117468881e+00
-1.932211239915169187e+01 1.188673358849695189e-01 -1.244046173972126468e+00
-1.930418099142238120e+01 1.825601280350268307e-01 -1.037143631386841847e+00
-1.931564429441478481e+01 1.380526808177140186e-01 -1.158450279961497742e+00
-1.922816670139476258e+01 3.261516798959332442e-02 -4.872942434976931914e+00
-1.933579006654979793e+01 1.190504385852193536e-01 -1.114463803602395942e+00
-1.931564212599659314e+01 1.378827218874399685e-01 -1.159592713376238038e+00
-1.931559049596221200e+01 1.378691646997128872e-01 -1.159841844172762038e+00
-1.931788157290242935e+01 1.133181849230635446e-01 -1.494924544601918370e+00
-1.931562996988340331e+01 1.382051955566145907e-01 -1.157042826900609001e+00
-1.927832787200772202e+01 3.002031714307375476e-01 9.024221537121590586e-02
-1.932036228747280759e+01 8.104007198772235354e-02 -1.686968325560947335e+00
-1.931318518199547185e+01 1.283268588621686024e-01 -1.315917965350390517e+00
-1.926757723779155285e+01 1.756283537626127933e-01 -1.804744144923208893e+00
-1.932167597818920157e+01 2.343290796352598959e-01 -9.546136505822886420e-01
-1.931533683143972269e+01 1.615564554790765994e-01 -9.373234645194745696e-01
-1.923120302619093991e+01 1.313500567853271850e-01 -9.442140411258503008e+00
-1.931595806310448893e+01 1.345274312220101909e-01 -1.206635328907545102e+00
-1.931784205249248387e+01 1.385377627050873861e-01 -1.124271532660483075e+00
-1.932116095348740714e+01 6.075108212314866973e-02 -1.475835331857924260e+00
-1.931592628315128124e+01 1.373373216703915045e-01 -1.161924767540122971e+00
-1.930891573429172325e+01 1.879581753777195552e-01 -7.297345860980435361e-01
-1.931542872811889566e+01 1.387701695526822043e-01 -1.157690490973646291e+00
-1.853863411615718348e+01 2.827658551169881518e-01 -1.738078549283331498e+00
-1.931553094644038993e+01 1.385808340087491541e-01 -1.155728692629912402e+00
-1.931417832221417541e+01 1.320337726611858498e-01 -1.254067239610437312e+00
-1.911124369098336118e+01 6.008495842907245893e-02 -3.020037461837699055e+00
-1.931709127560245065e+01 1.281651183624876178e-01 -1.231447304066490389e+00
-1.929219278157051320e+01 2.342039833847051888e-01 -3.032973136828331917e-01
-1.932700171815269741e+01 7.534506327911222323e-02 -1.742178755296777126e+00
-1.837894708931503374e+01 9.575815565729253187e-01 -9.171263511220423936e+00
-1.943705754544421183e+01 3.041259962746390433e-01 -7.250822031440471882e+00
-1.933567880965312824e+01 2.185055123049607639e-02 -1.997899422983152817e+00
-1.931523963501986074e+01 1.391145535071400263e-01 -1.152772937770389916e+00
-1.923707876819473839e+01 4.263300135898221745e-03 -4.558909787177764628e+00
-1.931499995448575646e+01 1.392943318053009583e-01 -1.157999467229576140e+00
-1.931495169557192071e+01 1.399299192274409409e-01 -1.151984882790539899e+00
-1.927198896033810627e+01 2.049560182586834811e-01 -7.258548217216969078e-01
-1.931518203658044541e+01 1.407325864160712259e-01 -1.138967566965918721e+00
-1.930668591792858635e+01 1.752572045983917803e-01 -8.702869886875799210e-01
-1.930643593654648882e+01 1.758609167609128943e-01 -9.186236485261130014e-01
-1.930968512903667289e+01 1.698651390442606768e-01 -9.395056434503814558e-01
-1.930418356979111749e+01 1.974354864158030798e-01 -6.465125291953803810e-01
-1.931560439958560593e+01 1.397908664762556596e-01 -1.141105002936516399e+00
-1.900515429518894450e+01 5.829679912927369090e-01 -8.100533855648489379e+00
-1.931602668159922942e+01 1.357096920575683596e-01 -1.177327082744708875e+00
-1.931543822039550662e+01 1.394154165284855473e-01 -1.148184646362164330e+00
-1.931541464482303283e+01 1.394303793569214300e-01 -1.148055599685219974e+00
-1.931358714491251050e+01 1.527777461388500346e-01 -1.033551325157221257e+00
-1.931596032399931318e+01 1.367743233015775717e-01 -1.167216655559151661e+00
-1.926854384818231836e+01 3.279746136870584916e-01 4.092299374200205619e-01
-1.930219010969969062e+01 1.628898379729397938e-01 -9.839059039679387553e-01
-1.929370598538742598e+01 2.193171649791214317e-01 -4.084666257124069944e-01
-1.931006165550295250e+01 1.378430922861562935e-01 -1.342902462682140197e+00
-1.931570469712026750e+01 1.379233051973279556e-01 -1.158619382449476376e+00
-1.916345827985519534e+01 4.653706943173713806e-01 7.205001319836590312e-02
-1.931570156472410105e+01 1.377827226307456465e-01 -1.160408605844468255e+00
-1.931570333971228948e+01 1.377704369574993815e-01 -1.160459456927242172e+00
-1.931565771641883345e+01 1.379806999662422928e-01 -1.159018780449340369e+00
-1.930900341102275419e+01 1.535390891021790882e-01 -7.759485304236957148e-01
-1.931425535811281691e+01 1.840439699585378341e-01 -6.232757554749071005e-01
-1.931381377647698017e+01 1.473702549885158586e-01 -1.091809595370010655e+00
-1.931443874815270334e+01 1.447508175463669555e-01 -1.110603153107522445e+00
-1.931440650456380581e+01 1.448504968803077109e-01 -1.109904120403369276e+00
-1.931493508212462018e+01 1.443821810681709672e-01 -1.106166512063852636e+00
-1.922867302880734286e+01 3.096352527559931289e-01 -4.246228806850824711e+00
-1.931447016805584838e+01 1.501823676166816057e-01 -1.044449757871838358e+00
-1.810128805898675353e+01 3.591749410232605300e-01 -2.079754798635825352e+00
-1.804424902048418744e+01 6.417233525911104630e-01 -9.471753821677799223e+00
-1.931570838694611680e+01 1.379583770642663076e-01 -1.158491684305316127e+00
-1.931566822050428556e+01 1.379916055893913585e-01 -1.158919956867515921e+00
-1.930933818598655449e+01 2.224885431533226710e-01 -1.339578882774244306e+00
-1.931502451372009332e+01 1.426721481682482473e-01 -1.124546951564072472e+00
-1.931566674181338072e+01 1.380927507995204362e-01 -1.157951014783447974e+00
-1.931564145647168473e+01 1.380554590564756490e-01 -1.158262770710146938e+00
-1.931566406887592180e+01 1.380938059652268290e-01 -1.158004560631464841e+00
-1.931498774588321865e+01 1.424108324299419581e-01 -1.126132184820002990e+00
-1.930518183727998149e+01 1.636549365652043564e-01 -8.141619713469978592e-01
-1.931565710922247447e+01 1.381991964756866809e-01 -1.157510130339725052e+00
-1.930433690599278407e+01 2.640549587149274013e-01 -3.535649224347210406e-01
-1.931561478515452634e+01 1.381960334786073163e-01 -1.157976777935177282e+00
-1.931553934388700711e+01 1.374912504021317261e-01 -1.167475797518228831e+00
-1.913597009129820137e+01 8.253265292483502602e-01 -1.521806876797704433e-01
-1.931714233838057382e+01 1.026569240068073013e-01 -1.858685650375747400e+00
-1.931864553021177500e+01 1.328386075179310288e-01 -1.137577264296776747e+00
-1.931558670157135182e+01 1.379877953457255280e-01 -1.159686065103711528e+00
-1.931541997653162568e+01 1.385958355275182241e-01 -1.156774684836754830e+00
-1.933332638081089172e+01 8.234118936940984512e-02 -1.276599656986178388e+00
-1.933697104478338957e+01 2.305339298529820308e-02 -1.734703764229513112e+00
-1.931589360822148649e+01 1.218768765037896440e-01 -1.323462211924868015e+00
-1.931568963797187877e+01 1.379799320212949376e-01 -1.158490613432196170e+00
-1.933989879043348026e+01 1.049400656401610482e-01 -1.120100386144905258e+00
-1.931568896095644661e+01 1.379496914867471280e-01 -1.158878371596804513e+00
-1.913735240858403230e+01 2.462249305531005739e-02 -6.759438031352399179e+00
-1.990230643328827043e+01 5.634085118186629160e-01 -4.895329134039444696e+00
-1.931557104194649455e+01 1.384581991065798601e-01 -1.156621240105508264e+00
-1.931557136740718406e+01 1.382603195411011010e-01 -1.157721863156121245e+00
-1.931571577137822260e+01 1.379240696408028655e-01 -1.158726694705428883e+00
-1.931680847564567216e+01 1.369410334382376582e-01 -1.159455259198717059e+00
-1.926829549443984391e+01 3.159677372842015775e-01 4.882938282752160575e-01
-1.931604443023003270e+01 1.383929165468211209e-01 -1.149930176042364138e+00
-1.931571615756569926e+01 1.380532926098995139e-01 -1.157106085669978413e+00
-1.931604598464193501e+01 1.384053037411061282e-01 -1.150223864315186972e+00
-1.931552903817977906e+01 1.382714355871828005e-01 -1.158077803365912928e+00
-1.931377640539815843e+01 1.421271098407541900e-01 -1.136673507117805570e+00
-1.931431250277629630e+01 1.410760629413237432e-01 -1.155577567747709367e+00
-1.931548379855080455e+01 1.423004728348018499e-01 -1.125235186154874611e+00
-1.931503669924568456e+01 1.419146546213912452e-01 -1.132021434834156182e+00
-1.931581878642909089e+01 1.391758383330897186e-01 -1.126061808615780535e+00
-1.931563387240710128e+01 1.388000069371974066e-01 -1.148683719085326516e+00
-1.931563017191981757e+01 1.387358058529275517e-01 -1.150647441079188482e+00
-1.931559374104177351e+01 1.386932042020674327e-01 -1.151929197390229476e+00
-1.930125742650344733e+01 2.168136029759869798e-01 -5.685048529539518114e-01
-1.931566005531463759e+01 1.380207442628278713e-01 -1.158997507745294087e+00
-1.932858076631821831e+01 7.362630976141025518e-02 -1.469903917387753722e+00
-1.928999666899828114e+01 1.327911169595310525e-01 -1.499324064790078737e+00
-1.931121164377452715e+01 1.433764210415251206e-01 -1.161739792671049543e+00
-1.931552583458322658e+01 1.401496352238370546e-01 -1.135251593465467224e+00
-1.898931302043651925e+01 1.237708148366306604e-01 -9.999044594956821186e+00
-1.931445719896439428e+01 1.407272766885693527e-01 -1.143636679445117821e+00
-1.930997588356067496e+01 1.615028829401789490e-01 -1.009094908111077160e+00
-1.931158501492177848e+01 1.606509020677485966e-01 -1.013226732488330839e+00
-1.903968130307481843e+01 5.733444032623202791e-01 -9.776518306748455345e+00
-1.932450649380825070e+01 4.513561573562700074e-02 -1.858130336885212230e+00
-1.862240145393781177e+01 1.386443446795257439e-01 -4.701827224020868279e+00
-1.906235130443308634e+01 7.239320934447739386e-01 9.243860656123494834e-01
-1.931583553894076744e+01 1.403404015588217424e-01 -1.133319166105582809e+00
-1.931616347374337295e+01 1.442945237584977169e-01 -1.076879375891952151e+00
-1.931553902986326676e+01 1.381091176443428048e-01 -1.160941612798245259e+00
-1.903715159185071215e+01 6.108100534960101413e-01 -3.673315264415339065e+00
-1.931186954565037439e+01 3.802639655572334632e-01 8.423647983680329077e-01
-1.932341586881324247e+01 7.953187836822421530e-02 -1.506057745111354151e+00
-1.926987063919809273e+01 2.593977462534156619e-01 -9.387475159048115358e-01
-1.932242392588015889e+01 9.419774383154232156e-02 -1.462251040460364138e+00
-1.931594848049575930e+01 1.370579978313543057e-01 -1.165524463700885249e+00
-1.942529654244424009e+01 7.469836557190591420e-02 2.563885034295108056e-01
-1.926335521400728013e+01 1.470071238134985359e-01 -2.007529272051616687e+00
-1.933243890961210809e+01 6.315645087102385313e-02 -1.654225305652230915e+00
-1.963869893143879253e+01 5.337856571445468434e-01 -1.336904435914057387e+00
-1.915338673921861457e+01 6.918614684975749052e-01 2.465351489707412469e-01
-1.934197920362946377e+01 9.618064974016722266e-03 -2.174184869917832330e+00
-1.931341234537911333e+01 1.493732940319305591e-01 -1.072334135180295078e+00
-1.915235056740566932e+01 6.171225433868401389e-01 -5.055788231518395293e+00
-1.888751720164159664e+01 5.486651588688971071e-01 -2.206814927880576427e+00
-1.931568913177714464e+01 1.378735835938277865e-01 -1.159694392893985793e+00
-1.862195305858253391e+01 3.386102175253657420e-01 -4.656256100914035301e+00
-1.973134368989046550e+01 1.973256540365378453e-02 -9.955145916323004940e-01
-1.931569222525353169e+01 1.379317610343210876e-01 -1.159239075395623431e+00
-1.931570198797303917e+01 1.379564016092953982e-01 -1.159197968093181430e+00
-1.931571330073498416e+01 1.379540773783978491e-01 -1.158887100457761221e+00
-1.930593473998131415e+01 2.551660379768320719e-01 -1.922456266856240603e-01
-1.930072784494504390e+01 2.615412951654426665e-01 -1.853224510476234599e-01
-1.930012349703760322e+01 2.008041136403168059e-01 -7.805676083609736082e-01
-1.932396187551071876e+01 1.065463135031532449e-01 -1.386949942827381932e+00
-1.931379543968730061e+01 1.440489404057668232e-01 -1.138912878114277660e+00
-1.927842699915326463e+01 4.026054014856685903e-01 -1.803243858725734228e+00
-1.880476164886745138e+01 6.181543520424064297e-01 -2.583092775792273699e+00
-1.931568352498598173e+01 1.379208376073228215e-01 -1.159258969822239749e+00
-1.931464890878030261e+01 1.525032960641988511e-01 -9.310774774469283699e-01
-1.931947374406708207e+01 1.164399142673223780e-01 -1.302799400327455004e+00
-1.929932586321320542e+01 1.496977168472757858e-01 -1.092829027753156268e+00
-1.931556985500628798e+01 1.363181148517484675e-01 -1.180604019744315281e+00
-1.931572717513146031e+01 1.378036588087921399e-01 -1.159828830855008874e+00
-1.917425820176969253e+01 5.450381294289592393e-01 1.276327644800083760e-01
-1.910667174556024506e+01 6.943808043235659699e-01 -4.024094467543069875e+00
-1.931564007436796970e+01 1.381654153997265433e-01 -1.157720616825226756e+00
-1.927816833273164576e+01 3.663484291639593771e-01 7.392989998610470792e-01
-1.931558054917896072e+01 1.384233492574787061e-01 -1.157741771569444467e+00
-1.931554447571993549e+01 1.382493450465447637e-01 -1.157658320798326201e+00
-1.924844643793065657e+01 2.240586424720834025e-01 -5.097344816726296912e+00
-1.931561963811866889e+01 1.379203531456260901e-01 -1.160365511780479864e+00
-1.957834322881625511e+01 8.812686759921137258e-02 -9.229511054295745254e+00
-1.931563968094348738e+01 1.382282576471759172e-01 -1.156921376417109570e+00
-1.931722876658016830e+01 1.219219916835268119e-01 -1.265290572748870801e+00
-1.931766967080334041e+01 1.256141833678292852e-01 -1.254837571619130898e+00
-1.931533835662835585e+01 1.390389860587633863e-01 -1.152480236112133127e+00
-1.931561775458082764e+01 1.389464799775703696e-01 -1.147797208317058448e+00
-1.931872523908568695e+01 1.292789883412458762e-01 -1.183707440035201230e+00
-1.931545350370133818e+01 1.388039662454932377e-01 -1.152717328671094776e+00
-1.931542279394258088e+01 1.387994857693097550e-01 -1.154216284999868947e+00
-1.931558133814311162e+01 1.388280973808700691e-01 -1.153907477051124175e+00
-1.931608800824365701e+01 1.360344041455134878e-01 -1.170351028243587166e+00
-1.931553669229539949e+01 1.391391487218479051e-01 -1.150620922221220255e+00
-1.931547760823741910e+01 1.394136206330494065e-01 -1.146196721392328755e+00
-1.931954693325462813e+01 1.284340672710412856e-01 -1.164822716578910899e+00
-1.929850029371970876e+01 1.753501977458340466e-01 -8.223122906752298178e-01
-1.931587115818046385e+01 1.369702801672317838e-01 -1.166489503121511007e+00
-1.931553999540508926e+01 1.394504745277638791e-01 -1.153627107555315945e+00
-1.933459414309508873e+01 4.605334079276356130e-02 -1.939676513371013655e+00
-1.931560479668983987e+01 1.379217213937942721e-01 -1.160349509466811924e+00
-1.933540002696849669e+01 1.178986459192728625e-01 -1.110309012976292919e+00
-1.931559242266833820e+01 1.418225285614972964e-01 -1.130317698698547701e+00
-1.931545156165108423e+01 1.385560070311397385e-01 -1.155618804067174210e+00
-1.951362740509757288e+01 6.013955925258336332e-01 9.759857270864547019e-01
-1.929481612956817926e+01 1.706277169489283096e-01 -1.069053366706302910e+00
-1.931558742237891479e+01 1.384523647871355734e-01 -1.155360930184928137e+00
-1.906792604936266144e+01 8.052922075740812646e-01 -5.329679503203706759e+00
-1.932370398742985884e+01 9.995155223740896655e-02 -1.402002986395906703e+00
-1.931569835221164055e+01 1.379043982585710648e-01 -1.159353805413095628e+00
-1.931567852808024099e+01 1.379058187041577177e-01 -1.159376413414364038e+00
-1.931575461953017481e+01 1.366776085280089481e-01 -1.166681824874642004e+00
-1.931551942461146254e+01 1.364614983703072437e-01 -1.179285024146041749e+00
-1.931567948345808716e+01 1.379255239069588079e-01 -1.159535558867315075e+00
-1.931570401712657770e+01 1.385703855532792184e-01 -1.149391227956131800e+00
-1.931568061274255399e+01 1.379483473974730257e-01 -1.159273927244406366e+00
-1.931556622760601272e+01 1.391116282614729138e-01 -1.149315689161301890e+00
-1.931303629809185196e+01 1.491436491221408422e-01 -1.072964975338596361e+00
-1.931568322362682011e+01 1.378270616243081059e-01 -1.161450033197407805e+00
-1.931304901643771998e+01 1.450422501125668562e-01 -1.113779291765434110e+00
-1.931603986621968616e+01 1.367394435650921558e-01 -1.163315586117821709e+00
-1.931550133090854260e+01 1.395006293888204907e-01 -1.150249378445348469e+00
-1.931541024807078699e+01 1.397827811936395992e-01 -1.148551038889344511e+00
-1.931129973628727825e+01 1.673058869511346580e-01 -1.008336389126373689e+00
-1.931562372801163363e+01 1.380876028697462510e-01 -1.158340932436626503e+00
-1.931408497731720786e+01 1.392285524578399658e-01 -1.161755031652170089e+00
-1.931562564069061239e+01 1.382000551067533167e-01 -1.157715904400333784e+00
-1.931560164819277858e+01 1.307883983481717693e-01 -1.211248304318896629e+00
-1.931551308891149787e+01 1.388008843492847533e-01 -1.153170599878038161e+00
-1.931563724825480577e+01 1.382967880670783745e-01 -1.155241297883334184e+00
-1.931679110580681069e+01 1.332132319113297492e-01 -1.192580816067346561e+00
-1.931714610459671633e+01 1.405811302103606719e-01 -1.102532452411686847e+00
-1.931562260872944492e+01 1.385394291420492530e-01 -1.153928630502322861e+00
-1.929797966978200208e+01 2.195524088991534783e-01 -5.517354378021170902e-01
-1.934662231641802066e+01 1.284407708294003359e-01 -2.475908916041918317e+00
-1.931557263897693488e+01 1.388986377908573988e-01 -1.152224378952359629e+00
-1.931560327670228006e+01 1.384525464415727602e-01 -1.155832449753068758e+00
-1.931566418559217979e+01 1.388612766957485478e-01 -1.150296740972740039e+00
-1.930838981509316810e+01 1.763797681356086833e-01 -8.398284445913848373e-01
-1.920967699725621358e+01 3.360295581493294437e-01 -2.514843649354221000e+00
-1.931562259963370209e+01 1.379478336160077923e-01 -1.157690839779466074e+00
-1.920899286800218775e+01 4.951481195912221800e-01 -1.136727193283443071e+00
-1.924511660780631317e+01 1.473886244205857565e-01 -1.909400797433260522e+00
-1.931593507603768245e+01 1.246530232771684288e-01 -1.266982675772668543e+00
-1.931904402984099889e+01 2.329422868858510298e-01 -1.035277379025831834e-01
-1.931625436607108526e+01 1.199090982234861796e-01 -1.215108918797414006e+00
-1.930945626483665833e+01 1.820812301785217080e-01 -8.621441613174294361e-01
-1.931568470257583670e+01 1.380023015884913606e-01 -1.158730893609725143e+00
-1.931108902829063823e+01 1.465699396112820907e-01 -1.137894335844503502e+00
-1.851335277235798671e+01 5.469807072195429498e-01 -4.223290004697268785e-01
-1.937905109577839724e+01 2.128653593021379298e-01 -3.763937057064943303e-01
-1.907682623796059929e+01 7.870384994300296810e-01 -6.198971695060357945e-01
-1.931710204469707293e+01 1.401445852076397824e-01 -1.117355781499455247e+00
-1.933562745281871642e+01 2.662510366093918668e-01 -1.991295056428299404e-02
-1.931512004203111488e+01 1.401761937640003397e-01 -1.146373670179459126e+00
-1.931518853025391991e+01 1.393739479248221891e-01 -1.154231094069057661e+00
-1.931573404178381992e+01 1.381660418897001641e-01 -1.159348734874937392e+00
-1.931579724260040720e+01 1.375932539629385609e-01 -1.163844349610730688e+00
-1.931512961042508891e+01 1.410562955582146116e-01 -1.134901792601397119e+00
-1.933393824996709753e+01 5.866652726248371141e-02 -2.042912428192437346e+00
-1.922209022569597892e+01 4.802193471558986460e-01 -2.319358057702110898e+00
-1.932918933805689576e+01 3.846764297609504835e-02 -1.829590100270705122e+00
-1.931565787790821176e+01 1.376886547297963836e-01 -1.161780644096817028e+00
-1.908072432173120703e+01 3.627702011381493952e-01 -8.994655033275639866e+00
-1.925374933310675729e+01 1.265504713535811621e-01 -4.650972245119371351e+00
-1.931566223282856498e+01 1.379463571346825346e-01 -1.159329165605623047e+00
-1.931566672635938176e+01 1.379595128952330885e-01 -1.159588320475501533e+00
-1.931571642694905222e+01 1.378076147746025992e-01 -1.160229176515608529e+00
-1.949760725471328371e+01 2.583081545589394068e-02 -8.394263817259391303e+00
-1.931319485738110941e+01 7.654550868730763957e-02 -2.030865552599918189e+00
-1.931570220552465500e+01 1.379588426077835439e-01 -1.158625622309187975e+00
-1.931571331963031923e+01 1.380045553699504601e-01 -1.158102775637155801e+00
-1.928129182279005605e+01 9.992895747465539713e-02 -5.311957781292026226e+00
-1.931570681921292731e+01 1.379777249971783082e-01 -1.158275075651081565e+00
-1.931567961793552257e+01 1.380104653529525549e-01 -1.158515036344130777e+00
-1.931596679644020043e+01 1.408609128496677299e-01 -1.122581750632305031e+00
-1.931458618238543679e+01 1.080672170062660781e-01 -1.675833235779679242e+00
-1.930822195953837905e+01 1.793191786522454756e-01 -8.289712127678896536e-01
-1.931749786648258294e+01 1.272831974174480352e-01 -1.268664110426346525e+00
-1.931297009983410362e+01 1.428169624490610023e-01 -1.139127029115897471e+00
-1.931389057395157138e+01 1.359870978599896085e-01 -1.190309510920764424e+00
-1.931813506387708301e+01 1.223335947861704520e-01 -1.317831378308286006e+00
-1.931210956159543102e+01 1.568934762343705269e-01 -1.029954929890386950e+00
-1.931870726768670821e+01 1.163927513068669511e-01 -1.479499349328337487e+00
-1.932638489525266934e+01 8.405780972527414352e-02 -1.612561070377042327e+00
-1.931724250615763339e+01 1.300719864780473800e-01 -1.220225077708198214e+00
-1.930951368282137537e+01 1.832149384977802553e-01 -8.437808008318352648e-01
-1.930337775290286473e+01 1.425016044296637252e-01 -1.409019777317752187e+00
-1.932223240453794233e+01 1.935314958880498537e-01 -1.235216901873545936e+00
-1.932148565740461876e+01 8.677505027776821755e-02 -1.567627321862699930e+00
-1.931931254759936323e+01 1.637825485123714786e-01 -9.066983506682078087e-01
-1.931259589937866394e+01 1.585233500072494028e-01 -1.014962992977817891e+00
-1.933573420124707454e+01 3.536899136771863572e-02 -2.014616694255614959e+00
-1.931628374507350543e+01 1.325527222522955295e-01 -1.196972285405067282e+00
-1.930375403905212295e+01 2.121064652607538292e-01 -5.250695222707975063e-01
-1.928645066289298526e+01 2.415044176288134725e-01 -6.176611707021528730e-01
-1.931589914630955107e+01 1.235320092055853525e-01 -1.281453690087341002e+00
-1.929474485917076620e+01 1.433782595661725612e-01 -2.383176821250572175e+00
-1.931751913929256403e+01 1.270439824925342354e-01 -1.258399501773283191e+00
-1.931543249217526537e+01 1.332743316532063738e-01 -1.197914129031362407e+00
-1.931582455821007471e+01 1.346770040709892313e-01 -1.188428899166236619e+00
-1.931594509598900089e+01 1.492937343170062936e-01 -1.034839437821968744e+00
-1.931610976781490407e+01 1.338346054464002732e-01 -1.197762667194584907e+00
-1.924107857772580843e+01 3.653784942320622564e-01 -1.786797987434869839e+00
-1.932428955093893563e+01 9.875291363699939540e-02 -1.396684824749842235e+00
-1.931498862907115921e+01 1.521982394294637830e-01 -1.033693490997551478e+00
-1.908999805636651814e+01 9.661718957606649782e-01 -5.446292283202109452e+00
-1.909692924477729647e+01 3.496533764810934031e-01 4.936408403075809304e-01
-1.909364531432369816e+01 3.638207920853988586e-01 -7.580618362722390202e+00
-1.931512865476688745e+01 1.417244438513495519e-01 -1.132494307460166993e+00
-1.932222477736065969e+01 5.594230533652884418e-02 -1.948181189838196659e+00
-1.927140858552639102e+01 9.857343709153450206e-02 -1.733786846669008952e+00
-1.931507214883904666e+01 1.257347611895244521e-01 -1.269059846722278451e+00
-1.907537665671649663e+01 9.337481403432907889e-01 -4.394722178415702452e+00
-1.925920985880125258e+01 6.653257688542872639e-02 -2.212653539848378870e+00
-1.926109277558985866e+01 3.195953207057270484e-01 -1.806599589044370902e-01
-1.931563300346794421e+01 1.386525836533428757e-01 -1.152556345701301055e+00
-1.923121830962273293e+01 7.076671079522961483e-02 -5.009988216912775627e+00
-1.931553095653617191e+01 1.387830217866935500e-01 -1.152026595410676535e+00
-1.933691248706247379e+01 3.664796004946115765e-02 -1.999156283577438131e+00
-1.931558206405676970e+01 1.389903384075142079e-01 -1.151596717317646679e+00
-1.931564708716376444e+01 1.384463479061886493e-01 -1.154053984859546134e+00
-1.931559190131345005e+01 1.386651151560497897e-01 -1.153456857283796211e+00
-1.932722602846236271e+01 9.442410785737874457e-02 -1.377247606348422693e+00
-1.931865675846984587e+01 1.284782038069008925e-01 -1.254709102536860854e+00
-1.931498049761630753e+01 1.286828409524760630e-01 -1.244159751409616987e+00
-1.931712018153189447e+01 1.299983513254654721e-01 -1.199220831742504600e+00
-1.931551723675734067e+01 1.384748789555200477e-01 -1.154814093959569021e+00
-1.917600523745964480e+01 5.618024922349064143e-01 -8.090413232711080482e+00
-1.931548211212918176e+01 1.390024685654834558e-01 -1.151445461380895097e+00
-1.931564821277932609e+01 1.383407111263781908e-01 -1.155668748399408585e+00
-1.931561747420500552e+01 1.383632004986580510e-01 -1.155577683032520397e+00
-1.928928932370910232e+01 2.010116107128746832e-01 -1.043585288118450194e+00
-1.931538059648532268e+01 1.384442808409399595e-01 -1.158802786777050287e+00
-1.926165479073719666e+01 2.829030718266775657e-01 -9.524733640757698794e-01
-1.931559465197305769e+01 1.382896517178791029e-01 -1.157381288211347226e+00
-1.931561224152781264e+01 1.382819807139283041e-01 -1.157132257623466387e+00
-1.931561198240190791e+01 1.383140957695347950e-01 -1.156642769893677425e+00
-1.931556849370164741e+01 1.382445016267469240e-01 -1.156038077154214250e+00
-1.931538559078829209e+01 1.391022474424417898e-01 -1.150777094514282339e+00
-1.917449082527729587e+01 9.805268365424524291e-02 -8.158228952019353386e+00
-1.925156276690358936e+01 2.418476135421564477e-01 -7.081294268118423219e-01
-1.931447943436938885e+01 1.418413438342456256e-01 -1.157226630699558001e+00
-1.931561291145129999e+01 1.383422012429540993e-01 -1.156216855554291101e+00
-1.931561924451459333e+01 1.382137960134746379e-01 -1.157474803730377033e+00
-1.932843226519476332e+01 4.749865232664352704e-02 -1.910679923794546653e+00
-1.931563034176274840e+01 1.382009250014269996e-01 -1.156985208693338762e+00
-1.931562603226212715e+01 1.381240727335708851e-01 -1.157916663806503266e+00
-1.895203798247447580e+01 3.331836552877743829e-01 -3.429734936759977870e+00
-1.920110780594984590e+01 7.324343489426931794e-03 -4.088224335252574448e+00
-1.931563987463156806e+01 1.380554904713811037e-01 -1.158614717266848615e+00
-1.931563334600914317e+01 1.380116819708019360e-01 -1.159148690959080241e+00
-1.931568825634969500e+01 1.377912872882110507e-01 -1.160551020253244303e+00
-1.931568688184877658e+01 1.377556140056420686e-01 -1.160933510295636850e+00
-1.935813475240519566e+01 4.815502242834175661e-02 -1.658120436664908937e+00
-1.931568732346479322e+01 1.377537388258273932e-01 -1.161332578211295541e+00
-1.931567747629071974e+01 1.382666539291606822e-01 -1.156629743949627809e+00
-1.931342013880924924e+01 1.392373880312629264e-01 -1.148018596177942996e+00
-1.931532880611818825e+01 1.401575850702809767e-01 -1.151012181292472292e+00
-1.931716352199654452e+01 1.372762687522405545e-01 -1.133215600197509332e+00
-1.931474865460540613e+01 1.412191356358726002e-01 -1.148789183760579036e+00
-1.931514736689067391e+01 1.404133741601994723e-01 -1.145310731636563162e+00
-1.926582594367967971e+01 1.214977369697969739e-01 -4.477258624972496825e+00
-1.915494783006545632e+01 2.445340174222923602e-01 -3.866889821779547987e+00
-1.931539761599357163e+01 1.375504676191544318e-01 -1.173790751783888808e+00
-1.931593291864227879e+01 1.387011952705000106e-01 -1.137439530810770094e+00
-1.931570036686988345e+01 1.387078055882783878e-01 -1.151576485809973960e+00
-1.931529727809513730e+01 1.397315645549344343e-01 -1.144537430079221707e+00
-1.931563002323906630e+01 1.382919818420052238e-01 -1.155839888229900581e+00
-1.916707384655330415e+01 4.027826494956905923e-01 -2.434853513457078122e+00
-1.933740213488887250e+01 8.961991445806219729e-04 -2.180572785664558033e+00
-1.931906065300653452e+01 1.217439862751943241e-01 -1.269699812266370742e+00
-1.931810120723816837e+01 1.293968970136201435e-01 -1.235163403360495238e+00
-1.934469653969163261e+01 3.221862648376901117e-02 -1.709342437230503720e+00
-1.931622842550502739e+01 1.166842687523405309e-01 -1.472717145941045302e+00
-1.931901967485686100e+01 1.190753597689817311e-01 -1.249718029700654043e+00
-1.930623165088981708e+01 1.303473802249946745e-01 -1.201162500554563195e+00
-1.932381613584720981e+01 6.285243094608916614e-02 -1.790555633462931340e+00
-1.931339762489874801e+01 1.447667825628383420e-01 -1.136900895516641086e+00
-1.931668065015565361e+01 1.360088157039586743e-01 -1.159826690621548195e+00
-1.931564504988497077e+01 1.439627611840974264e-01 -1.100850339844276604e+00
-1.931529062418606202e+01 1.514586770416395389e-01 -1.048595929991883224e+00
-1.931598740367272526e+01 1.345218482548587446e-01 -1.186576475042242507e+00
-1.931593342327429497e+01 1.355384491622553256e-01 -1.179204443941888059e+00
-1.927571385708931473e+01 6.123589549159782486e-01 -2.142473051629556480e+00
-1.931552772957209640e+01 1.327147343104477795e-01 -1.217812461565062065e+00
-1.931615924536196260e+01 1.350870017955189406e-01 -1.175354463503929026e+00
-1.920393205144679527e+01 2.343314375422931306e-01 -2.359624384341199033e+00
-1.931603059639518349e+01 1.351748139761528300e-01 -1.181323975930915537e+00
-1.931584860066615406e+01 1.348407105884938950e-01 -1.181569615282388241e+00
-1.930910957260954319e+01 2.395173076769610276e-01 -2.179738797496618474e+00
-1.931615965538012603e+01 1.423870361870122891e-01 -1.105554551336238589e+00
-1.931410660270959667e+01 1.463617398746664966e-01 -9.437482594913717548e-01
-1.931483698297193641e+01 1.449288643696528822e-01 -1.100107227016209777e+00
-1.931610632310811226e+01 1.359848045893972124e-01 -1.173195271853959554e+00
-1.931432312749674907e+01 1.349435275728509687e-01 -1.233641137544475797e+00
-1.931433329105384544e+01 1.542684624745435384e-01 -1.044879643710919126e+00
-1.931564170836150396e+01 1.375608184111879184e-01 -1.163799218545452874e+00
-1.900634070105193629e+01 6.620687049852698181e-01 -2.554812729027940321e+00
-1.930731770549634874e+01 1.135668701717182788e-01 -1.419551449369821583e+00
-1.927979164111138743e+01 3.008232529411566936e-01 -7.521273392726008922e-01
-1.931580875959533472e+01 1.375233473571654819e-01 -1.163873110976844316e+00
-1.931625429035845087e+01 1.373708506054252543e-01 -1.157575602365712442e+00
-1.931779058428288565e+01 1.352513361937084935e-01 -1.136873756998800999e+00
-1.928697228591753188e+01 3.477986826512319829e-01 7.084240885260673082e-01
-1.934638834018790021e+01 4.717254099222888131e-02 -1.803333789372169704e+00
-1.925364378109618713e+01 4.335760385119628024e-01 2.123891387288434629e-01
-1.931565982467197529e+01 1.377422837523909760e-01 -1.161936937430851913e+00
-1.921918781740549420e+01 3.618892507730729347e-01 -1.759884883901122521e+00
-1.929231495054158785e+01 2.374178959808461720e-01 -6.356736031714884660e-01
-1.898451055954711464e+01 9.673809761626824821e-01 -3.918794865082192658e+00
-1.819973544895821860e+01 9.420818419377017250e-01 -1.477961801342980053e+00
-1.932631369085420658e+01 9.068058741269362233e-02 -1.524862907948739021e+00
-1.931026887506769540e+01 9.950211047357741811e-02 -1.670639636654538407e+00
-1.929020452231202754e+01 3.730129990513663119e-01 7.226177177840664712e-01
-1.931864552058748075e+01 9.472315757488303234e-02 -1.556546600351547127e+00
-1.932391087575004818e+01 9.118201206397891223e-02 -1.467051725391181449e+00
-1.923261243220588668e+01 2.516180539442330888e-04 -3.302683850242477348e+00
-1.931556485969238324e+01 1.383916997674586036e-01 -1.155747992373699518e+00
-1.931655642320779620e+01 8.030379059446524082e-02 -1.488672887103042797e+00
-1.931554984883974768e+01 1.384841908965974699e-01 -1.156239020784308735e+00
-1.931563605490416791e+01 1.382535920404886209e-01 -1.156314819871345989e+00
-1.930786141678697021e+01 2.694396248013692929e-01 3.652610150019430790e-01
-1.931534900330312254e+01 1.449859517110107243e-01 -1.114867061050359709e+00
-1.931629697259411671e+01 1.418069134665782827e-01 -1.118632616965866688e+00
-1.931606090082155092e+01 1.310844197607580197e-01 -1.224450671887275632e+00
-1.931767891997327879e+01 1.333811430134275999e-01 -1.178350739732969998e+00
-1.931768955193258108e+01 1.278630434203342214e-01 -1.222826423854980860e+00
-1.932067967315246548e+01 1.408110002277049855e-01 -1.076446016784814219e+00
-1.931573587659607583e+01 1.492253296356362002e-01 -1.027661051941565873e+00
-1.931555026149921517e+01 1.383864870422437665e-01 -1.156236856451373640e+00
-1.931554308974805068e+01 1.385102125986942823e-01 -1.154420665764883225e+00
-1.931561865037808445e+01 1.384290134772442060e-01 -1.157037250540728479e+00
-1.931419180504500233e+01 1.370561850742489096e-01 -1.151094263198485734e+00
-1.931819047614086315e+01 1.266015388921019891e-01 -1.193914502462853022e+00
-1.926777236734745813e+01 2.891488382938148805e-01 -7.825522611757733671e-01
-1.931571713674245316e+01 1.378313434363740153e-01 -1.159907284576657815e+00
-1.908052717642258500e+01 1.858794854110898120e-01 -4.474742937693829248e+00
-1.936245651526000344e+01 3.765438888239983073e-02 -1.216128770862532349e+00
-1.932603594264110214e+01 1.199831270280834888e-01 -9.515088654301226967e-01
-1.935267459241276455e+01 7.826813111086891595e-02 -1.586441933168476481e+00
-1.931562092254265650e+01 1.381479951879776014e-01 -1.158579144609344524e+00
-1.931843493477016338e+01 1.359573111495526176e-01 -1.132685626277574187e+00
-1.931546034896275899e+01 1.385571451395664899e-01 -1.156814365029376290e+00
-1.943426026449145638e+01 9.913194323823537601e-01 -4.238684774616833018e+00
-1.931572175256168933e+01 1.387121223039562701e-01 -1.152561102315548425e+00
-1.931641766706075458e+01 1.389707965525185107e-01 -1.136952009914461215e+00
-1.931361106551293361e+01 1.426829145724219094e-01 -1.120990702387206994e+00
-1.931692453878883242e+01 1.214658121827548315e-01 -1.302704774202906535e+00
-1.928299678198636258e+01 3.792382919339236658e-01 6.946089899485272667e-01
-1.931853993141077197e+01 1.236937671504635544e-01 -1.278537131336745958e+00
-1.931603932892712905e+01 1.352356316110845391e-01 -1.179445997194404683e+00
-1.931615915278054629e+01 1.352019952896044430e-01 -1.179259548390072965e+00
-1.929188107898932714e+01 1.344603036987032929e-01 -1.410012664064232979e+00
-1.931506635003590588e+01 1.340800324875595639e-01 -1.224315182450837369e+00
-1.931558479953343621e+01 1.390096205540984620e-01 -1.150910224020986306e+00
-1.932099566565711868e+01 1.226609056440531031e-01 -1.217015920437836130e+00
-1.931899629829613829e+01 1.110493245674496754e-01 -1.495769691596862572e+00
-1.932076164101107807e+01 6.777146276947336456e-02 -1.807858886101870510e+00
-1.931353120144473579e+01 2.274447882621904726e-01 -2.240288269066486038e-01
-1.931560644388959602e+01 1.382037109760017590e-01 -1.157352123416794498e+00
-1.931554433258637360e+01 1.385929270173726080e-01 -1.154183412916101048e+00
-1.931554207870898310e+01 1.385991101649515500e-01 -1.155096372474137212e+00
-1.933362772718978917e+01 1.098392820124209357e-01 -1.474860669957434922e+00
-1.931556073743564284e+01 1.385238488939318224e-01 -1.154922632186531573e+00
-1.931546545436980722e+01 1.129744341620782522e-01 -9.332415953269013187e-01
-1.959370169639869275e+01 5.072815969958111015e-01 3.302342929198935906e-01
-1.931309830920129045e+01 1.567268961505713931e-01 -1.006723510541920774e+00
-1.931333028706875510e+01 1.216150743367538367e-01 -1.843249081075651219e+00
-1.931563192141533136e+01 1.391495087733632396e-01 -1.147178664966162387e+00
-1.931550683232748256e+01 1.390147483611841317e-01 -1.148221441611111615e+00
-1.929276154649370056e+01 3.167784189551695606e-01 1.030462097409774458e-01
-1.933840645863862306e+01 7.736797763563991667e-03 -2.151557943396592343e+00
-1.932191066977948068e+01 7.163208912752448698e-02 -1.678641862374824711e+00
-1.931580319107888499e+01 1.382446351473697876e-01 -1.152150005570248936e+00
-1.934177541985496518e+01 6.537400581321226034e-02 -1.725497574778355414e+00
-1.931558480293473679e+01 1.384746435759449390e-01 -1.155167111543224934e+00
-1.933639105006897196e+01 2.962959619595804256e-02 -3.075518784795290728e+00
-1.859254297658371513e+01 4.455271348768898299e-01 -3.822220054675557144e+00
-1.927850648017544799e+01 1.308912174095808179e-01 -1.374875576927133025e+00
-1.927531159231283908e+01 3.811221263815741667e-01 -1.963888766708285161e+00
-1.801555467615329320e+01 4.283440095747994558e-01 -9.474081260578644859e+00
-1.944570635677229120e+01 7.344819693586601694e-02 -2.436506327085932178e+00
-1.921993033099331782e+01 1.617779398996108398e-01 -7.448327495312034863e+00
-1.931526544136296053e+01 1.402864414545836047e-01 -1.143597600176313733e+00
-1.931538761571079377e+01 1.400851505885753745e-01 -1.142176149006257191e+00
-1.931553936770362156e+01 1.400899583307894103e-01 -1.140553414042509317e+00
-1.931580598470683441e+01 1.383021813263332345e-01 -1.152828557598812864e+00
-1.932187801087586010e+01 8.913347646367050792e-02 -1.652486573630232769e+00
-1.931528801570663489e+01 1.386513745107017248e-01 -1.162480268532235073e+00
-1.924405580238763491e+01 1.401771585601523651e-01 -3.544377444480296901e+00
-1.937183918650849179e+01 7.237492519329963292e-02 -1.500381446359433824e+00
-1.931627884119333771e+01 1.352971690194952059e-01 -1.170796572559858362e+00
-1.931638389361608077e+01 1.396246661668883449e-01 -1.121717632359173322e+00
-1.931683609213429520e+01 1.339195899005706791e-01 -1.177901008945658745e+00
-1.930909837171180854e+01 1.231682702039314653e-01 -1.766869552870650395e+00
-1.931512746749470111e+01 1.349608988681915700e-01 -1.197395140260681501e+00
-1.919312074649010214e+01 5.413369122259077404e-01 -2.956591506806667269e+00
-1.931692082514901188e+01 1.346122337504742916e-01 -1.174422385624435350e+00
-1.931603541424399850e+01 1.357065100842427263e-01 -1.198629944556302007e+00
-1.931981080676011331e+01 1.230183465954409333e-01 -1.281837251714105008e+00
-1.931628855402377098e+01 1.336149372040488781e-01 -1.190041523009890412e+00
-1.926375112782671195e+01 2.639671982323286703e-01 1.813056858487822609e-01
-1.931597882639383457e+01 1.359164053031831909e-01 -1.171721746111611395e+00
-1.931334234657587956e+01 1.503208101348504355e-01 -1.102053914488838160e+00
-1.931613708036351085e+01 1.361516807421501440e-01 -1.172283169857085028e+00
-1.932544308933875499e+01 1.323405783710737416e-01 -1.125205125634405334e+00
-1.931598862600073119e+01 1.362518856350789787e-01 -1.171032548894864078e+00
-1.931694921652831098e+01 1.303232790512135475e-01 -1.228179111021789893e+00
-1.931242175823670237e+01 1.530235723529407010e-01 -1.042384211014796946e+00
-1.931596565331741999e+01 1.364864453532915189e-01 -1.168767415225392625e+00
-1.925442279647005250e+01 5.635660097203021995e-02 -4.950360509227951233e+00
-1.931607389307121991e+01 1.353309528682991314e-01 -1.177432113351859044e+00
-1.931588515867389333e+01 1.369759984822916388e-01 -1.166347809920502243e+00
-1.931585412603676843e+01 1.367940964525587999e-01 -1.168175800686194421e+00
-1.931589748239402127e+01 1.365707481172014071e-01 -1.169772345674145342e+00
-1.931485585251940051e+01 1.348613226449615621e-01 -1.181483278990237196e+00
-1.931620644761036587e+01 1.339041965363167996e-01 -1.182211564733741227e+00
-1.931582949844177577e+01 1.370573591269229063e-01 -1.165925134808027508e+00
-1.855017041387910126e+01 2.364283130469645444e-01 -4.138139887481031565e-01
-1.930988022374524249e+01 1.671418922413229202e-01 -1.000734140879746548e+00
-1.931815323991529354e+01 1.168486191606073338e-01 -1.325136039512289088e+00
-1.938021588978647358e+01 3.294219925730481613e-01 -8.549268895189060302e+00
-1.931573912341485766e+01 1.370505656901849501e-01 -1.164623791635634120e+00
-1.931571836447779944e+01 1.371918871353500768e-01 -1.167567565665491358e+00
-1.931573048813422844e+01 1.374039955178851524e-01 -1.164005228578801621e+00
-1.931579153334665833e+01 1.374170817731284189e-01 -1.162911437152354566e+00
-1.930235562364154944e+01 2.018049678293253879e-01 -6.451788829906739409e-01
-1.931578178429373338e+01 1.373836607123569975e-01 -1.163196061269607284e+00
-1.923007251055282296e+01 4.321571148353509084e-01 -4.878730796030392725e-01
-1.931571740558692696e+01 1.376183915190323515e-01 -1.162002974508787645e+00
-1.929060781199022045e+01 2.512783865313129028e-01 -6.833122873986745560e-01
-1.931576875336448396e+01 1.374833224593925707e-01 -1.162731303515826653e+00
-1.931576344289756619e+01 1.374900203260668308e-01 -1.162019000274126412e+00
-1.931437483169816005e+01 1.531810896168712688e-01 -1.031198658227237885e+00
-1.930968289661347725e+01 1.617673767584483502e-01 -1.045386476389357000e+00
-1.931950910660342657e+01 1.225196267441342607e-01 -1.268995498520981258e+00
-1.931068958980845451e+01 1.364435806949411134e-01 -1.234130041254488219e+00
-1.931573351055990528e+01 1.376908544936641110e-01 -1.160963676924311017e+00
-1.931573083637067256e+01 1.376697702428633929e-01 -1.161166360118738083e+00
-1.931733178655612448e+01 1.297614656956407320e-01 -1.226949635888066936e+00
-1.931638605697434130e+01 1.319589376844556572e-01 -1.209546560591952868e+00
-1.931696710713994847e+01 1.318137843976605605e-01 -1.200148751373861344e+00
-1.931682984825788196e+01 1.305794148766466489e-01 -1.200998897827666667e+00
-1.931710276164179874e+01 1.284256418903226005e-01 -1.212608008538715865e+00
-1.931589853999779649e+01 1.505249002671787961e-01 -1.068409388169794028e+00
-1.931569500605268175e+01 1.377865584597319781e-01 -1.160337155261155218e+00
-1.931282765338446694e+01 1.459359523574120521e-02 -2.035575677883771917e+00
-1.931511097121071074e+01 8.122024251895550162e-02 -2.435077242304148015e+00
-1.931489842124886636e+01 1.420088673279725489e-01 -1.134461043415152304e+00
-1.931570551663470070e+01 1.377556942880552859e-01 -1.160516729554432303e+00
-1.928380396116869377e+01 2.619686641668935168e-01 -5.364078264360561121e-01
-1.927619771386337177e+01 1.834852701529144647e-01 -1.373792749372418243e+00
-1.931570809212484718e+01 1.377692313040107253e-01 -1.160212841884662893e+00
-1.935721261715919184e+01 2.204116752350113520e-02 -1.560245441623033358e+00
-1.931571374007582165e+01 1.378281424009208112e-01 -1.159621797122426301e+00
-1.931572275125580163e+01 1.378201269606769697e-01 -1.159598622308868343e+00
-1.931482551118826052e+01 1.426651349016967718e-01 -1.125481132885260749e+00
-1.931426047784328759e+01 1.408080460096862163e-01 -1.139175397197686124e+00
-1.908413340800556668e+01 5.270003184552544129e-01 -3.638189270430085998e+00
-1.931966769848666132e+01 1.220725989625707081e-01 -1.189056204195898303e+00
-1.931568543092987866e+01 1.378588234024240855e-01 -1.159872998927934162e+00
-1.927631017891287968e+01 2.950905913804883762e-01 -4.321245948425733729e-02
-1.931568832856765283e+01 1.378610465213489789e-01 -1.159831914592457380e+00
-1.931569061235241946e+01 1.378617665160085659e-01 -1.159783068229289782e+00
-1.931568269347562250e+01 1.380392692148334766e-01 -1.158255973116425253e+00
-1.931567197608739761e+01 1.380789096838545005e-01 -1.158022103091290944e+00
-1.929508386230620687e+01 2.334875599960653525e-01 -2.139444983784386523e-01
-1.931569460117612991e+01 1.378744819850197534e-01 -1.159698191207432671e+00
-1.931177468816596843e+01 8.913785892620698648e-02 -1.713298374431309057e+00
-1.933663144712496518e+01 7.446486348670097732e-02 -1.230313414489550894e+00
-1.932226156881305101e+01 8.861656316290804358e-02 -1.461944530999570446e+00
-1.931589706722644451e+01 1.377328557077975024e-01 -1.158426180589231080e+00
-1.931590661242458751e+01 1.379756843846637604e-01 -1.157136621509431862e+00
-1.931582042947836797e+01 1.381442141245242394e-01 -1.151777327549627472e+00
-1.931560796955486126e+01 1.381282622069426869e-01 -1.157169689323501061e+00
-1.931163327460894052e+01 1.421050304302285683e-01 -1.253367091334265382e+00
-1.931564429516113890e+01 1.380321608216213691e-01 -1.159045808021106794e+00
-1.931521185971372745e+01 1.425927300295200262e-01 -1.114186048166416754e+00
-1.931565145750889911e+01 1.379996022240014830e-01 -1.158960468443119396e+00
-1.931565646326347974e+01 1.380030233041093790e-01 -1.159504565135078380e+00
-1.931404415001950881e+01 1.435515989475668608e-01 -1.141007614497919320e+00
-1.931780076071030194e+01 1.429155565062491529e-01 -1.086369305790112705e+00
-1.931569492189678883e+01 1.379471069894055990e-01 -1.158804626006444849e+00
-1.931567497742384631e+01 1.380219928858479328e-01 -1.158959785668534082e+00
-1.931567951702706409e+01 1.380456134011707747e-01 -1.158345422759621712e+00
-1.931569420264748516e+01 1.380146584196273174e-01 -1.158471550528172855e+00
-1.931557797853380265e+01 1.386362643630675573e-01 -1.154158810227913889e+00
-1.931553717691767957e+01 1.385273785437583505e-01 -1.154585347035165910e+00
-1.931654941566848294e+01 1.308811974968918934e-01 -1.217970857154734077e+00
-1.931584226812231719e+01 1.384221628243315905e-01 -1.149910953426902083e+00
-1.931574477905040865e+01 1.385268987933834239e-01 -1.155227837577999850e+00
-1.931660941503274387e+01 1.337402950371308630e-01 -1.196154074250367572e+00
-1.931555087680848004e+01 1.384604574440574387e-01 -1.157607410780325807e+00
-1.931655326551647178e+01 1.330682305310358915e-01 -1.195307134148432482e+00
-1.931672601022728841e+01 1.331924863787276592e-01 -1.171170896902495429e+00
-1.931566128800772120e+01 1.381071464915805680e-01 -1.158405435335048139e+00
-1.931562828771119555e+01 1.380427303638600556e-01 -1.159230996122440516e+00
-1.931565311437939414e+01 1.381828028310191359e-01 -1.157500460007431897e+00
-1.931526619320970894e+01 1.396718208573939912e-01 -1.149784981810046958e+00
-1.946321424190041682e+01 7.454997845582139737e-02 -1.233851944492021957e+00
-1.929141437227438516e+01 2.035454089172757663e-01 -1.111768592333580941e+00
-1.930428369716682724e+01 1.937078760285970702e-01 -8.588526032729220105e-01
-1.931432902309609645e+01 1.453345223567905631e-01 -1.105860067784504963e+00
-1.931546702313169206e+01 1.392307949796502131e-01 -1.150312886334351248e+00
-1.931480873364127859e+01 1.444510379626084695e-01 -1.107171935493164838e+00
-1.931561004851703345e+01 1.381447478772204751e-01 -1.158976676703844078e+00
-1.931553592440585376e+01 1.391663442533290773e-01 -1.149766791034068092e+00
-1.923043878250491545e+01 2.286640020027709552e-01 -3.777566962005494133e+00
-1.929361149656944718e+01 2.282891642362288309e-01 -6.380943773711518219e-01
-1.931566646037107660e+01 1.381081447072609047e-01 -1.157900958734549235e+00
-1.931561279604698456e+01 1.378914464153694619e-01 -1.161861213629787670e+00
-1.931426861683770824e+01 1.413716914996548946e-01 -1.139670488657454683e+00
-1.931567991028814291e+01 1.377189596441299735e-01 -1.162305700347538107e+00
-1.874357839759757027e+01 9.796946810376292447e-01 -5.524602278123984078e+00
-1.927072402490444958e+01 2.392439849245337757e-01 -1.182258365339141193e+00
-1.931571345989228305e+01 1.376842652755825014e-01 -1.160719732209653188e+00
-1.931655886962962043e+01 1.351190636410904145e-01 -1.189689611892637444e+00
-1.913922138222425673e+01 8.132583567739489760e-01 2.415950827650981125e-01
-1.929635058943644310e+01 1.737418373583349274e-01 -8.061045246956961563e-01
-1.919167688932231641e+01 3.651900041426776600e-01 -3.992465539109273820e+00
-1.931576005975983534e+01 1.380885508853743615e-01 -1.156205398067893242e+00
-1.931575738659399022e+01 1.376539021461202772e-01 -1.161544961982283297e+00
-1.931821940213997735e+01 1.212107350251043492e-01 -1.290538164908166863e+00
-1.932280242969278916e+01 9.831979406859200910e-02 -1.428958432563307568e+00
-1.931577902508246680e+01 1.376077673353157949e-01 -1.160223070668191525e+00
-1.936072187529378752e+01 6.136625107487508196e-02 -2.035960538443102763e+00
-1.967573438191118385e+01 8.477546836590157397e-01 -7.776303962595453534e+00
-1.932225813531817238e+01 9.644813354648308634e-02 -1.452247444995681036e+00
-1.930651942085228256e+01 1.748303054011727808e-01 -9.687679923951009187e-01
-1.932473309608588607e+01 8.771671665614456936e-02 -1.407024895550309296e+00
-1.930546339442710746e+01 1.727566069675417482e-01 -9.655060280376819293e-01
-1.933839233152690795e+01 2.395158610214926931e-01 -1.198397789289041171e+00
-1.932286708121655039e+01 1.135111401090023037e-01 -1.393399951636043355e+00
-1.931973864263829554e+01 1.059636199203805168e-01 -1.414261853179134221e+00
-1.924582864413475747e+01 2.190297738794258764e-01 -7.398709439694144407e-01
