# level_assignment log_likelihood tiebreaker ID
0 -6.487574566908868292e+04 1.440075494667957812e-01 0
1 -3.163162553366848897e+03 2.465961019977853108e-01 0
0 -1.851582854765994853e+04 7.537812686046285737e-01 0
2 -1.176181610575200466e+03 7.837840230155656007e-01 1
3 1.514483235147233131e+02 2.805919126051293344e-01 3
0 -7.021095616036668071e+04 5.853436516204117979e-01 1
2 -1.226297448306343085e+03 1.633259363059120506e-01 2
4 1.201105967252964319e+02 4.620835952615977571e-01 4
5 2.065550706552504323e+02 6.573627966395534372e-01 4
6 2.446296528370336887e+02 1.580577213080059107e-01 2
3 -1.731984785340775090e+01 8.162467915866714607e-01 4
0 9.291153259394619113e+01 2.984539987841396957e-01 4
1 -4.046684747222823830e+01 2.552404511745520743e-01 1
3 -5.171541295890324363e+02 4.846437572257720205e-01 2
8 2.436146433180942665e+02 2.829545149235350721e-01 2
3 -2.526681891473879205e+02 5.145871910042669750e-01 3
7 2.412164233077771769e+02 5.137732015452906031e-01 3
0 -2.665900955579754373e+04 7.514368337685120025e-01 4
1 -2.850304375042994707e+03 5.476845915568473444e-01 0
3 2.359990915264003206e+02 8.529572827047889882e-01 3
4 1.470079582552518502e+02 5.483488102422047206e-01 0
6 2.392947066932518396e+02 2.726042962427376315e-01 0
9 2.456082340659170598e+02 2.332720679856724599e-01 0
9 2.453993658198766070e+02 6.010826303475512722e-01 0
9 2.453169852083689193e+02 3.040022336675254344e-01 1
4 9.813904789298203468e+01 6.317384389623772467e-01 2
9 2.454482536472835648e+02 4.565654884751776388e-01 1
7 2.398495210599390361e+02 6.289950829019206324e-01 2
7 2.430474990260382810e+02 7.329599369429363742e-01 1
6 2.268922276937067863e+02 7.828272018397894882e-01 0
1 -7.123962154209515575e+03 7.511805120346354281e-01 3
4 1.095887128079197055e+02 4.619094669689922661e-01 3
3 -3.358884185143342620e+02 9.767771216945231316e-02 2
3 -4.474718545199203845e+02 2.784024438997424744e-02 4
7 2.414902833008278265e+02 4.504375520790411258e-01 1
5 2.157690590174425154e+02 7.245694121256001097e-01 1
9 2.467574397951004812e+02 5.772370866949584345e-01 3
11 2.471177847503610963e+02 3.461484213673675647e-01 0
7 2.388625039219801920e+02 7.074088331111226813e-01 2
5 2.374072065839468451e+02 2.585941781693731345e-01 2
12 2.473777702976221065e+02 4.101562500147843959e-01 4
14 2.477797873711609782e+02 7.844619162620639630e-01 1
13 2.474673472009115471e+02 4.182698869910300710e-01 3
15 2.477912044189665437e+02 3.013895488272350653e-01 1
7 2.458555032851799638e+02 2.702503113180654282e-01 2
14 2.478041749671431262e+02 9.826363840313356857e-01 3
11 2.469814957020097950e+02 7.031407162005421929e-01 2
10 2.465969374917673349e+02 8.533077556503148031e-01 2
8 2.467674017163139126e+02 7.860801346586839822e-01 2
17 2.478313180954254733e+02 5.972674882620481185e-01 4
14 2.477636347890295099e+02 9.768104387071802064e-01 1
14 2.476474889394484649e+02 5.400844450852206879e-01 3
13 2.475232217061464439e+02 5.256946892233571589e-02 0
4 8.889402742191849427e+01 8.147739166153029899e-02 2
13 2.474443904318658554e+02 3.823420601797812290e-01 0
5 2.098400311109691643e+02 4.807411821608004177e-01 2
15 2.477350523611870585e+02 6.542600641242158899e-01 0
18 2.478305095017572341e+02 9.432280142969512449e-01 1
13 2.474957555096949591e+02 9.901970992311994735e-01 3
12 2.474688524894069133e+02 1.361042244048538130e-01 3
11 2.469255840505483661e+02 7.419698800795209159e-01 2
18 2.478349113530799173e+02 1.820930380959055461e-01 4
15 2.478211173813653261e+02 5.116221457823105778e-01 2
15 2.477115218478062388e+02 8.186867738144614215e-01 3
14 2.476520540865490148e+02 3.782842070021193992e-01 3
14 2.476337673426606329e+02 8.404241308518467513e-01 4
15 2.477198830622759829e+02 2.501254958098009240e-01 4
13 2.476378380575168876e+02 3.524565380207218546e-01 4
19 2.478337211093314068e+02 8.406448848436735011e-01 0
11 2.470558592009685981e+02 9.028140059583519283e-01 1
19 2.478374138120389603e+02 6.385412995325869812e-01 3
21 2.478360702664576820e+02 6.048121273532369724e-01 2
20 2.478347216312985495e+02 8.314632777430830401e-01 3
15 2.477194494830284270e+02 6.861402565451069080e-02 4
21 2.478367331868682015e+02 4.356087106981425539e-01 0
22 2.478378324944256974e+02 5.881781815452251649e-01 0
13 2.475373344330203054e+02 7.132522017378191137e-01 1
23 2.478378494626304587e+02 1.162961778824288771e-02 3
12 2.471889876075545942e+02 5.814020562020587590e-01 1
21 2.478369886808143292e+02 4.619214685503473250e-01 2
22 2.478381301402134511e+02 5.551135378895392103e-01 0
24 2.478381954360136490e+02 2.083136686808833016e-01 0
25 2.478382844155762541e+02 8.998812712471599973e-01 2
23 2.478379110128823015e+02 8.560071634102441041e-02 3
24 2.478381155615281273e+02 6.246447057526539615e-01 0
21 2.478371592234449281e+02 8.693037322139085532e-01 3
20 2.478370122321490499e+02 9.332759228337008661e-01 3
22 2.478381060848684569e+02 9.252901997321938410e-01 2
13 2.476317534259868580e+02 7.811441713087183825e-01 4
26 2.478383564592203356e+02 7.537505737896655900e-01 3
26 2.478382827514131748e+02 4.716790468190135699e-01 3
14 2.477406199862806773e+02 9.807270596320888378e-01 4
27 2.478384961971262328e+02 5.267844000191350684e-01 3
9 2.463132885301703254e+02 2.809281524792786588e-01 1
10 2.470146279042299113e+02 1.206109861038884290e-02 1
10 2.470074980311557624e+02 8.047262946536026806e-01 4
27 2.478384411010200097e+02 3.966146880535569713e-02 0
8 2.465649413394152702e+02 9.986999501839356475e-01 1
19 2.478354278400401824e+02 9.947838635243648753e-01 2
12 2.471837719981892576e+02 6.665817472587772796e-01 1
29 2.478385698458390038e+02 6.301523049151787070e-01 0
28 2.478384996430988849e+02 8.566349553733503264e-01 3
5 1.810646504101911205e+02 2.726752839964401431e-01 4
1 -4.905252271802379255e+03 8.496662241509413960e-01 4
24 2.478381180752395494e+02 4.679478689271030500e-01 2
1 -2.853462330139313053e+03 2.234676732695927426e-01 1
29 2.478385167072609079e+02 6.354902321389696018e-01 0
10 2.464404717994885630e+02 7.167005243223876221e-01 4
28 2.478385340092576712e+02 6.982670437226138338e-01 0
19 2.478334825989697663e+02 5.984054917724868083e-01 2
18 2.478311020720312570e+02 8.541671749136698910e-01 3
20 2.478353539266374810e+02 9.446024128114460794e-02 2
18 2.478315695624364139e+02 3.208441108952041487e-01 3
3 -4.263530260168985819e+02 8.447322190604326098e-01 4
25 2.478383820777278572e+02 6.329973145946611313e-01 2
27 2.478384211734253313e+02 6.068569029989383523e-01 2
24 2.478381479173246191e+02 7.741914156405012015e-01 2
20 2.478383253662693164e+02 9.644841653376136081e-01 0
9 2.459337772331852534e+02 1.312643606441175614e-01 1
20 2.478363649723587514e+02 3.025445841798378166e-01 2
17 2.478307316262782649e+02 4.364040641642299434e-01 2
21 2.478366324629522524e+02 9.733823986951528617e-01 3
20 2.478350271558857969e+02 3.084523774532692553e-01 2
18 2.478371696838265166e+02 9.373856991923430471e-01 0
17 2.478254268363964172e+02 4.447409790042879396e-01 0
20 2.478348595946515331e+02 3.691299993133126955e-01 3
12 2.472056645599857347e+02 7.076168714595800768e-01 4
15 2.477132194960358333e+02 5.390399877047672428e-01 0
23 2.478377042072461336e+02 1.221656345735312454e-01 2
20 2.478362812690436670e+02 6.590885582831966794e-01 2
15 2.477810295329483949e+02 2.975978656899940233e-01 4
20 2.478369431792575028e+02 7.179652797243756268e-01 3
3 -7.687993323850683680e+00 9.904645951562035533e-01 1
24 2.478381149049648684e+02 2.591261767031978192e-01 2
3 2.274137503747514870e+02 1.134570353514889780e-02 1
6 2.371354978659181825e+02 9.011002594529078369e-01 0
26 2.478382792300965036e+02 3.437936480185234123e-01 3
24 2.478381527271072287e+02 1.555939697586450343e-01 2
2 -7.869484017402684231e+02 4.024779158536362367e-02 4
26 2.478382711433979466e+02 8.356935229679215982e-02 3
9 2.457990695767651346e+02 3.944291756337958699e-01 1
19 2.478335956558811404e+02 8.455415902431084874e-02 2
0 -1.722389082492919260e+04 5.741747268953704131e-01 1
17 2.478354270422183845e+02 9.766631165908976620e-01 2
2 -1.005477272641060381e+03 7.383621071047732354e-01 1
16 2.478061293640720919e+02 6.652637809174373196e-01 4
16 2.478033667902739978e+02 5.687413500512874531e-01 4
24 2.478382861728715056e+02 1.316336581227552927e-01 3
19 2.478363601872164281e+02 1.222626335751909599e-01 2
5 2.381363941192936693e+02 4.422964765197470172e-01 4
4 1.120127408843297729e+02 9.059472622149513654e-01 4
29 2.478385222294219545e+02 7.206581525229731611e-01 3
2 -7.943726231167103151e+02 1.349911258405283587e-01 0
23 2.478376331523087117e+02 5.158432519580856690e-01 2
27 2.478384215425855075e+02 6.152205420105829603e-01 3
21 2.478364666367345421e+02 5.671625161214954858e-01 2
10 2.477923118194458425e+02 7.171406205971891934e-01 0
28 2.478385064804874105e+02 2.879318687912822972e-01 3
28 2.478385109951977370e+02 6.426869348775960944e-01 3
28 2.478384939717367104e+02 6.442769219766039668e-02 3
24 2.478381560272457591e+02 4.698278674044287229e-01 0
28 2.478384956154144731e+02 4.075216996076649334e-01 3
17 2.478264328823753146e+02 5.050938136789644428e-01 2
26 2.478382994832529107e+02 4.384158255671543047e-01 0
13 2.474395312092253221e+02 2.055441579797336604e-01 4
8 2.462054936206247362e+02 5.941181079834167988e-01 4
6 2.366230586012911203e+02 9.714553189657473276e-01 4
11 2.476413125606267158e+02 3.809446679812378278e-01 4
4 4.396315848852160002e+01 7.229315184380844528e-01 1
4 1.382748745395390984e+02 3.084910898600861096e-01 1
9 2.464987667584830149e+02 7.835677647519097011e-01 1
29 2.478385335103983209e+02 1.987726311740711793e-01 3
23 2.478377148763732407e+02 5.799446787721862506e-01 0
9 2.467628264000414902e+02 9.111999264673360521e-01 4
0 -1.347459995873214211e+04 3.976453340944538506e-01 1
17 2.478371888268506211e+02 8.339607757295207646e-01 2
5 2.331601645030922043e+02 2.501169742578158162e-01 1
28 2.478385202054342358e+02 8.760075239766895727e-01 3
25 2.478382310334220335e+02 5.065424082243775716e-01 0
29 2.478385550065036682e+02 8.868198478657944861e-01 3
26 2.478383064259733146e+02 6.533192721581200235e-01 0
26 2.478382907556490977e+02 9.388706461854612328e-01 0
13 2.477945305196944901e+02 8.663450770277023594e-01 2
13 2.474446426512483868e+02 9.594818500296651287e-01 1
17 2.478281721862644815e+02 5.894685875798102437e-01 2
29 2.478385251795149031e+02 7.511689744671761204e-01 3
8 2.445561945943824185e+02 5.948803576310019992e-01 1
15 2.477416756329584473e+02 2.362262058122539532e-01 1
17 2.478268240242892375e+02 7.412744219751664643e-01 1
29 2.478385509888956335e+02 2.337649225837542255e-01 3
28 2.478385112547544793e+02 6.839017298420735358e-01 0
7 2.411580513241899837e+02 7.399210590429985412e-01 4
12 2.476339956923643228e+02 1.710844440868619643e-01 1
20 2.478356411772825254e+02 2.450121997614182201e-01 2
16 2.478290669572837430e+02 4.007929903416829198e-02 2
2 2.171765086331342616e+02 8.373153232503969257e-01 1
2 -9.500762222546775320e+02 9.393828129388583914e-01 1
26 2.478383452516356442e+02 5.229896468129391351e-02 2
1 -2.565710306150731412e+03 8.727595953322409006e-01 4
16 2.478348321956804057e+02 3.555738810941028172e-01 2
3 -3.108306931456694997e+02 7.736074222630954234e-01 4
27 2.478384405369777141e+02 5.727827326188689172e-01 3
29 2.478385303420640753e+02 1.606136241962979883e-02 3
29 2.478385334780499534e+02 8.724097950419271719e-01 3
11 2.470331121826244782e+02 4.211392959300335193e-01 0
10 2.472693726556591969e+02 8.617267904448328020e-01 4
4 1.118670060916214766e+02 3.686773630994419904e-01 2
14 2.477185060337228037e+02 8.229081625191736471e-01 1
25 2.478383908304404031e+02 7.841334662364058961e-01 0
13 2.476423940140766717e+02 1.295949141502035218e-01 2
27 2.478384921865486774e+02 6.282807485954919891e-01 3
5 1.875430824592681631e+02 6.200137476488020161e-01 1
14 2.477706943414273724e+02 3.326870451388873051e-01 2
3 1.063023594462067223e+02 9.115710477531773215e-01 1
8 2.440072654270530563e+02 6.908646334860958360e-01 4
2 -1.095342499822120999e+03 3.914397776648313731e-02 1
19 2.478352559950866407e+02 2.896987014725707632e-01 0
14 2.477046575976173699e+02 4.276257965756636859e-01 2
6 2.337729834305729923e+02 7.884710545817104066e-01 4
20 2.478367644993423369e+02 7.496949817699751772e-01 0
28 2.478385403049040008e+02 3.947518590205484901e-01 3
16 2.478244354521292507e+02 3.048502706284086372e-01 2
10 2.466212111123814452e+02 2.941745853909316297e-02 4
23 2.478379560111227136e+02 1.880988330507600281e-01 1
17 2.478320120763177670e+02 9.173425172952434092e-01 2
2 -2.038386471466318710e+02 6.724347898325222506e-01 4
14 2.477816703014374298e+02 6.396228409742913401e-01 0
11 2.471909721996179883e+02 8.621628925985752590e-01 2
26 2.478382862421476034e+02 5.036965092390790488e-01 3
28 2.478385048704757310e+02 7.052399136117114553e-01 3
23 2.478380575774234558e+02 4.271834616140375296e-01 1
4 1.066160230490038288e+02 9.769798972626685396e-01 4
20 2.478373426429482436e+02 1.752356780392587132e-01 1
17 2.478277991241477025e+02 3.410493079988408116e-01 2
19 2.478376717839122989e+02 7.275440237391236353e-01 3
14 2.476151903795746989e+02 2.632546395697783481e-01 2
22 2.478380107318446903e+02 7.365190350903798588e-01 3
13 2.474528412702027254e+02 5.697097350874964494e-01 1
14 2.476995629732317070e+02 5.617348620547875093e-01 1
25 2.478382508900818380e+02 6.373960485676724019e-01 3
25 2.478382241127068255e+02 8.341835419135550378e-01 3
3 -1.898466001473727545e+02 8.543619230217617266e-01 4
9 2.464901605360628594e+02 5.382120114415694934e-01 1
29 2.478385510787301769e+02 7.237691726178973051e-01 3
2 -4.237469953791151056e+02 4.235044418137087763e-01 4
4 4.707320967163559544e+01 9.606922915976874588e-02 4
0 -7.712670174503058661e+04 3.692853920687232949e-01 4
3 -8.963789159801700634e+01 1.273095555324488259e-02 4
0 -1.117674095239584312e+04 9.202938761175296634e-01 4
19 2.478338048356960144e+02 7.844294010192580657e-01 2
18 2.478337180611319752e+02 7.182238164346343989e-01 2
26 2.478385580836672375e+02 6.909561623154574228e-01 3
0 -2.354891007982331939e+04 3.175261658643835361e-01 1
1 -7.428195081806621602e+03 1.419528832102852078e-01 1
4 1.157152410927981805e+02 6.321789440318356101e-01 1
28 2.478385105630586054e+02 4.350154312242803245e-01 3
9 2.459697087923166805e+02 8.377093319700307239e-01 0
12 2.474276851037159304e+02 8.318688059310214156e-01 0
2 1.758778677227635114e+02 9.827367919720441103e-01 4
19 2.478375444901075468e+02 5.054601244869872945e-01 2
20 2.478348816461581521e+02 9.685582656207558649e-01 0
2 -5.337529780507909436e+02 8.799653167385983465e-01 4
29 2.478385301357883748e+02 8.734255826515582299e-01 3
1 -3.020569433447131814e+03 7.697961806012685315e-01 4
6 2.410056924558645051e+02 6.037968621450724438e-01 4
5 1.992352548889507489e+02 9.540215275719550192e-01 4
23 2.478377507169342380e+02 1.489586415532190289e-01 2
15 2.477831700348307038e+02 2.364609681666167418e-01 0
24 2.478383233468076128e+02 2.044912999561028788e-01 3
0 -6.839221021565582487e+04 6.196588058102174834e-01 1
2 -8.761660382700046057e+02 8.206902853267139530e-01 1
23 2.478380752618530778e+02 3.187077425183631463e-01 3
22 2.478371823268740002e+02 5.391419867210781591e-01 0
25 2.478382270460727455e+02 3.796195134661490833e-01 3
26 2.478382950382300010e+02 9.789040305847642731e-01 3
20 2.478367977201338590e+02 4.318446552533910521e-01 2
11 2.476694415358846015e+02 1.770978871978811653e-01 4
13 2.474593202357342250e+02 6.035996235503435781e-01 4
7 2.433642086352376168e+02 9.000113908254364636e-01 1
18 2.478320990196399407e+02 1.515605156654378782e-01 3
28 2.478385102659540564e+02 7.413386198621715328e-01 0
7 2.410209096530325326e+02 9.669917274110666483e-01 2
9 2.466658716565493137e+02 3.952081951063448062e-01 4
4 2.246783360274876600e+02 6.299764043356158583e-01 1
7 2.404615203502933127e+02 6.899500251344975466e-01 1
29 2.478385214157503356e+02 5.493860158680665684e-01 0
8 2.463745282405971864e+02 7.863280966561011498e-01 2
28 2.478384892099639387e+02 9.804595862429412723e-01 0
12 2.474516566749798585e+02 2.666918821105790927e-01 2
25 2.478383031939011403e+02 9.118324728272231283e-02 3
13 2.474888133619417943e+02 7.933338673068220798e-03 4
2 -1.040305990450003947e+03 6.192951852133426333e-02 1
24 2.478382754421938046e+02 9.966859359174671251e-01 3
25 2.478385234335468112e+02 7.512227007982309746e-02 0
27 2.478385292808362408e+02 9.574457560672170464e-01 0
22 2.478385015058022418e+02 9.950480817614937301e-01 3
26 2.478382917045043712e+02 8.973221974228540176e-01 0
19 2.478364288830546229e+02 5.374642498080745012e-01 0
21 2.478373857920264527e+02 8.421676346246784739e-01 3
15 2.477116982347343992e+02 7.492128609447535892e-01 1
6 2.366308095024521947e+02 5.348296235185437952e-01 4
11 2.469531596451971893e+02 2.741414226431100332e-01 2
17 2.478244904728038591e+02 1.811734898225836332e-02 1
8 2.438247058338189390e+02 5.615672356113535768e-01 2
3 2.378776538709920985e+01 1.852261792914262628e-01 2
3 -1.725328114926895182e+02 8.462035370197412698e-01 2
1 -6.790485286504833766e+02 1.377098565030832056e-02 4
14 2.477337941649477955e+02 6.333707106740512627e-01 1
10 2.472087566525819398e+02 2.620148737013462403e-01 3
15 2.478305171827654476e+02 4.352698274396703537e-01 1
18 2.478310198696162843e+02 5.646514967915078342e-01 1
4 9.981797349519527529e+01 6.662775223866113095e-01 0
7 2.408617953675632748e+02 9.574732235115948065e-01 0
6 2.311910716216879109e+02 5.704342234979313808e-01 0
18 2.478322705414815630e+02 2.852503981927012044e-01 1
10 2.474589566818179378e+02 3.628336960267297684e-01 3
5 1.925362706422506278e+02 9.456460076027398687e-01 2
5 1.857872508714907553e+02 7.189629032323372471e-01 2
4 2.114592848380561918e+02 4.415616316022781263e-01 2
4 2.135282439389438025e+01 8.342198448537146982e-01 3
0 -4.707371128746843897e+04 9.641476860447457664e-01 3
11 2.475397047232197281e+02 9.772731798983811391e-01 4
13 2.477356964808943189e+02 4.454916119485017867e-01 0
24 2.478384933138962367e+02 3.588534239935616821e-01 1
7 2.449338735343025064e+02 4.497514615605903154e-01 4
11 2.470172779595397969e+02 3.112755710020067568e-01 2
24 2.478384953868358309e+02 3.704395696945155803e-01 1
25 2.478381939363743243e+02 3.119315132692401099e-02 1
17 2.478241738888951886e+02 7.239826469040534784e-02 3
17 2.478279850965142259e+02 2.218125108313414584e-01 3
18 2.478331854313193219e+02 7.526717804171109139e-01 3
17 2.478329379379777606e+02 4.393816032025060214e-01 0
26 2.478384085889328503e+02 7.214292916982813220e-02 1
19 2.478332897315584091e+02 9.921228868263209932e-01 0
23 2.478378291056997966e+02 9.700681638466004397e-01 1
21 2.478363482160243620e+02 7.052806368611537202e-01 3
1 2.237493253638926944e+02 9.273193070372905966e-01 2
1 2.299500993172228647e+01 5.664080305961927131e-01 4
15 2.477188528955794027e+02 5.726788860510210188e-01 2
14 2.476441158807662077e+02 6.397385986817285541e-01 2
19 2.478332654623778240e+02 6.761061354062142259e-01 0
2 -6.651843800513944416e+02 7.517117434985545188e-01 4
22 2.478370959231977508e+02 5.321458787737390894e-01 3
10 2.473030373664925605e+02 1.757719331589964185e-01 2
26 2.478382733164140177e+02 5.494300191131059607e-01 1
10 2.466574600797572998e+02 7.072669526808739171e-01 2
20 2.478347936958100490e+02 5.220978085316488881e-01 0
11 2.472767410420922829e+02 8.611483433962280332e-01 2
20 2.478364033659713073e+02 3.578028829949634476e-02 3
1 -5.634921968403011306e+03 3.813951375381137154e-01 4
5 2.430218813453373627e+02 7.373271965171500630e-01 4
0 -1.067226591312986602e+04 2.300888416364430533e-01 0
21 2.478362937165052813e+02 2.405883044307167429e-01 3
6 2.232929330050563124e+02 8.385185453423140700e-01 0
1 1.051638453736899805e+02 8.501397432715247504e-01 4
2 -1.134802346897175312e+03 4.051990220446701207e-01 4
6 2.258738534689944402e+02 8.825063458110764258e-02 0
16 2.478074392805509092e+02 6.377658847932732300e-02 3
5 1.892898187195503397e+02 2.897861079597705558e-01 4
29 2.478385305293940633e+02 5.230832655233629280e-01 1
16 2.478033105309182815e+02 9.610547321304494517e-01 3
13 2.476595931044014094e+02 8.702159011265453437e-02 3
0 -2.997413451801725387e+03 7.437192703574619923e-01 0
9 2.452294364461659484e+02 8.988331419277407752e-01 4
0 -1.057600126223178449e+04 8.450344043538571270e-01 0
0 -2.036135009432055313e+03 6.586257516706126580e-01 0
13 2.475622226281934104e+02 2.728778491438435538e-01 2
11 2.471147420435692368e+02 8.337863495425549276e-01 3
7 2.404879859644464659e+02 9.431927567425613113e-02 0
23 2.478380205898332065e+02 5.875895577387151292e-01 3
10 2.470369111691547630e+02 3.416562430458358612e-02 4
6 2.371690319482884206e+02 6.397561262281250549e-01 0
28 2.478385363700143103e+02 5.954202197619689052e-01 1
0 -5.278550100654042035e+04 1.439251142540366735e-01 0
0 -1.478091403573060916e+03 3.333980574579717415e-02 4
20 2.478357884712065129e+02 6.679247757537867258e-01 3
2 -7.631414123864381054e+02 3.955735575838236207e-01 0
8 2.450641772497318982e+02 6.693234154904095234e-01 0
27 2.478384257511462465e+02 6.791269018938129731e-01 1
24 2.478381183092799347e+02 1.734271535706540246e-01 3
28 2.478385126395826887e+02 3.401916144204980008e-01 1
6 2.368988081387047089e+02 8.468248218334917254e-01 0
7 2.417963943533629276e+02 3.007350584995927001e-02 4
13 2.474710850634307917e+02 3.141097907863806271e-01 4
29 2.478385186197726853e+02 2.161960879110997047e-01 1
19 2.478350903822648093e+02 4.381767207349095417e-01 4
12 2.475035143245989389e+02 2.567948221606350390e-01 2
29 2.478385286775564396e+02 3.635975361759549718e-02 0
19 2.478338869746143018e+02 8.553534013054009399e-01 4
18 2.478339465604202587e+02 1.526720646541002424e-01 4
26 2.478384167053466172e+02 3.953163820665017703e-02 0
16 2.478073805317970937e+02 9.431688478970261524e-01 4
17 2.478320970162195920e+02 3.033593061471344665e-01 4
20 2.478377016348441373e+02 3.794190017261893089e-01 3
27 2.478384555654366466e+02 7.991879098062080189e-01 0
21 2.478363633948331426e+02 7.988524343148994955e-01 3
24 2.478381725871265644e+02 7.468181061806845600e-01 0
14 2.477273036679214329e+02 2.804934934665037627e-01 1
0 -1.892705039926095978e+01 1.774495423688702833e-01 2
22 2.478372950749997301e+02 1.737888523915263050e-01 3
26 2.478385578148332797e+02 8.998232964768532183e-01 0
19 2.478353555999955233e+02 1.903256096042943990e-01 1
11 2.470519933138358510e+02 5.109540100562561804e-01 4
21 2.478383578631102182e+02 4.175072610162544606e-01 3
29 2.478385281934690170e+02 2.343564429894812728e-01 3
21 2.478362421177520787e+02 4.839845933110259457e-01 1
24 2.478381556251069355e+02 5.418936142029240344e-01 1
27 2.478384161580281955e+02 6.670026028419001607e-01 0
27 2.478384422743833397e+02 2.182967311423276158e-01 3
16 2.478297834079394306e+02 4.388075064898118716e-01 0
21 2.478378802416538633e+02 5.450628200836780124e-01 0
2 -9.835403267763435906e+02 4.596508883466914747e-02 2
1 -7.617545157609019952e+03 4.280076629539759647e-01 2
25 2.478384794923653089e+02 7.133780014478000586e-01 0
17 2.478324569756865969e+02 8.713046226550459350e-01 1
17 2.478265423885048619e+02 4.983161834734941009e-01 0
11 2.474551278165862982e+02 5.310248321615027578e-01 4
15 2.477359377820783948e+02 8.955390290124194408e-01 4
27 2.478385257764806227e+02 3.559548022277546631e-01 3
21 2.478382735043154526e+02 6.862930113907373952e-01 3
28 2.478385621935315157e+02 7.402727365930301673e-01 3
24 2.478381671721747921e+02 4.063449330473234977e-01 1
21 2.478372495739706096e+02 1.613309431307143327e-01 2
19 2.478345772163821721e+02 7.924194103337585116e-01 1
26 2.478383892826727219e+02 3.333629020248592423e-01 2
21 2.478367873788593272e+02 8.927544826272819645e-01 3
22 2.478371631198635328e+02 3.731353428658863436e-01 3
9 2.455869330830944932e+02 6.156853543687392794e-01 0
15 2.477519171753879164e+02 6.327422660832053847e-01 4
7 2.377310803819291891e+02 6.078787784274228834e-01 1
27 2.478384146019983802e+02 8.028724767870180079e-01 2
13 2.476145172353010082e+02 6.489502094361072615e-01 0
11 2.473709638659774726e+02 6.038135042057302115e-03 0
10 2.466774331078514138e+02 5.440791827131761238e-01 0
3 2.326865005484387439e+01 2.675072650014246878e-01 1
17 2.478292689143371774e+02 4.358025852334527772e-01 4
19 2.478345962795204400e+02 2.389862755836502095e-01 3
3 1.216882487885754784e+02 6.939291747740367056e-01 1
19 2.478360370539420217e+02 2.041331903691198935e-01 3
16 2.478137375227331063e+02 7.868622338469911659e-01 4
1 -8.054625052439418141e+03 1.071033615345178408e-01 0
25 2.478384802113295109e+02 4.350587988277652141e-01 2
12 2.473747410472903141e+02 9.854533517025141354e-01 1
25 2.478384618598645375e+02 9.511935868341985234e-01 2
13 2.474363493849042470e+02 5.550481613799118641e-01 1
1 -5.669148923507455606e+01 2.500480156378145913e-01 1
0 -8.399669514780525060e+04 8.935332472435927320e-01 4
26 2.478384624778785508e+02 6.260082296996635209e-01 2
21 2.478374401981581627e+02 4.591172771512974649e-01 2
25 2.478382500172237997e+02 4.212072709551513694e-01 2
29 2.478385291591927739e+02 2.271633297002466634e-01 2
7 2.394750452374174756e+02 4.348647050485965337e-01 1
7 2.390648655884144205e+02 6.205338462784595333e-01 1
8 2.442017818676088439e+02 7.714696571252306345e-01 1
9 2.458537177911341018e+02 6.523521052838321399e-01 4
8 2.433546000541730336e+02 8.794503398191291232e-01 0
16 2.478293587301806440e+02 8.078461073934573022e-01 2
6 2.323986817292284286e+02 3.781751893567872891e-01 1
13 2.474999254516596920e+02 4.394950121885763394e-01 0
1 -9.481588196619859445e+02 2.802936907777233699e-01 3
12 2.472741664064783151e+02 2.753419402778347624e-01 1
17 2.478353905532577528e+02 5.079208438424284155e-01 2
2 -4.701886423743340515e+02 6.757221597089148046e-01 3
7 2.455888705550223108e+02 5.379870298948192797e-01 1
15 2.477489549810317726e+02 3.017635643404048551e-01 0
12 2.472884210708581918e+02 3.513334806329312943e-01 1
10 2.473637704533423403e+02 9.891696000929428578e-02 0
11 2.474157321281005295e+02 7.542332449567322739e-01 1
17 2.478244688052470792e+02 8.427011625362592628e-01 2
15 2.477179200352190946e+02 8.179231072202874930e-01 4
0 -3.567965059811490937e+04 6.832105751731787358e-02 0
4 1.808202651952311157e+02 9.688049635088661349e-01 3
9 2.474838020852060083e+02 3.917668735181305539e-01 4
7 2.400324698095562894e+02 1.015347236357890537e-01 4
8 2.455183799600497991e+02 4.337481285341322490e-01 3
13 2.476460394701351788e+02 6.704058747822472242e-01 4
5 2.201711795846680388e+02 3.005390662498332865e-01 0
2 -3.694996325765445135e+02 3.186703355999656040e-01 1
0 -1.982605924135066380e+04 6.027564213959777373e-01 0
10 2.469243481128279996e+02 6.984619864182728399e-01 1
21 2.478362384020358036e+02 3.219711521357437878e-01 2
21 2.478364195480262708e+02 2.888785049110993430e-01 2
6 2.377242251714197323e+02 1.908098905925559308e-01 3
9 2.462180449125312123e+02 2.191793053506719269e-01 3
24 2.478384437215651133e+02 8.472684793955549687e-02 4
11 2.468673722692846582e+02 5.027094516198544333e-02 0
10 2.464487653370647422e+02 1.567121759532144054e-01 0
7 2.405218808274116213e+02 8.213335303327384818e-01 3
24 2.478382574190954415e+02 4.034331742238961294e-01 4
19 2.478333308120685388e+02 9.024025800172609246e-01 2
27 2.478385247677635732e+02 4.393923098262071392e-01 4
24 2.478384761478355074e+02 8.667831114037776175e-01 4
22 2.478385031341110221e+02 7.394645946055405927e-01 4
27 2.478385451564062976e+02 4.437422941670301491e-01 4
0 -2.530897574486693884e+03 6.501292800539151262e-01 1
23 2.478385120574833707e+02 2.576791899123553886e-02 4
21 2.478365476541127919e+02 4.884407819094604974e-01 2
9 2.474695959997159491e+02 7.829185040729872425e-01 0
3 1.363580748120777457e+02 9.166180967843631233e-01 1
5 1.968871616928302046e+02 7.734936102227019106e-02 1
18 2.478331465346902860e+02 9.487478588404327784e-01 3
29 2.478385176450113363e+02 2.206833448791849506e-01 4
22 2.478371645031694470e+02 9.564062165585787145e-01 2
25 2.478384138721643808e+02 1.741579530245986884e-01 4
28 2.478385231089638410e+02 3.665844365607776045e-01 3
7 2.436782591357664387e+02 3.305594595035645789e-01 0
27 2.478385016786850201e+02 2.577740973611481468e-01 3
25 2.478381933106656163e+02 7.379212528020705486e-01 3
5 2.039361659354996164e+02 4.055424294040611000e-01 1
25 2.478383296836935301e+02 4.938294193818525135e-02 4
11 2.468871370960808065e+02 8.263223288582821624e-02 1
22 2.478369773093484412e+02 5.544459112255055722e-01 2
21 2.478368981825208550e+02 5.669285777139769777e-01 2
29 2.478385398263447428e+02 8.334602078673871706e-01 4
25 2.478384072985788578e+02 4.334538902373985536e-02 3
23 2.478376692153977388e+02 4.894390337526768331e-01 2
24 2.478382550365313932e+02 4.777373692150632678e-02 4
7 2.451265058198774796e+02 1.929395190663139026e-01 1
27 2.478384090699804290e+02 6.214506337926264251e-02 4
1 -6.972956624930586258e+03 1.147172768356814476e-01 1
1 -4.782693460544594018e+03 8.824516192329493469e-01 1
2 -9.601130141335061126e+02 7.809962465743757187e-01 1
19 2.478338587030753217e+02 4.993883594465337028e-01 0
22 2.478381458798161816e+02 6.344780587284567508e-01 2
2 -1.436167838588307632e+03 7.913127787629878895e-01 1
25 2.478382250117332433e+02 4.877214286324775827e-01 3
26 2.478383454040760796e+02 5.031122211780095776e-01 2
29 2.478385626092291147e+02 8.803771150208116181e-01 4
18 2.478319378712570824e+02 5.535733296254470304e-01 0
4 5.626352934749896662e+01 6.475091778878856452e-01 1
3 -2.881085091100557065e+02 2.368034674758796865e-01 1
17 2.478280875536749193e+02 5.768752606417220097e-01 3
28 2.478385709565694128e+02 3.451602605357212417e-01 4
23 2.478381964311890897e+02 5.191709282471514975e-01 2
6 2.231871104999822251e+02 6.539211703559268951e-01 1
22 2.478381034053660983e+02 6.321301586863159461e-02 3
26 2.478384239170225385e+02 9.165150913508726127e-01 3
18 2.478384371868751259e+02 6.813050877254747117e-01 3
10 2.464904577497916023e+02 4.031119620597577446e-01 1
11 2.471090243881233164e+02 3.676111961180721921e-01 1
19 2.478370966730846305e+02 8.868414373576396503e-01 0
27 2.478385272324087509e+02 3.080747614663276179e-01 4
21 2.478362011950789849e+02 4.562271229886164514e-01 3
18 2.478317552628433305e+02 7.246250081721923308e-01 0
16 2.478317738501544625e+02 6.474788076167862227e-01 0
16 2.478170383089714335e+02 1.885268858368686073e-01 0
20 2.478361835696081243e+02 3.410175878893749180e-01 3
28 2.478385181193272047e+02 7.413278500445115160e-01 2
18 2.478334875582241921e+02 2.405366864165320306e-01 0
16 2.478328226199843982e+02 5.678233657737372653e-01 0
11 2.475404611145789886e+02 1.249149233761795985e-01 4
24 2.478383448062610626e+02 1.282069699886796699e-02 2
28 2.478385382296142723e+02 2.280403682210070393e-01 3
29 2.478385324982034490e+02 5.586339605124795993e-01 3
11 2.469970906797919667e+02 1.634587652159824600e-02 1
12 2.472888002012418838e+02 3.663981109364761179e-01 1
8 2.449813370854903667e+02 6.627733522716541814e-02 1
18 2.478335055348309481e+02 5.657387595155232152e-01 0
23 2.478382727889091370e+02 4.482947614540955250e-01 2
19 2.478370392848516985e+02 4.500364594626684034e-01 0
7 2.478140361341554581e+02 4.114310920521366821e-01 4
26 2.478384107860912593e+02 2.570108986973196341e-01 2
29 2.478385287029418009e+02 6.081443215218758080e-01 3
25 2.478384405253137288e+02 6.620230903584988225e-01 3
21 2.478369357738774568e+02 4.031165785355376174e-01 0
1 -7.044563058424320161e+02 7.431071661355920233e-01 1
1 -4.763003655924441773e+03 1.200359296285054000e-01 1
0 -9.717002108134509763e+04 5.924861457530670172e-01 4
7 2.384008096342300576e+02 5.335597393720173942e-01 1
19 2.478340260201017600e+02 5.908535984438056943e-01 0
29 2.478385247050829889e+02 2.576885352662143802e-01 2
25 2.478382444775141948e+02 2.858044997243570640e-01 2
26 2.478382928142414983e+02 6.885407427655634294e-01 2
0 -2.501594457763347691e+03 7.949663455487825381e-01 4
27 2.478384699803035573e+02 2.601875943750138198e-01 3
28 2.478385259959638347e+02 7.528658115641633231e-01 3
27 2.478384800761561166e+02 1.790760270472625815e-01 2
16 2.478231344244535137e+02 2.022581817627893130e-01 0
19 2.478364745046205257e+02 7.400156183490144146e-01 3
23 2.478381317141312365e+02 7.356180833560375110e-01 3
9 2.465798252203376535e+02 9.415089441779581625e-01 1
22 2.478374967212110391e+02 8.759497500192676700e-01 3
8 2.439267993786112356e+02 7.667584002161952350e-01 1
24 2.478385250065106788e+02 6.802019908073351218e-01 3
8 2.462064883103399211e+02 6.374341086357055985e-01 0
16 2.478097860652446514e+02 4.267694273313196174e-01 0
11 2.470382429894238498e+02 6.281852335737319049e-01 2
2 -5.127458125687305710e+02 2.479506599980987047e-01 4
17 2.478258801957347259e+02 3.636437868735178935e-01 0
6 2.394895354169362349e+02 5.155842626923101690e-01 2
6 2.346796795339695620e+02 3.263639080258240455e-02 4
22 2.478374593491749636e+02 5.634708659076536064e-01 3
0 -1.711953443549614167e+04 8.101215501193859136e-01 1
6 2.378610593701778271e+02 5.323148042004954839e-01 4
7 2.375950854759468882e+02 3.901984688773030285e-01 1
20 2.478352573765318709e+02 7.008097824853640745e-01 3
24 2.478381295583820929e+02 6.942129740365468038e-01 3
14 2.477765809592696371e+02 4.587988582764355172e-01 0
11 2.476518405528059930e+02 3.583415194041197904e-01 0
6 2.409960554182568444e+02 1.137468422435569809e-01 1
1 2.457660454570483637e+02 9.991047384333068271e-01 2
17 2.478300592422297655e+02 4.984807593935940417e-01 0
7 2.471392369970168090e+02 5.878851448669117907e-01 2
5 1.848045410342896560e+02 8.259056784232147175e-01 2
8 2.432054945752152832e+02 3.414735845318404017e-01 2
17 2.478371293327351168e+02 4.852314740561389783e-01 0
22 2.478371674457798690e+02 8.658647956007641255e-01 0
7 2.411404166289838145e+02 3.004882818937004707e-02 2
18 2.478380396505720853e+02 1.257267451982428952e-01 0
11 2.468879750490081904e+02 9.155311566912385235e-01 1
17 2.478346089520999840e+02 1.957723480554540707e-01 0
3 1.136485632024440804e+02 8.218486213508942040e-01 4
26 2.478385297267059570e+02 2.832463242822100824e-01 3
8 2.438762853570740958e+02 1.502949357326673341e-01 4
16 2.478209541322664222e+02 9.562654011261959575e-01 0
29 2.478385257146119898e+02 7.825409909699222732e-02 3
16 2.478129559807348130e+02 2.303543707820869535e-01 2
18 2.478337162613776457e+02 5.864591692382106203e-01 0
8 2.442543881019126673e+02 7.213841601063929465e-01 1
20 2.478367136598413651e+02 1.476748673207888274e-01 0
15 2.478301532387635575e+02 7.344369224218787462e-01 2
22 2.478370018179731460e+02 8.704681661068524035e-01 0
29 2.478385530251940168e+02 1.603284024186729662e-01 3
26 2.478384443152730512e+02 7.309129890068948310e-01 3
27 2.478384401977961033e+02 2.772934846917911589e-01 3
29 2.478385548189656618e+02 5.803728399907953639e-01 3
0 -8.117134799524029404e+03 3.170478122751870798e-01 1
13 2.475257210577152591e+02 8.104139367327631849e-01 4
22 2.478369667002021970e+02 7.987813867916143673e-01 2
25 2.478384336511742276e+02 5.347518716607528866e-01 3
27 2.478385337971002969e+02 3.617809313784676184e-01 3
12 2.473055225742145922e+02 7.782846336809745580e-02 0
10 2.475650049910588564e+02 9.778083542210704859e-01 4
23 2.478379004569401047e+02 9.003943864342379699e-01 2
15 2.477103519595187606e+02 8.453067589493143963e-01 4
16 2.478178651420282961e+02 1.613848979970020359e-01 2
9 2.463444755254383267e+02 1.834792442011815017e-01 4
15 2.477863843424499635e+02 1.378664521126514719e-01 2
8 2.468071817150289462e+02 5.025216597823188858e-01 0
23 2.478382359831672943e+02 5.923072957895907376e-01 3
9 2.473092624451378470e+02 9.510998738792684204e-01 2
7 2.437160495353745944e+02 3.193467382222209827e-01 4
4 1.375869035849756585e+02 4.214948639715054152e-02 4
0 -5.160543352195412808e+03 3.275930129469252217e-01 0
1 -3.252964743197118423e+03 7.020023320484303220e-02 4
26 2.478383558049832800e+02 2.220998920897257478e-01 3
4 2.257356222231181420e+01 7.318362898110921666e-01 0
3 -1.266396723664050796e+02 7.680566591907636020e-01 0
0 -1.818396622019766437e+04 3.015732202429552977e-01 4
5 2.007690675614427107e+02 4.646893904028699396e-01 4
13 2.478032418084579831e+02 1.469994657099693569e-01 2
13 2.474613333027626538e+02 7.785592908865621720e-01 4
7 2.419490657931376631e+02 4.058471371458922672e-01 4
28 2.478385080820592350e+02 3.478067030477705601e-01 3
2 -9.565191696983762881e+01 7.761992072875105730e-01 4
17 2.478290682783386103e+02 1.040470659875339376e-01 3
3 1.182679879488665193e+02 1.706083578190241701e-01 4
1 -1.115637148986638323e+02 4.020261825312292925e-01 1
2 -3.217190242820165480e+01 9.753033668117845334e-01 4
9 2.474025785239666675e+02 6.379978685529508198e-02 0
22 2.478384922921435987e+02 9.311650067283585575e-01 3
13 2.475741720851335117e+02 6.930701943988030189e-01 0
14 2.477245130402060056e+02 9.025565511609389135e-01 0
20 2.478358621002988400e+02 5.428056043296490829e-01 2
19 2.478352265350528967e+02 4.633404415840566282e-01 2
18 2.478353339464714225e+02 3.127165602408065737e-01 2
18 2.478314034665308441e+02 3.151691946806298716e-01 2
22 2.478374140756479846e+02 6.052413736423383206e-01 0
2 -1.334498462553217223e+03 6.567686310655538318e-01 4
19 2.478341151954807628e+02 3.023664329462434353e-01 2
9 2.459829472230359784e+02 2.137084352807088194e-01 1
13 2.477716057902951547e+02 3.645387241506201081e-02 1
6 2.328444650479909797e+02 3.769960777286451847e-02 4
16 2.478209174603960605e+02 2.027034765831988161e-01 1
22 2.478371921913210372e+02 1.347077043532714236e-01 0
14 2.478245274455795197e+02 7.857358176224664703e-01 1
0 -9.723810265856175101e+04 8.534595006724248201e-01 4
29 2.478385367685562528e+02 3.562699925144294233e-01 3
25 2.478384291355178846e+02 8.783928668823761665e-01 0
22 2.478369560611162115e+02 4.567578474428724000e-02 0
15 2.477706079717304135e+02 7.108738460707915152e-01 4
28 2.478385448872677159e+02 6.695895038614352313e-02 3
2 -1.457499313733101644e+03 4.382782663578148608e-01 1
5 2.010793671675911867e+02 9.545117531135201006e-01 2
12 2.472028340352958935e+02 2.526747102367245534e-01 1
1 -1.602093997064873975e+03 4.592700416943239494e-01 2
22 2.478377051004983116e+02 4.655074353729358183e-01 3
3 2.190247441299597426e+02 9.106530769616656418e-01 2
4 8.495655254821411972e+01 2.429708681714423946e-01 1
18 2.478366801404879709e+02 7.500407316928598966e-01 3
6 2.410816559041819005e+02 7.510848523889278594e-01 2
25 2.478382213832196044e+02 6.757683279582156199e-01 3
23 2.478379749353132127e+02 7.492931011174444045e-01 3
2 -1.067547997151304742e+02 6.528178023119971529e-01 2
20 2.478359195258455259e+02 7.030103166336942877e-01 4
1 -2.974595274188032818e+03 7.445700328311212202e-01 2
17 2.478274791972694402e+02 8.765551739410897270e-01 4
1 -4.815560056995963350e+03 5.386668844052912991e-02 2
13 2.476462751248569987e+02 4.378150432236276868e-01 3
3 1.680588046926875450e+02 4.385167040523167969e-01 2
28 2.478385637943686675e+02 2.012744951870924504e-01 0
8 2.432515094178887978e+02 9.761500212527359777e-01 1
8 2.440233545496025158e+02 1.854294990064686566e-01 2
10 2.465755067936710532e+02 9.677111437881423806e-01 3
25 2.478382313480980770e+02 4.078871670304806685e-02 0
1 -1.962675062666164195e+03 8.755154030583582880e-01 1
27 2.478384511909589207e+02 9.809534019501518765e-02 0
24 2.478383237648829152e+02 9.441984568724091087e-01 0
9 2.456490472629267288e+02 6.683077710225109325e-01 3
11 2.471885155880559353e+02 4.076662634442750899e-01 3
5 2.154590657301837950e+02 1.650368161736759376e-01 1
14 2.476987763745095208e+02 9.075851016106208924e-01 4
3 -1.073485114279344828e+02 9.110801470169831440e-01 1
28 2.478385096661800162e+02 1.346745448486927899e-01 0
1 -3.727237804772154050e+03 2.760220786390024106e-01 1
8 2.435586478592152844e+02 7.612984883997855334e-01 2
11 2.476445332189288706e+02 4.414788106929464634e-02 3
7 2.422333335650284312e+02 7.047850230762072732e-01 1
17 2.478296578699748807e+02 7.125596951832475767e-01 4
26 2.478383593700710890e+02 6.589195507322270773e-02 0
17 2.478287917395907130e+02 1.330826745667892386e-01 4
18 2.478303517107437983e+02 1.367136214481794454e-01 3
26 2.478383447719789956e+02 7.100302712877663014e-01 0
0 -2.717814099523428013e+04 7.636464171172889781e-01 2
0 -4.005837597761175857e+03 5.077533542155018287e-01 2
11 2.468994383415704306e+02 9.732352625714507655e-01 1
19 2.478360860609623160e+02 1.237107683072612152e-01 0
5 2.236298148206612950e+02 9.935877455455748297e-01 1
17 2.478277103222210371e+02 4.964281572186981517e-01 0
0 -3.176384653344566323e+04 7.061581157176722856e-01 1
8 2.453885975780835906e+02 6.318647893858088116e-01 4
20 2.478348845149893975e+02 7.960189874443583946e-01 3
15 2.478030977057978532e+02 8.507987936763985459e-01 0
4 1.784902152984132329e+02 1.997331238263312103e-01 2
2 -1.547456223207167795e+03 9.075251045540931871e-01 4
12 2.472172840767954938e+02 7.532893212597826516e-01 0
14 2.476838075808886401e+02 6.950588495715928072e-01 0
11 2.471604827578035497e+02 4.235863001722580123e-01 1
19 2.478344948876995488e+02 4.515954078593142351e-01 3
4 2.254135508642939953e+02 9.082790255866294293e-01 4
8 2.452078005121947513e+02 8.929667297219723299e-01 1
15 2.477112884219704938e+02 9.465587995538240484e-01 0
22 2.478369938869787177e+02 6.037079118380729303e-01 3
17 2.478261028182622283e+02 3.920558744983873023e-01 2
12 2.473875351580053916e+02 8.235970683738416120e-01 1
4 1.127845707283529748e+02 3.065017464115280532e-01 4
14 2.476758734786107254e+02 8.725772083116715150e-01 2
14 2.476470032382595150e+02 6.172980350229466673e-01 2
3 -2.722135744385659564e+02 5.943210750879824450e-02 4
25 2.478382796175782516e+02 4.341245655991533003e-01 3
7 2.411773732722557781e+02 3.254428764899717774e-01 2
4 1.793259169006379921e+02 4.423540906564638608e-01 4
12 2.474224314309509509e+02 1.536306919908543844e-01 1
26 2.478383223677054445e+02 6.519085154326037523e-02 3
21 2.478361456838509866e+02 6.687622844910887654e-01 0
15 2.477907882596529134e+02 2.126416543249878832e-01 2
0 -3.156007520703926639e+04 1.024782305061334650e-02 1
17 2.478283302889517472e+02 4.863450428327772412e-01 2
3 -3.029995303843758165e+02 9.142026950925057349e-01 1
6 2.240995123722385358e+02 2.471426750546972251e-01 4
18 2.478327370041828317e+02 7.244860671250505924e-01 0
22 2.478375660342617834e+02 9.406772733879171788e-01 0
25 2.478382164692492040e+02 6.322093426752227741e-01 0
24 2.478382791044016074e+02 9.712798754928536615e-02 3
12 2.473733301198718664e+02 6.975109555126124405e-02 1
6 2.409837054221542871e+02 1.138127081171134980e-01 4
11 2.475378368765949801e+02 4.868677274539617295e-01 2
26 2.478383104522139035e+02 3.321664720599726839e-01 3
18 2.478315123863224585e+02 7.394184643713206384e-01 4
12 2.473581630663979354e+02 7.126013155793152754e-01 2
28 2.478385289384417831e+02 9.832857546358009238e-01 0
24 2.478381131338288696e+02 2.104050688543448178e-01 3
21 2.478363821342999245e+02 2.267433473529074650e-01 4
18 2.478334339161403364e+02 7.580674571165018083e-01 1
24 2.478381335064144650e+02 5.112347640079359934e-01 4
24 2.478384040278877478e+02 3.191475811342732172e-01 0
27 2.478384411641277723e+02 7.965001504693032253e-01 0
13 2.476347163618594038e+02 1.836934108280163791e-02 2
24 2.478383795686787892e+02 7.071501494230268692e-02 0
27 2.478384630673884885e+02 8.578224543946364467e-01 0
22 2.478381258451119322e+02 2.740538587677751603e-01 4
21 2.478362802237723770e+02 3.347640613645239682e-01 0
19 2.478333906952264840e+02 6.151534992162823734e-01 1
17 2.478329867539970621e+02 8.871600041126201930e-01 1
26 2.478382741378273408e+02 1.691139827915915106e-01 0
20 2.478353000843840164e+02 9.059583880203376793e-01 1
23 2.478380948372496277e+02 9.272229193374776912e-01 4
23 2.478380759561197237e+02 4.665287454232197595e-01 4
29 2.478385556553262177e+02 6.086883462394601096e-01 3
29 2.478385273750081694e+02 4.660144178635414747e-01 0
24 2.478384908236594413e+02 5.138088066598789361e-01 0
20 2.478374236836139346e+02 5.114434223204249452e-01 4
22 2.478373784361085654e+02 6.058593594949315264e-01 4
19 2.478368617213987477e+02 7.181158979002542075e-01 4
29 2.478385574032327838e+02 5.334061956107104541e-01 3
24 2.478382641349270727e+02 6.720468682986029396e-01 0
24 2.478382010569791873e+02 3.500375550447190065e-01 0
26 2.478382981184557821e+02 1.922462665810063809e-01 0
18 2.478325731952355966e+02 6.821683663944000386e-01 1
25 2.478381908816038219e+02 9.734251979516335140e-01 0
29 2.478385654838781988e+02 7.729839659759072390e-01 3
24 2.478385414504345192e+02 4.862400261036761151e-01 3
26 2.478384853476743785e+02 3.028055693682194516e-01 0
16 2.478073497177850300e+02 6.916598173615509104e-01 4
26 2.478383370706602307e+02 1.361218546432816645e-01 0
22 2.478374670972294211e+02 6.650182682109992971e-01 0
20 2.478347300017066175e+02 3.776518470211547296e-01 1
10 2.472039093483259649e+02 8.714229969557353295e-01 2
17 2.478243446012511413e+02 4.924711086831651263e-01 1
5 2.095152133077897361e+02 9.584312074769234524e-01 2
1 -4.629368576923751789e+03 5.350575482383010950e-01 2
11 2.471418561897452548e+02 9.956227572829110528e-01 3
1 -4.676730845398268684e+03 1.096626072346922331e-01 4
14 2.476290978981268438e+02 1.607258944007301515e-01 2
18 2.478356234839127126e+02 3.055768676332934475e-01 1
4 1.096028411808590164e+02 9.716302360988962050e-01 4
19 2.478353458470346027e+02 5.174751410320389544e-01 1
18 2.478323546422491290e+02 7.867187392943658653e-01 1
4 5.070448573154841654e+01 1.899226819948848233e-01 2
8 2.441361790603494910e+02 1.324101748942236867e-01 4
17 2.478257806490416044e+02 6.256167702137773734e-01 2
4 2.144094984691969898e+02 6.978765536706426076e-01 4
21 2.478370966165224729e+02 5.473400683690368140e-01 0
28 2.478384956373358818e+02 4.591629593879535953e-01 2
23 2.478383894595186803e+02 1.313560609401006607e-01 2
22 2.478384356805171649e+02 4.307713669304144011e-01 2
10 2.470873745308839489e+02 1.999641818369468638e-01 1
1 -1.604011045185973899e+03 5.210264670164138634e-01 4
29 2.478385228558607594e+02 2.711082208807713556e-01 0
29 2.478385539112174456e+02 8.600181410191118925e-01 0
15 2.477370095038299667e+02 3.164817119756205832e-01 1
14 2.477822278716390372e+02 9.939995549020714805e-01 1
15 2.477183722784640167e+02 9.008376879380363134e-01 1
1 1.607835850448662995e+02 8.842350500005471958e-02 3
15 2.477649898162279101e+02 3.152468306449387470e-01 0
13 2.476754445363504260e+02 4.053040769511978558e-01 0
21 2.478366053238761992e+02 2.909292686529525440e-01 2
6 2.393180451317048210e+02 4.209918225857425256e-01 3
5 2.454518169259392835e+02 5.102248780564795361e-01 1
19 2.478349113661156480e+02 9.239763686987587654e-01 2
19 2.478336742076705832e+02 5.110765188640528089e-01 2
18 2.478306862751651352e+02 2.501745659345804285e-01 4
7 2.433030189926848834e+02 9.462575772976412614e-01 0
15 2.477100720321939775e+02 2.798579965604066633e-01 4
6 2.344792856703101052e+02 5.974153674524478319e-01 0
20 2.478355014389510416e+02 6.996168733853949107e-01 1
2 -1.632189388431278530e+03 6.765774968894773256e-01 3
9 2.454754058789732483e+02 5.344541543203878975e-01 0
1 -1.346897931875089171e+03 7.805201399393516537e-01 3
5 2.149930566314924363e+02 4.508734745362414920e-01 0
9 2.473015801396375082e+02 5.863845901282733752e-01 2
24 2.478381344152453210e+02 7.093072893715945959e-01 1
8 2.462915694408061995e+02 4.452520822236388787e-01 4
25 2.478382265291715214e+02 2.395258166979706838e-01 1
13 2.476431296884160531e+02 5.363061921423685208e-01 2
4 5.726940438809090494e+01 2.877524133366740622e-01 3
11 2.471891972922705065e+02 9.148685700420889910e-01 2
29 2.478385300180088677e+02 1.167347508836154013e-01 1
12 2.473112720920588004e+02 5.479726941725298062e-01 4
8 2.463883321600438876e+02 3.878240366174594556e-01 3
24 2.478383960205450762e+02 4.196373309712342348e-02 1
11 2.472452555926355444e+02 1.732995985115231008e-01 4
3 -1.897767007835633990e+02 8.797420559363500203e-02 0
8 2.461061939432261170e+02 8.244853673374072933e-01 2
21 2.478361426423573164e+02 4.300246854054750045e-01 3
28 2.478385598916104016e+02 7.681681254089849364e-01 1
12 2.471769174486392728e+02 7.186309030683943888e-01 0
8 2.452050744711656876e+02 3.976834269282152889e-01 0
27 2.478384675086763593e+02 4.358688557303845856e-01 1
19 2.478351495727309555e+02 5.505085607594342179e-01 3
25 2.478383432673322488e+02 3.658180078144740999e-01 4
24 2.478382338938371277e+02 1.690305303811446003e-01 4
5 2.264297466151796527e+02 7.225641656832062498e-01 3
0 -2.168417003649958133e+03 4.666581515956820803e-01 2
13 2.475065204056342623e+02 1.894097340771858096e-01 0
22 2.478384260035606985e+02 2.912743198765459507e-01 1
24 2.478384638277194938e+02 1.685205893057517557e-01 4
23 2.478378429539046408e+02 3.386399625086943255e-01 4
4 1.855633550170950343e+02 4.746646826712950379e-02 2
27 2.478385408115568964e+02 8.372301309115367518e-01 1
1 -2.920173512778249915e+03 5.908597706784837200e-01 2
10 2.464450656550375527e+02 8.191574130783483287e-01 3
7 2.435513527857353040e+02 4.046312356569599089e-01 3
3 -4.663929597663556024e+02 1.012980037969568592e-01 0
12 2.476957560944288446e+02 3.178988808912562303e-01 3
16 2.478153046445105474e+02 9.272547234420384088e-01 3
15 2.477133168196795623e+02 6.992147117942271173e-01 0
29 2.478385249419705758e+02 1.075669640000249672e-01 1
28 2.478385228753456886e+02 9.430340517126849509e-01 1
29 2.478385242414185541e+02 4.003568739983851543e-01 1
17 2.478248860864501069e+02 6.077951636389007373e-01 0
7 2.388987787031067000e+02 1.840563094224970386e-01 2
13 2.476476542997324088e+02 9.142904933986899518e-01 4
21 2.478361533247717716e+02 8.825318450694210615e-01 0
22 2.478373551885671020e+02 4.541041256185378572e-01 0
3 -8.560188865290851368e+01 2.400541738884065524e-01 2
24 2.478381321286625791e+02 8.186652741956477186e-01 0
5 2.299207597915099655e+02 7.211893182888184928e-01 2
8 2.468926725555315329e+02 2.916884321031300575e-01 3
9 2.460696665558421330e+02 5.909534004587215783e-01 3
14 2.477626339084995948e+02 5.650383955847755324e-01 3
21 2.478367446318141560e+02 1.705646616869034016e-01 0
1 -3.425165780469374113e+03 7.063723105646839417e-02 2
2 -7.520261909456617104e+02 7.039865866303647302e-01 2
26 2.478382977128940468e+02 8.419931265934619269e-01 0
19 2.478346211039005880e+02 3.413337827416015324e-01 1
0 -5.859226353238402226e+04 1.096840200673489529e-01 2
8 2.434819018633828591e+02 6.406540825172916120e-01 3
18 2.478341357772674201e+02 9.205937291414941770e-01 0
19 2.478371785508484209e+02 7.642951039271208558e-01 0
18 2.478310872671501670e+02 1.067970680322720689e-01 0
6 2.358809317510563517e+02 8.582299177653243127e-01 3
14 2.477104872932684714e+02 1.376540307762865734e-01 1
2 -8.425991103362457579e+02 3.171963423094121826e-01 3
11 2.470561806841354837e+02 9.573957047087746641e-01 4
14 2.477282331420760499e+02 3.006331921083127412e-01 1
15 2.477197260182489345e+02 2.700252688535274004e-01 1
6 2.328874371829242875e+02 9.032513693753561057e-01 3
11 2.475578226093595049e+02 8.208396393318744266e-01 4
7 2.440352753227934954e+02 9.659900778177585856e-01 2
14 2.478170550431199217e+02 7.008372937644082867e-01 1
20 2.478381854066329311e+02 7.235645659161621390e-01 0
9 2.460948819829470153e+02 1.934286095978363096e-01 1
0 -3.345656183857487775e+01 7.832250099838709012e-01 3
14 2.477024766220629886e+02 6.025397179113030077e-01 4
2 -3.598897468246411790e+02 7.410969723770887141e-01 3
4 1.724716505502151449e+02 1.847966714926126963e-01 3
3 1.079416301834274350e+02 2.368552672934616798e-01 1
3 -2.804114316171053360e+02 1.693567971187519561e-01 3
8 2.463672030474327812e+02 9.533905275662753198e-02 4
1 -2.308325855250162931e+03 4.013036827473667190e-01 3
7 2.391546109157640387e+02 2.022518301389668594e-01 1
0 -9.500512348811054835e+03 7.819416941926730091e-01 3
1 -5.979301674447368896e+03 1.839051873066396281e-01 3
8 2.464993699549853545e+02 6.921933535263198323e-01 2
3 -1.376393369817103576e+02 4.115989636171391020e-01 3
9 2.472012958645686922e+02 3.441169065700033780e-01 1
16 2.478062597269271521e+02 8.647100088758284953e-01 4
25 2.478382129804751060e+02 9.788440397250912639e-01 0
28 2.478385127587313264e+02 7.833050718984368999e-01 0
10 2.467576633751281747e+02 3.832414632724742698e-01 4
11 2.468588692408409884e+02 3.008562087426339127e-01 3
29 2.478385510757754844e+02 3.364197314028825048e-01 1
28 2.478384999162041424e+02 3.014097815516295076e-02 0
5 2.281334352464131712e+02 7.276284946230001660e-01 4
22 2.478369712010821218e+02 1.315840924362570163e-01 0
6 2.252977414328582881e+02 7.632181042316190656e-01 2
0 -8.594066211612412008e+04 6.077392056332192594e-01 4
6 2.250353039185696673e+02 1.943685566806111209e-01 4
17 2.478308823383169397e+02 9.050819872829933832e-01 1
17 2.478266906166977606e+02 8.298962422402876848e-01 1
21 2.478361932485587147e+02 5.590309856763475693e-02 1
13 2.476934289713277622e+02 2.621600659490160856e-01 2
8 2.453961805397925389e+02 4.819370275013523663e-01 3
18 2.478346482387900949e+02 7.809168670383985766e-01 0
5 1.882109618310830683e+02 7.838939852634541072e-01 3
5 2.417282154894328983e+02 5.260228495272702975e-01 4
12 2.473577389947450911e+02 7.400215559974121504e-01 2
4 8.764070754109862094e+01 2.726348425649742779e-01 4
6 2.392433597581892286e+02 3.308095482221942718e-01 3
14 2.476182731085826561e+02 5.190120718354903628e-01 2
0 -2.887443261415591405e+04 8.721133000059295703e-01 3
9 2.459274393510120262e+02 2.280289125275262452e-01 2
6 2.404262295902666153e+02 2.285384756516502525e-01 3
21 2.478364845191261736e+02 8.551757413771134964e-01 0
26 2.478384802415266108e+02 8.358206650620516598e-01 1
0 -3.689585390637071396e+04 1.288251393825934343e-03 3
1 -3.737816652853166943e+03 8.529446289821711602e-01 3
25 2.478382431895417426e+02 3.294898057749321429e-01 1
26 2.478383627736817516e+02 7.826612767950902327e-01 1
21 2.478369865952969917e+02 2.014562243669509312e-01 0
13 2.476176315779593153e+02 4.762554401060049014e-01 2
14 2.476152472771152304e+02 9.096770173392937364e-02 2
23 2.478375969847166971e+02 4.934927558578091622e-01 0
13 2.474401265133351728e+02 9.195322020325298606e-02 3
22 2.478371591236760878e+02 4.671247017728090145e-01 1
14 2.476653875530135167e+02 7.597310014660120236e-01 2
11 2.469933746746793304e+02 3.770901137570392692e-01 4
14 2.476677531274814896e+02 2.645934244180855877e-01 3
14 2.477821972964101747e+02 3.483689301609032563e-01 3
12 2.472174705295031458e+02 6.391184680116959171e-01 3
23 2.478375766206830804e+02 7.815373534747287465e-01 1
17 2.478244747809613102e+02 9.298404311278237744e-01 2
24 2.478383114716633600e+02 6.724340544992035706e-01 1
25 2.478382676513166416e+02 1.629629294176903886e-01 1
17 2.478340517141925829e+02 2.670556048378145420e-01 3
17 2.478286877989156665e+02 6.625366509404134741e-01 2
26 2.478384212628059799e+02 6.320019627005470930e-01 4
22 2.478373844625601237e+02 6.073448877546321345e-01 3
27 2.478384699576454295e+02 9.741190361873992565e-01 1
28 2.478384967411339233e+02 6.476547186514218790e-01 1
26 2.478382810997118213e+02 7.099925133802530430e-01 4
19 2.478349171675991442e+02 3.843217786164516703e-01 2
19 2.478357022744863798e+02 9.477891376783650346e-01 2
17 2.478309357353896303e+02 5.279857397852777412e-01 0
27 2.478385349856531263e+02 1.295141054611664844e-01 0
17 2.478264055550448575e+02 6.917253838794561460e-01 3
24 2.478382304501365638e+02 6.044238034511562052e-01 1
25 2.478382108896488489e+02 3.757507922295264535e-01 1
29 2.478385195130744592e+02 9.284463958224689062e-01 0
