0.000000000000000000e+00
0.000000000000000000e+00
0.000000000000000000e+00
2.686568012037247605e-09
0.000000000000000000e+00
5.088623673183991866e-164
1.578784831320442566e-03
1.318449831681106972e-22
1.496483912100184781e-16
2.355568753994220960e-10
2.797941221013962819e-250
0.000000000000000000e+00
2.248389601739416514e-107
1.253469863164832161e-08
1.130504695674433265e-03
5.769731983290923849e-02
4.932339177908931288e-04
2.992010327405017489e-01
3.138026471973421327e-01
3.619211773490066397e-01
7.610895506612006982e-07
5.745824802484437166e-01
6.318911820149477609e-01
4.189041637063515289e-01
2.228884364317891276e-01
2.665212361974685801e-25
1.056930632295905817e-06
4.549167281709148164e-02
4.926524353674867629e-01
8.149981470564150732e-03
1.014865069404711811e-98
4.596433228156575693e-03
2.726002898594936386e-01
1.142524321361114148e-01
4.341622392157261645e-01
6.936827077786180684e-01
0.000000000000000000e+00
2.306967870695934009e-01
4.886773873821448344e-01
4.161826068378197963e-02
2.815974466179316238e-04
4.175855944583131002e-02
3.895865065840104345e-32
0.000000000000000000e+00
2.823092812908236660e-01
3.783448435173897284e-01
4.019192094539432714e-01
2.316894917512300200e-01
4.176864975555364540e-02
1.165275319580228175e-01
4.259405172435101750e-02
3.699327615895392930e-03
2.616990600879346984e-01
1.070304443015883539e-01
4.144540991222568638e-02
1.378726058147986032e-03
0.000000000000000000e+00
1.372088273404694974e-03
1.176884531179771126e-01
0.000000000000000000e+00
3.095534707179400046e-04
1.095892874178734239e-01
4.157873771935750168e-02
7.442893956883994471e-04
1.499793937615437889e-01
0.000000000000000000e+00
6.331527366615958066e-03
7.823888443568633626e-04
4.998291102615539522e-03
4.227112985369264192e-02
2.149161548900383190e-01
4.276189458920718334e-01
3.717536151273345864e-03
3.940510664276390771e-05
3.096748994111137997e-04
9.592837932570927816e-05
7.812635687986735572e-04
9.588027729834300305e-05
2.149123120697831858e-08
4.754874267516639706e-08
2.974894720505575756e-06
4.363267418199701098e-01
1.456719922862058314e-05
1.456705226400320887e-05
3.941957512167124414e-05
3.939658018900805687e-05
4.436395916815662893e-02
1.374482566089997582e-03
3.094322007350463165e-04
2.974925149937000714e-06
6.125895511439827573e-07
3.939484398152641947e-05
3.941156785726553585e-05
1.332917517322256325e-06
3.942574160721091289e-05
1.157481711509240757e-01
9.589302893283174170e-05
3.939970085571006955e-05
2.406961661072134773e-01
3.940967169702473753e-05
9.591954267019403362e-05
1.103109626124384596e-01
3.693980805282442211e-03
7.838945027754119473e-04
3.525947086304687924e-07
1.371716441865595366e-03
3.940058594119807685e-05
7.834278168301553325e-04
4.592160976325356103e-06
1.211379633420333751e-01
3.090689692461854438e-04
2.197862560772026186e-01
0.000000000000000000e+00
9.591145679904638046e-05
3.091609931551671567e-04
2.175287542090541815e-01
7.182890651492435108e-01
4.182433319992478332e-02
9.591904852210923738e-05
1.062648902828281922e-01
2.197772335846780722e-01
3.525949185001503589e-07
6.125932550382342833e-07
1.332955718344444119e-06
4.988022667160628698e-01
3.526000743876787987e-07
4.139776904644184435e-02
1.456601729463435167e-05
3.093040230531470024e-04
1.843847425599603324e-02
6.125949671151918486e-07
1.380700107570608784e-03
1.101410620119585848e-01
3.093177897828193641e-04
3.525900283774036344e-07
3.525995667939368803e-07
6.125986152138787026e-07
3.940798430067681712e-05
6.125994601295195097e-07
3.942471349481887133e-05
3.940142089274516728e-05
9.588169552473920138e-05
6.018384305004984281e-09
9.584878083843871533e-05
7.831739570209212417e-04
1.760709984480624717e-09
2.974890701830245317e-06
2.974947980201421548e-06
7.740206644091202405e-08
7.812742403949325719e-04
7.740261579587767753e-08
7.740226046119838601e-08
6.018390903987044689e-09
2.367948716742674212e-08
3.525992784950660306e-07
6.125902196625366332e-07
3.657162806674271461e-10
9.587152360424231140e-05
1.760710234771246846e-09
9.593983421648062053e-05
3.657162255528327629e-10
1.760709492957056555e-09
6.018384763705582782e-09
3.657162290604450011e-10
6.018389999871311311e-09
3.657162131634744731e-10
1.760709979213763718e-09
1.623584893692850609e-10
4.385878454445887864e-02
1.857363703978517563e-02
1.623584816936085899e-10
6.018390425410651817e-09
3.657162165751682433e-10
1.760710164616715341e-09
1.332976581938583922e-06
3.525911818520212355e-07
7.817847615894846138e-04
1.377408457703782315e-03
3.657162313868512862e-10
4.234849807027041280e-02
7.248852028051896195e-34
3.525955948798333709e-07
2.822307407523110242e-23
7.740231462087439068e-08
1.186305454685267075e-01
9.585724745013984697e-05
0.000000000000000000e+00
1.126402235999846846e-01
2.974864554652369159e-06
1.509680254712092787e-02
9.589674219485135867e-05
1.013925175818714703e-05
1.456445370547401843e-05
0.000000000000000000e+00
4.436764628931807314e-02
6.125991409264894256e-07
1.855290131565533532e-02
4.548973271848726074e-02
2.970262788354045558e-01
2.497380449582118633e-01
5.015420015801593906e-31
1.332956919896615172e-06
0.000000000000000000e+00
9.584647557312207843e-05
3.941382850510706651e-05
2.367951362865612855e-08
6.018386741557079710e-09
3.711491021933122775e-03
1.371924211159915568e-03
9.591973646439263125e-05
4.396569551528026892e-02
3.657162232010436135e-10
7.740219547942853595e-08
0.000000000000000000e+00
3.525986685953857118e-07
1.151690647081791280e-01
2.367952066359236535e-08
6.018384392957239312e-09
3.657162335363676857e-10
1.623584908968987707e-10
4.693929168953236419e-01
1.623584872961445221e-10
4.347546253694498097e-01
2.682521913870079544e-01
6.018389336208550551e-09
3.941458670805923049e-05
2.367951247487355450e-08
2.325500672369167354e-01
1.375990318779171792e-03
1.375022754659347649e-03
1.332916430180544511e-06
1.562525013605131367e-07
3.525948058619344496e-07
1.456545187519382374e-05
6.018388129616134926e-09
2.367948716879968327e-08
6.018384649449851157e-09
9.585487346378041061e-05
9.588283393910372761e-05
7.812525030678966597e-04
2.367951196103141967e-08
1.501341092235724487e-03
1.847182624224559186e-02
1.207426814242895524e-01
3.092445127836494952e-04
3.525920389996352407e-07
3.525980974869290655e-07
1.456483210462583735e-05
2.974872676662618709e-06
9.583272613266132368e-05
4.130262491096788752e-02
1.076993220758330760e-01
7.740262705707442188e-08
1.116136749495297703e-01
1.760710039950210122e-09
1.830296502359176833e-02
3.941581948738296954e-05
6.571322258534502177e-40
4.189844319751944400e-03
1.623584831153746918e-10
3.804213510943725285e-01
1.623584850344922101e-10
1.146899097103108302e-33
3.657161917898419736e-10
4.160983555835023884e-02
3.525909677106260434e-07
0.000000000000000000e+00
3.800617991917432780e-71
1.086718481318585255e-01
1.623585136706865289e-10
1.623584844609183750e-10
1.760709846409579503e-09
1.623584889416034485e-10
2.766324206176224383e-99
1.087096798830700301e-68
9.588184891182436633e-05
3.097412060980076799e-04
5.223103620031642626e-143
3.692717743886083683e-03
3.657161927235808716e-10
6.125980827430842140e-07
3.657162302429191772e-10
1.096984926954250733e-01
4.629488056734890818e-24
1.093742502780765957e-01
3.657162639317398345e-10
9.635673178707100384e-01
2.631897339443705630e-01
1.623585046857811805e-10
2.974886488660249686e-06
6.018384870948152091e-09
3.941877375277592953e-05
8.227497208891971047e-09
6.918700614745979964e-16
6.018388579351458780e-09
9.850781928896654506e-261
3.094550724531207439e-04
1.760710189975998146e-09
1.456440605228107622e-05
2.974955116668087626e-06
3.657162117885815429e-10
1.372178668035247285e-03
1.332976597009425259e-06
3.939658110399023788e-05
3.657161868465306550e-10
3.091000400903454095e-04
3.941327766841843337e-05
7.814948461242471464e-04
1.456469415628424652e-05
4.450919778471716659e-02
3.657161847869250141e-10
1.456667560750493068e-05
9.593152048449778667e-05
9.589936615727574852e-05
1.069612798851776042e-01
1.332934094693971539e-06
1.183407590389445319e-01
6.018388312275980069e-09
1.760709665163181300e-09
2.367948750241418422e-08
3.703690757274089029e-01
6.125960492602245430e-07
3.657162387267932670e-10
1.375646157838018380e-03
1.374161069597072292e-03
7.831420445564127222e-04
3.940242251880276154e-05
5.324382124795606908e-01
0.000000000000000000e+00
0.000000000000000000e+00
1.325497654527284519e-01
8.460614733443839582e-131
7.740262932146014645e-08
3.657162303851752174e-10
2.169892470380516096e-25
9.591994147853045896e-05
0.000000000000000000e+00
2.182047632323983466e-01
0.000000000000000000e+00
2.996661365920437123e-02
4.214536013258982777e-02
3.657161931145513553e-10
9.726747476869536391e-02
1.623584914062756355e-10
3.173536196384371122e-01
3.556086610381305468e-01
7.077163416083541783e-03
2.239482826023620199e-01
4.143459148723271368e-01
2.403859972600952688e-01
6.018388900485481812e-09
9.016080291589130135e-50
7.818912474821253407e-04
1.760709866403413581e-09
6.018387116501151253e-09
3.342846992704865960e-01
1.829536214594569901e-02
1.841093865533068724e-02
1.068617131190426894e-01
9.589042775614623729e-05
3.941817595708596594e-05
1.378973683213358852e-03
4.838605784104559308e-114
7.816069315151860696e-04
1.332929278601468024e-06
2.249476384211556758e-04
3.090742257394405975e-04
7.740234642858398551e-08
3.525933531203821716e-07
3.886412995018643114e-03
7.831279872887754716e-04
1.760709508541052441e-09
6.125896697751704324e-07
4.362558732817466839e-02
4.214818711550124414e-02
5.183165873280834758e-27
3.657162123136381590e-10
6.018389268952257666e-09
1.623585104601159602e-10
1.623584983970952596e-10
1.623585100543531865e-10
3.657162669955166828e-10
5.416174431077988016e-01
2.974938613566706845e-06
1.332931709451907235e-06
2.424755263472256339e-01
1.623584974955038314e-10
3.657162819291474479e-10
7.740211877080818606e-08
2.583386335220618779e-01
1.373923430335145107e-03
3.097004656325429866e-04
1.760709652915509433e-09
3.940972951798233379e-05
1.760710054879856720e-09
3.657161991457696333e-10
3.657162417496371861e-10
6.018391110218414682e-09
1.835641429869614566e-02
6.018391444942731456e-09
7.740252664322605631e-08
3.939675533520726363e-05
1.456613366418683970e-05
7.740257741407300502e-08
1.377043242182234874e-03
9.583822177928087987e-05
9.589528481489404332e-05
1.201078067624554574e-01
3.695624228272575539e-03
6.125955366683503671e-07
3.752428903815135960e-23
7.740232670153206135e-08
6.018386484653509648e-09
2.154262537716027692e-29
1.340772637492565710e-137
1.838198302702501175e-02
1.099618801722765271e-05
1.623584873827772673e-10
1.623584806337581752e-10
0.000000000000000000e+00
3.805363662508687536e-221
1.760710117965295887e-09
3.939875016720499785e-05
3.698432167771615806e-03
1.710488437199805256e-01
1.037184380961479699e-12
7.780576884774859092e-01
4.376386553553529568e-02
1.145635678068418345e-01
2.425623407562433054e-01
2.255750443897628355e-01
1.179651128507507446e-01
1.322707755247004143e-15
6.018386169588228701e-09
4.359951182517832202e-02
6.018384006848724276e-09
5.334538010524441098e-01
2.619531913401950685e-01
3.940247763113372020e-05
4.387988697672143279e-02
3.525968741018188232e-07
7.740240854569773856e-08
5.406867925341490855e-02
5.684225830423417745e-03
6.125898284364662505e-07
1.828032394288799101e-02
3.704997962326611865e-03
3.525919655909852010e-07
1.332930988312759871e-06
6.125926006493758137e-07
1.846405762817304036e-02
1.372278790237548788e-03
2.367950114643840174e-08
3.525948489672584939e-07
1.623584802390333772e-10
3.090219708469145606e-04
9.589314518288662571e-05
6.125991636692014513e-07
6.125910849060990127e-07
2.367950636492614817e-08
3.525975056319227062e-07
3.525916718827011699e-07
1.373558077723948138e-03
6.075372404388834856e-10
3.525989766177655455e-07
1.623584988641017362e-10
1.332913129792601615e-06
1.760709556933630010e-09
4.211420693504376589e-02
9.590399591253347816e-05
6.125893390127205747e-07
1.375988610480427792e-03
1.332938845719610991e-06
1.834239327945241804e-02
7.740263585299937564e-08
1.760710222402568589e-09
7.824854432055056890e-04
6.075371861069755147e-10
2.745218810180703461e-01
0.000000000000000000e+00
1.111385282016350104e-07
1.379869770099044794e-03
1.623584908917951439e-10
1.623584994223277520e-10
5.693874807920965806e-06
1.623585032661375465e-10
0.000000000000000000e+00
1.801112085995701877e-67
5.650422899497544835e-80
3.525923836672231237e-07
3.939673524326552209e-05
3.091524024850724893e-04
3.940445047098677003e-05
0.000000000000000000e+00
5.762542275760286214e-01
1.332947511567934591e-06
6.125896228034966318e-07
3.525908971307730800e-07
3.525913428034401389e-07
3.706159706292432628e-03
7.740210576622489656e-08
3.525909438378331526e-07
6.125907047995231018e-07
9.587598549397708606e-05
2.391615250803292731e-147
4.580795365529418094e-19
6.990704370425453950e-159
0.000000000000000000e+00
1.373271669878027307e-03
7.382403287039153161e-01
5.745209337190794185e-01
4.548677104821544082e-02
2.035609574118297030e-02
9.192554892344297319e-132
7.838932241987779485e-04
4.451249679017169752e-02
9.586403069009063506e-05
2.317222706384290121e-01
4.144744162215194087e-03
7.463249865262345075e-152
2.177487333058501003e-04
0.000000000000000000e+00
4.612418396797053202e-106
2.281771214356264343e-01
1.754380825308826941e-01
1.332927134606924244e-06
1.494283713199417063e-04
4.057343828698927735e-01
0.000000000000000000e+00
4.533714376171971150e-01
5.354072196490849977e-01
1.456480579268521294e-05
3.525947582611200983e-07
3.095436334304882517e-04
1.066656459465473300e-01
3.942129250588360365e-05
7.837706686860105741e-04
4.270035324403179816e-02
3.525920352102930084e-07
2.039597307362436829e-01
1.760709422679049731e-09
1.623585046057194805e-10
3.525913396583714951e-07
3.090308275266505714e-04
4.373235297370074021e-02
1.332932464580180514e-06
3.709173388956724972e-03
1.861932013698402652e-02
7.740220728569129949e-08
4.463315855430633472e-01
5.501173868644245735e-01
1.623585071928885859e-10
1.623584857158978010e-10
3.939840501788493713e-05
4.464504508858103959e-02
9.591037082572351636e-05
1.623584859746977476e-10
1.456525240591106795e-05
1.760709648367658018e-09
6.075372706956248684e-10
6.018390720918304317e-09
1.760709830745612829e-09
7.740215306177847339e-08
3.657162438335449798e-10
1.760710126938797258e-09
3.095869021811076391e-04
7.827409573352496789e-04
2.974915054630413447e-06
3.657162834862732818e-10
1.456705449770539829e-05
3.657162236323023425e-10
3.657162751570025573e-10
3.940323164479358597e-05
1.456548816040388136e-05
1.107351508156526748e-01
7.740247657745740618e-08
1.332936075261432139e-06
3.940432882142748828e-05
7.812716140703742426e-04
1.623584844417128179e-10
1.623584991627248716e-10
1.760709953117559353e-09
3.657162613712749368e-10
6.075372270197463378e-10
2.367949736139285324e-08
1.623584883721272852e-10
2.367950657232557659e-08
7.740226293683901130e-08
1.456721285811153465e-05
7.740216108598561878e-08
7.740234836636329504e-08
4.229993416183906035e-02
1.332974325336918707e-06
1.456329540709646174e-05
3.525924284416960531e-07
4.378898231543620900e-02
3.093785394945994575e-04
1.839582746396276752e-02
1.833577668261743981e-02
6.125897825217578545e-07
9.583894957956620958e-05
3.940974271438736209e-05
3.695468945172288022e-03
5.568073737036793869e-01
7.611732314258635723e-01
0.000000000000000000e+00
2.785404398440519125e-01
5.840675504845845163e-162
7.827141461049218901e-04
8.195496341036101236e-30
0.000000000000000000e+00
5.390689154009391526e-01
1.836211916566471980e-01
3.014928939181300944e-68
3.093395223500108480e-04
3.939565583239830146e-05
3.649271750216189986e-84
4.458069936725445048e-02
3.093099638685209299e-04
6.880534246557223205e-03
1.846548406804079945e-02
6.125899014501239686e-07
1.887954768790091054e-01
4.408181786758757353e-02
3.093123804776840360e-04
7.822005747854526717e-04
3.939971950974813448e-05
0.000000000000000000e+00
9.583472380423139873e-05
1.050160952175562684e-02
6.018388136776750457e-09
1.871577141053907085e-13
2.367950412887871156e-08
3.716201331762892038e-03
2.235523284138601074e-01
2.974938929746660140e-06
6.611681459340805755e-01
4.234016571851597494e-02
2.539385150081064357e-01
8.456536398803925467e-124
3.525906154905407782e-07
7.829482326817780325e-04
6.018391978996821065e-09
2.974837323830754514e-06
1.456422515116623668e-05
1.332920170488704640e-06
3.939513291190607498e-05
3.657162335585906166e-10
6.075372695959774761e-10
3.525967450803902746e-07
3.657162352087242767e-10
3.657162360563363021e-10
2.367951133827304046e-08
8.738733773282709235e-05
6.018390522576935384e-09
3.657161972393547399e-10
3.657161836066338711e-10
1.623584831735451602e-10
1.347366838470150843e-116
7.740225071183797963e-08
5.850806236343770442e-20
1.655151068370015231e-25
1.047923775973090277e-01
6.075371961872825958e-10
6.075371951375377691e-10
2.141485191212166017e-01
4.689956082470730925e-01
1.332935068141591853e-06
3.094170534409640383e-04
6.641933601032629086e-02
1.378697295172999666e-03
2.344624523394595594e-01
1.144201510291745771e-01
6.075371915656351925e-10
1.623584989504391262e-10
3.093484883371615409e-04
1.623584814352793350e-10
1.519367064592134775e-01
2.265392369471404543e-01
1.490404176930007762e-01
1.623584848120914934e-10
6.075372457187932588e-10
1.760710182351439136e-09
3.525923115329470704e-07
2.139496624962420115e-02
0.000000000000000000e+00
0.000000000000000000e+00
1.332951369049253772e-06
9.586607814041765935e-05
1.376219006765210928e-03
1.623584784478022984e-10
4.166386052845853782e-02
6.018390439549204177e-09
9.585227353604764322e-05
9.589527600271137030e-05
3.703387132719993240e-03
3.941204412765730630e-05
7.819254027130933876e-04
3.095246191148061745e-04
2.974937169068353584e-06
3.525912062899081866e-07
1.197204673512572010e-01
7.832262398226378080e-04
4.192069358727709000e-02
3.095945170938454484e-04
7.740223021335700592e-08
6.018384472183753004e-09
0.000000000000000000e+00
7.740252542428116483e-08
9.436872151626909829e-28
0.000000000000000000e+00
3.525956653201070571e-07
7.824855277277669493e-04
3.097322653369836759e-04
1.842870352664458325e-02
9.590446471029012807e-05
1.379592597880980633e-03
0.000000000000000000e+00
1.062437798910963338e-49
3.525992700669060933e-07
2.974932558503128928e-06
2.367942303507074020e-01
3.909583197960624407e-226
6.126002284379412854e-07
3.525929187733642748e-07
1.377885353290067907e-03
3.525902829637238853e-07
0.000000000000000000e+00
0.000000000000000000e+00
1.802162723019268681e-74
6.125931471666292632e-07
3.525971241630024022e-07
8.517347226471287651e-10
3.941204974289383320e-05
7.740216726691776761e-08
9.592182004574923381e-05
4.330006700434422262e-01
1.456552090530965031e-05
2.335421684678150589e-01
1.760709772113455380e-09
1.760709906606064117e-09
4.105807745461215741e-01
6.075371837783147488e-10
6.075371972347136949e-10
6.075371902919342135e-10
3.095759805921387687e-04
4.150137599190652227e-02
1.623584960901468215e-10
3.657162166840794440e-10
9.585508079979913930e-05
1.094072173709517010e-01
1.375757399786014428e-03
4.178665730352226770e-02
3.710247393869119028e-03
9.588545389794828760e-05
1.623584814535620169e-10
3.699534798826748221e-03
1.332924367684477755e-06
3.090660976532555297e-04
3.657162501451602698e-10
1.378731217694900311e-03
1.376079095771068263e-03
1.623584983146340379e-10
3.657162511071925187e-10
3.657162302971980452e-10
3.940205307466003676e-05
6.416609595480394779e-01
2.270430512817218083e-01
3.525984307417983051e-07
3.709123298358407792e-03
3.703249118184367278e-03
1.375674971759852615e-03
1.456360173363784125e-05
6.018386098003307116e-09
6.018386395557221643e-09
0.000000000000000000e+00
7.740221786390380559e-08
7.740248320541463399e-08
7.740255748202711681e-08
1.623584892629114953e-10
7.740201032104143875e-08
7.740214990743217180e-08
4.173219845993669103e-02
1.375283864164747504e-03
1.332954014178760623e-06
1.456439536739601636e-05
1.623584822270731351e-10
5.904237084117328754e-02
5.064170166369950585e-03
1.270609806982306587e-32
3.698094553129093170e-03
7.740208847967536231e-08
1.332935439489774245e-06
3.525926802865021612e-07
3.692142602609674654e-03
1.292295418265226176e-02
4.665183690564347190e-08
7.740228990217466969e-08
3.657162729035639419e-10
1.623584834970957970e-10
3.941432148969285787e-02
0.000000000000000000e+00
1.760709759603360464e-09
2.717949285993054298e-01
1.623584970780479292e-10
5.419112432770458593e-03
0.000000000000000000e+00
5.490124074534352694e-01
3.666269348493108263e-27
1.073645457785819823e-01
8.268484992250358604e-57
3.941536511197589861e-05
1.089535097389723456e-01
1.838341832069996518e-02
7.740222596701500817e-08
1.372547287831078636e-03
3.091576538478399199e-04
1.379315861246355798e-03
0.000000000000000000e+00
2.672973160561290483e-05
3.091229645007239702e-04
1.373940245316160758e-03
1.819259067996416323e-04
2.089044653314821547e-18
0.000000000000000000e+00
1.456426634183843919e-05
7.817757512098586024e-04
3.942141082809942550e-05
1.535815878233927519e-02
3.094773812378382870e-04
1.456345339211740121e-05
2.974935118492529973e-06
4.229745080664673584e-02
1.332937737159320300e-06
3.692026189109909318e-03
6.125956861277021688e-07
3.525946589738692145e-07
3.525942646863758562e-07
1.609978297610225595e-01
9.589670565968159879e-05
3.671211417840519187e-01
1.332915307257398195e-06
3.939643139721267105e-05
6.075372177249257270e-10
9.583571820802365892e-05
6.075372121919474901e-10
4.510427866060068292e-02
4.191181352837780594e-02
3.713348199958760917e-03
4.548367134643800935e-01
3.719688280399518782e-03
3.714908279596763115e-03
3.711759650636759552e-03
7.990939679016762235e-17
3.657162420230899134e-10
3.657162277344258823e-10
3.091876275594360505e-04
4.426231434395577063e-02
7.740258207584397936e-08
1.171929757854588009e-30
1.709389944197220457e-01
1.817106356416340329e-01
3.128966349075754799e-02
0.000000000000000000e+00
0.000000000000000000e+00
1.760709905265328628e-09
1.623584838991853718e-10
1.186423427678415660e-01
1.200553218939908878e-01
3.657161872503275564e-10
6.018388466085366867e-09
6.166625502695510228e-82
6.075371943263570009e-10
7.740255754211552821e-08
9.591195161663420394e-05
1.858715172057138695e-02
1.380434231123431419e-03
4.389069048652809862e-02
3.939496453910960942e-05
1.376813841645485245e-03
7.827723487983070157e-04
3.657162052538432783e-10
4.205945661665781710e-02
6.075372211208059236e-10
1.760710349808507606e-09
2.974891997091038860e-06
4.464284946568972817e-02
4.345668350864106272e-02
3.090058942730291637e-04
3.525957339088258012e-07
3.940845497873133213e-05
1.456619620055929772e-05
1.456567537040948490e-05
2.974870641995367268e-06
3.940360298843024637e-05
1.760709636164724214e-09
2.974887415914859824e-06
1.332955428514231880e-06
1.332965817407322022e-06
6.018387228967032777e-09
3.525973959896859954e-07
7.045122485276536288e-13
1.821956341917689307e-05
1.332934631277951455e-06
6.125976903039768887e-07
7.740250238756199138e-08
3.092738260726515722e-04
3.709090097654004197e-03
6.075372078157711035e-10
3.657162751539674248e-10
4.280433813608956750e-02
1.623585012789742899e-10
4.355537863985015634e-01
1.048464000766373000e-01
3.095099464618724923e-04
2.577993580404289720e-01
6.018389298822200399e-09
0.000000000000000000e+00
4.692173663109804917e-03
6.072037234316214338e-01
4.465756026510939170e-02
9.592328467676111009e-05
1.332933112014445748e-06
1.456447372722808580e-05
0.000000000000000000e+00
1.863800711505708002e-02
3.692471814159761865e-03
3.090592480566738717e-04
1.373467942545970703e-03
3.525902814947334914e-07
3.525920539037270250e-07
8.378111256881322355e-02
1.456346672745246858e-05
3.657162237246866813e-10
5.504197261384690537e-03
1.392615751930805913e-07
6.018388032888128043e-09
3.657162461404516711e-10
3.657162304517817649e-10
3.657161915798567985e-10
3.657162307547335106e-10
1.760710213197170028e-09
3.418962884634606158e-49
3.889078817932241638e-01
1.760709963164569520e-09
1.456325301033282421e-05
1.760709819445642203e-09
1.456490251150459318e-05
1.835549423688801959e-02
1.862114144338368818e-02
2.367952148748884256e-08
1.760709461831801275e-09
9.586508757179855857e-05
1.378563443408182968e-03
7.828669501396750630e-04
6.075372316000215789e-10
1.000000000000000000e+00
4.490270084501131187e-01
1.474336258942898087e-27
2.974858958327617603e-06
0.000000000000000000e+00
1.842653642465625907e-01
0.000000000000000000e+00
3.983751379447537100e-01
3.438553101271883405e-01
4.236855367644722092e-02
1.121302945553632469e-01
6.075372048497763610e-10
6.018385819572425304e-09
1.380582048147427007e-03
4.135394644395579827e-02
3.940740015952020199e-05
1.623584924575984902e-10
2.706603272625342172e-163
1.332914518653206524e-06
3.657162122911033293e-10
3.525964343854503917e-07
1.760709641977446662e-09
3.750383087843616736e-01
3.657161977095504114e-10
3.657162011341536793e-10
3.525955159109491573e-07
2.367949471246165494e-08
2.367951382019003100e-08
1.456383425726446600e-05
3.940268383832984790e-05
6.125927692429753126e-07
4.166316945059366644e-02
1.185753465222824793e-01
3.942400493976019687e-05
3.942482266255934511e-05
7.815966263870509139e-04
1.376971394010849826e-03
1.456614482929104736e-05
1.456654956160338042e-05
3.941276550867873899e-05
2.367949831315807599e-08
8.992702251442407833e-12
1.332929901151726812e-06
1.986501593783625623e-276
