0.000000000000000000e+00
0.000000000000000000e+00
0.000000000000000000e+00
0.000000000000000000e+00
0.000000000000000000e+00
0.000000000000000000e+00
0.000000000000000000e+00
0.000000000000000000e+00
0.000000000000000000e+00
0.000000000000000000e+00
0.000000000000000000e+00
4.539134775668153633e-225
0.000000000000000000e+00
0.000000000000000000e+00
0.000000000000000000e+00
1.687009714226755054e-302
7.999578452777227312e-242
5.511948182997028178e-309
1.000000000000000000e+00
0.000000000000000000e+00
0.000000000000000000e+00
0.000000000000000000e+00
7.058357923371408782e-171
0.000000000000000000e+00
0.000000000000000000e+00
0.000000000000000000e+00
0.000000000000000000e+00
0.000000000000000000e+00
0.000000000000000000e+00
1.429292480495508707e-65
0.000000000000000000e+00
0.000000000000000000e+00
1.134996359105266188e-69
0.000000000000000000e+00
8.700884962741432978e-49
2.024692773897873716e-38
0.000000000000000000e+00
1.306871614113629663e-34
0.000000000000000000e+00
7.586192623506233498e-14
8.353198286304185183e-114
0.000000000000000000e+00
0.000000000000000000e+00
0.000000000000000000e+00
1.394477632656918678e-308
3.183276947572138887e-284
9.675105012618569275e-260
6.303908261195686375e-69
1.793526695738819610e-97
8.339930110512524902e-100
0.000000000000000000e+00
3.983502290687096076e-206
0.000000000000000000e+00
0.000000000000000000e+00
0.000000000000000000e+00
0.000000000000000000e+00
0.000000000000000000e+00
0.000000000000000000e+00
0.000000000000000000e+00
6.744729503023872668e-149
0.000000000000000000e+00
0.000000000000000000e+00
0.000000000000000000e+00
3.271266090173159506e-95
3.064767587611299645e-95
0.000000000000000000e+00
0.000000000000000000e+00
0.000000000000000000e+00
0.000000000000000000e+00
0.000000000000000000e+00
0.000000000000000000e+00
0.000000000000000000e+00
0.000000000000000000e+00
0.000000000000000000e+00
3.897478177827049431e-59
0.000000000000000000e+00
4.645394466524649303e-110
0.000000000000000000e+00
0.000000000000000000e+00
0.000000000000000000e+00
0.000000000000000000e+00
0.000000000000000000e+00
0.000000000000000000e+00
2.184602987644118614e-69
0.000000000000000000e+00
0.000000000000000000e+00
0.000000000000000000e+00
0.000000000000000000e+00
0.000000000000000000e+00
0.000000000000000000e+00
1.008891288216834527e-05
1.416245403199242787e-69
0.000000000000000000e+00
5.402385640280866954e-92
1.839815232152252653e-117
5.053773275727828516e-94
0.000000000000000000e+00
1.804074074589227693e-111
6.823556571196692788e-01
1.955690382157441651e-04
