# level_assignment log_likelihood tiebreaker ID
0 -1.613358253738672473e+07 1.440075494667957812e-01 0
1 -3.906888781403997564e+04 3.631558066241877269e-01 3
0 -1.096070388117816765e+05 8.162131330169397625e-01 1
0 -1.191659714457879588e+07 5.297371891965595436e-01 1
1 -7.711096044410088507e+04 8.888760959804342665e-03 2
2 -2.787044888097452349e+04 8.653943183745340662e-01 3
3 -2.567002899567046552e+04 9.375478026760761252e-02 2
3 -2.860468597284211864e+04 7.786933281478123359e-01 4
2 -3.039446749149417519e+04 7.035054802631286464e-01 0
0 -1.621807948282447830e+07 2.271118533615308910e-01 4
0 -1.341256733935562952e+05 1.252991007233812959e-01 3
6 -2.439776449398634213e+04 5.626285581071961694e-02 1
5 -2.429084496964181744e+04 9.515039136000540410e-01 1
7 -2.425667460797503009e+04 7.123432452651506930e-01 4
1 -4.052677704084140714e+04 4.559732446858517640e-01 0
9 -2.422061669269173581e+04 4.881172485448850296e-01 1
8 -2.422157646340195788e+04 5.752359232927986010e-01 1
1 -2.583657458324489926e+04 6.342740239299438088e-01 4
9 -2.423454885798124451e+04 9.016499787381944131e-01 4
7 -2.423928316618616373e+04 4.990106081530303328e-01 0
0 -1.058654757119890675e+07 9.202042349318487746e-01 3
5 -2.459308971799394931e+04 9.435292498810730066e-01 4
8 -2.424264011999546346e+04 7.928227829297327389e-01 2
9 -2.423121214769748622e+04 4.968306416132826087e-01 4
9 -2.422681149760554399e+04 7.597538540785819805e-01 4
0 -2.806429457279151306e+06 5.019439594171744012e-01 4
8 -2.423597231334556272e+04 5.538024776087824286e-02 2
10 -2.422104432645207999e+04 5.889208334434867798e-01 2
9 -2.422424988092610511e+04 6.026280182680965325e-01 2
0 -8.294091591113431787e+04 5.592248445764629317e-01 1
3 -2.762028765053463212e+04 5.043065001995907792e-01 1
4 -2.592534979084847873e+04 3.894978575798835330e-01 4
4 -2.567802103637385881e+04 4.292656355894633458e-01 4
2 -3.200803941990738895e+04 8.504961014956053944e-01 3
6 -2.437030292183622078e+04 3.394852018476512967e-02 2
7 -2.425194213987134935e+04 5.844583836345786931e-01 4
4 -2.564178172996227295e+04 4.703580954099418343e-01 2
6 -2.433062210168722231e+04 9.449003997674201294e-01 0
5 -2.477433363487009046e+04 9.219970005158276694e-01 1
11 -2.422122577799967985e+04 4.266543988391264253e-01 1
12 -2.422062655815685866e+04 2.790171214731809179e-01 3
4 -2.469946659677886055e+04 7.379971880994870004e-01 0
2 -3.609041652051042183e+04 3.910816283298184648e-01 0
9 -2.423325315752279494e+04 7.789513519936890340e-01 1
2 -3.461431074848123535e+04 6.284452349184697084e-01 1
1 -6.912557761721345014e+04 1.835769489601450921e-01 2
1 -7.903076939482538728e+04 2.316322520630702542e-01 3
8 -2.422242427343714371e+04 9.028112853992379394e-01 4
9 -2.422252425393851809e+04 3.485744671438055775e-01 4
2 -2.776465563829413804e+04 4.013691851006571110e-01 3
12 -2.422055894692062429e+04 8.969377452226270364e-01 4
8 -2.425526166059733441e+04 5.816512547406967881e-01 0
10 -2.422213900361496417e+04 1.543136571729670503e-01 4
2 -3.198821246301939391e+04 2.907203716901456403e-01 1
12 -2.422083967592693807e+04 2.776949932719219305e-01 0
15 -2.422022528401181626e+04 4.260467570685544381e-02 2
0 -2.530891723654557427e+04 8.913671266257727765e-01 3
7 -2.429401981295132646e+04 5.298342609664880021e-01 3
12 -2.422036872852788292e+04 2.666262462436242986e-01 4
12 -2.422021424932537775e+04 4.580527583711180295e-01 4
2 -2.947583456877215576e+04 2.408581703893773462e-01 1
9 -2.423526839757071139e+04 7.680384340384811548e-01 2
5 -2.454978248982174046e+04 4.910174420858889333e-01 3
14 -2.422018789823393308e+04 3.433008854406427446e-02 4
1 -6.445999648752388021e+04 3.899783279623234566e-01 2
8 -2.422041945476099136e+04 6.387399907560009638e-01 0
16 -2.422018674502215072e+04 8.291794483970240659e-01 4
3 -2.642724976161690574e+04 5.483701916086349826e-01 1
11 -2.422097809690774375e+04 4.609442998809569758e-01 4
15 -2.422022032968333951e+04 2.074354413065637170e-01 4
10 -2.422185125913426600e+04 3.465704504850126710e-01 3
9 -2.423183243977871098e+04 3.335416884649238800e-01 1
9 -2.422082692708084505e+04 6.149901233166427117e-01 1
13 -2.422039931091160179e+04 1.748559267263655181e-01 0
15 -2.422020247701192784e+04 9.362686301679019607e-01 4
9 -2.422181825039826799e+04 3.943746688610623718e-01 2
11 -2.422042623396585259e+04 8.878592652080863346e-01 1
16 -2.422020086332794017e+04 5.782364452320970516e-01 3
16 -2.422019401944470519e+04 8.503157111474433094e-01 3
3 -2.592147792232211941e+04 1.958425574697044702e-01 2
13 -2.422048182899720268e+04 2.146328495890001964e-01 1
5 -2.453199734383918258e+04 3.297682108856561656e-01 2
19 -2.422018484322951917e+04 5.577798646204144006e-01 3
18 -2.422018816622001759e+04 6.332540404706924475e-01 4
5 -2.463995968617725521e+04 8.465730798499215837e-02 2
11 -2.422020469746838717e+04 5.246833791804376146e-01 1
1 -7.287920215447459486e+04 1.770839083871988962e-01 2
21 -2.422018468819493137e+04 9.957315019489403340e-01 0
7 -2.424776128922141288e+04 1.692546895370421467e-01 2
12 -2.422063578457578114e+04 6.060983994717328294e-02 1
23 -2.422018319352319304e+04 8.264812715878442351e-01 4
23 -2.422018309481515098e+04 6.985441396500987610e-01 3
24 -2.422018295310151007e+04 8.702932878391302918e-01 0
24 -2.422018296470055793e+04 6.926160933573163869e-03 0
8 -2.423657445675713825e+04 9.612813578430482453e-01 1
24 -2.422018296851441119e+04 1.143765573199750918e-02 0
23 -2.422018337823824913e+04 9.343470654230988659e-01 3
23 -2.422018352255826539e+04 7.805561722231411093e-01 3
15 -2.422022290983718267e+04 6.209247898248655417e-01 2
14 -2.422026706086723789e+04 9.843005655576693158e-01 2
23 -2.422018339225275122e+04 7.842136633628313813e-01 4
20 -2.422018562800400105e+04 1.048149883087763027e-03 2
23 -2.422018338780156046e+04 4.660535127678739897e-01 3
21 -2.422018358740873373e+04 1.212228647666758752e-01 3
22 -2.422018327762931585e+04 9.844672239329196328e-01 0
23 -2.422018313400691841e+04 7.884775472357522519e-01 0
22 -2.422018309988924011e+04 4.044434952610918010e-01 3
24 -2.422018299885445958e+04 9.270868639560145841e-01 3
22 -2.422018386417396687e+04 6.561388333254721816e-01 3
3 -2.671496632372318709e+04 6.631246925988492080e-01 1
26 -2.422018290110460293e+04 3.089404593178304292e-01 3
2 -2.553653891583465156e+04 7.717195713736378915e-01 1
23 -2.422018316447652978e+04 6.092532422179393337e-02 2
23 -2.422018316156928267e+04 4.766431135629295990e-01 4
22 -2.422018327536037395e+04 3.008121707170152148e-01 2
22 -2.422018352451273677e+04 5.066167022615797322e-01 2
25 -2.422018291544506792e+04 9.094190343549476419e-01 0
12 -2.422068247720218642e+04 8.021383322327106935e-01 1
26 -2.422018286830445140e+04 4.751424075443144712e-01 4
28 -2.422018287399842302e+04 1.369586377450093817e-01 3
28 -2.422018287068098289e+04 8.249664480273181111e-01 4
28 -2.422018287431549470e+04 8.443096019319707990e-01 0
15 -2.422018774719047360e+04 3.245892173825797866e-01 2
26 -2.422018288765731631e+04 9.277676274067778728e-01 4
28 -2.422018287150483593e+04 7.107112309975637254e-01 0
17 -2.422018831081891040e+04 4.815523092815879314e-01 2
10 -2.422097716726578074e+04 4.126218075420505782e-01 1
25 -2.422018287222683648e+04 5.867377157706687996e-02 3
18 -2.422018713871822547e+04 9.226778052434210231e-01 4
19 -2.422018516566812832e+04 7.388570118900295025e-02 2
17 -2.422018668160982998e+04 6.241217544293142794e-01 4
14 -2.422019067268862636e+04 9.631828201122805133e-01 2
14 -2.422019712393893496e+04 6.938323748058321527e-01 4
27 -2.422018287058929491e+04 3.146714375016492621e-02 3
16 -2.422020269770525556e+04 7.291171348560158139e-01 4
27 -2.422018287462585431e+04 3.016630487883122935e-01 3
15 -2.422019326193494635e+04 3.055805847875447956e-01 4
1 -6.638605976619123248e+04 5.689690702231455788e-01 1
18 -2.422018551964143990e+04 1.792506978778830307e-01 2
24 -2.422018298788516040e+04 8.846781274976410758e-01 3
29 -2.422018286862731475e+04 6.279551208282844188e-01 0
29 -2.422018286880999221e+04 2.472839716858944437e-01 0
11 -2.422064055846537667e+04 9.845998255888502859e-01 4
17 -2.422018669654214318e+04 9.619390341646046894e-01 3
3 -2.631864825715787811e+04 8.867345505381543092e-01 1
7 -2.422268588739859842e+04 4.344752810331726778e-01 1
4 -2.559947431632602820e+04 2.268546524569370892e-01 1
22 -2.422018384495044302e+04 3.875538842269854456e-01 3
10 -2.422269865954362467e+04 6.366801851533209211e-01 4
7 -2.427795695466080360e+04 6.353152085475558541e-01 4
11 -2.422085002061165869e+04 8.371482562198491462e-02 2
0 -1.316054037354236841e+07 3.717709866629994586e-01 4
1 -5.515794122183742729e+04 1.478755754617111506e-01 4
20 -2.422018538947200432e+04 3.567266188290914020e-01 3
24 -2.422018289147403993e+04 8.637026133532935690e-01 3
27 -2.422018286901513420e+04 2.055135880203542709e-01 0
12 -2.422055241752643633e+04 8.991004777636160128e-01 4
8 -2.424382553355753771e+04 2.640195501465659178e-01 4
28 -2.422018287097751090e+04 6.439978709872296037e-02 0
28 -2.422018287093832259e+04 4.503479914720375232e-01 0
26 -2.422018289554568037e+04 9.374238885085577344e-01 0
19 -2.422018293997487126e+04 9.630247269770220164e-01 3
27 -2.422018287219061676e+04 7.165635051940347222e-02 3
23 -2.422018367721482718e+04 8.839130959231242812e-01 2
22 -2.422018390472033934e+04 7.316815851456262010e-01 2
10 -2.422145083552881988e+04 6.163291725915747143e-01 1
11 -2.422127950025113751e+04 1.453681007920981094e-01 1
12 -2.422079286081645114e+04 7.361911371138534221e-01 1
25 -2.422018287426517054e+04 4.714440703909110741e-01 3
19 -2.422018522122638387e+04 9.570563520780051014e-01 2
19 -2.422018630675486202e+04 6.056139580792345711e-01 1
25 -2.422018289416001062e+04 1.188928786755520939e-01 3
24 -2.422018289944058779e+04 1.390294421444351058e-01 3
18 -2.422018521319516731e+04 4.634787078362867518e-01 1
16 -2.422018674184667543e+04 3.048222694641322672e-01 1
4 -2.438713788988056331e+04 9.542340044288497580e-01 4
24 -2.422018298416876496e+04 1.731310524863999278e-01 2
10 -2.422245436636468366e+04 4.350237073439894298e-01 1
6 -2.424638930458415416e+04 3.818738823959582085e-01 0
29 -2.422018286798182817e+04 8.882655994464423443e-01 3
8 -2.422726437978312606e+04 5.067119158896248310e-01 0
17 -2.422018908839906726e+04 1.473845790867684413e-01 2
8 -2.422350405871461408e+04 1.360007788116315841e-01 0
29 -2.422018286857382191e+04 7.477059682269793228e-01 3
28 -2.422018287353697815e+04 4.858407608473016559e-01 3
5 -2.471055514954643877e+04 4.112273881246535367e-01 4
6 -2.442043527306101169e+04 9.964200442121380341e-01 4
21 -2.422018473330882262e+04 6.068756096207233997e-01 1
27 -2.422018287478848652e+04 3.529524175582019474e-01 3
10 -2.422204248133775400e+04 2.908459609518823097e-01 2
15 -2.422020577099139336e+04 2.226123449361641637e-02 1
9 -2.423220300390342163e+04 5.418814763982283678e-01 0
4 -2.469819263273546676e+04 7.045523619152230799e-01 1
5 -2.455099463174825360e+04 1.467781887633350379e-01 1
3 -2.799926432789066894e+04 6.873160134739633165e-01 2
4 -2.437491993847503545e+04 7.850631856746745907e-01 0
0 -9.207881473543843254e+06 1.573868459320499902e-01 1
25 -2.422018292730215762e+04 5.095727077793342774e-01 3
23 -2.422018310530270537e+04 5.151644287722270121e-01 3
4 -2.467832109314914851e+04 6.587375710009961693e-01 2
13 -2.422046565067591291e+04 9.693570297828735249e-01 4
1 -3.776932990515425627e+04 8.197379140208898018e-01 2
1 -5.268851566253814963e+04 3.604136426992536335e-01 1
17 -2.422018438373938989e+04 7.303911325530593190e-01 4
6 -2.439188625637132645e+04 8.030310137423355421e-01 2
8 -2.423581364447842498e+04 5.232335807720139842e-01 0
10 -2.422219150584002273e+04 1.894369667565693749e-01 0
8 -2.423028348575633936e+04 2.483605573193610194e-01 1
12 -2.422083151775232545e+04 2.700217938935141060e-01 4
11 -2.422113130926393933e+04 1.242755016776464494e-01 0
13 -2.422027189274057309e+04 9.716131057112757929e-01 4
4 -2.439935616268820741e+04 4.108259354724672630e-01 1
14 -2.422028220806705940e+04 5.661664398128647413e-01 4
11 -2.422141779348394994e+04 2.945145225323206883e-01 2
21 -2.422018371539177679e+04 8.243767487453683707e-01 0
22 -2.422018362890691060e+04 2.865371585647777941e-01 0
6 -2.436092473114209861e+04 5.980895274770123837e-01 1
20 -2.422018543085733836e+04 8.323291802981671594e-01 4
21 -2.422018304056435954e+04 2.014678440842576634e-01 3
20 -2.422018315941163019e+04 2.784478062497148798e-01 0
0 -2.617222676626057923e+07 7.612948426728940454e-01 2
19 -2.422018538204876677e+04 7.872915896998243790e-01 4
16 -2.422020256884416085e+04 2.348619523510881990e-01 0
19 -2.422018673144024069e+04 4.530910037583039118e-01 3
11 -2.422068708914816671e+04 1.477118924370816044e-01 1
21 -2.422018474732399409e+04 3.601931556345249197e-01 3
10 -2.422247949355618766e+04 4.294446714912747431e-02 2
10 -2.422163968177529750e+04 4.270219521220960379e-01 2
22 -2.422018384786472234e+04 4.310931932621270279e-01 0
11 -2.422028084888185913e+04 4.641368316504443925e-01 1
12 -2.422053403941217402e+04 8.265343188274076880e-01 2
22 -2.422018302820492681e+04 1.043279080719245189e-01 0
21 -2.422018339952444876e+04 3.782728557885762788e-01 3
19 -2.422018320736095484e+04 5.326917321984161457e-01 4
9 -2.423241499222457787e+04 3.212187956726175742e-01 1
18 -2.422018807907235532e+04 4.422255859724577576e-02 3
17 -2.422018813323170616e+04 4.238140758934882402e-01 3
4 -2.463707987916646744e+04 6.203669276299472735e-01 2
1 -7.118881147156779480e+04 5.324937393805493357e-01 1
20 -2.422018329576132601e+04 6.980498990031928086e-01 4
14 -2.422019301516104679e+04 5.792058090398622960e-01 3
27 -2.422018287491011506e+04 8.410681609756308630e-01 0
4 -2.593537724558924674e+04 1.269731881270945995e-01 2
28 -2.422018287464044988e+04 1.920622027669629805e-01 0
2 -2.923244932377705845e+04 2.571217342513547610e-01 2
21 -2.422018463510646689e+04 6.048210378664385933e-01 4
22 -2.422018360196490175e+04 6.725801776479502225e-02 3
11 -2.422098079403996599e+04 1.154916677373982736e-01 1
6 -2.447769359251724381e+04 5.953962728768156243e-01 2
29 -2.422018286859968066e+04 9.211087292020264661e-01 0
29 -2.422018286883046312e+04 1.574371039512042492e-01 0
29 -2.422018286899077793e+04 1.962741370041713729e-01 0
29 -2.422018286843990063e+04 5.746253991025425112e-01 0
29 -2.422018286826652911e+04 3.041002793315811248e-02 0
29 -2.422018286846703631e+04 1.237082620456547988e-01 0
19 -2.422018446730656433e+04 5.785738375416943358e-01 4
22 -2.422018381723702623e+04 7.887822646416409178e-01 4
15 -2.422019073530233436e+04 6.007524485373093581e-01 3
13 -2.422023480733727411e+04 1.544476966776286986e-01 3
6 -2.423373233389607776e+04 3.628955020328969994e-01 2
9 -2.423191514389306394e+04 2.107730547136603128e-01 2
4 -2.456349468479459028e+04 3.236748216882024409e-01 2
11 -2.422153492148068108e+04 3.754518251015662722e-01 3
6 -2.446718109031084168e+04 1.962858869931807249e-01 1
7 -2.427065226125355912e+04 8.834871986126623389e-01 1
24 -2.422018292493111221e+04 2.620144782633275771e-01 0
17 -2.422018522184317408e+04 7.417761899898547284e-01 3
26 -2.422018289463712790e+04 7.985928110462092722e-01 0
9 -2.422656843988174296e+04 8.287123252828878517e-01 2
25 -2.422018293235688907e+04 9.027574225890929727e-01 0
22 -2.422018389717282844e+04 8.663703505731501497e-01 4
14 -2.422020855713413039e+04 8.240880938272739931e-01 3
8 -2.422598585754395754e+04 7.469864395414971270e-01 2
26 -2.422018289202321830e+04 5.123549118580058570e-01 0
25 -2.422018289532798372e+04 9.911138842399136450e-02 0
19 -2.422018299197243687e+04 2.801738748727320427e-01 4
5 -2.460698267613657663e+04 7.416668562592635405e-01 1
24 -2.422018298911918828e+04 8.697087907331482182e-01 4
7 -2.425486552461247265e+04 6.773087895054848984e-01 3
0 -8.801240087860754284e+04 8.424820213563785076e-01 3
1 -4.123829665222443873e+04 6.401923295368066036e-01 3
5 -2.459993646221423842e+04 5.999595259572316763e-01 2
0 -6.520361482621917094e+04 6.090966848052152827e-01 3
3 -2.814400767325203924e+04 3.874649459312420885e-01 3
3 -2.650707626893693305e+04 9.044587421735029720e-01 2
25 -2.422018290381228144e+04 8.483736408833308928e-02 0
8 -2.424680097087512695e+04 9.624560004415432246e-01 1
17 -2.422018489338660947e+04 4.943334929920430443e-01 0
9 -2.422652327921666438e+04 7.326882698989908294e-01 2
13 -2.422040515535335726e+04 2.846693561087128010e-01 4
22 -2.422018293238292244e+04 3.081729823637107679e-01 0
7 -2.429277373730616455e+04 3.518308097877566598e-01 3
10 -2.422091739528109974e+04 4.820131597166734672e-01 3
19 -2.422018360418891098e+04 3.621537650921766716e-01 0
13 -2.422039776585766958e+04 7.481814873521586140e-01 3
15 -2.422019288347514885e+04 1.494955671860429547e-01 2
18 -2.422018747232095848e+04 1.418593827689960118e-01 2
3 -2.493937045396176836e+04 6.538145124824401577e-01 3
2 -2.442316551253222133e+04 1.596131147308818277e-01 4
9 -2.423220529627503129e+04 9.282932150236558044e-01 3
21 -2.422018321210476643e+04 2.946081795039742768e-01 0
20 -2.422018355825482286e+04 6.016405819463045423e-01 0
9 -2.422817853819849552e+04 5.468058326312884576e-01 1
2 -3.595055734367504192e+04 8.579310557141683891e-01 3
4 -2.517466725474737541e+04 2.506374025206623557e-01 3
15 -2.422021690504139406e+04 7.595292150915445850e-01 2
6 -2.429126462998303759e+04 5.563162458123116494e-02 1
16 -2.422020887508854867e+04 7.076274949296287309e-01 2
5 -2.468322032043247236e+04 3.595594757606904723e-01 4
5 -2.473625576391758295e+04 9.085131057425673839e-01 4
3 -2.624886510688097405e+04 5.422363208886693542e-02 1
12 -2.422060555910760741e+04 9.203717120662708862e-01 4
1 -5.310915446445129783e+04 6.306531115628043194e-02 1
5 -2.432691393148394855e+04 9.250037336358489792e-01 3
23 -2.422018318922234175e+04 3.315146520631344629e-01 0
4 -2.478691609296378010e+04 5.498120167716020745e-01 3
7 -2.428200936170852947e+04 8.699748812221628214e-01 3
11 -2.422116691519033702e+04 9.742148655921614164e-01 1
20 -2.422018472382214895e+04 1.427420921094137984e-01 0
18 -2.422018335583156295e+04 5.648867643999240240e-01 4
23 -2.422018345047008916e+04 1.752311262237492839e-01 1
20 -2.422018331025056250e+04 4.754158013269139255e-02 0
15 -2.422018470587542470e+04 4.703811364280430229e-01 0
13 -2.422020266167792579e+04 7.748559706711306561e-01 1
17 -2.422018993033289735e+04 6.446123355582183967e-01 1
0 -1.065191832431173680e+05 7.443476138334177428e-01 3
14 -2.422023109517333796e+04 3.467021836781998267e-01 1
20 -2.422018539869553206e+04 2.867534191040983504e-01 2
15 -2.422018953800856252e+04 5.917526603483991288e-01 2
15 -2.422020734949530743e+04 8.686293095458341718e-01 0
27 -2.422018287596819573e+04 2.398767952607465670e-01 4
15 -2.422020909305458190e+04 5.732590096617704578e-01 0
10 -2.422244144256521031e+04 8.218282161134539132e-01 2
10 -2.422270160459360341e+04 4.739572935970127743e-01 2
14 -2.422025403643807658e+04 6.191403766674865583e-01 3
26 -2.422018289801526407e+04 6.969214493916959796e-01 0
13 -2.422019896602549488e+04 7.046365982228337543e-01 3
12 -2.422035098273892800e+04 9.320815529570644631e-02 3
12 -2.422057579264163724e+04 9.251963949898412976e-01 3
26 -2.422018289081368857e+04 7.159448541918125297e-01 0
13 -2.422040253404131363e+04 8.225347522210055828e-01 3
29 -2.422018286907786387e+04 2.163303408304457776e-01 4
29 -2.422018286893767799e+04 1.714911934455955744e-01 4
7 -2.425119637860614239e+04 4.085019150487401163e-02 2
29 -2.422018286871731834e+04 3.969019802055613333e-01 4
9 -2.423436024380312301e+04 4.736541798966642514e-01 2
3 -2.533107878897485352e+04 5.197552337134424549e-01 1
29 -2.422018286893465120e+04 4.411148628183688691e-01 4
2 -2.933554465362210613e+04 2.460322051402913726e-02 2
19 -2.422018389101456341e+04 6.115719357892934749e-01 3
2 -3.085614921321115980e+04 9.268758654488221671e-01 2
3 -2.614201924327495362e+04 5.817944709072417897e-01 1
4 -2.483458284564815403e+04 6.798782964572676057e-01 2
1 -4.153622010113201395e+04 4.896784377653595755e-01 1
27 -2.422018287117376167e+04 3.589580370030811540e-01 0
27 -2.422018287323120967e+04 6.171457534513811183e-01 4
27 -2.422018286940250255e+04 6.144728675248224414e-01 0
25 -2.422018293257510595e+04 6.029977571346799986e-02 3
27 -2.422018287256925760e+04 3.657729451579891933e-01 4
24 -2.422018292362892680e+04 1.947152602195836302e-01 3
9 -2.423398188233724795e+04 4.540459572155156054e-01 2
29 -2.422018286911639370e+04 4.824522877708621871e-01 0
9 -2.422145986556601565e+04 9.137921254943702776e-01 2
25 -2.422018288219140959e+04 5.339209951421390876e-01 3
2 -2.925975376569338550e+04 4.636771510233285709e-01 2
0 -1.045843703845812852e+05 2.136908835047202915e-01 2
10 -2.422038515737032139e+04 6.527850741009464386e-01 1
2 -2.985695918029335007e+04 4.456281624088558879e-01 2
19 -2.422018407980626216e+04 7.411774510731551358e-01 4
18 -2.422018311918055042e+04 4.770786688982537882e-01 4
13 -2.422047609379783535e+04 9.365545729760141880e-01 1
13 -2.422049558651437837e+04 2.675272011765426616e-01 1
26 -2.422018287554835479e+04 1.629572310950511138e-01 0
11 -2.422113004399147030e+04 9.887761902612623999e-01 2
5 -2.442217939946036859e+04 6.572938509816942387e-01 1
27 -2.422018287563354897e+04 7.176439585574783120e-01 0
26 -2.422018288352308809e+04 1.508230801638950902e-01 0
21 -2.422018414800417668e+04 9.923362731746477872e-01 4
25 -2.422018291791136289e+04 2.239657992043246060e-01 0
5 -2.423377122269137180e+04 3.296126455395373966e-01 1
3 -2.942237764904202049e+04 9.243631149330300278e-01 2
23 -2.422018300061967966e+04 2.895451978202998600e-01 3
16 -2.422019926727599886e+04 2.487497630506710355e-01 4
14 -2.422027488303511927e+04 6.655911140627811529e-01 4
3 -2.771307751371356062e+04 1.301909646046693625e-01 1
14 -2.422026890846753304e+04 2.727112373674391854e-01 4
19 -2.422018338166327885e+04 6.864213767234749186e-01 0
16 -2.422019170566616594e+04 2.673750742066332009e-01 3
17 -2.422018887936650572e+04 7.337348266844136990e-01 3
16 -2.422018789754547470e+04 2.388982156830196657e-01 0
19 -2.422018624646585522e+04 5.765485322704106963e-01 4
13 -2.422045309765815546e+04 4.386438581581358354e-01 3
11 -2.422084636432016487e+04 7.908706619782844838e-01 3
16 -2.422020431948670375e+04 3.454535802339288031e-01 0
13 -2.422048162954409418e+04 9.286369615483162088e-01 1
14 -2.422026205203798600e+04 3.841695156890866936e-01 0
8 -2.423089248423659592e+04 8.679353936206732900e-01 2
14 -2.422026890073608229e+04 6.929292566735867354e-02 3
19 -2.422018442928289369e+04 9.282038508059609061e-01 4
19 -2.422018418422710238e+04 9.150137305157783896e-01 4
13 -2.422024100424929929e+04 6.217443670441964443e-01 2
8 -2.422099412043463235e+04 4.720700853225707760e-01 2
21 -2.422018455397638172e+04 2.009671526585883883e-01 3
20 -2.422018471437203698e+04 5.573644006454183675e-01 4
23 -2.422018316901199432e+04 8.237803087404798053e-01 3
6 -2.443893997282531200e+04 7.804172615074712605e-01 2
25 -2.422018292971823394e+04 4.443002367979608236e-01 3
23 -2.422018349830170337e+04 6.344607087209349627e-01 0
22 -2.422018343717339667e+04 5.828491898020697892e-01 0
19 -2.422018656628141616e+04 2.008427784888651146e-01 4
25 -2.422018292531617044e+04 2.903048046216166744e-01 4
24 -2.422018293004388033e+04 3.780592293839504237e-01 4
25 -2.422018293720766087e+04 2.041181721925511283e-01 3
5 -2.472031041954478133e+04 7.091604441210552778e-01 2
20 -2.422018348690071070e+04 4.509811167895552142e-01 4
16 -2.422018781546779792e+04 3.015280030957383506e-01 0
10 -2.422074300612008301e+04 4.931342375297768643e-01 4
1 -5.787869578127669229e+04 5.839401575394289612e-01 2
0 -5.838723610149154410e+04 5.793504829293301128e-01 2
10 -2.422067135658549159e+04 3.240801124079107920e-01 1
26 -2.422018289034059853e+04 1.928046322721617134e-01 3
22 -2.422018321166254464e+04 1.822930002774014180e-01 0
11 -2.422117171615443658e+04 5.700177022836611096e-01 4
15 -2.422019470954008648e+04 1.463452977323882742e-01 1
9 -2.422276258644312111e+04 3.309618121256907020e-01 4
9 -2.422502444469653346e+04 3.790885564580932510e-01 4
2 -2.951212149146513184e+04 6.086942704602833487e-01 2
4 -2.468613018360757997e+04 1.234141099612912212e-01 4
2 -2.949843911765659141e+04 7.765221548432064136e-01 2
6 -2.423167739368204639e+04 1.491086228173243988e-01 4
11 -2.422112953943018510e+04 4.536915306935692671e-01 4
9 -2.422657768938302979e+04 7.717908732109789449e-01 4
0 -1.311826917770569213e+06 7.051575605756283949e-01 1
5 -2.434460262633723323e+04 5.769226988205513607e-01 2
1 -2.917407801219413886e+04 1.949922525855838085e-01 1
2 -3.373896384901461715e+04 9.535665532007182588e-01 2
12 -2.422038370306096476e+04 4.031999261285675873e-01 0
6 -2.443697528819597210e+04 9.155099080009376777e-01 2
0 -5.729977819550089771e+04 4.063691318236306027e-01 1
13 -2.422042970490118751e+04 7.053181322848608437e-01 0
6 -2.442075273201192977e+04 3.055347254936527923e-01 4
27 -2.422018286812640144e+04 2.611306087144624200e-01 3
12 -2.422048358368821209e+04 9.122700659981231031e-01 0
3 -2.564950019071368661e+04 4.226197824554626115e-01 1
28 -2.422018287096847780e+04 2.551935651782707981e-01 3
28 -2.422018287274498289e+04 9.288441373819764646e-01 3
27 -2.422018287387532837e+04 2.108490484958829292e-01 3
10 -2.422059650618660453e+04 4.448912683511451749e-01 0
4 -2.422121055890197385e+04 3.416065643573626964e-01 4
0 -8.945248807044731802e+04 5.178799876994875095e-01 2
7 -2.426983365683587544e+04 6.662848445279934140e-01 4
6 -2.424622434158615215e+04 6.975836920663238683e-01 1
27 -2.422018286882324173e+04 2.332915042385188542e-01 3
2 -3.079374098249082454e+04 6.787495908314085113e-01 2
4 -2.580745386973511631e+04 7.285752188511487315e-01 0
15 -2.422021525309828576e+04 2.503394093377505625e-01 4
22 -2.422018323921910996e+04 2.814569831300384184e-02 1
23 -2.422018360663599378e+04 7.530340525377576810e-02 1
4 -2.605581900151883019e+04 1.594782726007073492e-01 0
16 -2.422020329562316692e+04 5.950661791945410783e-01 4
15 -2.422021410259277036e+04 8.342672171423424210e-01 4
15 -2.422021991099122897e+04 6.975534738778192689e-02 4
14 -2.422022487825935605e+04 9.496098030150594838e-01 4
28 -2.422018287275961484e+04 4.383494844486022224e-01 3
28 -2.422018287449053605e+04 5.755722414508239737e-01 3
9 -2.423574213221090395e+04 7.182171979640525339e-02 4
13 -2.422050750840828550e+04 7.555078693602748086e-01 0
29 -2.422018286919375169e+04 7.353180203856979347e-01 3
18 -2.422018772392062237e+04 5.792917117133462579e-01 2
26 -2.422018289643151729e+04 5.565477690221922735e-01 1
6 -2.430577316987533777e+04 4.947488501682612561e-01 4
9 -2.423018446089810459e+04 8.301000996921032993e-01 4
17 -2.422018605718098843e+04 1.222321458597780686e-01 0
21 -2.422018409769460777e+04 3.183394152003745647e-01 2
21 -2.422018464102135476e+04 6.154474089263959335e-01 0
24 -2.422018295889717410e+04 4.920017294734296276e-01 1
13 -2.422052507920999415e+04 4.638097322984744975e-01 4
29 -2.422018286863124740e+04 6.325551481585984792e-01 3
21 -2.422018366891817641e+04 1.329609843268380054e-01 2
23 -2.422018330472894741e+04 9.149653303990343822e-01 2
26 -2.422018289876187191e+04 4.975132261141828049e-01 0
26 -2.422018289988113247e+04 8.940283365579193564e-01 0
27 -2.422018286837934284e+04 5.027788518075714252e-01 3
28 -2.422018287448309275e+04 8.469737744255436684e-01 3
23 -2.422018313738245706e+04 6.438482170389996373e-01 0
27 -2.422018286962177444e+04 6.942627263590903652e-01 3
17 -2.422018461920705158e+04 1.125847575713528892e-01 2
17 -2.422018757487403491e+04 3.610511885104430441e-01 2
17 -2.422018740787630668e+04 9.424981365773920094e-01 0
15 -2.422021772879053970e+04 3.506166644279110067e-01 0
29 -2.422018286891238313e+04 5.776345749494593562e-01 3
27 -2.422018286959445686e+04 2.872103041300590465e-01 3
13 -2.422024128909638239e+04 1.740055986917306008e-01 4
20 -2.422018300166591507e+04 6.038738696740928447e-01 2
27 -2.422018287164524736e+04 8.618073525732219409e-01 1
26 -2.422018289607241240e+04 9.069334318756079316e-01 2
23 -2.422018361850779183e+04 4.325661440454289242e-01 1
23 -2.422018347452304442e+04 9.813178011238785636e-01 1
26 -2.422018287807526212e+04 6.001898278024089262e-01 3
18 -2.422018288385558117e+04 8.594355753561460087e-01 3
13 -2.422018935229210547e+04 7.030359869929990735e-01 4
21 -2.422018428877405677e+04 5.823908870244465241e-01 3
17 -2.422018984379534231e+04 5.829095610179066966e-01 4
20 -2.422018465943393676e+04 4.539339504154427107e-01 0
20 -2.422018537573603680e+04 1.696346764660562612e-01 4
18 -2.422018422801292400e+04 7.562560592711977669e-01 2
21 -2.422018378109635887e+04 9.517244012498560224e-01 1
22 -2.422018338648534700e+04 6.886376939588503276e-01 2
0 -3.726987276955165714e+07 5.829924746280271304e-03 0
20 -2.422018507625615894e+04 7.417571827814544161e-01 1
21 -2.422018419405750319e+04 7.970681657000548981e-01 2
21 -2.422018400525064862e+04 8.505357877813572998e-01 2
1 -5.538124000283873465e+04 5.970221958316060951e-01 4
8 -2.423737143657409615e+04 5.601994954113362901e-01 3
27 -2.422018287616151065e+04 6.149159320105062054e-01 1
12 -2.422066091706714360e+04 6.080915781756713462e-02 2
1 -6.525734950191719690e+04 8.362791229967703188e-02 0
8 -2.424923888759561305e+04 5.238479974431364816e-01 2
22 -2.422018357310401552e+04 4.980644317452454506e-01 1
14 -2.422022342538904195e+04 4.994801121753528195e-01 1
12 -2.422028707645810573e+04 6.843812082407418895e-01 1
11 -2.422154837293029050e+04 7.855637756791349346e-01 1
2 -3.461245541340700584e+04 1.618331430914903279e-01 0
1 -7.443936264389203279e+04 8.458448392784019276e-01 2
15 -2.422020241037564119e+04 8.832186536701254198e-01 1
8 -2.422134973427888690e+04 7.864908811209989636e-01 3
3 -2.531828237383746819e+04 2.485404054935104468e-02 2
10 -2.422100463719034451e+04 3.840993943362516205e-01 3
8 -2.423965906002079282e+04 7.365956486559181726e-02 0
10 -2.422079116046998024e+04 1.844460547493060598e-01 0
10 -2.422270222276798449e+04 8.882293835624546219e-01 0
12 -2.422059546602039336e+04 1.852613512541616547e-01 0
7 -2.425743254802932643e+04 7.788549614722206638e-02 4
14 -2.422027073920522525e+04 8.133322512543111893e-02 3
13 -2.422036621663476399e+04 8.309083916667039382e-01 3
8 -2.424577355739911218e+04 2.621723852731398519e-01 4
8 -2.422952602870421833e+04 4.991521255409026026e-02 4
11 -2.422051525823355769e+04 7.804369486005316991e-01 3
18 -2.422018608525591480e+04 5.181448340465151237e-01 1
15 -2.422019518898408205e+04 6.737384651273775615e-01 3
16 -2.422019055238229339e+04 1.598078058211243047e-01 3
19 -2.422018625576776685e+04 8.395784598585845915e-01 1
14 -2.422024566328652145e+04 3.996238685333555196e-01 2
14 -2.422020666057804920e+04 2.072709595686972328e-02 2
22 -2.422018334625881107e+04 5.406080515789657426e-01 1
20 -2.422018331356242925e+04 6.121772470356592333e-01 1
10 -2.422031189016232747e+04 5.503096880629367860e-01 2
2 -3.854502612303895876e+04 9.735624828742671655e-01 0
6 -2.437664593554631210e+04 9.868956827522286090e-01 0
11 -2.422119577443246453e+04 6.284110189580327521e-01 2
4 -2.466810272135747437e+04 8.945208756222733371e-03 0
12 -2.422021938320383560e+04 8.709832085612823072e-01 2
29 -2.422018286887360591e+04 3.752876700987650693e-02 3
17 -2.422018886776145155e+04 9.257271014390078268e-01 2
16 -2.422019812200073648e+04 6.844395537486551717e-01 2
19 -2.422018361491410906e+04 6.939556178482493287e-01 2
25 -2.422018290381754923e+04 6.287518601790138550e-01 4
20 -2.422018468886951450e+04 4.564235673810219662e-01 1
11 -2.422069306195325044e+04 1.938973361584188371e-01 0
28 -2.422018287288871943e+04 1.062539381885621026e-01 3
13 -2.422036741480478668e+04 4.976775121052732231e-01 0
25 -2.422018290175607399e+04 5.692155449424305402e-01 2
11 -2.422101289888698011e+04 7.877959251992630030e-01 1
29 -2.422018286923933920e+04 1.727978508579445238e-01 2
27 -2.422018286909580638e+04 6.254364308583700849e-01 2
26 -2.422018288140539516e+04 6.233009782478274863e-01 4
29 -2.422018286891962271e+04 8.567477322734686762e-01 2
17 -2.422018501067519901e+04 7.749216321501588567e-01 0
28 -2.422018287396337837e+04 8.164738017823047755e-02 2
26 -2.422018289849556822e+04 7.342840695104886350e-01 4
29 -2.422018286858506690e+04 6.734865666680871499e-01 3
0 -5.228362548200840503e+07 9.050052204985483684e-01 1
1 -6.060751506874707411e+04 8.537838405707690037e-02 1
28 -2.422018286836234256e+04 7.017488602185184554e-01 3
21 -2.422018398245802382e+04 5.587965502878401436e-01 0
16 -2.422019947805561242e+04 9.263065098653547880e-01 2
23 -2.422018295742090413e+04 1.965444468076246454e-01 3
20 -2.422018331178122753e+04 6.568121499276596831e-01 4
13 -2.422019879342398417e+04 2.791007922481317793e-01 2
23 -2.422018308436935331e+04 7.345094806838758927e-01 3
21 -2.422018402970257011e+04 1.010833802912160378e-01 4
17 -2.422019025315123872e+04 8.535296714765012727e-01 3
19 -2.422018321845916944e+04 4.627350163490376311e-01 4
15 -2.422018431052450978e+04 4.174942082961862200e-01 3
22 -2.422018323550709829e+04 7.784292133284722581e-01 4
1 -5.220523286230875237e+04 6.681531876841860784e-01 2
12 -2.422058544057542167e+04 5.104496132368583350e-01 3
5 -2.426961485900553816e+04 5.066843570175658673e-01 2
15 -2.422021431116450185e+04 9.160491475140523088e-01 4
0 -7.811928189611207927e+04 2.394934062697586796e-01 2
8 -2.423029817307719350e+04 2.312713391986676303e-01 1
14 -2.422023987333552213e+04 5.530902659817524825e-01 3
0 -6.492915035849320702e+04 5.952435869021950321e-01 1
11 -2.422022636841196072e+04 5.745233011629928832e-01 4
10 -2.422151656693488258e+04 3.153833523058117705e-01 3
2 -2.956959999683594287e+04 5.669615972879771260e-01 2
2 -3.083429275735466217e+04 6.062915933469249508e-01 0
17 -2.422018970315553452e+04 8.515140578324957854e-01 4
7 -2.427677859778238781e+04 9.342247046466640725e-01 2
16 -2.422018674229509634e+04 2.477867930457322287e-01 4
19 -2.422018348288741981e+04 9.152752259627938702e-01 4
20 -2.422018531506337604e+04 4.252824970242224389e-01 1
8 -2.422542602549717412e+04 6.649039245923292762e-01 0
16 -2.422019128590122273e+04 3.996772104261943070e-01 2
22 -2.422018376839770281e+04 1.026742016560232632e-02 1
17 -2.422018432032201963e+04 6.570410796825143507e-02 1
16 -2.422019654010309750e+04 5.736949837533551477e-01 2
16 -2.422020758579583708e+04 4.396104342634040152e-01 2
26 -2.422018289751915290e+04 2.440024146059584231e-01 4
18 -2.422018504498954280e+04 2.069423350856355870e-01 1
11 -2.422050628015161783e+04 6.400988535641436439e-01 2
1 -3.902484061515965732e+04 8.558106590580483175e-01 0
24 -2.422018295833629600e+04 9.274498235400979729e-01 4
3 -2.745594344570380053e+04 8.910188057621021285e-02 3
5 -2.460213575044197569e+04 3.468347862150565897e-01 2
22 -2.422018303290257609e+04 2.100169538919249845e-01 4
22 -2.422018348579022859e+04 3.269828086134962675e-01 1
6 -2.447598459287112564e+04 1.526371863138830387e-01 0
3 -2.611811412738605213e+04 9.460891502918078455e-01 0
6 -2.433336841834260122e+04 2.022840488526552183e-01 2
2 -3.002860604916478042e+04 1.187939245719125125e-01 0
12 -2.422051965187309179e+04 8.355866345886732161e-01 1
11 -2.422147196411636833e+04 5.459077580978890509e-01 1
3 -2.913714001708546857e+04 1.530780934177256025e-01 2
27 -2.422018287365965080e+04 3.790472971330002272e-01 4
3 -2.484394187557176701e+04 6.538422128191001548e-02 2
14 -2.422023495582412943e+04 3.951357151752049601e-02 1
1 -6.157732081082985678e+04 9.835465555134319526e-01 2
3 -2.925059810801729691e+04 7.086923365953148313e-01 2
16 -2.422020653590597067e+04 2.367754081431713564e-01 1
16 -2.422019767839741689e+04 4.664167042956484655e-01 1
4 -2.498361922706655605e+04 8.305475174261935933e-01 3
5 -2.471528026953259541e+04 9.770069527768660000e-02 3
10 -2.422229066055276780e+04 7.138896673738423515e-02 0
7 -2.426168989230810985e+04 4.720349486936683547e-01 0
8 -2.425402349772427988e+04 3.547468945244733329e-01 3
0 -5.778234371619567275e+06 4.541263752940265519e-01 2
21 -2.422018433947921585e+04 4.697385171797870407e-01 1
20 -2.422018333804243593e+04 8.309236257031323847e-01 1
29 -2.422018286877864375e+04 4.721151901667308692e-01 4
26 -2.422018288609103183e+04 8.809576711409446981e-01 4
3 -2.609862797910098379e+04 5.903044516255044893e-01 2
1 -4.331904545324004721e+04 1.667201302756615711e-01 3
7 -2.429351700161299959e+04 5.881741211174302819e-01 3
1 -3.720822770011404646e+04 5.558334285535915242e-02 3
28 -2.422018287324475386e+04 2.652967090671971562e-01 4
7 -2.426089305515456726e+04 8.441571311942096534e-01 2
28 -2.422018286903646003e+04 3.130156715403392687e-01 4
6 -2.436303607982994436e+04 9.560850192802901049e-01 2
28 -2.422018287407805474e+04 3.147038448213130835e-01 4
14 -2.422022412288769920e+04 4.779927875675317739e-01 3
27 -2.422018287327872531e+04 3.232233513686915694e-01 4
25 -2.422018289330100015e+04 2.983981459171444750e-01 4
24 -2.422018290272845479e+04 3.846146727592427705e-01 4
15 -2.422021379542461000e+04 9.477522874175576817e-01 3
15 -2.422020850522869659e+04 6.149105331374601358e-01 3
7 -2.429122558243739695e+04 8.563001866586077426e-01 2
8 -2.424784793746364448e+04 7.188191180827097071e-02 0
28 -2.422018287131288525e+04 4.828989349282348797e-01 4
0 -9.273040452164059388e+04 8.918477396881649422e-02 2
28 -2.422018287160854379e+04 7.899607099948544597e-01 4
6 -2.447996147346029102e+04 6.434130497154108008e-01 0
7 -2.429643292546489829e+04 9.668346774054760173e-01 0
5 -2.481480791050112748e+04 5.231378741390706466e-01 2
3 -2.871880384914629030e+04 8.424610111663157763e-01 0
7 -2.422919610893491335e+04 7.989331780234942837e-01 2
12 -2.422086302414356760e+04 6.744162427198077125e-01 0
11 -2.422153558031827197e+04 1.666179199647966069e-01 0
28 -2.422018286830845318e+04 2.466490324338709017e-01 4
23 -2.422018362764748599e+04 1.870029288312068938e-01 3
28 -2.422018287222460640e+04 4.564771443577930743e-02 4
21 -2.422018308032390632e+04 4.500261843098942172e-01 3
0 -5.763216806517500663e+04 9.122996676159367269e-01 2
0 -1.275122594045967271e+05 7.419288336235728698e-01 2
21 -2.422018414016643874e+04 3.801905811180874006e-01 1
26 -2.422018289765629743e+04 8.386940232556255870e-01 4
2 -2.737051534619946324e+04 6.549833564343442438e-01 2
5 -2.451762210086017149e+04 9.515519166479293744e-01 2
18 -2.422018708127031277e+04 4.816686825816466899e-01 1
21 -2.422018369889860696e+04 8.780649898384699226e-01 1
20 -2.422018564160122332e+04 3.219293837169860950e-01 3
1 -5.335486761604588537e+04 8.613188681047841966e-01 2
22 -2.422018393985089642e+04 4.629822385697146547e-03 3
1 -7.514746643940589274e+04 6.703614633481826957e-01 2
26 -2.422018290023249210e+04 1.122254100989072446e-02 4
7 -2.429576939502560344e+04 4.201815229499850091e-02 2
27 -2.422018287401080306e+04 3.588308170092225913e-01 4
19 -2.422018635234678004e+04 5.570106466543585100e-01 3
9 -2.423016500112956783e+04 1.259130868727860175e-01 2
24 -2.422018298540880642e+04 9.149329331118566389e-01 1
13 -2.422053665913625446e+04 4.663495853225725352e-01 0
11 -2.422115792901226814e+04 7.193528479570165945e-01 3
10 -2.422069736482710869e+04 8.613901473766972794e-01 0
14 -2.422023543730165693e+04 8.844309372716303574e-01 2
15 -2.422020548575279099e+04 3.424474163486834755e-02 0
16 -2.422018884924948361e+04 1.727181457737094750e-01 1
21 -2.422018321269059015e+04 2.445373021159965854e-01 4
16 -2.422020063026221760e+04 4.053114715925190126e-01 0
6 -2.444807523584013325e+04 9.674498959805453158e-01 2
24 -2.422018295427896373e+04 9.147127469783846720e-01 1
14 -2.422027729671634370e+04 6.732083983545820161e-01 3
20 -2.422018304938373331e+04 5.962253019998983161e-01 1
23 -2.422018323202248575e+04 6.773346067973963214e-01 4
21 -2.422018327028511339e+04 7.205905675840158509e-01 4
20 -2.422018367687569844e+04 9.048641184116554825e-01 4
21 -2.422018358614530007e+04 4.509916109287348540e-01 4
10 -2.422243089154875634e+04 3.332727927706874427e-02 2
3 -2.555947939510245487e+04 2.386427688065140273e-01 0
7 -2.426393665723815502e+04 5.122127820419482003e-01 2
1 -4.392799857927084668e+04 4.737994894280652125e-01 0
20 -2.422018539868260632e+04 3.304946768077575703e-01 4
21 -2.422018477089894077e+04 2.264446304236287233e-01 1
18 -2.422018568970355773e+04 8.812674156977909901e-01 1
5 -2.457261739156466501e+04 2.213758839753848795e-01 0
16 -2.422020521353491495e+04 2.824724707751781194e-01 1
2 -3.453862272505080909e+04 9.990929918812496702e-01 0
17 -2.422018484288535183e+04 3.934797033750285777e-01 4
14 -2.422019321257459524e+04 3.685376674196670921e-01 1
15 -2.422021704134758329e+04 9.989968980105248253e-01 1
13 -2.422025130230671130e+04 5.164222606650987757e-01 1
4 -2.528803246288467199e+04 8.934422540909940924e-01 0
11 -2.422145659452025575e+04 2.250477668514485607e-01 2
17 -2.422018619150368613e+04 1.770405561403119998e-01 1
24 -2.422018299429492617e+04 5.344065805761566423e-02 4
9 -2.422061690509310938e+04 8.716908199515666089e-01 2
5 -2.442591843931991025e+04 6.101823631904597089e-01 0
19 -2.422018653836999147e+04 4.731438776745284236e-01 3
25 -2.422018293760525557e+04 1.664894858072671902e-01 4
13 -2.422054256837431603e+04 7.106990573790750165e-01 1
2 -2.514278518620528121e+04 1.961267952542897763e-01 0
8 -2.422091651692820960e+04 7.662025455730330226e-01 1
29 -2.422018286855042606e+04 3.246271134901244082e-01 4
8 -2.423873328301711445e+04 1.786932744862832212e-01 1
9 -2.422645493887900011e+04 8.880105320450184525e-01 3
8 -2.425084378327210652e+04 7.795528440270209636e-01 3
9 -2.423519304158739033e+04 5.366362060151265156e-01 0
27 -2.422018286883782275e+04 9.883414248995709972e-01 4
3 -2.709261453423633429e+04 8.585688045984243288e-01 2
4 -2.428005848497117040e+04 4.204953495068552982e-03 2
17 -2.422018497602844582e+04 4.224377996435180194e-01 0
26 -2.422018287625595622e+04 9.876968975122827343e-01 4
3 -2.754995399105167598e+04 4.585272464840282058e-01 2
20 -2.422018428097026481e+04 1.912557032884029673e-01 0
7 -2.423021163262000118e+04 2.751886754753081199e-01 1
1 -6.694230459562010947e+04 5.103512117250885716e-01 2
24 -2.422018300007926155e+04 3.177214729544581839e-01 0
8 -2.424982427418418229e+04 3.649068215103490331e-01 3
25 -2.422018291510941708e+04 8.847696170673940985e-01 0
27 -2.422018287557559597e+04 1.485015261716227629e-02 4
12 -2.422057453221347896e+04 7.369806427420271255e-01 1
14 -2.422027184167221276e+04 6.653532478124155602e-01 1
22 -2.422018395578979835e+04 4.325274393344076818e-01 3
5 -2.476640319351976359e+04 4.682441877070223080e-01 2
23 -2.422018354226579686e+04 9.208908939065467425e-02 4
26 -2.422018289666805867e+04 9.124622653887416446e-01 0
23 -2.422018349312157079e+04 1.511066061428190943e-01 3
23 -2.422018357239798934e+04 2.214927593291924901e-01 3
8 -2.422206380171893034e+04 1.030800135768193959e-01 1
5 -2.457491951095415425e+04 3.166351824153818550e-01 2
23 -2.422018361006877603e+04 1.786464843105051159e-02 3
26 -2.422018289216477569e+04 2.407279547567409139e-01 0
18 -2.422018486630307962e+04 6.778112365493723646e-01 3
15 -2.422019385669253097e+04 6.360743936758854744e-01 4
4 -2.466018225338405682e+04 1.568026779968443307e-01 1
15 -2.422021989645461872e+04 1.580875535323156278e-01 4
28 -2.422018287389965917e+04 1.490039410286989607e-01 0
28 -2.422018287405362207e+04 1.593279774737613522e-02 0
19 -2.422018519066210865e+04 6.303467834669731484e-01 3
2 -3.228668732961945352e+04 5.125029008325193702e-02 1
17 -2.422018799350655900e+04 7.676129023535475104e-01 2
13 -2.422024406397710118e+04 8.081219509017187885e-01 2
1 -3.154464378900848533e+04 7.349074853142276709e-01 1
23 -2.422018355205238186e+04 6.213737081982027011e-01 4
29 -2.422018286840457586e+04 6.274413043529974976e-01 0
11 -2.422134562281425315e+04 2.874612487920868986e-03 1
22 -2.422018345363436674e+04 2.611257897112602699e-01 4
23 -2.422018345171499823e+04 1.673759402183127853e-01 4
21 -2.422018344790948322e+04 1.303314743260609587e-01 4
24 -2.422018297705081568e+04 6.434336355138849939e-01 3
21 -2.422018400670935807e+04 6.021738361367550141e-01 2
29 -2.422018286915771751e+04 7.923443523939167621e-01 4
24 -2.422018296924734750e+04 4.975196039080311272e-01 2
27 -2.422018287126946962e+04 3.985856148050967995e-01 3
28 -2.422018287333379340e+04 4.592198458589657473e-01 4
28 -2.422018287403124486e+04 6.684209879817903932e-01 3
25 -2.422018287999149106e+04 1.982350320180781278e-01 4
29 -2.422018286869803342e+04 7.607379961079940855e-02 0
29 -2.422018286899387385e+04 4.451291861206561062e-01 0
28 -2.422018287128491647e+04 3.043887932697195708e-01 3
26 -2.422018289884863771e+04 1.269049163102065059e-01 4
26 -2.422018289787691901e+04 1.772011687411643166e-01 4
22 -2.422018331036635936e+04 5.637156129984873809e-01 2
0 -1.198775623664409667e+07 7.311235008326864016e-01 1
18 -2.422018732852008543e+04 9.889519233969492618e-01 4
18 -2.422018481824092305e+04 4.751767195831622104e-01 2
29 -2.422018286807835830e+04 6.340446706007978328e-01 0
29 -2.422018286850665027e+04 1.220524738850936042e-01 0
29 -2.422018286821297443e+04 1.734564730363347962e-01 0
25 -2.422018289944419303e+04 2.812807481693574974e-01 4
10 -2.422105091415278730e+04 8.119382799009517981e-01 2
25 -2.422018291589100409e+04 3.453431465072713813e-01 0
4 -2.438463237548481993e+04 3.985646987449400491e-01 1
10 -2.422132257104853124e+04 8.039440981410628240e-01 2
7 -2.426347282880185230e+04 3.823682727982977703e-01 2
23 -2.422018354800406087e+04 8.081358342263835759e-01 3
7 -2.426470083332457580e+04 9.996108758649855375e-01 2
13 -2.422023769804650510e+04 2.745514892016066022e-01 3
26 -2.422018289692579856e+04 2.790762154276009710e-01 0
11 -2.422026227325405853e+04 8.515331444080231904e-01 3
9 -2.422371692748205533e+04 4.508711525506363671e-01 4
19 -2.422018661040978986e+04 1.039069443092940914e-02 0
3 -2.679548490715556181e+04 6.839983461605183557e-01 4
9 -2.422177149653407832e+04 6.310677070843361269e-01 2
17 -2.422018427219800651e+04 5.448412600771441738e-01 3
12 -2.422038681001565783e+04 8.970232566339824132e-01 3
17 -2.422018696118501248e+04 1.497098898716390236e-01 3
15 -2.422019261686616301e+04 7.055145246573848450e-01 1
10 -2.422277099944633665e+04 3.505296669964046430e-01 2
4 -2.473252122461824183e+04 4.376798198274241547e-01 4
15 -2.422022046833903732e+04 7.027410829375955181e-01 1
20 -2.422018436877636123e+04 1.164174156855939390e-01 3
14 -2.422022815911667567e+04 9.005109756127789300e-01 2
2 -2.900085966217202076e+04 4.900028070163298111e-01 0
5 -2.485459510156097531e+04 1.208345859051833254e-01 0
7 -2.428143864498376934e+04 6.333652090597929885e-01 1
23 -2.422018355125712696e+04 6.782494661906788291e-01 3
5 -2.447987570164176213e+04 6.909236018130566759e-01 1
14 -2.422020594075184999e+04 5.882269236158497172e-01 2
10 -2.422031963310485298e+04 8.979973000044289000e-01 2
1 -5.488883214267151925e+04 1.390224581890744937e-01 1
20 -2.422018348555195917e+04 9.433643972078751272e-01 3
4 -2.455737613342663826e+04 3.712107001216509161e-01 1
1 -3.654868563792673376e+04 6.300089231836174530e-01 4
0 -6.810857729300418578e+04 4.504403736608795228e-01 1
9 -2.423360496591377159e+04 8.450416891180946299e-01 4
4 -2.456064356258083717e+04 8.617671617981310650e-01 2
5 -2.460516695451490523e+04 2.666038550169878008e-01 2
10 -2.422233967258033954e+04 1.553077915978927082e-01 4
0 -2.178762103965291381e+07 2.899701367742526514e-01 1
0 -8.652180062914453447e+06 6.326803356427898040e-01 1
22 -2.422018351685665402e+04 1.217953736660311037e-01 3
2 -2.429049180602401611e+04 1.868300548015096041e-01 1
16 -2.422020132861358434e+04 2.396231927323447253e-02 0
14 -2.422021450928385457e+04 6.224671934723993161e-01 0
7 -2.427352432200259136e+04 7.412793759558528039e-01 4
3 -2.597635108405693609e+04 6.830033430042501408e-01 2
3 -2.503696510546730860e+04 4.976451129051826516e-01 2
12 -2.422076230745683279e+04 4.541107083260893518e-01 0
4 -2.596323019372520503e+04 1.567257992063177952e-01 2
7 -2.423239239234647539e+04 9.034797170218403783e-01 4
26 -2.422018287622243588e+04 9.213453253209795690e-01 3
27 -2.422018287571733163e+04 3.584358895429187175e-01 3
8 -2.422595715606480735e+04 2.134811118418045717e-01 4
26 -2.422018289690039819e+04 5.310501187164943238e-01 3
16 -2.422020257653338194e+04 7.276050779851104267e-01 1
26 -2.422018289408780765e+04 8.223879300079599552e-01 3
7 -2.426755727756658598e+04 2.224819139720290162e-01 2
25 -2.422018289688188815e+04 1.968225492000530430e-01 3
0 -2.182775876438264968e+05 8.645228552684029733e-02 0
20 -2.422018517452589003e+04 5.858990307007216902e-02 1
17 -2.422018516485036889e+04 4.821699999288929783e-01 1
19 -2.422018416761393382e+04 2.274876346144858452e-01 1
4 -2.569626829910335800e+04 9.392797191866416595e-01 0
17 -2.422018929548866072e+04 9.372143206616316835e-01 4
7 -2.422118177370643753e+04 1.095935110608098617e-01 2
21 -2.422018314204225317e+04 4.112621338428561479e-01 4
14 -2.422026102902810089e+04 5.200165983674647219e-01 2
14 -2.422025986042271688e+04 5.657747816138800623e-01 2
15 -2.422019959254869536e+04 6.608956914768988611e-01 3
15 -2.422020133933533361e+04 2.392395712549757469e-01 3
6 -2.437610784499086731e+04 7.304462622622953649e-01 0
17 -2.422018933032356290e+04 6.287470011832835270e-01 1
20 -2.422018493990973366e+04 1.518192291295000947e-02 4
21 -2.422018335744073556e+04 9.952836086768827029e-01 2
2 -2.699227966536839449e+04 4.663307160296872311e-01 0
19 -2.422018385107202266e+04 1.567289051709018777e-01 1
21 -2.422018331751522055e+04 2.258264444627826606e-01 4
23 -2.422018354659796751e+04 9.219879798798820136e-01 4
23 -2.422018358673610055e+04 2.552692802810962655e-02 4
22 -2.422018336020270362e+04 1.244756797692178202e-01 4
17 -2.422018970958792852e+04 5.983115709984296871e-01 4
19 -2.422018378549262343e+04 8.944450913749022458e-01 1
28 -2.422018287102302202e+04 4.332873121716139808e-01 2
15 -2.422019681659118214e+04 9.530497640350688027e-01 1
22 -2.422018306507122179e+04 4.798937162202037143e-01 1
6 -2.442688136771197605e+04 8.376644236829875467e-01 0
19 -2.422018361048056249e+04 4.598190814898998058e-01 3
23 -2.422018337342294035e+04 8.436062418634404647e-01 3
16 -2.422020723047832871e+04 1.009276695140650659e-01 4
20 -2.422018414828581808e+04 1.605085329872153466e-01 1
25 -2.422018287484020402e+04 2.098353297851182978e-02 2
15 -2.422021054768252361e+04 2.854255428551555340e-01 4
11 -2.422088852697398397e+04 7.557295175957650102e-01 4
14 -2.422019783648321027e+04 2.190050626477698936e-01 0
16 -2.422019567138156344e+04 7.277683376437664720e-01 0
26 -2.422018287040646101e+04 5.803350964619797825e-01 3
28 -2.422018286983489088e+04 1.517638606508624755e-01 3
27 -2.422018286982792415e+04 6.573554346339616217e-02 2
24 -2.422018290307955249e+04 7.238472663781578831e-01 3
28 -2.422018286994939263e+04 6.663191971057766949e-01 2
15 -2.422020788734771850e+04 1.338315978081356383e-01 4
3 -2.891386729773339903e+04 5.342041069308574031e-01 0
5 -2.482911640371289832e+04 8.635444928787680552e-02 0
5 -2.425411413707282190e+04 3.891373136900604379e-01 0
8 -2.425126970583440561e+04 1.024206117095569635e-01 4
0 -5.780043433795579767e+04 2.893419741848280990e-01 4
29 -2.422018286902018008e+04 9.425709867527736208e-01 3
4 -2.534834461810131324e+04 7.306715943763464338e-02 4
24 -2.422018290437135147e+04 7.968244449750553349e-01 1
29 -2.422018286889320007e+04 2.305058028383020485e-01 3
1 -4.840744646050305892e+04 9.691492284108242927e-01 4
29 -2.422018286880319647e+04 1.729711757515355330e-01 2
24 -2.422018293274081225e+04 7.528708146739524487e-01 1
26 -2.422018287344296186e+04 9.018861848174870577e-01 2
21 -2.422018371985386329e+04 6.858895464722284396e-01 2
27 -2.422018286924453423e+04 4.427694677802821444e-01 2
26 -2.422018289722245390e+04 3.619574646150336417e-01 3
18 -2.422018471857098484e+04 5.335237706750828313e-01 2
25 -2.422018293436342356e+04 4.367108785218191125e-01 3
10 -2.422132049161462783e+04 9.554869862258071889e-01 0
23 -2.422018291597535062e+04 6.036764825733413886e-01 3
11 -2.422022463067577337e+04 8.800736587747621797e-01 0
16 -2.422019478669184173e+04 3.488775418237478054e-01 2
17 -2.422018388569723902e+04 6.822087405292108775e-01 3
5 -2.461140702646281352e+04 8.614473712220928059e-01 4
6 -2.436946153100587981e+04 6.572249053523826490e-01 4
15 -2.422021242780798275e+04 7.001872902581345315e-01 1
18 -2.422018318775539228e+04 8.743240072997802148e-01 3
23 -2.422018326880368113e+04 2.227642126676088463e-01 0
19 -2.422018668565261760e+04 9.647345542824616871e-01 2
22 -2.422018374229275651e+04 9.631845484927228362e-01 0
21 -2.422018345656016027e+04 4.021184895749085886e-01 3
15 -2.422020911414740840e+04 6.570528688041090692e-01 1
19 -2.422018391382209666e+04 3.615141704723939808e-01 2
3 -2.941644593284507937e+04 5.203892590914792615e-01 4
6 -2.423793493424144981e+04 9.389581901909711537e-01 1
19 -2.422018421763880906e+04 5.107115986690562437e-01 2
8 -2.422911612907210292e+04 3.591887961329098822e-01 4
9 -2.423277858152670524e+04 6.855118588026456461e-01 1
3 -2.547746929726994858e+04 9.256381341189956480e-01 4
23 -2.422018337944289669e+04 3.006418659478704569e-03 0
23 -2.422018338061405302e+04 1.646717632405178544e-01 0
23 -2.422018339088349603e+04 4.199297387488631905e-02 0
21 -2.422018359849985427e+04 4.869094387166073012e-02 2
17 -2.422018324100792233e+04 6.249014684832743249e-02 0
3 -2.425245180313646051e+04 9.331091277566048170e-01 3
0 -1.304718854915267730e+05 5.948653219476082166e-01 1
6 -2.430556059432695838e+04 5.103696491861811069e-01 0
0 -6.004453419645487517e+07 3.055864000989814144e-01 1
5 -2.429783787003296311e+04 5.620008311735527062e-01 0
9 -2.422844944933454826e+04 1.323084097945298465e-01 0
11 -2.422140256388013222e+04 7.597386892288580107e-01 2
10 -2.422178616236956077e+04 1.154419683528024598e-01 0
5 -2.482195284339958016e+04 1.620903680307369532e-01 4
6 -2.444957327536494995e+04 4.154803811143384928e-01 0
19 -2.422018354246390663e+04 3.890908184956543003e-01 2
14 -2.422019577301560639e+04 4.118123709862358539e-01 1
4 -2.605649508133918425e+04 2.212612430562410637e-02 3
4 -2.504828080437360768e+04 9.991475457060750021e-01 3
10 -2.422092085048060108e+04 1.700860928784857506e-01 4
12 -2.422066399475218714e+04 4.142900520941222853e-01 4
13 -2.422053861110274011e+04 9.139842039746213231e-01 1
20 -2.422018485590175260e+04 1.884718759665002796e-01 2
9 -2.422707636808408643e+04 8.561340476876980743e-01 0
7 -2.427902215537586017e+04 9.145572161756752028e-01 1
11 -2.422121104144693891e+04 8.409915123649316371e-01 3
6 -2.431853148545615841e+04 9.955586483016916066e-01 0
8 -2.424441792937227365e+04 2.282680295472694632e-01 3
2 -3.255219256793932800e+04 8.609405224196748918e-01 4
20 -2.422018402248546045e+04 2.891134010688297118e-01 2
20 -2.422018558578126976e+04 6.367377911875706786e-01 2
8 -2.424003307922547538e+04 5.548719535261757985e-01 3
7 -2.427167829432955114e+04 5.244105259401674601e-01 3
20 -2.422018571916021028e+04 4.331458048454318588e-01 2
3 -2.789129795645270860e+04 8.419466632078028701e-01 3
18 -2.422018381801667419e+04 9.711477915226324198e-01 2
21 -2.422018347951645410e+04 8.856685182840431381e-01 1
10 -2.422206522895764647e+04 5.326816311527057257e-01 0
11 -2.422153607854108122e+04 2.655397858682798651e-01 0
11 -2.422136562541187595e+04 8.541321865619190268e-01 0
13 -2.422045817916329179e+04 9.789703058277656744e-01 0
10 -2.422247781083194423e+04 5.651042521411167030e-01 4
6 -2.427015161188798811e+04 3.806196179870866558e-01 4
7 -2.427000759969329738e+04 9.086970707624223431e-01 3
9 -2.422380969556831405e+04 8.859991245575511432e-01 3
14 -2.422026177741854190e+04 4.960864997644011121e-01 0
14 -2.422024332355715160e+04 2.523520451925965746e-01 0
26 -2.422018289968564932e+04 1.678460425709367432e-01 1
27 -2.422018287246828186e+04 6.762833511175214696e-02 2
26 -2.422018289610111970e+04 2.962653898065152891e-01 1
9 -2.422640403315225558e+04 6.577893387236030120e-01 4
29 -2.422018286828552300e+04 2.871797904857276151e-02 2
10 -2.422218240401860385e+04 5.551763168790313507e-01 3
8 -2.423335826753173751e+04 9.915922222107065309e-01 3
13 -2.422024916197364655e+04 2.306727682299749560e-01 3
17 -2.422018670082807512e+04 2.569925694225796420e-01 0
18 -2.422018627787251899e+04 8.767665518230843835e-01 0
11 -2.422095670155743210e+04 3.530434223867616184e-01 3
29 -2.422018286855427141e+04 5.105353893491542117e-01 1
27 -2.422018287512397728e+04 2.046747839609909247e-01 2
