0.000000000000000000e+00
0.000000000000000000e+00
0.000000000000000000e+00
0.000000000000000000e+00
0.000000000000000000e+00
0.000000000000000000e+00
0.000000000000000000e+00
0.000000000000000000e+00
0.000000000000000000e+00
0.000000000000000000e+00
0.000000000000000000e+00
3.061428194152570462e-75
2.523079955341416082e-29
7.845319005998428541e-15
0.000000000000000000e+00
5.788466357406268914e-01
1.000000000000000000e+00
0.000000000000000000e+00
1.207996495358457025e-05
2.802965864423957715e-07
0.000000000000000000e+00
9.084848377233934503e-160
9.765877973892380307e-09
3.397664857617470422e-04
2.769227208109992580e-02
0.000000000000000000e+00
7.682506349311482582e-06
6.466129561055460329e-01
3.588017715010669018e-01
0.000000000000000000e+00
0.000000000000000000e+00
0.000000000000000000e+00
0.000000000000000000e+00
0.000000000000000000e+00
2.584242869860542688e-63
8.910362868701425405e-13
0.000000000000000000e+00
4.420735741046085677e-46
1.758266516277956375e-238
5.393131334243379538e-01
5.731641208590577685e-01
5.746801879301330761e-206
0.000000000000000000e+00
4.413480718725117704e-05
0.000000000000000000e+00
0.000000000000000000e+00
0.000000000000000000e+00
4.283519812887839895e-01
3.875964582844836359e-01
0.000000000000000000e+00
6.132565327643324515e-01
3.222892775260900055e-14
5.697599125112978724e-01
0.000000000000000000e+00
4.631515532972975135e-01
4.689261133221217515e-02
0.000000000000000000e+00
1.054663905539994977e-30
4.368417684275793245e-01
4.741292204774882196e-02
0.000000000000000000e+00
5.882658007383099713e-06
5.839933546074162941e-141
4.581707694075504503e-03
0.000000000000000000e+00
4.152350769915272855e-01
4.586994421143742763e-03
0.000000000000000000e+00
6.908878065603432095e-01
4.712550918172803832e-02
7.597272951171579747e-01
1.827221136029875210e-04
4.690940003526906654e-01
4.236843243209281185e-01
1.876959937620755609e-02
7.852234152249064625e-01
4.124296334216596138e-01
1.879991202918785895e-02
1.892901772008301342e-02
0.000000000000000000e+00
3.901263161426865023e-01
3.093133504744476893e-133
1.186936939047742541e-03
4.580480024676708214e-03
4.008197700072821359e-180
1.872796853494190783e-02
0.000000000000000000e+00
7.327553750260300605e-04
5.829291291402551726e-11
5.679001895282476120e-01
1.986636844031896307e-04
1.986832950743550410e-04
6.744907946308937208e-05
6.744829712252536338e-05
4.207221400473143127e-06
6.744803988510839488e-05
1.986269916185405679e-04
1.985983278363088252e-04
4.700407484510497197e-02
1.212106292041180422e-01
1.986242079796581277e-04
1.186005826630806299e-03
1.986250920958654287e-04
1.985854490593401249e-04
1.986469762735886045e-04
1.986755084774489662e-04
1.986822869401646554e-04
6.744599353935726044e-05
4.421598990570263835e-04
0.000000000000000000e+00
1.084662620647575980e-05
0.000000000000000000e+00
1.986694550041399746e-04
1.986700325861780799e-04
1.986474269925473963e-04
1.985979396819417787e-04
3.066640187198718610e-05
5.419929826487508429e-01
1.973594246343606726e-07
1.257346106489318204e-06
1.257350277666670799e-06
1.257345707820537873e-06
4.582399783322414766e-03
1.084677206514790874e-05
1.257349241795245583e-06
7.532653190203649970e-03
6.915303834940177419e-01
1.257348333988729390e-06
4.585188894882849704e-03
1.186554286446273422e-03
1.999510610294983302e-03
1.899247465348113256e-02
1.887034381738502201e-02
1.257350392950583213e-06
1.876545750798768938e-02
1.257345317591274921e-06
1.894336206810603648e-02
0.000000000000000000e+00
1.186134352223274131e-03
6.744673337869681905e-05
1.973593609142473372e-07
1.973593248611423172e-07
5.651955576656652047e-01
1.999480753199209260e-03
0.000000000000000000e+00
3.297488428249202297e-01
0.000000000000000000e+00
4.421683990100907006e-04
3.255640242253153294e-01
9.979868119764403508e-24
4.583850927720838908e-01
0.000000000000000000e+00
0.000000000000000000e+00
1.186288760711838326e-03
1.084673066609577393e-05
1.973592843744624251e-07
6.172738273827320654e-01
2.984645288599287852e-09
1.257349904827144814e-06
1.257349954100560557e-06
1.084668650219854051e-05
6.744996484860428943e-05
1.257348379529530974e-06
1.985676156767281035e-04
4.421419714405181497e-04
4.306255098014063476e-01
5.111045168862932142e-01
4.853495922044177568e-01
1.257345771095407175e-06
1.186488365391245338e-03
2.000260277280156533e-03
1.084670153213430544e-05
1.084664425544104981e-05
1.186497894374526161e-03
1.999390169710878792e-03
1.261826378266433876e-70
6.744698403789498291e-05
4.156536395634072290e-01
2.298587893118627174e-10
1.973594883071072904e-07
1.760655384781412147e-02
7.526798225201719594e-03
7.564165972418408490e-01
1.973593714715603773e-07
1.257346686685362483e-06
8.784740678747684949e-211
4.366463407111140856e-85
7.327223183253944684e-04
2.180725877322515305e-06
6.274960293055640292e-01
1.870787441747068236e-02
1.261412573567314904e-04
2.054479344632947732e-205
1.737726224557184410e-141
0.000000000000000000e+00
2.553809378982221469e-65
0.000000000000000000e+00
3.066603825986501710e-05
1.986812113834177725e-04
8.766006100615578609e-197
3.964892369329977573e-01
0.000000000000000000e+00
0.000000000000000000e+00
7.329785004246659134e-04
1.093478471486433205e-72
3.410168808839565412e-06
5.406179520427796259e-01
8.599897892520012334e-04
4.669454792541178900e-01
5.927454747066343010e-01
1.206263674729922408e-01
6.232627093862963496e-76
1.193884627818587868e-01
4.450919413073054498e-01
4.422256894692735323e-04
1.985772082962407900e-04
3.056537971279124790e-59
1.186239666771096409e-03
1.986940740927404527e-04
1.986704612475307503e-04
0.000000000000000000e+00
1.186297566847795051e-03
1.876787580119347945e-02
1.999410976342460514e-03
5.394990955477984018e-01
7.327120491684231858e-04
4.053395556102695196e-01
9.387384558530958989e-01
4.421671104097467581e-04
1.195508441417272583e-01
3.702802529229663464e-01
1.986965298539590443e-04
1.986227636497447544e-04
1.986609353614671256e-04
1.020450158690838142e-04
4.580879220197162094e-03
4.580631129470602581e-03
7.138935008302872454e-179
0.000000000000000000e+00
1.986433744372519854e-04
1.894803737228219209e-02
2.180725612084014959e-06
0.000000000000000000e+00
1.257345299239602234e-06
0.000000000000000000e+00
7.327942769163437418e-04
1.985825584372144027e-04
6.890269014794555558e-01
5.931405861707570060e-110
1.973593663680931407e-07
1.973593208210180078e-07
1.973592891813981177e-07
1.973593979021809841e-07
1.973594321186823582e-07
1.973593925466988140e-07
7.329172500417544759e-04
4.421806531770230736e-04
1.899128550144804986e-02
1.251838303113563811e-01
2.733238810505683229e-05
1.682182728866247633e-04
6.475559433133393473e-147
3.958965238778127116e-01
2.181118901104159151e-105
1.484269765715574702e-20
3.066611097052052035e-05
1.186487633577071408e-03
1.084669635698677874e-05
3.531158552127017236e-02
3.066588325166886474e-05
4.421453085244621793e-04
1.865582415250952725e-02
6.323092174479037764e-02
1.084672470930757842e-05
1.084668886348613317e-05
6.744645770581417211e-05
8.407804887214946123e-166
6.744665014759895620e-05
4.789448736761626730e-14
0.000000000000000000e+00
0.000000000000000000e+00
9.656382262093975135e-163
0.000000000000000000e+00
0.000000000000000000e+00
0.000000000000000000e+00
3.066675860976724257e-05
1.522918689178268032e-10
1.186877407237494405e-03
3.694283717985433896e-02
4.212153478870444001e-01
3.066588245333239728e-05
3.666720949342909930e-30
4.285189560861092928e-01
1.985821167882642168e-04
4.243394454206241839e-01
1.895053272582666870e-02
4.583659518452421096e-03
1.593105375835400418e-309
2.847094538921488314e-86
1.258524259005590156e-04
1.986599929536553982e-04
1.985912386862174344e-04
7.057654659258944321e-03
0.000000000000000000e+00
0.000000000000000000e+00
4.728717384095681292e-02
1.658344836530731819e-29
1.864989339369905672e-02
6.532725258780812136e-199
6.054718311898564074e-222
0.000000000000000000e+00
5.853272829292655022e-01
0.000000000000000000e+00
1.802737164390565269e-44
1.986645388279898838e-04
6.033823286571663510e-244
1.734549839187045708e-25
5.720115389203567213e-01
7.327292694558846858e-04
1.986314422410712403e-04
1.986126449436075275e-04
1.986404962672735680e-04
7.327424196640391820e-04
1.876613358949225097e-02
7.520463826090306204e-03
0.000000000000000000e+00
1.256493968065715006e-01
1.186277818995006483e-03
7.523414865902969088e-03
1.867836725925616642e-02
2.180723304701618542e-06
1.864582879333647261e-02
4.210603260636425760e-01
3.246066323780937846e-01
1.227996540657682184e-01
1.084665971543137136e-05
1.883561500721559270e-02
4.446630625227706579e-01
6.030123122009829473e-01
1.084673782875149806e-05
4.223209331603533512e-01
1.973592719941803224e-07
1.973592996611645504e-07
1.878345129392694157e-12
1.973593431511960039e-07
1.458746312019101327e-05
0.000000000000000000e+00
1.973593002585313600e-07
0.000000000000000000e+00
4.421480313808349516e-04
0.000000000000000000e+00
0.000000000000000000e+00
1.200010167329378975e-264
0.000000000000000000e+00
1.257349658071286236e-06
1.257347071142407396e-06
1.257351885165309360e-06
3.066587655985614528e-05
1.257347903446181629e-06
3.066615090350881256e-05
2.129609953034540553e-05
1.973592643899605673e-07
4.267544496433838264e-01
1.084683135275431023e-05
0.000000000000000000e+00
0.000000000000000000e+00
4.297235956162441251e-01
0.000000000000000000e+00
7.332013107308565751e-04
1.986784541354844101e-04
3.923701967449455541e-01
3.847958973849157083e-01
2.180724220258741795e-06
5.934959339066426809e-01
7.632474358476438349e-86
2.180724034473721259e-06
1.084681690827177390e-05
7.331513096355491083e-04
3.066632623968768381e-05
2.628986703708503726e-05
0.000000000000000000e+00
1.987020110224429234e-04
1.882994162329967511e-02
1.202661978791804837e-01
0.000000000000000000e+00
1.209868871664002837e-01
1.986263113163565968e-04
1.897286598314466485e-02
7.528371735566669921e-03
4.581710848391672142e-03
2.000380874620919045e-03
4.014977435318561882e-01
4.600641499784389743e-01
1.873504870201810404e-02
3.902041358095809653e-01
1.218192755797059823e-01
4.677444201516287384e-04
1.209878225741759239e-01
7.329451187757093575e-04
7.331247532311110926e-04
1.244104758076960693e-01
6.799055692783457783e-01
7.328537309901618458e-04
7.327361938622463508e-04
1.986685539479148444e-04
4.014586575533874442e-93
3.066596416846585670e-05
1.986031452073928720e-04
1.986152858524289347e-04
1.999741223979969746e-03
3.066609916228441621e-05
3.066595418220674295e-05
3.066573449882788719e-05
5.094118180335745000e-215
1.986054094933015722e-04
4.582086920007114733e-03
5.101598644554538042e-01
0.000000000000000000e+00
0.000000000000000000e+00
5.480539170623863754e-01
1.084674296023634658e-05
1.986600808054524701e-04
5.692719137407251662e-01
1.891595939864396808e-02
3.054030066882993388e-01
1.653734578196483507e-01
0.000000000000000000e+00
3.559236723936732315e-200
0.000000000000000000e+00
2.133667658880372252e-04
5.937954645350791427e-01
3.498647683001961800e-02
0.000000000000000000e+00
3.748261181225816803e-52
0.000000000000000000e+00
0.000000000000000000e+00
4.303490013185680141e-01
2.863469233610021196e-92
0.000000000000000000e+00
4.110005983127552609e-01
3.178770356123819670e-85
1.973594597742012540e-07
3.894423652399537361e-01
0.000000000000000000e+00
1.257349916184914101e-06
1.257347682498375950e-06
1.257346261261907890e-06
5.906502624853120498e-01
5.475837688633913292e-01
0.000000000000000000e+00
3.365334381987599671e-20
2.710838435603287198e-10
1.973593222462262481e-07
0.000000000000000000e+00
0.000000000000000000e+00
4.736535411880100216e-02
1.986546064913846058e-04
1.985816308419751221e-04
0.000000000000000000e+00
1.875424065854049485e-02
4.741987957986083108e-02
4.714524439182782301e-02
4.691164198523195550e-02
1.257347664100926427e-06
1.257345487733066524e-06
3.662969149805509824e-06
3.802356389916940471e-01
1.973592491226468409e-07
4.582506416324294563e-03
1.084667689380737210e-05
2.736834412072206642e-35
9.495093471107832238e-04
2.000759552286150364e-03
7.331881950897173447e-04
7.327899425331760395e-04
6.744868855201795557e-05
3.736129473632202602e-01
1.973593601381010420e-07
1.985692631297250154e-04
1.986415930866641691e-04
1.084665161723322882e-05
1.084663947701066202e-05
1.973594098538313547e-07
1.257345497091872360e-06
1.986748378417224083e-04
1.257351609463407205e-06
7.328059280095061559e-04
4.583189474170148124e-03
4.583954920312481932e-03
4.724823711115638120e-02
1.973593046533417957e-07
1.257351643811214303e-06
1.243750428932766244e-01
1.987018031334714509e-04
1.257349065249053113e-06
1.084668078890276267e-05
1.985792733349510245e-04
1.986078677799956252e-04
1.084687600000357833e-05
1.084681330178088638e-05
7.524812217608397961e-03
7.330481112773843668e-04
7.521114656802785521e-03
7.327764501024901971e-04
1.186305055647630729e-03
7.330926534642053481e-04
4.421966341697035189e-04
1.986253535290564965e-04
0.000000000000000000e+00
1.186660383344901367e-03
7.331175463563638318e-04
7.332559770422390375e-04
0.000000000000000000e+00
1.896144497997746887e-06
2.180722883135312492e-06
5.538053046093724952e-01
0.000000000000000000e+00
1.330157101127358238e-11
1.985882897885466781e-04
4.697984805254543095e-02
4.740074852920401760e-01
3.906067987326031776e-01
0.000000000000000000e+00
0.000000000000000000e+00
1.877085015428497580e-02
4.764391798337523354e-01
0.000000000000000000e+00
6.727926365455659807e-01
1.924727230485233479e-07
4.861755566845678000e-01
3.244060308837667939e-01
5.912649565675522911e-01
3.676558023035880205e-15
1.207655945379857571e-01
4.379404475643519090e-01
4.254776183899188483e-10
1.834225440916464889e-03
3.773002682239950389e-01
2.000703381897516158e-03
1.890689242928427286e-02
1.899475970591118015e-02
2.000362267341334287e-03
1.238321909414911992e-01
1.869123954227648945e-02
1.986333436996841177e-04
1.986398383975083938e-04
4.623903321243446052e-01
0.000000000000000000e+00
4.545665494207182591e-66
5.557396459972286928e-01
2.402062214967192082e-192
4.717013362500899892e-02
1.973593123063863299e-07
7.528459103235418844e-03
1.885151944354636691e-02
1.985799869671477634e-04
3.066675844822109177e-05
7.327548807217793177e-04
5.362863766301644297e-01
1.257347501771579947e-06
4.374160346789940923e-01
3.066682166704957934e-05
6.672571257251014298e-01
1.973592401255298437e-07
1.973592684530593218e-07
1.084683987852356979e-05
1.973593032245437504e-07
1.186738208223835208e-03
1.257346150552573090e-06
1.084665450573692489e-05
1.973593692522557315e-07
0.000000000000000000e+00
0.000000000000000000e+00
1.973594132089956156e-07
7.332726900610754290e-04
1.882597307374044709e-02
6.744878812456500834e-05
1.986401922154448503e-04
1.883886634333719820e-02
1.986853704906955628e-04
7.332380477438599610e-04
7.518036474249531649e-03
1.986587305920084620e-04
7.330321673222765832e-04
1.986553439009720184e-04
0.000000000000000000e+00
5.972224642874319755e-01
4.188426636807922971e-20
4.740999016483182782e-02
0.000000000000000000e+00
8.474511482074607773e-04
1.245512529171923094e-01
0.000000000000000000e+00
1.262447173832241254e-01
4.032301213000423212e-01
0.000000000000000000e+00
0.000000000000000000e+00
7.522172499308170911e-03
3.242490350324263700e-23
1.999389273142729209e-03
1.986062065561817341e-04
1.186377034115377151e-03
1.106780455721136647e-01
1.898083179892488467e-02
4.422022495083272942e-04
7.330249854675812164e-04
1.888136421704122991e-02
1.867395407261950718e-02
1.084666509658174929e-05
1.186697486779634625e-03
3.807029528825239262e-01
0.000000000000000000e+00
6.744872638252129326e-05
0.000000000000000000e+00
1.070719490268884242e-163
1.986955964495422161e-04
1.986056300411795741e-04
3.276172480102861314e-109
0.000000000000000000e+00
2.836510436404811797e-47
0.000000000000000000e+00
3.756461832367755660e-01
4.216224469437784839e-01
0.000000000000000000e+00
1.257346532443327766e-06
1.034212717548474896e-268
1.251652435380360140e-01
0.000000000000000000e+00
0.000000000000000000e+00
1.869356996322667566e-02
1.885988389526279188e-02
0.000000000000000000e+00
7.791757174321180204e-213
4.895850169877821734e-01
1.158297766300322290e-16
1.111663023772190392e-13
0.000000000000000000e+00
7.330109428986086688e-04
1.986349757524552301e-04
1.973593310480539760e-07
1.084678905429197518e-05
0.000000000000000000e+00
0.000000000000000000e+00
1.743742179236610374e-30
0.000000000000000000e+00
1.257347054112653503e-06
2.569698657310528696e-16
1.973592801656115614e-07
3.700690036754346491e-60
1.257346006364691554e-06
4.694709109690547305e-02
1.257347011398756406e-06
1.084671084956848587e-05
3.066679184723538601e-05
4.743444769435186531e-02
1.865679251628637667e-02
1.724379997540968735e-29
5.345457786237059409e-11
1.257349483144305665e-06
0.000000000000000000e+00
1.257349111398250934e-06
6.140863767628911600e-111
9.443057502004799134e-32
4.648685226393919169e-256
0.000000000000000000e+00
2.551144440429641089e-03
4.524630547440113282e-01
3.956357782697150216e-01
1.973594238445723295e-07
1.985774583894208420e-04
1.257348336792718036e-06
1.986861742634544710e-04
0.000000000000000000e+00
0.000000000000000000e+00
7.331570559059029683e-04
1.084666360902111682e-05
0.000000000000000000e+00
5.413615003244516166e-127
4.585452311980482525e-03
1.985633100269603107e-04
1.185989700355595273e-03
0.000000000000000000e+00
4.421264390195858642e-04
0.000000000000000000e+00
1.084663566594008432e-05
1.833497164334620008e-31
1.257346090923320675e-06
2.000169083656430299e-03
9.681675324223433304e-04
6.744690040089054272e-05
3.693114903272732841e-01
5.771749011671624130e-01
5.339837614835757362e-01
1.251049937916616783e-01
1.871321138654151103e-02
7.528598471118937326e-03
1.986598765739519166e-04
1.880429415491097905e-02
4.327593999533577781e-97
6.744900004497004727e-05
1.199762636605759825e-01
1.986923217431642438e-04
1.986560361390795118e-04
1.986484351825574157e-04
1.985676830167261290e-04
1.985856999590393350e-04
4.255264601871368013e-01
0.000000000000000000e+00
1.224792751792863804e-17
0.000000000000000000e+00
1.186277834328523491e-03
7.326947757245425323e-04
1.185932652854499196e-03
7.068643572373043606e-151
1.871830615067869921e-02
0.000000000000000000e+00
1.186937347552750139e-03
1.894429714218658425e-02
4.728072874575409840e-02
1.231358638630278557e-01
0.000000000000000000e+00
4.281526685487054285e-01
2.000490822914260773e-03
6.744630106231916270e-05
5.787237009763256390e-01
1.814767425989167792e-87
1.999797040385506777e-03
3.066572230629668216e-05
3.671355761412595231e-01
0.000000000000000000e+00
4.288955123000772751e-01
1.973593760889490487e-07
4.857681482792508214e-07
3.955579134912355632e-02
2.672425462314740179e-12
6.343081460573864366e-06
1.973593193685262010e-07
0.000000000000000000e+00
1.220230243862986340e-24
1.186779325561926812e-03
2.180722677175711193e-06
0.000000000000000000e+00
7.330538318546619796e-04
9.240569025135904769e-04
0.000000000000000000e+00
6.744591093142256687e-05
7.407518965931908275e-12
3.066641216519241876e-05
2.180724160853230381e-06
6.037728450969195304e-01
1.206325278210903795e-01
4.421193920657965357e-04
4.889130428033103775e-235
1.985944139920804068e-04
1.084667432811973308e-05
1.986041740006795717e-04
1.985884299971288358e-04
6.142591834798549755e-01
7.071936231100803124e-152
1.985809491556475104e-04
1.084672317387361109e-05
1.186909552502492422e-03
1.893209870965373992e-02
6.613019246396108426e-189
4.714592972885198879e-02
1.257346230669664885e-06
1.257346037085006364e-06
1.186524630102391053e-03
0.000000000000000000e+00
4.581271203545454404e-03
1.240303953838655660e-01
0.000000000000000000e+00
1.985924704404783874e-04
1.973594048738572866e-07
4.784020750939059208e-01
1.986120164790610104e-04
1.986123976890779598e-04
1.986131535129761116e-04
6.744746412381511132e-05
7.332549074355974991e-04
1.973592562343256987e-07
6.744799045000874499e-05
1.257349537732938066e-06
1.257346942159066055e-06
1.257346065220899984e-06
1.084685521492580259e-05
1.973593469572563107e-07
1.973592885703895777e-07
1.257349518310838292e-06
1.084665067611492296e-05
1.084666121601324482e-05
1.986404732653280862e-04
0.000000000000000000e+00
4.584318700087238602e-03
1.186966599306119507e-03
1.973594692559712072e-07
1.973593847285136130e-07
1.973594426882050607e-07
1.084664421633632707e-05
6.423672635077813942e-01
3.066638819673254539e-05
1.545719473742639556e-69
4.895581775701036698e-01
1.947604359610429843e-17
1.985932744081720215e-04
5.704073986693843158e-18
1.248224827844439805e-01
1.084667153249950498e-05
1.217923301784913370e-01
6.113829434370660065e-01
1.999652980598963774e-03
0.000000000000000000e+00
8.228073962506462502e-01
7.330602624204263229e-04
4.290140014352556985e-01
4.586002990461892671e-03
1.895558578170293551e-02
3.028444279675371331e-01
2.535033793457444954e-220
4.711897541435027675e-02
7.329894680850304513e-04
1.260188526614349214e-01
0.000000000000000000e+00
2.443276468898920497e-273
3.069346418114727038e-25
1.985926283721746726e-04
6.690825298663902229e-111
1.870469882978730708e-02
4.588238955333703295e-01
0.000000000000000000e+00
1.986056773628338732e-04
2.941239501825106450e-144
0.000000000000000000e+00
0.000000000000000000e+00
3.104508052975377575e-05
1.120737589448699580e-145
5.167024321466123478e-165
4.661680076560169583e-01
0.000000000000000000e+00
0.000000000000000000e+00
1.985994601700212157e-04
3.591765906576445715e-29
1.879116673469682572e-02
4.740059825865793747e-02
8.398325561043038716e-22
0.000000000000000000e+00
0.000000000000000000e+00
5.004075165519332735e-01
0.000000000000000000e+00
1.043774781953618418e-04
2.180722750274270835e-06
2.180723851766886215e-06
6.507203771569552986e-02
1.084667180800895659e-05
1.876773149140182478e-02
1.084670231529834775e-05
3.278288557697175912e-19
1.084667200878124554e-05
0.000000000000000000e+00
1.186543776277692490e-03
1.186555256762624995e-03
7.331369328573788093e-04
0.000000000000000000e+00
7.525239665003580387e-03
5.635751277474274623e-01
1.986739120596439417e-04
1.219439616694970724e-01
1.220865493377829847e-01
1.882381775336226457e-02
1.879096526159854466e-02
7.785512973954536025e-66
7.524977528581738677e-03
1.186822191276906560e-03
1.986311226090513326e-04
0.000000000000000000e+00
4.421656922493045431e-04
1.986390532172345675e-04
1.985935536490529823e-04
1.985855826345466575e-04
1.986305739969921496e-04
7.522124113886518963e-03
4.421946901605863702e-04
1.257349847603750149e-06
1.887614446651486935e-02
1.986892047841035147e-04
6.928296865780069167e-88
1.985808673827184519e-04
1.986279480711409834e-04
1.868059043432190522e-02
7.331511031498130467e-04
2.180725764540813179e-06
4.758875298273082532e-02
4.410698630065353343e-01
1.885690265120665635e-02
1.889777399152797743e-02
1.257350622836881309e-06
1.257351341501141127e-06
1.257351350260767715e-06
3.066678108019729347e-05
1.257351197532226714e-06
1.866832375552644058e-02
0.000000000000000000e+00
2.839425601715529502e-262
1.015334144971503801e-13
1.745539907900953546e-12
0.000000000000000000e+00
1.973592833786118241e-07
0.000000000000000000e+00
3.066674146490633995e-05
1.973593084392976432e-07
0.000000000000000000e+00
1.973593262023458267e-07
3.066587147832772621e-05
1.257346804896434205e-06
4.422237162243933218e-04
1.973592391002419361e-07
1.084666831477690782e-05
7.327331171476303071e-04
3.066582171957827794e-05
4.905772406139368158e-01
3.066638561012895918e-05
4.692325797552884120e-02
1.891450005553911226e-02
4.421503824315986368e-04
1.007422606431755800e-167
5.994386222850732209e-63
4.749936421406071585e-02
1.986648302590436252e-04
1.986487294669764606e-04
1.999502526714576258e-03
4.422137933249793880e-04
1.986114353821595102e-04
1.864543550425257906e-02
4.421379471899096751e-04
0.000000000000000000e+00
1.079313235267384403e-06
7.331002586910997758e-04
2.763566129072949663e-03
7.093931163725729306e-05
0.000000000000000000e+00
1.986267523431638204e-04
1.986265197203222039e-04
1.986244799470714259e-04
1.985832465364011632e-04
1.986542511358851308e-04
5.352435556637077533e-13
0.000000000000000000e+00
3.385079786922259727e-35
0.000000000000000000e+00
2.317143663380114024e-32
5.382762181322832754e-03
4.519223957706637318e-01
8.108282948202736318e-01
3.667120734467870498e-259
9.675116667022508084e-98
1.985943746485898374e-04
1.889585343195325853e-02
0.000000000000000000e+00
0.000000000000000000e+00
7.315926528218983371e-01
5.521034864797698116e-01
3.685913097881950429e-01
1.186921898001092827e-03
2.124842785809521670e-02
3.439648069338976684e-24
5.473195988148712443e-01
7.877392165103060319e-41
1.650511258835848287e-09
0.000000000000000000e+00
7.332433396223600333e-04
1.186055904093317667e-03
1.324142466162469650e-07
5.320008643413010401e-21
1.185897719762898581e-03
0.000000000000000000e+00
4.421803084319122514e-04
1.986068760520231765e-04
6.133831143200774161e-01
3.954387125962064431e-01
4.689278612149565539e-01
3.994627055927523762e-01
4.060222045011581127e-01
2.448736743351368899e-20
2.828041637740413998e-20
5.572173756345351059e-01
1.218527341154181792e-01
1.241222639694317398e-01
1.084664159734615490e-05
1.257348030407822826e-06
1.084668047752394924e-05
4.162154081550571705e-02
1.973594283700595937e-07
5.455610214406669822e-01
3.973127817397761636e-05
1.233996978695144214e-01
1.999472183579157052e-03
2.000318050317942582e-03
7.058288577718810908e-01
1.973593753300344477e-07
2.180725145709239517e-06
