# level_assignment log_likelihood tiebreaker ID
0 -2.704331114971656916e+03 2.756609703275594292e-01 0
0 -2.157462776185154326e+03 7.428013664386846626e-01 4
2 -1.439665892498205267e+03 2.255977489036502526e-01 0
0 -1.848372023906737695e+03 4.460516239316397735e-02 0
4 -1.397285294486406201e+03 6.672781402401350981e-01 1
0 -2.011470734782455565e+03 7.250699521833153804e-01 2
3 -1.413619660172912972e+03 6.260299156898870843e-01 3
5 -1.376345507517447459e+03 4.589105340475145844e-01 0
5 -1.368241245939331293e+03 5.481437465004412868e-01 2
0 -2.111641937588724431e+03 2.784563182886152788e-01 4
5 -1.372737246582646549e+03 3.404421188847486235e-01 4
0 -1.472039252652778032e+03 1.302134902244205250e-01 1
1 -1.438908321676588002e+03 9.014472142600095106e-01 3
5 -1.373159376078485366e+03 9.200948834868809545e-01 0
2 -1.448918274943172491e+03 6.219954332608529368e-01 2
6 -1.370572987386176010e+03 5.303415952115622112e-01 1
9 -1.358914714127402931e+03 8.556603992500886324e-01 2
7 -1.359804705583108216e+03 4.003251495599741694e-01 2
2 -1.437334513871998979e+03 5.081437739126657416e-01 0
10 -1.355879211051266793e+03 4.555528145183900257e-01 0
6 -1.375434322220300601e+03 4.130334127261416910e-01 4
4 -1.399619843089951246e+03 5.147592754000792636e-01 1
7 -1.365824577086668796e+03 5.837766648791157253e-01 1
4 -1.390944318991709224e+03 9.798637558695134642e-01 1
4 -1.396335263923540879e+03 6.929871015902846487e-01 1
0 -2.564004521485680925e+03 4.179959133353250422e-02 2
11 -1.355906174121271306e+03 6.967770871026295332e-01 0
0 -1.534314444140350133e+03 2.012702084168092043e-01 4
0 -3.522566605985487513e+03 8.107154878838169765e-01 1
4 -1.399621796246928170e+03 9.528004437688215589e-01 0
2 -1.429526530676200991e+03 4.749289657760635830e-01 4
8 -1.362496763383445341e+03 7.353335220011784079e-01 1
2 -1.428155418590242789e+03 5.561821889910200101e-01 1
10 -1.356481386529917472e+03 5.006936755834383579e-01 3
12 -1.355392342832211398e+03 1.278406431026486434e-01 3
8 -1.359700578961676911e+03 3.643508454971878391e-02 1
4 -1.380130098984524921e+03 2.751681798001079926e-01 4
3 -1.414948419266550445e+03 5.733585997823595903e-01 0
12 -1.355353365033361797e+03 4.279883553494778781e-01 4
10 -1.356179189860002225e+03 9.270140823311705525e-01 2
11 -1.355200331828208164e+03 9.783101472147753830e-01 0
15 -1.354830941550714670e+03 7.665724286875017501e-01 1
6 -1.359883138976995724e+03 7.340957149106288604e-01 4
17 -1.354763310475006165e+03 7.556517502310526879e-01 3
17 -1.354775838799470876e+03 4.873932400222180661e-01 3
5 -1.372143057190533455e+03 8.174095478844094487e-01 1
10 -1.356375154311065671e+03 4.980047728723002720e-01 1
15 -1.354908933380739654e+03 4.789797656443324780e-01 1
12 -1.355431171754238676e+03 5.411126634150675851e-01 4
11 -1.355270477561513417e+03 6.826034971820527097e-02 0
17 -1.354772076607579493e+03 6.737662260845637130e-01 0
13 -1.354975596055909136e+03 9.415942470495721750e-01 3
17 -1.354751925256872255e+03 6.373140636235896661e-01 4
17 -1.354727961124301373e+03 4.746862890155796322e-01 4
15 -1.354830535028041822e+03 6.955602647972805030e-01 3
15 -1.354894145053715420e+03 2.056308479707037451e-01 3
16 -1.354735972595308340e+03 3.625981979684632095e-01 3
20 -1.354679679744061559e+03 5.717008047782645708e-02 1
17 -1.354742604204044483e+03 4.831081757222673717e-02 4
16 -1.354749940695589885e+03 1.641729604259682673e-01 4
22 -1.354678180685020834e+03 8.207165200629691348e-01 1
20 -1.354670134424269690e+03 3.271333588697882266e-01 0
13 -1.355033745046899185e+03 1.744677998768311700e-01 3
8 -1.361152287412975738e+03 3.280183460444503485e-01 2
21 -1.354681277874170064e+03 6.521521305091587672e-01 4
4 -1.376717882550290142e+03 2.658692836708547724e-01 2
18 -1.354704287094638175e+03 1.408884793465369767e-01 4
9 -1.358809599868238365e+03 2.830473690410199583e-01 0
23 -1.354671734341047340e+03 4.279214817868550735e-01 1
4 -1.370141708309334263e+03 8.761087258463611249e-01 2
8 -1.357369085742979678e+03 1.065373338329459046e-01 4
19 -1.354705533748855942e+03 9.029079558405334049e-01 3
6 -1.367200117866153050e+03 3.322180413624697959e-01 0
2 -1.409291461620678092e+03 4.958027279035874813e-01 0
14 -1.354987505197686460e+03 5.985162952245434154e-01 4
22 -1.354671981256300114e+03 5.785807821613420110e-02 1
12 -1.355148287138653359e+03 4.117138967640903147e-01 3
2 -1.427728852551287673e+03 2.174479710423131706e-01 4
18 -1.354719434922155870e+03 6.519540803215626568e-01 3
15 -1.354884615520963052e+03 8.382386242381870689e-01 3
18 -1.354729800133991830e+03 6.979332310052375199e-01 3
12 -1.355173846581375301e+03 7.185707766694084953e-01 4
15 -1.354823268953337447e+03 9.522218081627611408e-01 2
7 -1.360494973512707020e+03 8.701519729513473855e-01 0
10 -1.356820047677018010e+03 7.474620618832084062e-02 4
15 -1.354858072746700373e+03 6.645888277646072595e-02 2
6 -1.357266987576869269e+03 9.433701739554194443e-01 1
12 -1.355285088889553663e+03 2.859598228722632918e-01 0
10 -1.356145651577500757e+03 6.080406741147328376e-01 1
1 -1.474041816243592166e+03 2.716001698936576503e-02 0
12 -1.355303445915105158e+03 1.747495310241675148e-01 4
13 -1.354848570663920555e+03 1.971858456701764961e-01 4
15 -1.354820167604249036e+03 3.861696770460616435e-01 0
11 -1.355511099984295697e+03 5.160115721738547379e-01 2
10 -1.356196419736581447e+03 6.048126418182455666e-01 1
24 -1.354666126138831714e+03 7.711084238056333806e-01 1
8 -1.358926250174714824e+03 2.566269186705642524e-01 4
22 -1.354673274123688316e+03 8.335121204605755452e-01 1
26 -1.354659102328110066e+03 6.579717189879552564e-02 3
17 -1.354759402709411006e+03 7.993254258760851272e-01 0
19 -1.354707869766849853e+03 9.974025049923804787e-01 0
24 -1.354665268269530316e+03 3.611905779008947048e-01 1
24 -1.354667073876063796e+03 5.108428325039947315e-02 3
27 -1.354656636622457881e+03 2.210579219414370300e-01 1
25 -1.354662510837752507e+03 1.360575257093192547e-01 2
25 -1.354662127041448912e+03 5.819000400099261228e-01 1
28 -1.354655220902350493e+03 3.271450284655247898e-01 1
29 -1.354650346960156185e+03 5.256059326101620854e-01 1
2 -1.417706252198491939e+03 4.560721676656145362e-01 0
9 -1.356304090140495646e+03 7.728684453684016020e-01 0
27 -1.354653320948100827e+03 5.073814328756458547e-01 4
27 -1.354654418064166975e+03 8.757260601814234047e-01 2
29 -1.354652049500390603e+03 4.484758783713496122e-01 3
28 -1.354655157170681377e+03 8.703628192972923117e-02 1
29 -1.354652776829834238e+03 6.292455528420013433e-01 3
27 -1.354656254713682301e+03 8.292225623891106290e-01 1
24 -1.354664760357325804e+03 1.720804591529327965e-01 2
27 -1.354656068312397110e+03 1.396735399103027353e-01 2
28 -1.354654607164711479e+03 1.650118690484736472e-01 1
24 -1.354656846884786773e+03 3.078202656063625531e-01 1
9 -1.357718169440013526e+03 4.587355939165534413e-01 0
29 -1.354650474765059698e+03 2.916971880434675590e-01 3
4 -1.369830760904547788e+03 7.878066779818794219e-01 0
1 -1.444500743042327031e+03 7.598615895016491706e-01 0
26 -1.354654541845632366e+03 5.942173175125874396e-01 3
26 -1.354658885775002318e+03 8.293921090453686418e-01 3
20 -1.354694002677565550e+03 8.912636898875003766e-01 4
20 -1.354683243231402002e+03 9.827378338693075754e-01 2
29 -1.354650271289526927e+03 6.863064602426907079e-01 1
24 -1.354659883674596585e+03 9.350322838774348666e-01 3
15 -1.354894609716590821e+03 2.018557481544268339e-01 0
26 -1.354652309527808939e+03 8.648379805594560987e-02 1
20 -1.354681814619510305e+03 5.420840543026606007e-01 2
12 -1.355262944707672204e+03 4.496081126321911370e-01 0
8 -1.355787422773903472e+03 3.023843470884491902e-01 0
7 -1.365353143412417694e+03 6.577171908992686111e-01 0
9 -1.356614804091029328e+03 8.725502746860573922e-01 0
3 -1.415904678908862934e+03 7.532537516155137780e-01 2
22 -1.354676913783896453e+03 2.620044593165593572e-01 3
14 -1.354994740721977905e+03 1.844031541749657777e-02 2
12 -1.355455675352088974e+03 4.622490307990190783e-01 1
5 -1.376686830665358912e+03 5.343749405647495454e-01 2
3 -1.370455908757039197e+03 3.093132105735133530e-01 2
3 -1.413765812305659892e+03 2.782272183934040299e-01 3
5 -1.376003233789072056e+03 7.406177243552292122e-01 3
19 -1.354692952329590298e+03 6.014310562435000174e-01 4
13 -1.355159724101302800e+03 1.535784738683824424e-01 0
13 -1.354947353496382675e+03 9.584007104167203694e-01 0
8 -1.360716680629465827e+03 2.219284166000393133e-01 0
1 -1.517313122549022182e+03 2.133870677267646343e-01 2
9 -1.355604430755226076e+03 8.621903572755682532e-01 3
4 -1.375457533671712326e+03 2.079051789159889196e-01 1
7 -1.368138626445982709e+03 9.779355140980029448e-01 0
13 -1.355044972075253327e+03 8.524826903090220176e-01 1
11 -1.355708460682414625e+03 5.217996985490689354e-01 1
5 -1.371510901507459266e+03 7.459033288582777033e-01 1
0 -2.422296470077032154e+03 9.259370837763636342e-01 0
17 -1.354776243614580835e+03 3.439641888664979885e-01 3
23 -1.354667971591517016e+03 8.612724873759961541e-01 2
9 -1.359404109201829215e+03 4.690976909974864384e-02 3
24 -1.354663093954770602e+03 1.258881444159758445e-01 4
20 -1.354693829526146374e+03 7.400809210653860326e-01 1
22 -1.354673712414055672e+03 4.155324535349070314e-01 4
19 -1.354680085353842742e+03 4.040410287212781171e-01 4
18 -1.354743324260643931e+03 7.571908182673934284e-01 1
19 -1.354705091976323502e+03 3.180143453842084189e-01 2
12 -1.355317800180733911e+03 6.089015306853962084e-01 0
22 -1.354675892750153025e+03 2.130586351883695384e-01 2
5 -1.369826000177594324e+03 1.798872485645885144e-01 1
0 -2.983550926309229453e+03 4.182526124178833626e-01 1
3 -1.404363641976360441e+03 4.057085902525106591e-01 0
27 -1.354655914848794737e+03 4.525947611145364480e-01 4
13 -1.354909328620930182e+03 4.257839904444098850e-02 2
7 -1.361277018114806651e+03 2.332178283928740825e-01 2
2 -1.415809565514672840e+03 8.233334235948284174e-01 1
20 -1.354682288392950795e+03 9.604162921189942637e-01 4
19 -1.354703740746281937e+03 3.873511281779681847e-01 4
8 -1.362878168344465394e+03 6.487866220819193952e-01 0
1 -1.470808685075402309e+03 8.315840959669573706e-02 0
21 -1.354682796147994168e+03 7.554763025531583409e-01 4
28 -1.354652588077850396e+03 1.335770964330715849e-01 4
13 -1.355113559964382603e+03 9.564174450338729372e-01 1
13 -1.354876410677365584e+03 7.551949545332607983e-01 3
19 -1.354702222168518347e+03 7.287632707628997064e-01 1
2 -1.414928044562600007e+03 3.979411495060672377e-01 2
16 -1.354752419649745434e+03 4.114874790967668061e-02 1
4 -1.377471409956616981e+03 7.164687555511358719e-01 0
13 -1.355190342698011364e+03 3.721804380110290689e-01 2
2 -1.411001779433295496e+03 8.611583873590807903e-01 0
5 -1.380667931261762988e+03 5.274899706887442585e-01 0
5 -1.357919953836546028e+03 6.333246877508086348e-01 4
15 -1.354792685676517067e+03 5.861734323831679916e-02 2
5 -1.381815492942398350e+03 6.635600913044380489e-01 4
8 -1.360678848646485221e+03 9.425516982007928757e-01 4
2 -1.406691442184428070e+03 3.282952402601280184e-01 2
28 -1.354655083948626725e+03 6.150682765007577935e-01 1
9 -1.358641381187203706e+03 7.034166906806049724e-01 0
6 -1.362184359123857803e+03 6.222557931131761366e-01 2
29 -1.354652852874133032e+03 3.613892473004365335e-01 1
10 -1.356454641689598247e+03 3.497740547605645567e-01 2
2 -1.396886707835416701e+03 5.467353161904284775e-01 4
6 -1.371847562200656739e+03 3.193821017226765591e-01 4
4 -1.392787614793275225e+03 3.847603121144390625e-01 2
8 -1.360279393369210311e+03 2.570060771575554126e-01 4
12 -1.355430961879567121e+03 1.526458969013049227e-01 4
8 -1.361310463632091341e+03 9.926527026460465475e-01 0
4 -1.380288835603407051e+03 3.238468241560599203e-01 4
7 -1.362037157519666835e+03 5.319148605051509104e-01 4
19 -1.354706022531988765e+03 4.950054001165039574e-01 2
9 -1.358101176207934486e+03 6.803141083734570715e-02 4
0 -1.873996631862938557e+03 8.623305937410011834e-01 3
3 -1.413272703166873271e+03 3.406035772159546893e-01 3
12 -1.355387464894415643e+03 1.210977021846930957e-01 3
9 -1.357182654970718886e+03 2.668818873035179728e-01 4
26 -1.354659233082074479e+03 6.075203287604807878e-01 1
25 -1.354657780945936793e+03 5.688530823132937897e-01 2
2 -1.443656824881475131e+03 2.459889088463188545e-01 4
21 -1.354678478266882394e+03 1.905108174719456204e-01 3
24 -1.354662912283236437e+03 9.576434989492127459e-01 3
21 -1.354679688495540631e+03 3.490452905002071771e-03 2
17 -1.354772780991931086e+03 7.180856171838847501e-01 4
22 -1.354676332317081460e+03 2.051600873237269806e-01 2
18 -1.354714642163911321e+03 4.935993428407757788e-01 2
29 -1.354652001032852695e+03 6.753544636545461000e-01 4
16 -1.354752216166429207e+03 5.775505267918247254e-01 2
27 -1.354653162350738057e+03 1.149420228388235987e-01 3
26 -1.354658369123413650e+03 5.034798747991295897e-01 2
6 -1.364995566739353535e+03 4.933667065687972197e-01 0
27 -1.354655860205066801e+03 8.855434923837468553e-01 2
4 -1.385436359594850273e+03 9.038125341190136330e-01 4
1 -1.542169042801654086e+03 1.137107254050075955e-01 3
5 -1.377511267097011569e+03 4.416652323105043076e-01 3
2 -1.424955810447445174e+03 8.425534299599335419e-01 3
16 -1.354809894346016790e+03 4.188783885861955270e-01 2
12 -1.355242537140927197e+03 9.332779785912377335e-01 1
13 -1.355206966896371114e+03 2.567321134804544380e-01 1
8 -1.360365417478231393e+03 5.225019854022718846e-01 3
25 -1.354660369923536109e+03 8.675077176147431013e-01 2
26 -1.354658538329383191e+03 7.764766940657414906e-01 2
8 -1.358539016015218749e+03 7.490626507742591533e-01 4
8 -1.360014768526527178e+03 6.961586351545463458e-01 4
13 -1.355200493006381294e+03 8.611842739592985296e-01 4
23 -1.354669927737840908e+03 9.271314579973832792e-02 2
6 -1.372102781763801204e+03 4.677156603478630492e-01 3
8 -1.356702043853398209e+03 3.048013365632034066e-01 3
4 -1.387938356982987443e+03 3.313629433860011964e-01 1
28 -1.354655256114755502e+03 6.366779673920669458e-01 4
22 -1.354671337012762251e+03 5.686492905568028000e-01 2
17 -1.354744508341015944e+03 5.053112911590426082e-01 1
21 -1.354685327171132030e+03 9.359726921093505791e-02 0
6 -1.373148276215983515e+03 9.045476741992037883e-01 3
26 -1.354659079976671364e+03 8.999371270008970081e-01 0
23 -1.354665769527520069e+03 6.420733559442023397e-01 4
28 -1.354648141678154161e+03 5.369977390930231742e-01 1
17 -1.354725878584568818e+03 9.216845401833829721e-01 2
5 -1.384066256103392789e+03 1.715609621778098060e-01 3
7 -1.363221026591331565e+03 2.543609321824435443e-01 4
11 -1.355346182692272578e+03 9.839172375849170038e-01 2
7 -1.366148020289749638e+03 9.610165354544264460e-01 4
29 -1.354649910072839248e+03 7.884351551268591329e-01 0
0 -2.158963792768503026e+03 3.914575496648169395e-01 2
18 -1.354726812996319040e+03 4.120554336704990162e-02 1
10 -1.356652762859864197e+03 5.355744185614783603e-01 2
12 -1.355001255905242942e+03 7.615765763424782175e-01 4
18 -1.354696043471677513e+03 2.691525255503202652e-01 1
0 -1.498095297937409441e+03 6.270220948429972019e-02 4
15 -1.354806942037307635e+03 5.035418459726236362e-01 1
15 -1.354891794542165826e+03 5.502030161223101512e-01 4
14 -1.355011667066846712e+03 4.121738755780768315e-01 4
20 -1.354685028900378256e+03 2.455217922903951688e-02 4
17 -1.354758461499176974e+03 3.201020599358905816e-01 1
28 -1.354654250217447043e+03 1.270601611499317940e-01 4
29 -1.354653057688466561e+03 4.811728553225798066e-01 0
7 -1.362325224816777336e+03 6.573188048477085488e-02 3
23 -1.354667396804590226e+03 5.386265976313424630e-01 0
14 -1.354894679593461660e+03 3.787271451324341620e-01 1
28 -1.354650580640030512e+03 5.304159078792523019e-01 4
23 -1.354672213434315836e+03 1.422708812332129646e-01 4
8 -1.360204969039721618e+03 7.936531028009632394e-01 1
7 -1.360582942393995381e+03 1.994038078940363334e-01 2
9 -1.358931431455271195e+03 4.674873657901569557e-02 1
6 -1.366308828614780396e+03 6.650515771456093628e-01 3
24 -1.354662289503762622e+03 7.153075335920704436e-01 4
4 -1.391707337263799900e+03 2.894520230668579663e-01 2
15 -1.354843355640995242e+03 6.228820949230455817e-01 3
25 -1.354650369156503075e+03 1.157568984851176513e-01 4
6 -1.372682388601381717e+03 7.428587260686070337e-01 3
2 -1.406169189132524480e+03 7.616807106701718455e-01 3
22 -1.354676889992444103e+03 3.766315992167894589e-01 0
13 -1.355112916855634921e+03 8.890051557610885169e-01 2
7 -1.365968971624612323e+03 2.016872508217464333e-01 2
1 -1.490642311319676992e+03 5.826240176045841546e-01 1
8 -1.361473755602242591e+03 5.482532489366800377e-01 2
1 -1.504242137506757672e+03 9.213841459940634859e-01 3
27 -1.354656115358071929e+03 4.248941962242689385e-01 4
7 -1.367411595623082121e+03 1.131739255698693825e-01 1
14 -1.355020957498069038e+03 5.018662734480359155e-01 1
17 -1.354723742445665266e+03 5.148829710137575733e-01 2
22 -1.354671796572847597e+03 4.769957448854746929e-01 4
23 -1.354670100899390945e+03 1.621282787586464380e-02 4
23 -1.354667893583654404e+03 4.426897035506679456e-01 4
17 -1.354759444063762658e+03 2.059940932206558717e-01 0
9 -1.355800188419912502e+03 6.539631624047687053e-01 1
2 -1.410592180572652069e+03 9.372913457281327743e-01 3
8 -1.360434118209276676e+03 1.137712036685958050e-01 3
21 -1.354681440096541792e+03 2.771882370133033624e-01 0
29 -1.354646360816654578e+03 8.762586292055545290e-01 4
1 -1.481599634381136866e+03 2.910044891143380164e-01 2
13 -1.355090794486129653e+03 6.517999250439908687e-01 0
26 -1.354653742122641688e+03 3.444753042474170690e-01 4
20 -1.354691697320989988e+03 6.744880077021409015e-01 0
10 -1.356219972954600507e+03 6.457598888145467120e-01 1
15 -1.354896167563463223e+03 5.895464735086477504e-01 3
29 -1.354651073715846906e+03 9.283578742001239448e-01 4
1 -1.368612708713723805e+03 9.197842201985069466e-02 1
25 -1.354656651122725407e+03 1.937487094325973658e-01 4
21 -1.354683211692492023e+03 3.793151495765606507e-01 3
27 -1.354653181467857394e+03 7.249694072015239188e-01 4
0 -1.963575048299215268e+03 5.345224045494229720e-02 1
15 -1.354835357820213176e+03 4.764110112944546227e-01 1
5 -1.365163172198262146e+03 7.177690036108116400e-01 2
0 -1.754989077974732936e+03 2.495618205959084790e-01 2
1 -1.448761997059829127e+03 3.622472427132650830e-01 2
27 -1.354655844396669636e+03 7.577220481364971283e-01 4
13 -1.355145566743538893e+03 6.956080868969437558e-01 3
26 -1.354657573208100075e+03 6.359134569889864919e-01 4
23 -1.354671472749397935e+03 4.175745480986152725e-01 1
22 -1.354677902698005937e+03 4.455274708019205110e-01 0
11 -1.355600355732594153e+03 6.153017514699727908e-01 1
25 -1.354657401999857029e+03 3.027429784647654998e-01 4
12 -1.355183039808400736e+03 9.846367714277733940e-01 3
2 -1.379901115282270894e+03 6.231533727834296377e-01 1
4 -1.393138929183660366e+03 6.810906537846515008e-01 2
2 -1.375715895602665114e+03 7.962524249038548385e-01 2
0 -1.719795444914702330e+03 8.648813380737092604e-01 2
11 -1.354837656641382637e+03 2.313995360622920217e-01 2
13 -1.355170907547010984e+03 5.154237488414459278e-02 2
22 -1.354660714520136480e+03 5.424357153139727217e-01 4
24 -1.354661094588424930e+03 5.931863985904012315e-01 0
21 -1.354680421671570912e+03 6.912993402458766923e-01 3
11 -1.355909682264019921e+03 1.541642028561896471e-01 1
2 -1.442468022239389029e+03 4.656027076327707848e-01 1
17 -1.354704730343631809e+03 5.851491618926751848e-01 0
1 -1.466380436085783003e+03 6.197416718005591685e-01 1
20 -1.354679379292597559e+03 9.610393725310690805e-01 0
11 -1.355900938635255898e+03 6.077559672084642539e-01 1
29 -1.354651632014612915e+03 2.282009770728724574e-01 3
22 -1.354665558045890521e+03 6.450187760721328711e-01 3
17 -1.354758646796801258e+03 2.463688390319099808e-01 2
27 -1.354654355629042584e+03 2.348368495809309009e-01 4
13 -1.354736732490567874e+03 4.984678392494625854e-01 0
3 -1.413232278324898743e+03 7.314512115330220610e-01 1
24 -1.354666902013830850e+03 3.008617996555060792e-01 4
20 -1.354673189843806085e+03 3.338858088078198727e-01 0
0 -2.171511487291330923e+03 6.971461437400990890e-01 1
4 -1.397303560753558941e+03 7.777206459214447420e-02 1
12 -1.355417673110616306e+03 2.972397408793803208e-02 3
28 -1.354654916287165634e+03 3.819120064324361685e-01 4
17 -1.354739450127783584e+03 4.088279806479819811e-01 3
10 -1.355842699659697928e+03 1.336476019595487508e-01 1
13 -1.354933077374146478e+03 6.007595751853644916e-01 3
11 -1.355514593946177911e+03 2.618277546143428225e-01 3
25 -1.354662280304351043e+03 3.605880794427696046e-01 4
5 -1.380023670011756167e+03 4.359176114257319323e-01 1
12 -1.355236714957863342e+03 3.727609251929522305e-01 0
6 -1.370176861453897345e+03 9.744505994371163160e-01 3
3 -1.407688794240400512e+03 7.003432487122691619e-01 2
9 -1.358837478653175367e+03 6.927608112677909880e-01 4
10 -1.356454872547137711e+03 7.738983819165302647e-01 1
1 -1.448227984347203801e+03 8.122953195577968799e-01 1
10 -1.355906456345068818e+03 7.616750567647478931e-02 2
2 -1.439058978901517321e+03 5.092490388248943622e-01 3
9 -1.356690264148559436e+03 1.396196004338872143e-01 0
10 -1.356413929527951950e+03 7.657245859969353807e-01 2
7 -1.367924894588449661e+03 8.237942042236841012e-01 1
15 -1.354806557841627864e+03 5.010514248955568739e-01 2
1 -1.496530970617279763e+03 1.263364643564353074e-01 0
28 -1.354649646287320138e+03 9.962218788322780849e-01 3
10 -1.356928755930432544e+03 5.991240324012144791e-01 1
5 -1.382687555585929658e+03 8.528790021305469038e-01 0
23 -1.354665393643633934e+03 8.086475135576982609e-01 4
5 -1.378132721916189439e+03 5.557325945643468712e-01 0
20 -1.354693501888064475e+03 1.645701552344323582e-01 4
22 -1.354667355255690609e+03 3.509522145892485234e-01 4
9 -1.358357051891449828e+03 8.431035038917421565e-01 1
25 -1.354655335953389567e+03 4.372932801363099142e-01 3
10 -1.356336483579806099e+03 3.912410727707964497e-01 2
4 -1.382888891497487748e+03 1.557603470704539972e-01 0
8 -1.362932826173360581e+03 7.815040235521966139e-01 2
3 -1.414639812075187137e+03 7.586835839564715078e-01 0
22 -1.354669864838798958e+03 7.772117983109954054e-01 3
12 -1.355235337030357641e+03 5.411817386593469337e-01 1
5 -1.374722177989188367e+03 5.587505241108372545e-01 1
28 -1.354651794405532200e+03 3.911305828384296079e-01 4
28 -1.354654647374081605e+03 4.748278311126694629e-01 3
20 -1.354662936429224374e+03 6.080991714676090565e-01 4
20 -1.354691382495288508e+03 1.956978209758051257e-01 3
19 -1.354709449799991489e+03 3.070149770197105887e-02 3
19 -1.354697818389425265e+03 7.937270546659763726e-01 3
18 -1.354743639031998555e+03 5.549519962330065059e-01 2
1 -1.522888670278713334e+03 7.678119017493716392e-01 1
16 -1.354824224686187108e+03 4.213341173974846643e-01 2
24 -1.354666402531189760e+03 4.017293797835465030e-01 4
6 -1.373278383565469085e+03 2.266537637549760897e-01 0
27 -1.354652233426449584e+03 2.677312294060080200e-01 3
23 -1.354656360570982315e+03 5.496495261671298094e-01 4
27 -1.354654361728482854e+03 5.095185610313288649e-01 2
22 -1.354670684466892681e+03 1.032944542380127492e-02 2
5 -1.358141476710570259e+03 9.559067889134617024e-01 1
5 -1.354915165095877001e+03 8.311788027503776988e-01 1
21 -1.354676956266915568e+03 3.212795032087143454e-01 2
19 -1.354688460227539963e+03 6.979029161883442134e-01 2
26 -1.354658984401432463e+03 4.908119830251216342e-01 4
19 -1.354710243412037926e+03 1.949515809386257459e-01 1
3 -1.403517829679423812e+03 1.984481588132550045e-01 1
22 -1.354665906976173119e+03 5.148526825573505050e-01 3
20 -1.354677433342163567e+03 6.126085521904105491e-01 3
3 -1.411843810958473568e+03 1.695732121705046391e-01 2
16 -1.354801553655625185e+03 6.169856100442085989e-01 3
20 -1.354691520069670332e+03 3.521971931260765576e-01 2
10 -1.356592935128881436e+03 7.262598817134178208e-01 2
28 -1.354650679110742658e+03 7.454398642770557748e-01 4
6 -1.374420375292010249e+03 5.967077247791070516e-01 1
24 -1.354663335479717034e+03 2.869148866581667789e-01 4
2 -1.383444259692283822e+03 2.091704514072520449e-01 3
16 -1.354796450789116079e+03 5.288959741633477707e-01 3
9 -1.357772420976765034e+03 6.965198479215133354e-01 2
24 -1.354655430315729745e+03 9.195771224933437793e-01 4
18 -1.354741168774916332e+03 5.241516818738451988e-01 3
6 -1.367732690326171451e+03 5.232936881162433274e-01 1
21 -1.354685245294935612e+03 8.390338141071547184e-01 0
24 -1.354667113068871004e+03 4.369135256121768895e-01 0
2 -1.449329462100969067e+03 5.376046117580647321e-01 2
27 -1.354655600484192064e+03 6.269168994489970892e-01 0
23 -1.354663952288104383e+03 8.736362970404797090e-02 0
21 -1.354676346739249084e+03 6.743755453646012032e-01 0
28 -1.354650510204340890e+03 5.223042683751620840e-01 4
23 -1.354661586130381465e+03 8.646559294151394681e-01 4
1 -1.450146834423170731e+03 2.630498034444365696e-01 2
14 -1.354986532499215400e+03 4.764827760700874326e-01 2
20 -1.354679019303374844e+03 6.196912221427075540e-01 4
23 -1.354665872333115431e+03 3.011557100003852128e-01 0
9 -1.358790315366008599e+03 5.440108081399865902e-01 1
25 -1.354655455989314532e+03 6.553233783583891636e-01 0
1 -1.510507991261507868e+03 4.722687541506573883e-01 3
17 -1.354773489600567700e+03 9.286746890827654033e-01 2
26 -1.354659341213311563e+03 9.439910540030329589e-01 0
16 -1.354815712138012032e+03 2.858492662536316065e-01 2
23 -1.354664871730398318e+03 4.307594950136250933e-02 0
22 -1.354658413335617752e+03 3.328768547842599901e-01 0
26 -1.354655367917173180e+03 8.537896393430326469e-01 0
24 -1.354666017638543053e+03 2.184084141856737216e-01 4
26 -1.354658096144420597e+03 7.006293694649653458e-01 0
20 -1.354692957764972107e+03 9.866500563313440608e-01 4
28 -1.354654705539360293e+03 2.220260144262316548e-01 0
21 -1.354672998368254412e+03 8.147315667510832693e-01 0
23 -1.354663237070428522e+03 9.133685665457869085e-02 0
17 -1.354742975591609138e+03 6.236572763604373293e-01 2
20 -1.354694680485788012e+03 4.490323630640489228e-01 1
21 -1.354679775202549081e+03 2.470763827260033796e-01 2
29 -1.354653288184495977e+03 9.672409840095441691e-01 0
10 -1.355597804864969476e+03 2.028491169579387521e-01 2
28 -1.354651043502570701e+03 9.242250171126924485e-01 0
5 -1.380452024358243762e+03 9.134822920818016501e-01 2
29 -1.354648796159527592e+03 7.391244150541674829e-01 0
17 -1.354768085268274490e+03 4.622367717012674238e-01 4
20 -1.354690215698357406e+03 4.383861605022738028e-01 4
23 -1.354670557454340496e+03 1.235635381843792208e-01 1
29 -1.354647449643911841e+03 6.294138709190670866e-01 0
12 -1.355307909357753033e+03 2.731382773543269415e-01 3
16 -1.354780662561851841e+03 9.239044307040784609e-01 2
11 -1.355538839234047373e+03 9.600043386498936515e-01 1
25 -1.354656001140382841e+03 1.536490669433501211e-01 0
15 -1.354903011196644457e+03 9.635609364397137444e-01 4
10 -1.356787052876666394e+03 8.083058106452706282e-01 3
5 -1.375622939205895364e+03 1.580978431033113751e-01 4
29 -1.354652227862513655e+03 4.535083595674073709e-01 0
23 -1.354666654391338398e+03 7.561379983711882247e-01 0
9 -1.357594067513262644e+03 6.527351966803269789e-01 4
7 -1.362569685521606971e+03 5.259638471339549426e-01 3
28 -1.354652594836393519e+03 1.916591787313381978e-01 0
8 -1.362037126403127786e+03 3.179002068496217248e-01 1
1 -1.507208119684110216e+03 7.943284379173753962e-02 2
6 -1.368684480020693627e+03 4.960852738857868260e-01 2
13 -1.355133371047112632e+03 2.264540545923479087e-01 3
29 -1.354653135929487917e+03 5.179503578521860163e-02 0
18 -1.354742737040299971e+03 1.089269509910348460e-01 2
19 -1.354710004498571152e+03 3.558161029565710121e-01 4
22 -1.354675099247822573e+03 1.249205792458334963e-01 1
20 -1.354683634216529072e+03 4.387615640423960794e-01 1
17 -1.354745038582808320e+03 8.959179545103522768e-01 2
26 -1.354656927109271237e+03 3.788433529839886904e-01 3
27 -1.354656606366386995e+03 5.592276691104119957e-01 3
27 -1.354655263123387613e+03 1.601469473183110281e-01 0
20 -1.354687059803888133e+03 4.638175675824218747e-01 3
21 -1.354678981085781743e+03 3.580388844507940704e-01 0
26 -1.354656336890188413e+03 3.255348939867855895e-01 1
18 -1.354701805160492768e+03 7.530034766371919153e-01 4
25 -1.354655237361979744e+03 6.649345479433677042e-01 1
29 -1.354644002218575906e+03 7.248506541523682678e-01 2
27 -1.354657395138493030e+03 5.373643889902516291e-01 0
9 -1.358885538261517468e+03 7.916435788183238120e-01 3
19 -1.354679448268539090e+03 2.116720477607223205e-01 1
1 -1.530560094499303887e+03 6.470688837284441775e-01 3
14 -1.354985082804703552e+03 2.477192766245552846e-01 0
1 -1.437407821238709857e+03 8.806837421640398844e-01 3
8 -1.360767013538616084e+03 2.024507936344641656e-01 3
9 -1.355275435662410018e+03 7.746494758462119101e-01 0
10 -1.356969184075569501e+03 3.081943336721933435e-01 3
4 -1.392507654980860025e+03 4.465542330458691644e-01 1
2 -1.439810773748020893e+03 3.370713515022769613e-01 1
5 -1.384440579239254021e+03 9.806392875284630772e-01 0
13 -1.355074912422503076e+03 8.770261637578632419e-01 3
6 -1.366313139027366333e+03 3.816971323418664325e-02 3
3 -1.414714655909865996e+03 1.341604579112350148e-01 0
12 -1.355250190924138678e+03 1.038595440363425659e-01 0
3 -1.395028296242533315e+03 6.763810132572647404e-01 0
8 -1.359688009835227149e+03 2.337649158532180138e-01 2
15 -1.354861430720275166e+03 2.273218882866175905e-01 3
2 -1.441696626001489221e+03 5.619406769668193746e-01 2
8 -1.361168934102515095e+03 2.697838443399948050e-01 1
3 -1.410153333243947827e+03 1.800090073926229051e-02 2
3 -1.415848672178202605e+03 5.913150291756583687e-01 1
7 -1.367658980747442001e+03 4.552178218101752272e-01 4
5 -1.379168972076113278e+03 6.682220934726847972e-01 4
6 -1.363787450222011330e+03 2.580853590415420062e-01 4
16 -1.354818443451787516e+03 5.999738802038789842e-01 2
5 -1.359488833028990939e+03 3.575259220959843276e-01 4
27 -1.354655738122390403e+03 4.977077557236597727e-02 0
27 -1.354657058707285842e+03 7.756860663076690088e-01 3
21 -1.354683248142582670e+03 8.652257714381286213e-01 2
14 -1.354863253320790136e+03 5.330043125520115277e-01 4
14 -1.354962361696887001e+03 7.189067893422040889e-01 4
28 -1.354655000608205683e+03 6.397338997038031216e-01 0
13 -1.355086489025426999e+03 2.901570387190345879e-01 2
22 -1.354655049279000195e+03 2.827692445810794375e-01 3
22 -1.354671327420665421e+03 8.047248064733669715e-01 0
0 -1.563798270159428057e+03 9.350747549610431975e-01 4
7 -1.365614074735373606e+03 1.801814812913891117e-01 2
24 -1.354653646803561287e+03 5.936123475597002708e-01 3
11 -1.355624748600444946e+03 8.728926253144321246e-01 1
15 -1.354807886825613423e+03 5.872473949847942798e-01 4
18 -1.354722865681552776e+03 3.114669530990548107e-01 4
28 -1.354651189248582796e+03 2.384941347161522174e-01 3
20 -1.354692710763945797e+03 9.066919755954515603e-01 4
22 -1.354676017527882777e+03 2.550446226405697625e-01 4
27 -1.354654875986988827e+03 1.336289303763514291e-01 3
16 -1.354800173381210925e+03 1.895286962350866133e-01 1
20 -1.354675252354968734e+03 1.822832442212281023e-01 3
17 -1.354769232396687130e+03 4.880102873515107520e-01 4
20 -1.354690124297097100e+03 7.349731863135773313e-01 4
29 -1.354651704772296398e+03 9.359568126480127814e-02 3
25 -1.354660050704369041e+03 1.815174766745766277e-01 4
28 -1.354655051922345592e+03 6.233548914668564089e-01 0
22 -1.354670562337660613e+03 6.943733016083566412e-01 2
24 -1.354651314879182792e+03 4.354467938435563346e-01 4
26 -1.354658305717095800e+03 6.721693317721377792e-01 0
15 -1.354787960596708217e+03 4.750811760754025670e-02 2
5 -1.383216663057329470e+03 8.698179292935293017e-01 1
9 -1.357925320342607392e+03 4.707138472261925832e-01 1
29 -1.354653318121284883e+03 6.454064419055244306e-01 0
27 -1.354645536371217531e+03 5.559537498345967776e-01 3
7 -1.363661456722191360e+03 2.003159128655415122e-01 2
26 -1.354655973197583080e+03 2.335000176497410151e-01 0
2 -1.408250100319429066e+03 8.946790379514217573e-02 3
17 -1.354761653394411951e+03 1.946855377683149868e-01 4
10 -1.355741804031497395e+03 7.808721148220358899e-01 1
9 -1.356323217644502620e+03 1.808959464036534182e-01 1
13 -1.355093610912349732e+03 1.161041419475790093e-01 4
14 -1.355025441087424042e+03 8.055939864972140318e-01 1
3 -1.406859202508005183e+03 1.359632561188209854e-01 2
1 -1.422871794260177239e+03 8.992660370692009408e-01 1
6 -1.358821018734597374e+03 2.798796264847644988e-01 3
4 -1.383134691904266219e+03 5.613911081314753027e-01 3
25 -1.354663091641526762e+03 1.876108271967225072e-01 0
17 -1.354717614944315528e+03 7.891803561597080519e-01 0
1 -1.466623262833251374e+03 1.380069416436467411e-01 1
10 -1.356448277762483713e+03 8.221085690676029900e-01 1
16 -1.354819049562665896e+03 5.937988659131024916e-01 0
16 -1.354715046551393243e+03 7.663310770408582329e-02 0
5 -1.374419890693158095e+03 3.594032674386530846e-01 1
8 -1.362821024263322442e+03 4.405411933257546986e-01 4
5 -1.378995588582012942e+03 8.702182633118523691e-01 3
13 -1.354780889422016571e+03 1.154302193893634865e-01 3
13 -1.355163192278038878e+03 3.332166855206472045e-01 4
13 -1.355096158785824173e+03 9.799404624139324005e-01 4
4 -1.388650841975650792e+03 5.897462771627475231e-01 3
18 -1.354737251059356595e+03 7.564689749078700176e-01 1
13 -1.355052096593389706e+03 6.909947268173851631e-01 1
0 -2.520163887864145181e+03 4.986857639680977727e-01 3
26 -1.354657988822886637e+03 6.407462007400217541e-01 1
0 -2.383989527534555691e+03 5.671633075729949347e-01 4
17 -1.354756204600525734e+03 8.592423650648417510e-01 3
5 -1.381795214643251938e+03 3.101228154348847355e-01 4
19 -1.354670204278261735e+03 1.451026076256073660e-01 2
6 -1.375994328236134152e+03 7.667491002608134432e-01 4
25 -1.354654643281915014e+03 3.079854680556497470e-01 2
15 -1.354865157423869277e+03 8.338224669797741351e-01 3
20 -1.354689833428018119e+03 2.540136716392393246e-01 3
16 -1.354724172760301371e+03 6.819147196053521043e-02 3
6 -1.374140191668285752e+03 7.929221445976135374e-02 4
7 -1.365800809192967336e+03 9.744533259232273092e-01 4
3 -1.409679049568806022e+03 2.275657978553291549e-02 4
8 -1.357355760304247951e+03 7.327861966600239807e-01 4
25 -1.354656113814355876e+03 9.995063411843061463e-01 3
27 -1.354647147507043201e+03 8.893623359444676746e-01 3
4 -1.392236357551797482e+03 6.356357210774575828e-01 1
18 -1.354743681463493203e+03 7.494891948511999136e-01 4
22 -1.354657398613182977e+03 4.121464529834662494e-01 3
24 -1.354664989720865833e+03 4.861499386893683994e-01 3
13 -1.355081965551857138e+03 3.086374494734869245e-01 1
13 -1.354809751786422112e+03 6.257167778570742467e-01 2
17 -1.354761993563435681e+03 5.345202689781494154e-01 0
13 -1.355205115521327571e+03 4.280625504277676963e-02 0
19 -1.354701521928000147e+03 4.994680941311387401e-01 2
11 -1.355898058666652105e+03 2.146828348307212031e-01 1
22 -1.354654020466173506e+03 9.715555643903952543e-01 2
9 -1.356164633130639004e+03 8.868673488372098568e-01 4
29 -1.354651799733859889e+03 5.722408673276042634e-01 3
14 -1.354861681947636725e+03 1.513609106954945105e-01 1
0 -3.943455487462409110e+03 4.997209498042157194e-01 1
8 -1.360727701647584581e+03 1.546776267250304926e-01 4
28 -1.354652906169186281e+03 8.686347886760841241e-01 2
7 -1.367699377611017553e+03 1.160961740629905120e-01 4
6 -1.374407231178930033e+03 5.180627644950033250e-01 4
19 -1.354667918495363892e+03 2.403679770036129815e-01 3
29 -1.354651307013960832e+03 1.479051498302945411e-01 3
4 -1.388991412455816771e+03 1.607443622168158726e-01 0
15 -1.354798829853783445e+03 3.541965500023577795e-01 3
6 -1.367690086558326584e+03 4.263163079836806979e-01 0
19 -1.354708169550665389e+03 7.771426469703989204e-01 2
16 -1.354742644430657492e+03 3.015299161540639927e-01 2
22 -1.354672741519561214e+03 1.470917144189319847e-01 3
12 -1.354969103789373548e+03 9.539777140092242647e-01 2
21 -1.354673401683385691e+03 8.206761019012800418e-01 3
15 -1.354881702330330199e+03 4.227439617675898820e-01 0
12 -1.354990673755520675e+03 5.379637882540992955e-01 4
2 -1.429467277300155274e+03 8.030170419660578873e-02 1
3 -1.390521199027522016e+03 8.199719102662950121e-01 1
2 -1.431079809831252533e+03 7.673110070267039617e-01 2
15 -1.354780266919392261e+03 9.756651411558392439e-02 0
17 -1.354775597258011658e+03 6.015065945957971394e-01 0
12 -1.355340704194793943e+03 9.836414481371266172e-01 0
17 -1.354776339134751879e+03 5.637520813602351355e-01 1
19 -1.354696646399597284e+03 8.467229263107522996e-01 1
2 -1.443490383497351786e+03 3.656021431691467427e-01 2
26 -1.354658964935864105e+03 7.721267947417077560e-01 3
5 -1.364915153160698310e+03 9.813217548130012124e-01 0
25 -1.354660067451076202e+03 4.850670600718304248e-02 1
14 -1.354922001034297864e+03 8.170410317787701882e-01 3
7 -1.365290350749965910e+03 3.581859438887609604e-01 4
7 -1.362249978545503382e+03 3.596333561877171348e-02 3
2 -1.384830280748582936e+03 1.425657409595160463e-01 2
22 -1.354672982720205482e+03 3.813869205085188008e-02 4
4 -1.373853124349172504e+03 1.920167859544352762e-01 3
8 -1.359895176785649710e+03 8.658076592006835881e-02 2
7 -1.363326324540861606e+03 7.361718047123991249e-02 2
9 -1.358128337869446113e+03 7.589603463625611557e-01 3
12 -1.355399886483803584e+03 7.969755159474569695e-01 3
23 -1.354671428715779712e+03 9.881424419173963081e-01 1
1 -1.434209430958148914e+03 9.389835930344947457e-01 0
0 -2.981052441244522925e+03 5.649126496582734802e-02 2
5 -1.377945912984852384e+03 5.680179324716496669e-01 2
11 -1.355695730272175979e+03 1.564578982961255527e-01 2
1 -1.494306175620605245e+03 1.415335408841125187e-01 3
3 -1.405704005488862094e+03 2.640953666941625588e-01 3
4 -1.397268133845335797e+03 7.337987471137759066e-01 3
20 -1.354691271996523710e+03 3.084487448836339962e-01 2
1 -1.461210240107280242e+03 3.224121059221500829e-01 3
5 -1.378755793105929115e+03 9.319077296101183627e-01 3
25 -1.354659632672700809e+03 7.521619586924863654e-01 4
20 -1.354685955157780427e+03 9.837485224466990807e-01 1
8 -1.358822280104068341e+03 3.028977216888495416e-01 2
13 -1.355041840425790042e+03 4.128240333802807305e-01 3
8 -1.355949727365735271e+03 7.724943110489814746e-01 3
17 -1.354767679153631889e+03 3.583258736078605011e-01 2
28 -1.354654345168983127e+03 7.676453863335856997e-01 1
25 -1.354652955177827607e+03 2.183702882554688918e-01 4
16 -1.354789310831669582e+03 5.624458792061578505e-01 3
25 -1.354661425091207093e+03 5.674293461071684419e-01 1
27 -1.354657059269625279e+03 6.613525463589802200e-01 4
2 -1.440217377414182465e+03 8.388401735149840777e-01 0
15 -1.354874732800868514e+03 6.905158425111329601e-01 3
11 -1.355568142116047966e+03 1.924962766107896073e-01 0
24 -1.354655205406305640e+03 2.108924705561623369e-01 1
22 -1.354677652971133284e+03 6.086484157413196705e-02 1
27 -1.354653623554703699e+03 1.192151007069471857e-01 1
26 -1.354657470285385443e+03 3.057709514075486190e-01 1
23 -1.354660509451930238e+03 1.379274669784938678e-01 1
8 -1.358269921334230048e+03 3.506479959600383722e-02 3
20 -1.354694392820885696e+03 3.911776743840178483e-02 0
21 -1.354671179529872688e+03 3.843567551585644337e-01 0
11 -1.355246757789730054e+03 1.564454615709962859e-01 3
8 -1.356715609847549786e+03 7.715578868350373432e-01 3
2 -1.440047295810011747e+03 3.751344657961264151e-01 4
5 -1.378968647364228900e+03 2.353229764700737192e-01 2
4 -1.371485219779066483e+03 5.301403982188547248e-01 2
13 -1.355120256964581586e+03 8.528961527188450020e-01 0
11 -1.355480269515382133e+03 3.040096049709379855e-01 4
9 -1.359414768307673967e+03 6.665697896212134932e-01 0
23 -1.354670938391244363e+03 5.094225328843382528e-01 1
8 -1.362464878531689692e+03 3.872578729580062884e-01 2
4 -1.398959384912669066e+03 4.448461441765365620e-01 0
7 -1.366993272704416540e+03 2.404769940910610193e-01 2
9 -1.357044424059889707e+03 6.327357893259515365e-01 2
2 -1.428463279250465803e+03 4.624611543181413320e-01 0
11 -1.355836587185866847e+03 3.888947287422735988e-01 2
18 -1.354700061377693828e+03 1.383044391686683028e-01 3
12 -1.355427616511199631e+03 5.464158608735303346e-01 4
14 -1.355037645717407713e+03 8.080508949265595708e-01 2
2 -1.444861206274988945e+03 3.274629861029447198e-01 2
5 -1.379125856578085177e+03 7.264856892378700470e-01 4
8 -1.356486288397021326e+03 8.745583169505388721e-01 0
7 -1.359208520095749918e+03 8.910476270104725760e-01 0
25 -1.354657152053739082e+03 8.428057380089193362e-02 1
12 -1.355456220473111216e+03 1.264636124812079376e-01 2
12 -1.354925016830744880e+03 6.782441975679294188e-01 4
7 -1.366480120009355460e+03 1.207966756402286679e-01 0
23 -1.354667030213359794e+03 1.504562238984705480e-01 1
18 -1.354738310776033131e+03 1.513939387555751637e-01 2
26 -1.354659419310901740e+03 4.978544730063333978e-01 3
6 -1.364996192824709851e+03 3.820063024662382900e-01 0
28 -1.354655144214864777e+03 9.022386018988144407e-01 3
21 -1.354683916909636991e+03 5.568323015216173344e-01 2
16 -1.354786555807426339e+03 5.364522699464833178e-01 3
8 -1.356624112080062787e+03 8.898500223651027996e-01 1
4 -1.383492774573834140e+03 7.712929385477257371e-01 1
5 -1.382693491309681349e+03 8.400633062351872127e-01 0
7 -1.367836733315049059e+03 3.543492968781689623e-01 3
4 -1.399994019427351304e+03 3.544430530028118143e-01 3
7 -1.366751977652750384e+03 2.728858347324792932e-01 3
2 -1.443542169429394107e+03 3.523057669550536120e-02 0
18 -1.354724833626308964e+03 5.370856630930891384e-01 4
4 -1.362841651080595966e+03 3.072621228996774354e-02 0
16 -1.354749780396622555e+03 5.531709237915869437e-01 1
29 -1.354651662398536473e+03 6.549098470280245721e-01 2
7 -1.367413325069230950e+03 9.609300845673131031e-01 0
1 -1.509566399491742914e+03 2.539993291889031113e-03 0
12 -1.354760925332683200e+03 1.300936045602377467e-01 3
18 -1.354730593401750866e+03 7.158481923768489352e-01 1
0 -2.361075970623257945e+03 5.280930833065048402e-01 0
29 -1.354648998665054933e+03 8.767438830738172317e-01 2
12 -1.355261899061568101e+03 1.638926910504867607e-01 3
28 -1.354655419091945532e+03 9.781027561487870559e-02 2
20 -1.354682317413084775e+03 2.956832328505258900e-01 0
21 -1.354683212924890995e+03 1.692804759538099058e-01 0
27 -1.354655791412518738e+03 5.915525651234723181e-01 2
14 -1.354985178980329238e+03 6.769812304538850301e-01 3
23 -1.354668621124777246e+03 7.470025275547109711e-02 2
19 -1.354709854972880066e+03 8.181724247945192374e-01 3
19 -1.354706855531545898e+03 4.518278644257023302e-01 2
22 -1.354673919086124897e+03 3.809227730574393789e-01 3
25 -1.354661965688593227e+03 5.173546078653301628e-01 1
16 -1.354788889056604148e+03 4.875206552699506979e-01 3
24 -1.354666356575079135e+03 5.099969315923017499e-01 2
10 -1.356891506349183601e+03 6.207011522635825784e-01 4
21 -1.354675536424325855e+03 5.096439263952304843e-01 1
12 -1.355380204367038004e+03 8.231631309008591302e-02 3
18 -1.354743226335474674e+03 9.548010902752129825e-01 0
19 -1.354709486888616993e+03 9.612293568740580829e-01 0
13 -1.355003857028358198e+03 2.250385631816220477e-01 4
29 -1.354652449125221210e+03 7.603550954412696683e-01 1
7 -1.364036497265149819e+03 4.435884790630943986e-01 4
26 -1.354659538165169351e+03 5.434002375220181591e-01 2
24 -1.354658366598366229e+03 2.976153348456914149e-01 2
1 -1.449324910741127496e+03 6.483334027757958751e-01 3
14 -1.355020993747325974e+03 5.064706190632363159e-01 4
24 -1.354653653382917582e+03 9.734940999872460088e-01 1
19 -1.354692723292278515e+03 9.533111516500163418e-01 1
9 -1.357139246722706275e+03 6.043121198453881293e-01 2
8 -1.359087016228812445e+03 1.979568041462996253e-01 0
27 -1.354655662099682559e+03 9.185388001419827475e-01 1
13 -1.355158988520161074e+03 6.908983012952019109e-02 4
3 -1.418258644941855891e+03 6.924350618684549374e-02 0
5 -1.381900760157353034e+03 7.317933807011813840e-01 4
3 -1.413715706207782659e+03 8.443286420996907182e-01 4
27 -1.354657093516363148e+03 2.925849055084368544e-01 1
6 -1.361291672288671180e+03 2.862531515643095825e-01 4
24 -1.354664368489438402e+03 8.766037386742970838e-01 2
2 -1.427161844041173708e+03 5.201695398815875393e-01 0
27 -1.354656302399701417e+03 7.917049414931636164e-01 2
21 -1.354676066418088794e+03 8.304555773139766783e-01 1
24 -1.354663559941494668e+03 8.897178344084222257e-01 1
26 -1.354659614730819158e+03 6.604499893274781708e-02 1
3 -1.407041172916006190e+03 2.471193763571231383e-01 3
4 -1.398289934900495609e+03 3.428028060279011413e-01 3
14 -1.354952100520436261e+03 3.414575341199190261e-01 0
14 -1.354911281239095842e+03 5.890923622930753778e-01 1
8 -1.359403852853846274e+03 2.343006494808654305e-01 4
23 -1.354672328263932741e+03 8.316998318181390015e-01 0
22 -1.354669994431972555e+03 5.597329880036225891e-01 0
16 -1.354804503519893160e+03 8.971667397166172009e-01 1
8 -1.360900432858197746e+03 1.411154194459249833e-01 3
14 -1.354970729395954550e+03 2.075780723218459134e-01 1
9 -1.355824910780413802e+03 4.827872744835230989e-01 3
28 -1.354653196317228776e+03 9.229581866105340815e-01 2
28 -1.354653822329074956e+03 1.296513000791978398e-01 2
23 -1.354669163292146550e+03 1.214479063860556263e-01 1
6 -1.375834507641434357e+03 7.700861875442696625e-02 3
27 -1.354657301517492215e+03 5.410491552803385895e-01 1
28 -1.354653682813259820e+03 3.159556277689944126e-02 1
22 -1.354665256508190623e+03 7.072386326511860277e-01 1
6 -1.373648160535646866e+03 2.935159636798210236e-01 3
26 -1.354655794295088981e+03 3.938501623331314150e-03 1
28 -1.354653987068403239e+03 9.537946311868372717e-01 1
15 -1.354842779120116575e+03 3.300935908368547445e-01 4
10 -1.356480932741112611e+03 5.119532779241993126e-01 4
20 -1.354678897208920262e+03 4.207435628384841309e-01 0
1 -1.451210393667274275e+03 1.292852794584131715e-01 2
27 -1.354652751498364296e+03 7.578792259717681556e-01 1
0 -2.362858609252964925e+03 6.637187405476936419e-01 2
15 -1.354811600700831832e+03 1.875673579833148918e-01 4
17 -1.354743506521495647e+03 8.676797516317366066e-01 4
11 -1.355611755329935932e+03 3.870611823457270062e-01 2
23 -1.354664681506011448e+03 5.323515145233532753e-01 1
25 -1.354661280896736116e+03 8.980496321786591851e-01 1
13 -1.354838261061020376e+03 9.942414212929238104e-01 4
26 -1.354658909241260972e+03 7.372364821002111990e-01 1
1 -1.449763087552131310e+03 4.403712049016039742e-01 3
23 -1.354662480996247268e+03 4.039319637045850619e-01 1
6 -1.356565415923633054e+03 3.663984228001737620e-03 3
15 -1.354911511756462232e+03 4.161047108468005629e-01 2
28 -1.354654969247331110e+03 4.420701967661821996e-01 1
18 -1.354711475452985042e+03 1.055870224212362984e-01 0
20 -1.354679615962121261e+03 3.736059124205366455e-01 1
25 -1.354655584307194204e+03 9.280541336143280917e-01 2
24 -1.354665364842523104e+03 9.130941108957341124e-01 2
24 -1.354663093642363037e+03 7.229180165580906259e-01 2
1 -1.530700019895351033e+03 5.032725723498210346e-01 3
18 -1.354691967164748348e+03 9.629275006722068930e-01 0
19 -1.354688560216409314e+03 4.383372645052937555e-01 0
17 -1.354759149194342854e+03 2.824693588821211576e-01 0
18 -1.354708581510069507e+03 7.875676794208973375e-01 0
18 -1.354741355119822401e+03 1.951069691847173715e-02 4
26 -1.354652893200846393e+03 1.168551874291717529e-01 1
7 -1.366968605370236901e+03 3.759872057793474664e-01 3
8 -1.356495905358437767e+03 3.276078176765388483e-01 4
26 -1.354655086221055626e+03 4.996905655408871993e-01 1
26 -1.354659695357759574e+03 4.134501039618088680e-01 1
5 -1.365811647318318592e+03 2.751401150010482355e-01 4
18 -1.354743530812208519e+03 2.674371818010428115e-01 2
17 -1.354764123443906556e+03 3.152552622854853936e-02 1
8 -1.361581990873168934e+03 5.458746626134056701e-01 3
18 -1.354725258528577115e+03 2.524814815874454332e-01 1
23 -1.354655213262263942e+03 8.805657308240425474e-01 2
13 -1.354998989715806601e+03 8.418065948868930226e-02 0
28 -1.354654354050216853e+03 5.183879575484249269e-01 1
2 -1.387729199867617353e+03 1.647680878760749701e-01 3
10 -1.356837649434812192e+03 3.657421469737487385e-01 4
1 -1.431703021947620982e+03 4.214964389833498193e-01 4
19 -1.354708264053437006e+03 3.620472229966679167e-01 2
26 -1.354659095149278073e+03 7.080202154232226874e-01 1
3 -1.411644628099424608e+03 9.774113330564144775e-01 3
14 -1.354952232346444816e+03 4.470598323824251374e-01 4
16 -1.354822378695174393e+03 5.619368912303543961e-01 2
21 -1.354673145143993224e+03 2.128078929796384244e-01 1
7 -1.363459915680796257e+03 5.009941564785787005e-01 4
11 -1.355678998939167514e+03 7.081089048202994507e-02 3
10 -1.355346922565157911e+03 6.669545059533622533e-01 3
3 -1.397332698896976808e+03 3.081704649616955338e-01 4
17 -1.354738421273358426e+03 5.463027607453929679e-01 0
14 -1.354991160696881025e+03 5.308434754370688902e-01 2
4 -1.392737701462174527e+03 7.106285887946619528e-01 4
18 -1.354682639970096943e+03 8.213735295912867329e-01 2
12 -1.355337718829487130e+03 1.757713018622164558e-01 0
19 -1.354701658117980514e+03 9.284758480021952920e-01 2
26 -1.354651799962865425e+03 1.665085167891299789e-01 1
1 -1.445720341864082002e+03 5.786945010550086366e-01 0
8 -1.357814468001405203e+03 7.928955397192548604e-01 4
12 -1.355014312389993393e+03 7.398300507313892993e-01 4
19 -1.354705392843349273e+03 6.640518967791142479e-01 2
24 -1.354656104222321119e+03 3.767783227461485862e-01 3
21 -1.354666177653211435e+03 9.496906444836292760e-01 3
24 -1.354665627661742519e+03 3.945997445437856577e-01 1
13 -1.354969093858608176e+03 3.416191887904207469e-02 4
18 -1.354727053176066647e+03 6.313008353156985830e-01 4
21 -1.354673443771200937e+03 5.937296740077222523e-01 1
6 -1.365985771185353769e+03 6.992579394380514790e-01 4
17 -1.354754381738406437e+03 6.763406040147296183e-01 3
0 -1.680463864526256202e+03 2.345200755091223499e-01 4
22 -1.354671063884467003e+03 2.042533724768368086e-01 1
3 -1.387489509402034855e+03 2.322523026906253285e-01 4
26 -1.354658888267608745e+03 5.440702576539080404e-01 3
29 -1.354646932392952749e+03 9.548392870984802050e-01 1
6 -1.374065523596195817e+03 1.204101886838117447e-01 0
29 -1.354648931007624469e+03 8.948992377386209007e-01 3
10 -1.355742176502763186e+03 8.646180147603970134e-01 0
27 -1.354657025645538852e+03 5.229153607589608344e-01 1
7 -1.364954868271572650e+03 8.683187727068464312e-01 0
12 -1.355077646842766171e+03 2.543587855746555770e-01 2
6 -1.371297710505199575e+03 4.646380440783207111e-01 2
15 -1.354725575180857504e+03 9.377994231801236591e-01 1
1 -1.413372739457076477e+03 2.382407097119473849e-02 2
2 -1.424488065430943152e+03 8.750111010086952801e-01 2
15 -1.354868381963045067e+03 2.489839248431380270e-03 0
23 -1.354671020476506101e+03 3.427710118009882900e-01 3
19 -1.354704512740790733e+03 9.290005776611137689e-01 3
8 -1.362177038410132127e+03 7.266359033191170935e-01 2
22 -1.354677344531367908e+03 2.293203602692805987e-02 3
4 -1.383836960184261898e+03 8.977764856434994334e-01 0
0 -1.962635534149833575e+03 8.537613494786557844e-01 2
1 -1.447761720935984613e+03 3.706367267014124001e-01 2
27 -1.354656140940382102e+03 5.907565647298196332e-01 3
10 -1.356179627792411793e+03 2.576530560203200149e-01 1
26 -1.354658919765287919e+03 8.138141610521207880e-01 3
0 -1.718251542062838325e+03 1.447802063042303578e-01 0
12 -1.355399675140996351e+03 2.404669495047828676e-02 2
25 -1.354659605386030762e+03 2.880066575344464308e-01 3
0 -4.167749233576743791e+03 8.413690576222423445e-01 4
20 -1.354687356940073641e+03 4.218225718801376090e-01 3
2 -1.422251821911101388e+03 1.766719132725359520e-01 4
16 -1.354805328101247596e+03 5.160939827622393894e-01 1
16 -1.354792822922830737e+03 3.804576500456294808e-01 2
13 -1.355061454228738739e+03 5.908144788029702221e-01 4
19 -1.354706787021775426e+03 6.524326791982790752e-01 1
18 -1.354728223049127337e+03 5.399491533052325209e-01 2
3 -1.410638845635438429e+03 4.203573272448420939e-01 4
5 -1.382704854233237484e+03 9.601742408154265718e-01 0
3 -1.396860310621123290e+03 3.646884513094217350e-01 4
27 -1.354652859437442658e+03 7.915287578098303412e-01 3
16 -1.354824387864017126e+03 6.151613023492515930e-01 0
6 -1.366515918828852136e+03 8.429067402531300601e-01 2
2 -1.410604671410097581e+03 8.714741424833376549e-01 2
18 -1.354738444889441780e+03 2.481373272844393796e-01 1
13 -1.354954814599725978e+03 2.837595570083751295e-01 4
2 -1.442526133564796055e+03 7.797858163495275940e-01 0
21 -1.354684698552487589e+03 7.512313523085967226e-02 1
12 -1.355392709947264166e+03 1.045135775809002965e-01 1
9 -1.355985924308961330e+03 2.914893621097657261e-01 0
7 -1.361911419742706585e+03 5.998937191264002156e-01 4
20 -1.354683108290427754e+03 8.757712692215200434e-01 3
20 -1.354687530779951430e+03 6.513112013407873491e-03 3
4 -1.396676846635416723e+03 7.932751552906169845e-02 4
22 -1.354675260047766642e+03 7.327667964508356446e-01 3
23 -1.354660314585551987e+03 5.974857081309353779e-01 3
6 -1.369513406624478193e+03 8.849484482369207594e-02 2
18 -1.354705459463448278e+03 6.500075520254360306e-01 3
26 -1.354657374758998003e+03 2.929837821158685074e-01 3
14 -1.354931174776783791e+03 2.307703770538100940e-01 4
11 -1.355032140163285703e+03 7.133046575074342144e-01 1
18 -1.354738090761012245e+03 7.298035143026027072e-01 0
4 -1.397841733457015152e+03 4.230021824922443330e-02 2
16 -1.354796567418705308e+03 9.157671635494174511e-01 0
0 -2.958938919553825144e+03 1.842428571065402032e-01 0
6 -1.375873157574667630e+03 9.752988837122327226e-01 2
26 -1.354659539477867384e+03 4.325285229512641078e-02 3
29 -1.354652552844805086e+03 2.333136429480847651e-01 3
11 -1.355139596478935800e+03 9.931736114646438907e-01 4
29 -1.354649043798570574e+03 5.847976128296221709e-01 1
28 -1.354652265477013088e+03 7.972777042658804048e-01 3
2 -1.426047748457822308e+03 7.993323127523321858e-02 4
11 -1.355398729002289656e+03 8.152567496484511844e-01 2
12 -1.355059993472058977e+03 9.949769146270055487e-01 4
28 -1.354653616795179005e+03 1.187474947156215432e-01 1
29 -1.354650184409791564e+03 6.780895243281594986e-01 2
24 -1.354655641486717741e+03 9.763729585676728107e-02 1
13 -1.355084525874412520e+03 7.687141213617019186e-01 4
29 -1.354648917327487652e+03 7.055278472049585359e-01 3
24 -1.354653283229945828e+03 8.376112534060744519e-01 1
11 -1.355942839806961729e+03 6.217765991266340775e-01 4
28 -1.354655218987184071e+03 4.937075004703688208e-01 2
21 -1.354667048917040574e+03 5.634645548643311130e-01 1
8 -1.360647377209105571e+03 3.585927553033049775e-01 4
25 -1.354660892006763561e+03 8.420546542201634566e-01 0
21 -1.354681948453303676e+03 7.360006336265018101e-02 1
11 -1.355625556748495001e+03 4.505333943961485343e-01 4
16 -1.354774773780401347e+03 5.803630127353605062e-01 3
16 -1.354823056669037669e+03 2.372260322726056359e-01 1
14 -1.354863689564389688e+03 1.764823398586354841e-01 2
29 -1.354643896149589864e+03 2.688898418224870968e-01 0
19 -1.354676189649152093e+03 5.164482088622976974e-01 1
19 -1.354687797239380643e+03 5.542575008298014638e-02 3
16 -1.354757502800877319e+03 7.935750549152420508e-01 1
17 -1.354745229738838589e+03 1.696961714617538641e-01 0
20 -1.354680603345878126e+03 1.771510170609107426e-01 0
7 -1.367707449281630488e+03 6.181619821536249448e-01 2
21 -1.354680794017088374e+03 3.850471426426482074e-02 3
4 -1.371766079795279211e+03 5.348502012555722551e-01 0
4 -1.378515109107427634e+03 8.467094186499324326e-01 0
2 -1.402204845834919070e+03 2.884151047981143856e-01 4
16 -1.354774333279800885e+03 1.595517854300405602e-01 3
16 -1.354712491938978474e+03 7.660137630095515959e-01 4
9 -1.355363854999264504e+03 8.357400873253572060e-01 2
0 -1.617427963693104857e+03 5.906149755647480681e-01 1
7 -1.366116937985994809e+03 9.100730549367477273e-01 2
16 -1.354777137203348047e+03 4.497171390263257074e-01 3
12 -1.355289384665923990e+03 3.931936441058482279e-01 4
12 -1.355207262731807305e+03 3.125997281562433727e-01 1
13 -1.355160921757523283e+03 5.938057364579654163e-01 0
8 -1.356881231210453734e+03 4.554766621371548752e-01 3
6 -1.373221962381483536e+03 4.624159618870486987e-01 1
16 -1.354749895114027368e+03 7.175441235326389666e-01 4
4 -1.379225172545392070e+03 4.895020169967763124e-01 0
8 -1.360821797429311573e+03 4.502063583100499589e-01 1
8 -1.362465874587135204e+03 2.524782279751433545e-01 0
9 -1.358754586854648551e+03 9.156585062848332512e-03 2
7 -1.367342744737357862e+03 3.852669875292358270e-02 4
1 -1.505804964273107771e+03 3.723717001583226605e-01 3
2 -1.377467199582565399e+03 7.039878269999914062e-01 4
0 -1.633883011578629976e+03 3.974371589732636489e-01 2
