0.000000000000000000e+00
0.000000000000000000e+00
0.000000000000000000e+00
0.000000000000000000e+00
0.000000000000000000e+00
0.000000000000000000e+00
0.000000000000000000e+00
0.000000000000000000e+00
6.270980973607211509e-123
0.000000000000000000e+00
4.725935505954025919e-09
3.972206643465751538e-118
7.749845380297994057e-10
5.209921141058550855e-23
2.254346682679584300e-97
4.138103714547623374e-37
0.000000000000000000e+00
0.000000000000000000e+00
4.847114935693313761e-04
6.939386237503825665e-20
0.000000000000000000e+00
4.745039075751971288e-20
5.072529723908351107e-01
2.094670927956745946e-62
5.749093976091055463e-03
4.822987164257956372e-01
0.000000000000000000e+00
5.509016895669113789e-02
6.237800260139848515e-05
9.502438662573600356e-03
0.000000000000000000e+00
1.548816475873495926e-21
5.167013497727011018e-01
1.061759011023367255e-01
2.433393028534829722e-02
3.052850576497094792e-01
9.112949699658531300e-01
1.108932083737150798e-01
3.351121397440126048e-01
8.371897062408723000e-02
0.000000000000000000e+00
1.099827049889761515e-01
4.016173019436920094e-02
5.844463680311552389e-01
1.143538110217167808e-01
6.801699961409712891e-01
2.163691414497667664e-02
1.704930495425532877e-01
4.605003215447477181e-124
4.634136163542966784e-04
2.525623370449763527e-11
9.999853925566435846e-75
1.500244291877433813e-04
6.157819860566944187e-136
3.317197871667298265e-03
1.121507863225439799e-01
1.570390901218944157e-03
1.268733118075134614e-01
3.949003712705012603e-02
6.685308857522685999e-01
1.019137038945170260e-03
9.557441018469635674e-01
2.571378498031543502e-01
1.135278923486005148e-01
7.328687213970535019e-01
0.000000000000000000e+00
3.290984341062259434e-03
4.832589824346374943e-05
7.323168327521957163e-03
1.501336684582652698e-04
3.664076296777942984e-04
1.499320833341641953e-04
7.363744590462325927e-03
4.832909080953358281e-05
1.500000619319260457e-04
7.370720431834224505e-03
4.615859583374452022e-15
1.018997462142022352e-03
2.328764153474453150e-06
4.143514020564318528e-02
4.833968682820039182e-05
2.328768265097254225e-06
6.970078078511120722e-06
0.000000000000000000e+00
3.290346093615004620e-03
2.074758493342278005e-05
1.042222254126763253e-01
2.910922200886713017e-13
9.778467079693665617e-03
2.896270959171034498e-01
3.664845817493750553e-04
6.969723042151008075e-06
0.000000000000000000e+00
2.433749588162213012e-02
6.071867891246069959e-01
3.663489675377198745e-04
1.058367544411905892e-01
1.102197740821315482e-07
1.102195615678024739e-07
6.876943217483966389e-07
6.876937488583752240e-07
1.102201159770825054e-07
1.102196174588309620e-07
6.877071122511391951e-07
6.969742952801251989e-06
1.018022049374796940e-03
2.328702787750036120e-06
6.969964455277101421e-06
2.328667106087709987e-06
6.876925017018505527e-07
1.021049773313668094e-03
1.017111854416448196e-03
6.969171379717207104e-06
7.102588173157153850e-01
1.499802924330628968e-04
2.564847045021060867e-01
1.199007051347447288e-223
0.000000000000000000e+00
2.574918292513515838e-02
3.118255048813166064e-01
3.129380058619734561e-01
0.000000000000000000e+00
0.000000000000000000e+00
6.877071434996937144e-07
6.877064864687676406e-07
6.550209187651460097e-01
6.968858190429918825e-06
1.021413536492544278e-03
0.000000000000000000e+00
3.665505481406343283e-04
3.998330140898465057e-02
2.003050651556187347e-04
3.664112692604923468e-04
1.095762877214835672e-25
2.328760348893536109e-06
1.102209552235225851e-07
2.452711051973733847e-01
6.445292326398073257e-01
4.069940864631160088e-02
1.026440700677842682e-01
4.026150865269911838e-02
6.876961251231092734e-07
8.477886959952046775e-01
2.973883321241730382e-01
2.406733571365584634e-01
1.102194997281071915e-07
7.304003180164653046e-03
7.798702476905144974e-07
1.300230347223252370e-01
0.000000000000000000e+00
3.733115600860005923e-309
8.335670032780900796e-01
2.074880208532580203e-05
4.072030729621502892e-02
3.298199943903531377e-48
6.969175265776211328e-06
3.302042080411140244e-03
9.713426458148397002e-02
4.834965973118359725e-05
1.454555980149662283e-33
6.877106912871559486e-07
2.474799916439575365e-02
6.876941771054497228e-07
4.832701156937151192e-05
4.835312743941113848e-05
2.491800859391057194e-02
7.289789027419806521e-03
4.835068109009949677e-05
5.847309485022819109e-01
1.499869407774602308e-04
1.656650326193374730e-07
1.056689007389639001e-01
6.419299120961211580e-01
7.289930408534171791e-03
3.302781626339958056e-03
2.816143761861842893e-09
6.969895550689834770e-06
3.664901918371513850e-04
2.741930173320660247e-01
1.499482026101770437e-04
2.328691162142966624e-06
1.418455032146624661e-01
3.195961526256519687e-33
1.102187211451491900e-07
3.666028098850524657e-04
6.246431124770962517e-01
3.988968588382031666e-02
1.957410285010442776e-116
4.835526587626681755e-05
0.000000000000000000e+00
0.000000000000000000e+00
1.350842414773276373e-03
0.000000000000000000e+00
2.168439185992840831e-31
3.561672690694812890e-177
0.000000000000000000e+00
1.500740173062749163e-04
1.270236386086269764e-01
2.116076844196538784e-02
4.021934802938232495e-02
7.774805805296791661e-01
1.018136345276389292e-03
4.834798081634235221e-05
2.075222966548576032e-05
2.771582361568049047e-01
2.074916207391987467e-05
3.303962131365655031e-03
3.290212750036408240e-03
2.360915016950680678e-01
1.907458022648551151e-08
0.000000000000000000e+00
6.968751261353500946e-06
0.000000000000000000e+00
4.832442951275769011e-05
1.499641363195303059e-04
7.236449681772554321e-01
2.962051202159018959e-01
2.074570925838635182e-05
2.074969960685213314e-05
4.051083924689216631e-02
2.459116659814099085e-24
2.328780684627167618e-06
4.969567471173180762e-01
0.000000000000000000e+00
1.000354315500788654e-01
0.000000000000000000e+00
1.017677754288459201e-03
0.000000000000000000e+00
1.102204707638837872e-07
1.525893026368809977e-151
2.328769322061969291e-06
7.020479464797047270e-32
3.639869716617121116e-03
1.921965676448506469e-06
0.000000000000000000e+00
1.499704102202335440e-04
0.000000000000000000e+00
6.969633106140530143e-06
0.000000000000000000e+00
6.507343035238266644e-189
1.102193304215985612e-07
1.499407406004466014e-04
1.499868367853484611e-04
2.328854120034934883e-06
2.481464571671059627e-07
2.328777005744333975e-06
2.328667343565573272e-06
8.165407941531547253e-01
2.643099561761289573e-01
2.416480006385699625e-02
6.970270702323531663e-06
6.968971488082007630e-06
0.000000000000000000e+00
6.322573859241453088e-14
1.799301688825849685e-64
3.667542615566919467e-04
0.000000000000000000e+00
1.021353482584712660e-03
2.074833878078431832e-05
2.481456467345783025e-07
6.969484816684037460e-06
4.833913677427256419e-05
3.660659674578264694e-04
4.832263547636448504e-05
1.308604279011790741e-08
3.667267639657786037e-04
2.328792882932339603e-06
4.833355525945397539e-05
3.315951533456743764e-03
3.334830940149314735e-03
1.499509885134033883e-04
2.075153565851266821e-05
0.000000000000000000e+00
6.063338275866475352e-11
0.000000000000000000e+00
7.349756783756300135e-03
0.000000000000000000e+00
8.205879146894577356e-03
0.000000000000000000e+00
4.195835572842010941e-164
9.571662106553242418e-52
0.000000000000000000e+00
2.075120094181886357e-05
4.195604430540830071e-02
6.877021918218929076e-07
4.156454452822271745e-02
0.000000000000000000e+00
4.832280275119758269e-05
5.243536588325193692e-41
3.873823687387131353e-03
2.602471247145317634e-01
2.328765030179127177e-06
2.404883223221633004e-01
6.969208360073179366e-06
3.009476791535842799e-01
2.481470980740707713e-07
2.075394698200506611e-05
6.876948327571757655e-07
4.909608552445866025e-01
9.533167553107844398e-19
1.038666693840976096e-01
2.558599405511423619e-01
0.000000000000000000e+00
1.145979936270588012e-31
0.000000000000000000e+00
6.877140479741696527e-07
5.976200247903038498e-01
3.994070029661265370e-02
2.413833381685594887e-02
1.015253353721273372e-01
0.000000000000000000e+00
0.000000000000000000e+00
1.110443672041337149e-01
3.111399475365039423e-10
2.447024095109104039e-60
1.102204564511698925e-07
2.481466028849457357e-07
2.328852211002364306e-06
3.668078927915327872e-04
1.499643909261764291e-04
1.018121762237871215e-03
1.018145647350478591e-03
3.316314411132283927e-03
6.877013163236074616e-07
0.000000000000000000e+00
0.000000000000000000e+00
1.020508103133905328e-03
7.268286752644153269e-03
7.329321575402653055e-01
2.481441919636850606e-07
1.020074726838981300e-03
0.000000000000000000e+00
0.000000000000000000e+00
1.056941597276260386e-01
0.000000000000000000e+00
3.302615057054939830e-03
4.501218445941512769e-02
9.934009924560582808e-42
7.265955183879788289e-03
6.969337925417078765e-06
1.500858412161583605e-04
7.324320469389146958e-03
8.774454387406787070e-01
5.540167490006069340e-01
7.358773836642943170e-03
6.968976431989478745e-06
1.102192827964726702e-07
2.074992503506106983e-05
1.019369136224370764e-03
7.266039724104781522e-03
1.017641368616611095e-03
1.907727664113930492e-14
6.339045410971059225e-01
1.078828154536873142e-10
3.303795370522601745e-03
2.594391215064942190e-13
1.020729201024105082e-03
0.000000000000000000e+00
1.633522364313185445e-05
2.328695699321687870e-06
2.328766307262726232e-06
4.086820754249514964e-02
1.102206384997936188e-07
4.834606723886607368e-05
0.000000000000000000e+00
3.313212455735831292e-03
8.997434654616709437e-01
9.371005651318271038e-20
2.740381962311513320e-01
0.000000000000000000e+00
2.274913658711696935e-19
0.000000000000000000e+00
0.000000000000000000e+00
1.013369638788706728e-01
4.832238368916880482e-05
2.328677766496409019e-06
0.000000000000000000e+00
0.000000000000000000e+00
0.000000000000000000e+00
2.328716451506199489e-06
9.663223586369366555e-03
0.000000000000000000e+00
6.969412216024821435e-06
6.876992671089608212e-07
2.328777229499562594e-06
0.000000000000000000e+00
2.531938839078287096e-01
7.303566488656267411e-03
0.000000000000000000e+00
0.000000000000000000e+00
2.075315614908552307e-05
9.202352235423363544e-03
0.000000000000000000e+00
0.000000000000000000e+00
5.466671523648817255e-01
0.000000000000000000e+00
0.000000000000000000e+00
4.047847578651332656e-02
3.292023953582118908e-03
7.281918087679226798e-03
6.877106668510117149e-07
7.297754612352898469e-03
6.969735979389971129e-06
4.834797855654067889e-05
2.159083648120746490e-01
3.299600651216505823e-03
0.000000000000000000e+00
4.119601946123141456e-02
4.833216065787388329e-05
2.481459145275779749e-07
5.673041296761257687e-11
3.303230149202939815e-03
1.102192715615744195e-07
6.877190766182129819e-07
2.074625482112189674e-05
0.000000000000000000e+00
4.110263690608791098e-02
2.788736007247071269e-01
0.000000000000000000e+00
8.121718700343765196e-01
1.018189794622893600e-03
3.696260659814628452e-02
0.000000000000000000e+00
0.000000000000000000e+00
4.101702007242481463e-01
3.660022755366477143e-01
6.070836570694058316e-19
2.074802947028454186e-05
6.968844545465000972e-06
6.748651669763081062e-02
1.048490092485539205e-01
2.653792303397636831e-01
1.102199369329524454e-07
2.481457957134901578e-07
2.328769157035360529e-06
1.445123504943286242e-06
0.000000000000000000e+00
4.178151109725135315e-02
7.704983217259055994e-01
7.365628662827559264e-03
1.500192420348167371e-04
3.666541623715777751e-04
9.923011687064083042e-02
4.920752016817012131e-01
2.939854449660097013e-01
2.881172926047204989e-31
0.000000000000000000e+00
0.000000000000000000e+00
2.483986579272740372e-02
2.074714890454234197e-05
4.190094343862165172e-01
5.835615473420920466e-59
3.287748695317148102e-03
8.017550162643708456e-01
1.102198819074976617e-07
0.000000000000000000e+00
2.800981176343106216e-06
6.968853130160924734e-06
6.970337622902634190e-06
4.119350704674356461e-02
2.440744485896378935e-02
6.968959925037076222e-06
2.481473182163592873e-07
2.481471745510047535e-07
2.328872106984183766e-06
1.018280158225658583e-03
6.969514543550328171e-06
7.393043670749032889e-03
1.107935849651323307e-04
1.035212228003557916e-01
0.000000000000000000e+00
3.969662412777775345e-02
1.499813944256396774e-04
1.109694695386572866e-01
6.877059192733993403e-07
2.422740143042802913e-02
1.304650596548134616e-112
3.660927489183758189e-04
1.102208762040753882e-07
3.417737047510386456e-02
2.481435818050126656e-07
4.833540165026850225e-05
0.000000000000000000e+00
3.952256199224726078e-29
1.017964053201556333e-03
1.019567089782226011e-03
0.000000000000000000e+00
3.598121245143839353e-01
0.000000000000000000e+00
1.260381435097155833e-15
4.098159044402742265e-64
4.726720445307341922e-01
2.074800940737893051e-05
4.011389582340265519e-02
9.919369504646737834e-01
9.830131535755559646e-02
4.835064561467333159e-05
6.969737283478402710e-06
1.008253719574574991e-01
1.499260654950506136e-04
1.102196735822287778e-07
6.877178036696506867e-07
0.000000000000000000e+00
6.969993243275741753e-06
2.075140645941895678e-05
3.663032692930939609e-04
0.000000000000000000e+00
9.219827996456432251e-01
0.000000000000000000e+00
5.498248908792260514e-06
3.292325885391417760e-03
1.501015264077247070e-04
2.435298663910497735e-02
3.945755967324177799e-02
1.010522025572901106e-01
0.000000000000000000e+00
4.533903724046225991e-02
0.000000000000000000e+00
1.102187242125078152e-07
2.336525075487308756e-01
2.732903437654098378e-01
8.543831731392141290e-03
2.771919260058296475e-01
1.102193341374018166e-07
6.876957929217436677e-07
1.102190708750359276e-07
2.491580282695370074e-02
2.538032351031661599e-03
6.711775555029666496e-01
1.062983607816223169e-01
2.481475743910050160e-07
2.462386705493789171e-02
0.000000000000000000e+00
4.833800683470388813e-05
1.501221122644643097e-04
1.121582136172608185e-01
0.000000000000000000e+00
1.102187283857323407e-07
4.173322776783825599e-02
1.116658787074856496e-01
2.481458454979947283e-07
0.000000000000000000e+00
1.020377903074133966e-03
4.832178002327633057e-05
2.328757063805080507e-06
1.122303364100039336e-01
3.748271242279223905e-05
1.102208389526389102e-07
1.070264720141275447e-30
2.447368093773138742e-01
2.790011507492503040e-01
1.527965045238793285e-01
0.000000000000000000e+00
4.833140784954610274e-05
3.480582223468533014e-27
0.000000000000000000e+00
9.876106231984102535e-02
7.391786157670145185e-03
4.835499532022654521e-05
1.131741852718553681e-01
3.310226355742666108e-03
1.500484595861310442e-04
9.888239753728135517e-02
3.592333168261575148e-63
2.458715029524093099e-02
7.342245453425365678e-03
7.373172970744751829e-03
0.000000000000000000e+00
0.000000000000000000e+00
2.328905275729981914e-06
6.522471493405913590e-01
7.372090349055403051e-03
4.833673286376130763e-05
0.000000000000000000e+00
1.102195395284861158e-07
1.499451588608688923e-04
3.663968333524512890e-04
2.481475683385505731e-07
0.000000000000000000e+00
2.074607191632887713e-05
1.500826047028274747e-04
1.102189911172986011e-07
6.877101673127437602e-07
9.271639841179055708e-01
1.501323175617822142e-04
0.000000000000000000e+00
0.000000000000000000e+00
0.000000000000000000e+00
6.968832635195746770e-06
4.158666430477748338e-02
0.000000000000000000e+00
1.499858856761826162e-04
1.501560618941486912e-04
8.571931815004920349e-26
4.951518095805909070e-01
0.000000000000000000e+00
4.882901333444629732e-01
3.744130803576026234e-01
7.295072366390698004e-01
3.085010594059804934e-01
4.581989436795534942e-01
0.000000000000000000e+00
4.833154642955794170e-05
2.074854969778362811e-05
6.280661650656395034e-01
1.102193240814541953e-07
6.876976562230372922e-07
2.328686893374164557e-06
0.000000000000000000e+00
2.848949682207881778e-02
4.024314534726108894e-02
4.045909073467879313e-02
1.102206391778576412e-07
2.481471106209818306e-07
1.102199497293137018e-07
3.058544909680110391e-01
0.000000000000000000e+00
8.777080263348482916e-187
0.000000000000000000e+00
0.000000000000000000e+00
2.371450936318377778e-01
2.210106406990547112e-01
4.835199057750767993e-05
2.872413866144630235e-01
2.481438937401146624e-07
1.655681538915162742e-56
7.167686248531916934e-56
1.026856858325960881e-01
1.374306034495036071e-05
1.268582792649811360e-100
3.295756656414206356e-03
0.000000000000000000e+00
2.355669142016725837e-01
3.312536133671003993e-03
9.859780643168725156e-02
3.661529311233150210e-04
3.290033304169940036e-03
1.017996707576985680e-03
1.020689770590505873e-03
2.685463600749862210e-27
2.850973449965525930e-01
1.020944222935631519e-03
3.768781593047561371e-37
7.357847163845337990e-01
1.603125238826820786e-01
0.000000000000000000e+00
0.000000000000000000e+00
0.000000000000000000e+00
0.000000000000000000e+00
5.282986668947451960e-28
1.098596811809537388e-01
6.968890664916137610e-06
1.102187793438055330e-07
2.454476891576992323e-02
2.328786641553066962e-06
4.833826447712734966e-05
1.102195771861926164e-07
0.000000000000000000e+00
2.328717096848849844e-06
6.969115114544419722e-06
6.159011575298197760e-01
3.662531614162897633e-04
4.005016263412861099e-02
3.666491390906678359e-04
1.499401025597400696e-04
4.832392529057237741e-05
2.481474414579204540e-07
1.208949413743305134e-14
2.328850581036494033e-06
0.000000000000000000e+00
1.499368079772502190e-04
6.877082298297257247e-07
2.074588018750468096e-05
3.064372225111812731e-01
6.876976003388138933e-07
1.499761865072870063e-04
4.834652637408907874e-05
2.074635798911648744e-05
1.059721932862495598e-03
0.000000000000000000e+00
1.616317199534057135e-42
1.500465233267038370e-04
0.000000000000000000e+00
1.119980567280157713e-01
0.000000000000000000e+00
4.074845139983300675e-03
0.000000000000000000e+00
0.000000000000000000e+00
9.412477559892512167e-04
9.655449313608394091e-01
4.093298633861467556e-02
7.276810912684769650e-03
2.494283005534720654e-01
3.670844342101110607e-04
1.017316027991642087e-03
2.481461034194229292e-07
5.030381625470739628e-13
7.889836382602448683e-01
3.959539560011932705e-45
6.969457084691356448e-06
2.708782504479235187e-01
2.533872463886948645e-01
1.588680165469438522e-47
2.481436394115238263e-07
2.481448261638736448e-07
3.666858838113815598e-04
4.832424572305740057e-05
2.715505231129952124e-01
7.837102540403799488e-04
7.299132212874199013e-03
0.000000000000000000e+00
4.218711604568639025e-26
4.833771436886238556e-05
1.102188043825787289e-07
4.832901149756705614e-05
1.040825625561957180e-01
7.353715082164716255e-03
6.969711179368664686e-06
1.616060806322854038e-01
4.316258281370382405e-70
1.002840462447048414e-01
7.286000073973721595e-15
2.747515791074350708e-152
4.197047300159538474e-04
4.022638929162477422e-02
3.975142344824401236e-02
8.823402422939691236e-01
3.305395297482299245e-03
1.102209483557810899e-07
6.969374787862927360e-06
1.024389629473216184e-01
0.000000000000000000e+00
6.969681415270922194e-06
3.668608021809937171e-04
0.000000000000000000e+00
0.000000000000000000e+00
4.589527024389992715e-01
1.682683050561046764e-02
3.485656532733728231e-232
0.000000000000000000e+00
3.660803437866067315e-04
1.183408477170261146e-04
7.336147190054613000e-03
0.000000000000000000e+00
0.000000000000000000e+00
6.330672074869643199e-62
2.493671246556177293e-02
0.000000000000000000e+00
2.328719389811341272e-06
6.969372212751815566e-06
6.877079928934882347e-07
2.440318849938393972e-02
2.481441075605286249e-07
6.970287665407341991e-06
3.664261605586203725e-04
3.317447262447862331e-03
3.633902819138988272e-01
2.459523042848237029e-04
1.742903233147442285e-35
4.833609001593321038e-05
1.500982564497733214e-04
0.000000000000000000e+00
3.661302623386838095e-04
2.165057754852336402e-05
2.478050269937185843e-02
7.394290234165655784e-01
6.877198480302375918e-07
0.000000000000000000e+00
3.058804681070876330e-01
0.000000000000000000e+00
3.665852824397064979e-04
2.328717193348348062e-06
1.102203307750046366e-07
1.787495695585611660e-26
4.142319628026192718e-02
2.074883513338014304e-05
6.969449754814612327e-06
9.866028986705617509e-02
2.075123129585352817e-05
3.291889786508306066e-03
1.102199958290628243e-07
1.102187297777929657e-07
1.102187400204898583e-07
2.451996327018337446e-02
2.597475847952681050e-01
3.664947874172494371e-04
2.328667824401751963e-06
1.019442000789745834e-03
3.661334675131883046e-04
1.102194611052902921e-07
3.665829642362381717e-04
6.969703706437995705e-06
3.671064473799077695e-04
3.949383414813360110e-02
6.578605070964093082e-01
3.662169754553785722e-04
0.000000000000000000e+00
2.074787355635912864e-05
6.877031403068049210e-07
0.000000000000000000e+00
1.500257273165843202e-04
2.481469291586359690e-07
1.461683407327444284e-01
1.010552919678076930e-30
2.328813283402924736e-06
6.848161250124276938e-04
2.074750618004478174e-05
0.000000000000000000e+00
1.095830125332451099e-05
0.000000000000000000e+00
0.000000000000000000e+00
2.328849337322507559e-06
2.477439349662330370e-02
6.018441297198685591e-01
3.667893295685591983e-04
6.877177759032604721e-07
4.066235431324656535e-02
5.021657466688871363e-01
2.075237140894816633e-05
2.075306119526494972e-05
0.000000000000000000e+00
6.877015165372042736e-07
0.000000000000000000e+00
4.832646120828624082e-05
4.119977237282543975e-02
4.062509679790712175e-02
0.000000000000000000e+00
9.425930065602683428e-01
2.753813521498156905e-02
3.289433701196062178e-03
2.415121229803011416e-01
0.000000000000000000e+00
0.000000000000000000e+00
0.000000000000000000e+00
1.123065343160825671e-30
5.085298376887143267e-20
1.102194013933482186e-07
1.259218854533089745e-02
3.312063167441290606e-18
0.000000000000000000e+00
1.017740829385154292e-47
0.000000000000000000e+00
1.210451129994660254e-24
4.688785970362886468e-01
0.000000000000000000e+00
5.000000390820110718e-01
4.025455876280997075e-02
1.209731810077172365e-197
4.066585030117447763e-02
3.663483616797168392e-04
6.969930908780013856e-06
6.663058154232025592e-22
2.074926252080395804e-05
6.877152447532908838e-07
1.020522063826823870e-03
0.000000000000000000e+00
0.000000000000000000e+00
2.075047005023499509e-05
5.946969657318273983e-01
3.968794431004452061e-02
1.143536930551345004e-01
1.814999951553389057e-01
0.000000000000000000e+00
2.074542506645806072e-05
3.665767609792474117e-04
0.000000000000000000e+00
2.411956263186710789e-02
6.131328295152370655e-01
7.363912434056368340e-03
2.328680530140206540e-06
0.000000000000000000e+00
2.675340657206952688e-01
0.000000000000000000e+00
4.635266117232614280e-01
2.074658365117122751e-05
1.102049024000470029e-01
3.285961376290628868e-03
7.274480090915622088e-03
0.000000000000000000e+00
2.481445699910635425e-07
1.828827585789783600e-13
2.818520714807196126e-01
3.664121948312332199e-04
4.052755205277119160e-02
9.675739165167277830e-08
4.690628183383583338e-01
6.564649789725147677e-01
2.481435771537803164e-07
1.708998119849091654e-16
2.075154594736388386e-05
2.458075878406522363e-02
1.278686734897199979e-14
3.665142947556691128e-04
2.458424362191102830e-02
6.287111877114901976e-24
4.874611240629855291e-01
2.054342511007590574e-23
0.000000000000000000e+00
0.000000000000000000e+00
1.363036863288779876e-01
2.238426585901547903e-15
0.000000000000000000e+00
6.877067385393080821e-07
6.712748550198828212e-01
0.000000000000000000e+00
0.000000000000000000e+00
3.311419499313225656e-03
1.500448491265397269e-04
6.969423140572918907e-06
0.000000000000000000e+00
2.421625413296205065e-02
6.970331074727890834e-06
1.499396517777329158e-04
4.833117129516638057e-05
1.017467189229204119e-03
1.102194155386367074e-07
4.050489399741676044e-02
0.000000000000000000e+00
3.668320004303268766e-04
2.368248147984349794e-01
7.366173871398588001e-03
2.481456475051729849e-07
1.102190508137437834e-07
2.075140345625341352e-05
3.837647913262755006e-01
6.877038618605795720e-07
2.328783438287654403e-06
3.287611112664886280e-03
3.664638150535719208e-04
3.669275728919426716e-04
2.328834020497639268e-06
2.481471320685823859e-07
0.000000000000000000e+00
7.317482522773794025e-03
2.488016281794136128e-02
0.000000000000000000e+00
6.968865158673211117e-06
5.088213326529227309e-01
3.962145969002916351e-02
2.075060082244896878e-05
2.040799520170266668e-02
7.334277092271209060e-03
2.592840373182394020e-01
3.144981562568547329e-01
0.000000000000000000e+00
0.000000000000000000e+00
2.770076066577047413e-01
3.670477959176225648e-04
1.500766489706682381e-04
3.178368911981799847e-52
3.663414789661199205e-04
4.334178546453779091e-01
1.102199275134331141e-07
5.582824753640741600e-01
1.349651322288042906e-43
6.753335742660684371e-01
1.500466215880193709e-04
2.435615070943470892e-02
7.309489827308789794e-03
3.664489511806844134e-04
1.018584478071882108e-03
1.091192246357617773e-01
1.500468961787528770e-04
2.328835821329757836e-06
1.018290044024164776e-03
6.969227076895521009e-06
4.833916876791635530e-05
1.512164498796078095e-03
0.000000000000000000e+00
1.102192463559332184e-07
1.018194304170593704e-03
0.000000000000000000e+00
0.000000000000000000e+00
1.238927298298191051e-15
0.000000000000000000e+00
4.340902481431079698e-10
1.137720836265557300e-75
2.481463416070633486e-07
0.000000000000000000e+00
2.905064444140685771e-03
7.307355598851338931e-03
4.832512794938675828e-05
6.969497614429465993e-06
1.019303151885912100e-03
1.124811388392979727e-01
1.012899756358702913e-01
1.094083849289863158e-01
5.542888990779706315e-01
0.000000000000000000e+00
0.000000000000000000e+00
3.285413939855934447e-03
0.000000000000000000e+00
1.000000000000000000e+00
2.074762088145014807e-05
1.416029907081022237e-07
1.102205760774714352e-07
2.481439992472179457e-07
6.292619887077673946e-01
2.481443167380194197e-07
0.000000000000000000e+00
