-1.869092001244386836e+01 6.983435772413031373e-01 -5.176197937603950194e-01
-1.883637643065358347e+01 5.492217518529551867e-01 -1.033593803580541426e+00
-1.879455819973660269e+01 7.240333283788777941e-01 -5.317272614078514259e-01
-1.912828410735913920e+01 6.079569059497513805e-01 -7.675949631975091947e-01
-1.938127694603157636e+01 1.850153554144876034e-01 -2.374088200027406614e-01
-1.925422386225266180e+01 3.774189703895275416e-01 -1.978312972559507887e+00
-1.916498578615632553e+01 5.564170612097502078e-01 -4.583673647618136116e-02
-1.924968524478891396e+01 3.602012845464652724e-01 -5.838607054999069845e-01
-1.933397688850916296e+01 3.184225396580561696e-01 -1.352830874609598721e+00
-1.928722531009353958e+01 3.151347526753996431e-01 -8.996602821672707861e-01
-1.928654176059852787e+01 1.881722980305854387e-01 -4.461589161469672327e-01
-1.923135978415525216e+01 3.223269202082477136e-01 -3.678435489871483277e-01
-1.973845628049498657e+01 6.489597819228286602e-01 -1.060766164123844391e+00
-1.926532516674652484e+01 1.367116009353053219e-01 -1.826238982247410547e+00
-1.900633152017424976e+01 9.686463122124070457e-01 -1.167804187669507332e+00
-1.929776199059931585e+01 2.608475029210959306e-01 -6.140950604113968314e-01
-1.930821387662649968e+01 2.164607650753269108e-01 -1.043244843810296363e+00
-1.929632672941588112e+01 2.436691177613370951e-01 -9.041442745845809092e-01
-1.930799299932551349e+01 4.797473487347714283e-02 -7.929657476453391141e-01
-1.934812596617330271e+01 1.563249122333236762e-01 -1.017130502359749666e+00
-1.932261908614989920e+01 1.830155628644329624e-01 -1.975983901056939773e+00
-1.926903429978782256e+01 2.519051836528305444e-01 -4.781188688970838818e-01
-1.935700087856018214e+01 1.482417020357517101e-01 -1.752935345013198809e+00
-1.931404769161090229e+01 1.789506422007953457e-01 -1.959309734042538054e+00
-1.932434050420413740e+01 1.903254671358672878e-01 -1.963342697788120317e+00
-1.931245191671800399e+01 2.257204953014962656e-01 -1.801648619354230929e+00
-1.930251289180794672e+01 2.121257762641371725e-01 -1.681942595176044275e+00
-1.932738360362752772e+01 2.168586447678188811e-01 -7.172374326958446122e-01
-1.931033008984152133e+01 2.323218800998072542e-01 -9.705491339213410118e-01
-1.929906804937204257e+01 2.197491556746656027e-01 -1.420063760629421523e+00
-1.926613939784861174e+01 3.039563366755756446e-01 -2.316176193756795954e-01
-1.930785151035747660e+01 1.760174411736208644e-01 -1.799226079867408457e+00
-1.998144948064829407e+01 2.516018368978419906e-01 -1.620204682157424303e+00
-1.930370415032102827e+01 2.391991813100881326e-01 -8.349212211092200686e-01
-1.835399666714663880e+01 2.793354918022746269e-01 -2.879431589284338067e-01
-1.933612106535882091e+01 2.677889068230371872e-01 -8.530812777061889118e-01
-1.930945265917688047e+01 2.017028350207191734e-01 -1.734530878742787552e+00
-1.930594799137940853e+01 2.285738256610732877e-01 -9.935395375274196361e-01
-1.933984248682991591e+01 2.030722809390444472e-01 -1.849264862371260421e-01
-1.948910897684066867e+01 1.775530351105392701e-01 -8.179224454799647326e-01
-1.930486310277244755e+01 2.032505429466504310e-01 -1.736291516676850000e+00
-1.925550648028764655e+01 2.924624060629099631e-01 -1.024510811333402049e+00
-1.932916954193947845e+01 2.030645021207382328e-01 -1.553474702357361403e+00
-1.931350061306055466e+01 2.042493951487069914e-01 -1.566387733548284755e+00
-1.932393400606465761e+01 2.575008000227239080e-01 -7.785506086370419521e-01
-1.928530340926227282e+01 2.569278233462945482e-01 -3.065518974562622123e-01
-1.930647929370558202e+01 2.394525369490811406e-01 -6.859040015015964720e-01
-1.930464910937877221e+01 2.860363551319013986e-01 -6.946801491839296183e-01
-1.929589571172097351e+01 2.439741800269163152e-01 -1.132985496529952618e+00
-1.929069222966438346e+01 2.548028019009717093e-01 -6.736327662318393195e-01
-1.930720347393810243e+01 2.425721467868158787e-01 -6.585271475063778635e-01
-1.924275974116234522e+01 2.994759072439709957e-01 -1.026932276569225255e+00
-1.925051017068665615e+01 3.408468888846258316e-01 -1.245295690554079737e+00
-1.929038140148966818e+01 2.307128977042712248e-01 -1.533446389145695310e+00
-1.965204146165413235e+01 1.522627702082796908e-01 -1.165381600060795941e+00
-1.930968121670326454e+01 2.349482877680903470e-01 -8.745966495626822379e-01
-1.895035962846346678e+01 3.025075532678382917e-01 -6.484291744112344880e-01
-1.928628419631632340e+01 2.158493128078821932e-01 -1.723451236151172017e+00
-1.931577664351523538e+01 1.802206465453979056e-01 -1.665222145350287342e+00
-1.931781302485991958e+01 1.818173162470492765e-01 -1.948058477467362382e+00
-1.929417289705834193e+01 2.536802617874704402e-01 -1.039372823041040395e+00
-1.931306489498734180e+01 1.896960849789077197e-01 -1.958148802714052783e+00
-1.929177424123329843e+01 2.363290236141075418e-01 -1.015720336204598562e+00
-1.930903063994926327e+01 1.983580606637920518e-01 -1.860780952048377568e+00
-1.915360864248312112e+01 3.355876467381578299e-01 -5.167083837974393301e-01
-1.931241234974515208e+01 2.003774893644793276e-01 -1.819588850031852223e+00
-1.930637944870288436e+01 2.097714797652092122e-01 -1.525497326945381760e+00
-1.930828658711318724e+01 1.957735393087114972e-01 -1.966849140702759957e+00
-1.930713299637866953e+01 2.178385951499279272e-01 -1.461218204353377681e+00
-1.930653585519392479e+01 1.988701316157145405e-01 -1.901650573439283010e+00
-1.930982929627964140e+01 1.947695436815918557e-01 -1.932870866368762375e+00
-1.930924764666897531e+01 1.972713619945045405e-01 -1.879019063111371013e+00
-1.930835207452362923e+01 1.984919067128517733e-01 -1.893901149890417024e+00
-1.931777544099896105e+01 2.473802807553072414e-01 6.439839627349730478e-02
-1.930817223072363475e+01 2.011884359343429352e-01 -1.765966017476737315e+00
-1.930982071017631085e+01 1.954622208532059979e-01 -1.896472317151531861e+00
-1.930896449548788496e+01 1.964970884932560891e-01 -1.940132501942934962e+00
-1.931129573662015986e+01 2.070902976040632226e-01 -1.736791830341470222e+00
-1.931000492708184524e+01 1.958308647677176606e-01 -1.910113083254435296e+00
-1.930715474407113064e+01 2.099372315638268482e-01 -1.464708200713240149e+00
-1.931070802587906954e+01 1.946239974557128494e-01 -1.909999086224247522e+00
-1.930396119418840328e+01 2.123701933013774912e-01 -1.529466370807718079e+00
-1.930718662995322177e+01 2.079288142689060259e-01 -1.667805903311705862e+00
-1.930740258370519413e+01 2.012886299699900572e-01 -1.862014685413435622e+00
-1.930940471762212951e+01 1.971718386393704059e-01 -1.876756207408205146e+00
-1.931020542306477594e+01 1.952728182047817895e-01 -1.912295747100603460e+00
-1.930767363805907877e+01 2.096909195858389641e-01 -1.576453853558828389e+00
-1.930941494267050018e+01 1.979450726545336769e-01 -1.851829140469907653e+00
-1.930958257324843430e+01 1.975221886320172315e-01 -1.863902548542455184e+00
-1.930983502689674225e+01 1.976438353758804556e-01 -1.850223061647230383e+00
-1.930924334305302636e+01 2.031843210012007350e-01 -1.702131494714905990e+00
-1.931022732636927941e+01 1.943572348003157202e-01 -1.934918617855863276e+00
-1.930831094271158932e+01 2.046801676384332747e-01 -1.674221625905036870e+00
-1.931004625724808221e+01 1.954240518768101398e-01 -1.910180713223351701e+00
-1.930919913155333845e+01 1.967419986168315038e-01 -1.888407072073545523e+00
-1.930962922480438593e+01 1.977920226171273332e-01 -1.849067810268933298e+00
-1.931019935679614719e+01 1.947150739594037672e-01 -1.929295087438281930e+00
-1.931022386278092995e+01 1.948225972146396257e-01 -1.914380791377410462e+00
-1.931013269616270378e+01 1.947847741708821079e-01 -1.929393462134525228e+00
-1.930932150399243241e+01 1.975432288379922185e-01 -1.866704552919085325e+00
-1.930961128902227486e+01 1.960327986604151473e-01 -1.881909473228194241e+00
-1.930974464124529177e+01 1.958704072986480749e-01 -1.903073830438019920e+00
-1.930975460255100273e+01 1.960329187389356076e-01 -1.902786500347898091e+00
-1.931065540128581759e+01 1.940225914317940670e-01 -1.931916750102727898e+00
-1.930988226132347663e+01 1.959427674684834919e-01 -1.899789949659989929e+00
-1.931010869494365423e+01 1.950200946865579266e-01 -1.920354708497991059e+00
-1.931010727137171656e+01 1.950282798316905208e-01 -1.922688673709146867e+00
-1.931010070546102497e+01 1.950525500839594140e-01 -1.921361506234689154e+00
-1.931001268641670165e+01 1.954270680162711327e-01 -1.909716598522156694e+00
-1.931011279961926164e+01 1.950525490666152884e-01 -1.919623829635380918e+00
-1.931009103397710192e+01 1.952611285486752224e-01 -1.913600103545212372e+00
-1.930983289287726024e+01 1.957380876658929569e-01 -1.905940318144142109e+00
-1.931000740209324107e+01 1.957382666378637559e-01 -1.900055864253767712e+00
-1.931010801517585662e+01 1.950441584027619302e-01 -1.920410430019868109e+00
-1.931003762629278953e+01 1.952700740613188823e-01 -1.914812681628100144e+00
-1.931006017040451184e+01 1.951238026280699978e-01 -1.919984020703997984e+00
-1.931002238043892660e+01 1.953101863725463516e-01 -1.914426501298123418e+00
-1.931007800201984992e+01 1.953276788179773293e-01 -1.912825823921217694e+00
-1.930996090095085904e+01 1.950991529361721100e-01 -1.922522315575195817e+00
-1.931003404311555371e+01 1.954965383287522451e-01 -1.911066301213267815e+00
-1.931005265052602837e+01 1.953092159371202230e-01 -1.911619852507719486e+00
-1.931000187773191357e+01 1.953031885874501605e-01 -1.919029380307040400e+00
-1.930992664089144384e+01 1.955012631619918173e-01 -1.914697416964146415e+00
-1.930998100463025224e+01 1.954827364163778392e-01 -1.912415879988450307e+00
-1.930971265298318329e+01 1.957725222772339624e-01 -1.909347228914767713e+00
-1.930928757204917190e+01 1.944214072207295085e-01 -1.994316352683045412e+00
-1.897644221063352532e+01 6.453798056784874060e-01 -8.906564605920963551e-01
-1.847331730574319764e+01 3.532815989360571507e-02 -8.769560581102386898e-01
-1.921717813979765666e+01 6.164165516391808541e-01 -1.419162521890003248e+00
-1.930065630159013779e+01 2.516146246627047334e-01 -1.910333577800387594e+00
-1.931038322605464330e+01 1.967854548172062179e-01 -1.901754704943841023e+00
-1.933371613280722556e+01 1.350738735167927862e-01 -1.000043040169413366e+00
-1.921635278866823171e+01 3.937182827195538914e-01 -1.580108955337796939e+00
-1.918996590875362074e+01 5.538915091421641179e-01 -6.100486554778785653e-01
-1.928281684865024559e+01 2.917970478944168500e-01 -7.977067863453868313e-04
-1.930124929948227219e+01 2.245655318551840751e-01 -1.267267166055758842e+00
-1.927956520305077959e+01 4.402532108390020960e-01 -6.000180292133117099e-01
-1.930751191817731183e+01 2.014127854951804630e-01 -1.801673401474352065e+00
-1.930585814741220929e+01 2.051426175062963375e-01 -1.731654289527174706e+00
-1.930775561472374946e+01 1.918668806189471887e-01 -1.955555460200851137e+00
-1.930992502558965285e+01 1.975979991957510506e-01 -1.845706754303875430e+00
-1.930778416912325923e+01 2.095603608297144371e-01 -1.588634204948375261e+00
-1.930763349699601861e+01 2.082386679100360349e-01 -1.454453003287540680e+00
-1.928858905357628117e+01 2.433190326130789116e-01 -7.792773619358654980e-01
-1.931817913126754505e+01 1.513121395183769369e-01 -2.064050919667299588e-01
-1.931133947048235200e+01 2.088964947883897583e-01 -1.543794881051153700e+00
-1.930991683491069111e+01 1.964221526162392983e-01 -1.885665498472419488e+00
-1.930968489086993145e+01 1.964025124512200071e-01 -1.890186170297863066e+00
-1.931047687420927872e+01 1.933428480851918929e-01 -1.959025010031210323e+00
-1.929154732267596017e+01 2.427412101318510151e-01 -1.271989280548215362e+00
-1.930818839149545951e+01 2.022785597633736110e-01 -1.741616345606891603e+00
-1.937186440560187606e+01 1.203539968283529049e-01 -1.540215020443420180e+00
-1.931007869124850984e+01 1.966819935547904907e-01 -1.877582167037806116e+00
-1.935961527361995493e+01 2.001884128382555028e-01 -2.314813697715991658e-01
-1.922394795979048965e+01 4.863237517241660868e-01 -9.021603959073063450e-01
-1.931004865554393035e+01 1.952497109305889322e-01 -1.915949914182317748e+00
-1.931008088647952903e+01 1.951558391857455277e-01 -1.918754417467642748e+00
-1.931003732215028279e+01 1.952317163395267674e-01 -1.916416354298642544e+00
-1.931004924115049803e+01 1.951804334255964612e-01 -1.916880116165177395e+00
-1.931036653384866497e+01 1.946415873332940361e-01 -1.921200649477321942e+00
-1.931006340815437383e+01 1.952115154127265773e-01 -1.916051365485318625e+00
-1.931300394973769485e+01 2.109129967859491028e-01 -1.437600157621925501e+00
-1.932079743687318185e+01 2.433000864097279170e-01 -5.850659337160790674e-01
-1.930470911164646353e+01 1.822197356440240223e-01 -5.871222346087816568e-01
-1.931006231741928048e+01 1.952433113595857250e-01 -1.914196615809716784e+00
-1.930909652312700686e+01 1.979892594329066835e-01 -1.862100071009372249e+00
-1.936265231590886060e+01 1.103788315071056181e-01 -1.686501122071074832e+00
-1.931438443716123388e+01 1.889724256772269129e-01 -1.977085591619627936e+00
-1.929957675907536085e+01 2.409803891263087583e-01 -9.084143947870417790e-01
-1.931323693032009103e+01 1.915993354834652218e-01 -1.989495136265844843e+00
-1.938775765691313424e+01 1.813886693675552109e-01 -7.464629715226802631e-01
-1.927561011411309622e+01 3.238419596714724458e-01 1.618789808937881602e-02
-1.958396560136444364e+01 5.582197441000147364e-02 -2.659311878546444241e-01
-1.919121782755955508e+01 5.783757615145757036e-01 8.015358543425632476e-02
-1.931004951011965076e+01 1.952670136307449733e-01 -1.914828062848484391e+00
-1.930511996823065601e+01 2.082806478941403860e-01 -1.706944103297439064e+00
-1.930970710407390101e+01 1.954264646407508355e-01 -1.913180212758593068e+00
-1.931000252165693709e+01 1.952876523111201634e-01 -1.915812191516677476e+00
-1.931028465513882963e+01 1.948116930901014898e-01 -1.913371577279929570e+00
-1.930984733710164036e+01 1.963556914510911355e-01 -1.882291538067639713e+00
-1.931116082543450219e+01 2.095431414275379933e-01 -1.530824003615530726e+00
-1.931017201568913322e+01 1.949280644044457944e-01 -1.918949232550082762e+00
-1.929964248328695930e+01 2.165091360506441465e-01 -1.343574769174856742e+00
-1.931022666494544993e+01 1.950219047831228403e-01 -1.918455282073691759e+00
-1.930585302592255914e+01 2.064289549610847374e-01 -1.724693828002843432e+00
-1.930930948252015966e+01 1.986248980737304881e-01 -1.770776991953906920e+00
-1.925789557205396108e+01 2.312702096226126602e-01 -1.230803743804584904e+00
-1.929239862304067543e+01 2.771670541677268007e-01 -7.275882750536912802e-01
-1.932930052526610964e+01 1.984429271223554503e-01 -1.172207969418396445e+00
-1.906256511018550626e+01 6.893688918456355452e-01 -1.307917221373807282e+00
-1.931002443761560272e+01 1.952811531588662941e-01 -1.915310825682514428e+00
-1.973142300110162850e+01 6.078002980749536849e-02 -1.158765969548012809e+00
-1.931002369808416219e+01 1.952859921913738250e-01 -1.915258562379738017e+00
-1.927519405254616913e+01 4.441501504541827128e-01 1.894192998492982838e-02
-1.948491927593671136e+01 6.320748275972531971e-02 -7.294885574247538251e-01
-1.930840252993075623e+01 2.021144391308407340e-01 -1.761969726674208703e+00
-1.932832482395086515e+01 2.777631967800991419e-01 7.118014472158717965e-02
-1.931008392964297471e+01 1.952252917006314370e-01 -1.918101842174510185e+00
-1.930880363582837589e+01 1.988157874301297867e-01 -1.827013014195336016e+00
-1.931018642627907411e+01 1.950436995087519165e-01 -1.919318876428886878e+00
-1.930786267190537586e+01 1.918715218625451635e-01 -1.979062840520028788e+00
-1.930926138141266790e+01 2.479886630974729722e-01 -5.281024635129276668e-01
-1.931005222848014213e+01 1.950972211496487807e-01 -1.920578614014433860e+00
-1.930949757289628010e+01 1.978259911858454567e-01 -1.843679307430509784e+00
-1.931007956879687271e+01 1.951092326698834478e-01 -1.917393847135631102e+00
-1.930999567178381326e+01 1.953710055780614741e-01 -1.912612721098377211e+00
-1.930837912588390637e+01 1.965545600488277644e-01 -1.814418317835663652e+00
-1.931003886960276006e+01 1.953399720610916324e-01 -1.912617683995758489e+00
-1.930995394964469369e+01 1.948842086213266045e-01 -1.934193807047003943e+00
-1.931003725428394446e+01 1.949413993087392161e-01 -1.930623920340269972e+00
-1.931002837721301191e+01 1.952771000191903528e-01 -1.916817702940815993e+00
-1.930997832192372599e+01 1.947623789602593303e-01 -1.926138543322889252e+00
-1.931003756665275262e+01 1.952545400848281210e-01 -1.916247939578652471e+00
-1.931003545857270964e+01 1.952352132619976366e-01 -1.918185142822694145e+00
-1.931103203500708787e+01 1.931462660885727989e-01 -1.967464893405380666e+00
-1.931016805354358468e+01 1.948204300407634648e-01 -1.924373590104514031e+00
-1.931005443658506948e+01 1.954774301007899673e-01 -1.910799602985683299e+00
-1.930998547268893972e+01 1.954921837520473549e-01 -1.909885540218121847e+00
-1.931001947040407174e+01 1.951204545245964483e-01 -1.919532756093463854e+00
-1.930992438618289242e+01 1.949550367924805794e-01 -1.926087701560074361e+00
-1.931012631972424387e+01 1.950256430288025145e-01 -1.921567332408540274e+00
-1.930985056688973600e+01 1.937998301710454618e-01 -1.985535827319023339e+00
-1.939946539119337388e+01 4.976503242387737141e-02 -9.127806001986065176e-01
-1.920164026855640316e+01 7.269622317842285852e-01 -6.205248600123547398e-02
-1.930953783135278456e+01 2.018331604078865693e-01 -1.547695841204804301e+00
-1.931017430174563998e+01 1.959897391402905531e-01 -1.882991675330227599e+00
-1.931015602477086546e+01 1.951542035475033465e-01 -1.916395522511352034e+00
-1.931027544279006847e+01 1.947701574708611272e-01 -1.924811814728168757e+00
-1.931006667929981546e+01 1.953419288262541187e-01 -1.911368677070351962e+00
-1.930970614641647387e+01 1.991256517028343609e-01 -1.882646807590086624e+00
-1.930896268409233940e+01 1.967898156932734732e-01 -1.888608468179141964e+00
-1.925725688278166103e+01 2.838965874814472490e-01 -1.157339261634267036e+00
-1.931029702765657063e+01 1.955602660972870221e-01 -1.871872029245557734e+00
-1.919444471616713699e+01 5.905062097764145479e-01 -7.233484739996127733e-01
-1.918205638961050497e+01 5.786234009440527348e-01 -1.442461873713014597e+00
-1.912417104041196936e+01 5.412570655931154828e-01 -1.403909065792894095e+00
-1.930957137702317539e+01 1.983346785430131487e-01 -1.833372878875045187e+00
-1.935406576811134727e+01 2.124558557262558600e-01 -8.057486601152503702e-01
-1.930999560459563114e+01 1.955762250593700013e-01 -1.901176151870747066e+00
-1.929481658787589993e+01 2.432899142421714456e-01 -8.438039026063277603e-01
-1.929434013632062772e+01 3.220864889319864366e-01 -1.979018504593153871e+00
-1.935473204750830689e+01 2.034752041894265784e-01 1.532542984043949730e-02
-1.930944848991225982e+01 2.039965484559090603e-01 -1.715782710514879961e+00
-1.933686328631326745e+01 2.313044022429235902e-01 -6.679652906794402156e-01
-1.931640394640387726e+01 1.945440041072876991e-01 -1.894563152003529982e+00
-1.922929586886012387e+01 5.850288350373928914e-01 -4.545112472978878326e-01
-1.927643917706857835e+01 2.507531326998754251e-01 -1.547719758098264897e-01
-1.929432290523627458e+01 2.242393232489224286e-01 -1.109807864125017085e+00
-1.930842334136370653e+01 2.030736615536405942e-01 -1.703715807516392733e+00
-1.930833963844670365e+01 1.972236818241853706e-01 -1.962025167249408009e+00
-1.926104982289170664e+01 3.156669481160279678e-01 -1.168692959381399277e+00
-1.926085885945401088e+01 3.358567085983030776e-01 -6.074305428557646991e-01
-1.932446763322300498e+01 1.839736109637395423e-01 -1.783635401440924584e+00
-1.930984670031136829e+01 1.961903988560028400e-01 -1.897982472709416779e+00
-1.930931609467283749e+01 1.996741473071647899e-01 -1.820524291950621487e+00
-1.930927459569100435e+01 1.985141502776139877e-01 -1.831774688649853156e+00
-1.923945882284921893e+01 3.112424638550986278e-01 -1.767108328551562302e+00
-1.930997458720877802e+01 1.957837730680296040e-01 -1.903971747060772879e+00
-1.930990643771543347e+01 1.957706835151822866e-01 -1.903339980445760249e+00
-1.931023556381091311e+01 1.973630974465117593e-01 -1.881647425488710779e+00
-1.930996715763649263e+01 1.957484280332084381e-01 -1.896990646222246557e+00
-1.930839749176322684e+01 1.997400232067220172e-01 -1.837658609103804519e+00
-1.930931164010247159e+01 1.976249753517136942e-01 -1.936755295979408764e+00
-1.929782695585992514e+01 2.265968440599520350e-01 -1.591603084278426783e+00
-1.930944965078162312e+01 1.983144710738778960e-01 -1.837450962695805989e+00
-1.931015860538669315e+01 1.948050070036758952e-01 -1.926123845736073426e+00
-1.912290947375580075e+01 3.558055717884736069e-01 -1.958118233004541242e+00
-1.931019752940520817e+01 1.947218982276429089e-01 -1.926771145031183519e+00
-1.931018840574854067e+01 1.947307770629891077e-01 -1.926317989122558583e+00
-1.931024159437980359e+01 1.947234180446234253e-01 -1.930724188783388584e+00
-1.917848416945039958e+01 5.722374287998319708e-01 -6.432564456394107566e-02
-1.930998319729318524e+01 1.954967671399337470e-01 -1.912697945554051815e+00
-1.932580964490901465e+01 1.740375596276189651e-01 -1.727157997622317032e+00
-1.930998356359254231e+01 1.955184873394230638e-01 -1.909152251562747482e+00
-1.931764042467458609e+01 2.134000348009173487e-01 -1.781265384187082024e+00
-1.931333072166011178e+01 2.035757113541296903e-01 3.897569215247420615e-02
-1.930983460900615256e+01 1.974730565083708533e-01 -1.839793985454500236e+00
-1.930290602831322033e+01 2.104011118387509871e-01 -1.759339822837969747e+00
-1.932048425110017931e+01 1.996912838708747029e-01 -1.482376676731416376e+00
-1.931111578697928266e+01 2.136792420431813389e-01 -1.437630960772593003e+00
-1.930013327650342703e+01 1.974049380157596456e-01 -1.514940649227969116e+00
-1.936187448573518211e+01 1.988424557028176942e-01 -3.191936108821453733e-01
-1.931029483097266208e+01 1.959818735332992112e-01 -1.898762154515655221e+00
-1.930802561810929063e+01 2.021479961826453398e-01 -1.754692141049154941e+00
-1.931006433375431186e+01 1.953399788478219212e-01 -1.912980592492041554e+00
-1.927869014769767020e+01 2.486984611184603622e-01 -9.146209017431323751e-01
-1.929079540876223575e+01 2.456350023435383001e-01 -5.464177719049716497e-01
-1.930929536450392803e+01 1.955679288549810879e-01 -1.928481197649392298e+00
-1.931009032283850502e+01 1.954429084169580222e-01 -1.894117982797230315e+00
-1.931010097099240497e+01 1.953455874923359370e-01 -1.918652581050682704e+00
-1.928228663570251911e+01 3.120806788400702914e-01 -1.017945953961816308e-01
-1.930186712882159128e+01 2.452095805302043630e-01 -5.441607722522663337e-01
-1.923396218884689191e+01 2.818577628343445496e-01 -1.694954021731536642e+00
-1.930911076890941303e+01 1.974211008124629740e-01 -1.910797804743947559e+00
-1.928881219399706026e+01 2.870013537061511522e-01 -1.329250360379850227e+00
-1.929199653643099310e+01 2.700791807576028991e-01 -2.720016671928995322e-01
-1.930818088120881626e+01 2.016361792351570870e-01 -1.817006905696251451e+00
-1.930392122641896080e+01 2.022959537200731961e-01 -1.756630674639926282e+00
-1.931047559651696588e+01 1.937179987763116285e-01 -1.970640788515211739e+00
-1.930811982156440010e+01 2.022237878583662551e-01 -1.733378912574278896e+00
-1.930782889446825479e+01 2.039622287761991004e-01 -1.738623413821635433e+00
-1.930795550502829272e+01 2.040610711289328472e-01 -1.763353939779978674e+00
-1.930678171076770866e+01 2.020668953553789449e-01 -1.804211673264983329e+00
-1.931014993493623066e+01 1.945537499358427347e-01 -1.943259938441289414e+00
-1.930898746827917023e+01 1.995352828399430956e-01 -1.866437155318968699e+00
-1.931043130348552239e+01 1.940085111881828528e-01 -1.946838757064399017e+00
-1.931086072848551893e+01 2.030723718620704443e-01 -1.789193304501110582e+00
-1.931020592255346457e+01 1.948815520100046772e-01 -1.928284252143935174e+00
-1.931124974676882289e+01 1.930197022337745150e-01 -1.992976572163177584e+00
-1.931003508375280475e+01 1.951245717364114007e-01 -1.920052842072422994e+00
-1.930911930995598169e+01 1.978531668061991877e-01 -1.854459993820642749e+00
-1.930895129888298101e+01 1.988898792711137620e-01 -1.829927611187548209e+00
-1.931010399783876252e+01 1.950747389703535450e-01 -1.920060889659315428e+00
-1.930797604701344028e+01 2.162346607681604749e-01 -1.411493749523747621e+00
-1.931016018146726765e+01 1.948094638301391124e-01 -1.926887515158031139e+00
-1.822581638644572521e+01 4.363437153658374368e-01 5.616680398248208306e-02
-1.931010072169452485e+01 1.950305233895659185e-01 -1.921238292579694251e+00
-1.844213593792433414e+01 9.219558105898855160e-01 -1.339193384419133492e+00
-1.931010921180730833e+01 1.950318602921013167e-01 -1.920933816078923995e+00
-1.931621128896965800e+01 2.022210713865548737e-01 -1.617250499846673240e+00
-1.935141479606281578e+01 1.822741307290204060e-01 -2.742384259433672256e-01
-1.931039143063244268e+01 1.941063317178896852e-01 -1.944113975780181969e+00
-1.930984152459173586e+01 1.925199526199356803e-01 -1.951741797850130355e+00
-1.931074256952784296e+01 1.951097254815183368e-01 -1.946509129407116845e+00
-1.930990941998364718e+01 1.977037836689027883e-01 -1.851493230385539812e+00
-1.932034064310175125e+01 1.915047261985475258e-01 -1.596722244589288575e+00
-1.931444666260368237e+01 2.264725409812663737e-01 -2.456842693289464918e-01
-1.930794404845156365e+01 2.080914662637782242e-01 -1.577949894002698805e+00
-1.920210028120805745e+01 2.736546344073956250e-01 -1.830909206371470477e+00
-1.932891146861357612e+01 1.833342385605562785e-01 -1.595708265771402123e+00
-1.932350362678679900e+01 1.813403909309253825e-01 -1.281690837029096919e+00
-1.931081392913411676e+01 1.925493583324307256e-01 -1.996527659694578460e+00
-1.925182350203361992e+01 3.035032128685953290e-01 -1.786819328858427092e+00
-1.930165522912819043e+01 2.468579626041123576e-01 -1.412598013077380088e+00
-1.931129956056395258e+01 1.969910178408915968e-01 -1.810685057349767924e+00
-1.931014724295965479e+01 1.931222354391841922e-01 -1.977675239170317845e+00
-1.929783437651530420e+01 2.449446921291351664e-01 -9.230250810698352737e-01
-1.925512182853164944e+01 2.717485241926259065e-01 -1.362311192783893787e+00
-1.925221577030686504e+01 3.435575483175891676e-01 -1.116842635069345668e+00
-1.917080700744010358e+01 4.931154356964967955e-01 -8.670506867241307702e-01
-1.929617150979078488e+01 2.697687527476101410e-01 -2.566272739367938538e-01
-1.910596158752150586e+01 3.465987730825015323e-01 -1.315601195858450367e+00
-1.907808145865017835e+01 6.650467825716275261e-01 -5.751724049149231632e-01
-1.931480210506529716e+01 2.173843206917270010e-01 -1.070793120459960335e+00
-1.918361590158540153e+01 3.290308215789785051e-01 -1.687555102469529444e+00
-1.931011522119406720e+01 1.946572779646905393e-01 -1.929749077455513273e+00
-1.930163284760506315e+01 2.349604114337730254e-01 -1.055110800316332087e+00
-1.927297133661250683e+01 2.343440345458127905e-01 -8.606130125068125469e-01
-1.929899649748456980e+01 2.255496192307490932e-01 -5.933621113868978725e-01
-1.930902567884066556e+01 2.033879652747900557e-01 -1.672767612169645313e+00
-1.929727364160721947e+01 2.160259935242097584e-01 -1.366438191784744793e+00
-1.928821036275722633e+01 2.572784099352264930e-01 -9.373771649725650690e-01
-1.930449179813153648e+01 2.105447608460772890e-01 -1.626098077616342286e+00
-1.930869207970317802e+01 2.062137720784075201e-01 -1.620557010506152196e+00
-1.930986682225817574e+01 1.948147347281189157e-01 -1.948286709000646155e+00
-1.930810630302059394e+01 2.031181073522871083e-01 -1.720823226467226297e+00
-1.930999232219773631e+01 1.958596485407488597e-01 -1.888355955974110101e+00
-1.930990350639083530e+01 1.958426201079666584e-01 -1.901313170990885260e+00
-1.931024537923889994e+01 1.938952115877405069e-01 -1.964464236580063750e+00
-1.930598534444439096e+01 1.961777753278186598e-01 -1.961337952441969623e+00
-1.930728411020015400e+01 2.044272532048664326e-01 -1.731661338107483683e+00
-1.930957818174223206e+01 1.963694908349284951e-01 -1.912155491887067793e+00
-1.930787593968903337e+01 2.105594534677935059e-01 -1.575354765595341267e+00
-1.930932656020046423e+01 1.965649265468071560e-01 -1.900592888317491180e+00
-1.931085347435440269e+01 1.945037694104143899e-01 -1.922858660888283611e+00
-1.931033565943865327e+01 1.953450867585133366e-01 -1.915290665553776472e+00
-1.930992603244204986e+01 1.957405325503089599e-01 -1.903351945225570496e+00
-1.931032976970778137e+01 1.938218749482569780e-01 -1.937931429613966472e+00
-1.931047936574050183e+01 1.939191360047650137e-01 -1.931382455272956378e+00
-1.930838333162028064e+01 1.995145084175144468e-01 -1.810083054866368668e+00
-1.930877291277507624e+01 1.991166099509312781e-01 -1.826803475329422222e+00
-1.931031076118687650e+01 1.933325177649259097e-01 -1.955876762612292596e+00
-1.931039567643046695e+01 1.936639587894217751e-01 -1.966383159670332725e+00
-1.930997640265117710e+01 1.955250076515442359e-01 -1.909122362251838512e+00
-1.930996983889917118e+01 1.955069172069182071e-01 -1.910797584901017476e+00
-1.931000256275371996e+01 1.953942370899972580e-01 -1.912826554859769157e+00
-1.932392396541445478e+01 1.770514721573111516e-01 -5.823307653922429328e-01
-1.882105414181583924e+01 9.507046213230518905e-01 -7.058201587687311651e-01
-1.931026738746272642e+01 1.945358652053938708e-01 -1.931001614147744183e+00
-1.931000265444783537e+01 1.954628205246929651e-01 -1.908685609948647333e+00
-1.931003067085010372e+01 1.953863216358409371e-01 -1.912308065114330491e+00
-1.931003019674960086e+01 1.954228427860622841e-01 -1.911372898907021334e+00
-1.930095500757089511e+01 2.237940196331101861e-01 -1.390544289049097992e+00
-1.927414967243982247e+01 2.788901341394621203e-01 -5.539854439214746407e-01
-1.930939139059480780e+01 1.954518719201493171e-01 -1.923305115946042587e+00
-1.931602628274423594e+01 1.825351129052546206e-01 -7.402697785730736335e-01
-1.931017125109719856e+01 1.939695671004449118e-01 -1.957843427396566582e+00
-1.931002063431240856e+01 1.953483433274173509e-01 -1.913871773643379459e+00
-1.931003117717085615e+01 1.953497973858381032e-01 -1.913711151968521484e+00
-1.930997195722032700e+01 1.953093681951035554e-01 -1.916830905026432275e+00
-1.931002825422664770e+01 1.953383079079926976e-01 -1.913936880532569607e+00
-1.931003042180113383e+01 1.953147182314457220e-01 -1.914031095389689296e+00
-1.916770793132961614e+01 5.379059249886950500e-01 -4.082263692627323692e-01
-1.930999712083759690e+01 1.954310767007121918e-01 -1.912136081453890801e+00
-1.899246574532080345e+01 2.604990168454470734e-01 -3.060921066409010294e-01
-1.930999350608383835e+01 1.954511148938983256e-01 -1.910560297816136011e+00
-1.931004050269433847e+01 1.952874378246310383e-01 -1.914606191996535145e+00
-1.930994968042017135e+01 1.957328028270140241e-01 -1.912561617628563804e+00
-1.930944845174373725e+01 1.960560333486495999e-01 -1.906083877773059765e+00
-1.931039294686482677e+01 1.951346601222575250e-01 -1.901870053379203229e+00
-1.930935932373095554e+01 2.052042540514099900e-01 -1.573806892358032394e+00
-1.912421395817263559e+01 3.676373182331530431e-01 -1.053193706894948845e+00
-1.931010681370326409e+01 1.949265617033911768e-01 -1.922992773603022787e+00
-1.930725495744372466e+01 2.003234591577728596e-01 -1.873365064872624997e+00
-1.931008887117009110e+01 1.951173513881471755e-01 -1.918599743546461900e+00
-1.930935425404550188e+01 1.984356648381385979e-01 -1.850674751026456732e+00
-1.930907552500356417e+01 2.000007310318588638e-01 -1.714459786536367103e+00
-1.931008101403302391e+01 1.953471485931986273e-01 -1.917611188697150526e+00
-1.930352466873434736e+01 2.035000447113894106e-01 -1.633589726793238439e+00
-1.931033340493000239e+01 1.957538413547822154e-01 -1.904874551294872820e+00
-1.928145140956733172e+01 2.314533269243624070e-01 -1.255693405120302808e+00
-1.931000345800872964e+01 1.954830258609215610e-01 -1.908438660565335399e+00
-1.931002051062059621e+01 1.948693218091164525e-01 -1.928623304182227827e+00
-1.931690403041371695e+01 1.485752672939775754e-01 -1.903185428818076508e+00
-1.925895104200079544e+01 4.740779542488683940e-01 -1.480749575852394084e+00
-1.930985903856232966e+01 1.956201772051942289e-01 -1.913291546158441658e+00
-1.931012707024618535e+01 1.950327595982292717e-01 -1.921931683713938632e+00
-1.931013800625887100e+01 1.950330246425078240e-01 -1.919682280388788298e+00
-1.930410160691106114e+01 2.094043659542847990e-01 -1.518808265664839841e+00
-1.929141871200614133e+01 2.340536115398668682e-01 -7.403345362307591770e-01
-1.907012851514376095e+01 8.107569813978011686e-01 -1.583121001958490925e+00
-1.931014641428090783e+01 1.950470395429271808e-01 -1.920415892339024433e+00
-1.931087672420560608e+01 1.983819757748381263e-01 -1.814439065812442964e+00
-1.930941317592202822e+01 1.986175514039961176e-01 -1.813104398508712745e+00
-1.930976291392074629e+01 2.017318711913024809e-01 -1.772349945527393222e+00
-1.931004356613726358e+01 1.950279580981452154e-01 -1.920879876584957513e+00
-1.931005780570981045e+01 1.948010842967734246e-01 -1.922767163797829859e+00
-1.931124837383931947e+01 1.922787960309802480e-01 -1.966329877931882519e+00
-1.931012073518107286e+01 1.950474686216692732e-01 -1.920152697245449902e+00
-1.930332799343335992e+01 2.096093605737297805e-01 -1.618258687508691507e+00
-1.930994738828909973e+01 1.943908979457774078e-01 -1.941339164439830789e+00
-1.931055569339419264e+01 1.939371384420813527e-01 -1.940961995871428591e+00
-1.931375617793467470e+01 1.904404736791902308e-01 -1.943188113123710536e+00
-1.928671052052455437e+01 2.610339447175985539e-01 -5.813363798757698042e-01
-1.930862603689023516e+01 2.097474861606567764e-01 -1.720019864965256717e+00
-1.931113641606242837e+01 1.929395386336411888e-01 -1.965030453066046734e+00
-1.930883147191388360e+01 2.035790203467590931e-01 -1.731499018240460819e+00
-1.930926816850882943e+01 1.988832393345049965e-01 -1.803809684269000346e+00
-1.930837054755561155e+01 2.012961743913608825e-01 -1.741225734419463045e+00
-1.931004644166010564e+01 1.947667867978604972e-01 -1.928834516758937134e+00
-1.931080619249119579e+01 1.925597104946180638e-01 -1.973907423302773356e+00
-1.930988966247171490e+01 1.960765656219918829e-01 -1.899798994124398011e+00
-1.921161337309290218e+01 2.367130713813265785e-01 -1.741166071974276086e-01
-1.930998491687562790e+01 1.956693885398254895e-01 -1.914113436751771369e+00
-1.930988043804702414e+01 1.959908929819990375e-01 -1.902172456362868136e+00
-1.931010587992135896e+01 1.956524330944240941e-01 -1.912434326605430224e+00
-1.930683876014232325e+01 1.655632740279531778e-01 -1.155099665023796796e+00
-1.916393094692414678e+01 3.779090588880982260e-01 -1.983571324594927576e+00
-1.912087866651353352e+01 3.090486813153436318e-01 -7.928339674500683998e-01
-1.929871577727297449e+01 2.777257569817860872e-01 -1.276070605203886155e+00
-1.930034509911774521e+01 2.301390395604717976e-01 -1.401735832412944971e+00
-1.930494099172874911e+01 2.376366517813749690e-01 -9.513502966600577704e-01
-1.922505967206592814e+01 2.195732988571906796e-01 -5.820031534227270154e-01
-1.926467095536501262e+01 2.128766027973655328e-01 -8.868003869208391787e-01
-1.925687456005512033e+01 1.625774005679716250e-01 -1.479084417142647379e+00
-1.832779336301853235e+01 9.667175480167697899e-01 -5.035471832974609541e-01
-1.930647153265045191e+01 2.048208959623290248e-01 -1.731826370834638862e+00
-1.930540882354110011e+01 2.018351552857295395e-01 -1.763250830040275385e+00
-1.933648893640708977e+01 2.276458948479588018e-01 -1.606653441220764478e-01
-1.930995693145252190e+01 2.756630465975492550e-01 -6.640116031896958759e-01
-1.928951426963125826e+01 2.563360367163567965e-01 -5.983394960726251544e-01
-1.915509630397700036e+01 3.339518139785804252e-01 -2.301929237287887453e-01
-1.929377686720303942e+01 2.121756250291585155e-01 -1.821715730466092698e+00
-1.930057407784754986e+01 2.182097885922109903e-01 -1.540077997576123403e+00
-1.931257218630351602e+01 1.974200019447567844e-01 -1.955053756768635242e+00
-1.930965373211293468e+01 1.961891583800508820e-01 -1.892184495491728624e+00
-1.929146409540463836e+01 2.493470435745148150e-01 -1.024537196877170597e+00
-1.931000592352697609e+01 1.952865600155750114e-01 -1.920571938494647579e+00
-1.930205785214590719e+01 2.386145227632621990e-01 -8.342861546556772367e-01
-1.931087914374901260e+01 1.962355417270226776e-01 -1.828571959500557620e+00
-1.930590289852884212e+01 2.099208494117938972e-01 -1.613812936753965532e+00
-1.930957706267545149e+01 1.963279370860586404e-01 -1.876916849513133645e+00
-1.930977077245110252e+01 1.964269111036027193e-01 -1.892991585851341085e+00
-1.930960857213136350e+01 1.964759465454007925e-01 -1.884524471462141415e+00
-1.930426320038018773e+01 2.263134425895846069e-01 -1.238924067024341769e+00
-1.930975846519568151e+01 1.971598549967139291e-01 -1.877051550078359554e+00
-1.906123063919991978e+01 4.416208214959121414e-01 -1.556697383593713679e+00
-1.930555284247439474e+01 2.032177978066539714e-01 -1.798300151245650014e+00
-1.938956172449260151e+01 5.139770840444777278e-01 -1.610068423242216218e+00
-1.921756458485996077e+01 2.433528383705783060e-01 -1.605810676012883853e+00
-1.931003486101638345e+01 1.951639848235619257e-01 -1.921923382356270249e+00
-1.924899509160244548e+01 3.374575337503733508e-01 -8.246662108506817024e-01
-1.924970590528573311e+01 3.535806295204633187e-01 -1.054641452951465830e-01
-1.931005396807073993e+01 1.952324808990344163e-01 -1.916123503281621288e+00
-1.924661172702905887e+01 3.195817852629782574e-01 -6.879781191142539942e-01
-1.931418732928324999e+01 3.220529478790825073e-01 -1.221053624515328728e+00
-1.963073145512373685e+01 3.110560115835723227e-01 -1.698269809023559063e+00
-1.935271121636298020e+01 1.641235655879204891e-01 -1.648731328867974799e+00
-1.930984490728737413e+01 1.960731638798783039e-01 -1.892123784749736526e+00
-1.924906001062568350e+01 3.953612695622615303e-01 -2.154420334617259680e-01
-1.926538299722996683e+01 2.940430261893197672e-01 -4.970519669208499636e-01
-1.929348158663820811e+01 2.267948781186226448e-01 -1.811696080347874549e+00
-1.930224156313238026e+01 2.317477282213303569e-01 -1.071164442845749631e+00
-1.931003454129064778e+01 1.953424790284467305e-01 -1.913728807711652102e+00
-1.931286219977171115e+01 3.102657766360355507e-01 -7.875372117664682925e-01
-1.931000940712414149e+01 1.953088227345512462e-01 -1.918828327037541692e+00
-1.928045613258738200e+01 2.458012504261505027e-01 -7.739092905710487358e-01
-1.930999411654858022e+01 1.953695357652316111e-01 -1.912885049194057219e+00
-1.929373360200059651e+01 2.585817874022958707e-01 -7.301495182799564443e-01
-1.930627225340053599e+01 2.065298540798077565e-01 -1.714094680250804359e+00
-1.930423673728274636e+01 2.126471884294648673e-01 -1.448698959168097655e+00
-1.925343360707568152e+01 1.898276886022914056e-01 -1.469661129998036442e+00
-1.931006550386010545e+01 1.951289296138667417e-01 -1.918546221651518113e+00
-1.930054240887434958e+01 2.207674440650909675e-01 -1.434530914215137676e+00
-1.931011591408332251e+01 1.951191764615677893e-01 -1.917809518731308893e+00
-1.937042576760459056e+01 6.100525500365675674e-02 -1.207493339525131937e+00
-1.930999607083086644e+01 1.955564598918577701e-01 -1.912769863471136311e+00
-1.937585946407144277e+01 1.206955840549799180e-01 2.591788504093406331e-02
-1.931014361072062258e+01 1.953527476506174421e-01 -1.894118318595364725e+00
-1.922353720142342937e+01 4.061505707630493345e-01 -1.976317437454522263e-03
-1.931000983196124210e+01 1.957527331829896078e-01 -1.903481838947651772e+00
-1.931035947436433275e+01 1.953863497357640477e-01 -1.893364746821336375e+00
-1.931052795187362747e+01 1.925905136210796231e-01 -1.988117703210588116e+00
-1.931018320069890137e+01 1.953956986380210037e-01 -1.901295018591836028e+00
-1.930977914536201467e+01 1.961560275768791939e-01 -1.894561837530800874e+00
-1.931017297386802767e+01 1.947154699152633950e-01 -1.929539912429357962e+00
-1.931123551655474913e+01 1.919949131664792086e-01 -1.984911328763986349e+00
-1.931020441903034524e+01 1.946697435289664879e-01 -1.930321198283236228e+00
-1.930997097505925808e+01 1.954414292768371364e-01 -1.911485054156866426e+00
-1.930997879648200666e+01 1.954340562855101937e-01 -1.911233289551548253e+00
-1.930797204722391314e+01 2.051165789742112611e-01 -1.706505463464455197e+00
-1.931042809660854331e+01 1.928575670950097298e-01 -1.972759720659257088e+00
-1.930627214159397909e+01 2.077416486122705963e-01 -1.685582623047029882e+00
-1.931055346327676503e+01 1.928565713541698090e-01 -1.988150845242075526e+00
-1.930962399080836178e+01 1.968930654594436280e-01 -1.858907651530512295e+00
-1.930800435230775136e+01 2.043622909548010180e-01 -1.681216086030224099e+00
-1.930799658124804097e+01 2.024800541751875793e-01 -1.737613375091723755e+00
-1.930911851857845818e+01 1.971437733845438911e-01 -1.914547742110545459e+00
-1.930947117165266036e+01 1.975247070900306989e-01 -1.861214840600794451e+00
-1.918774592993898054e+01 4.595643954994275693e-01 -1.346172017591035219e+00
-1.930891801244148454e+01 1.955250126035627811e-01 -1.851624023785518380e+00
-1.931159151821194797e+01 2.209679030257447885e-01 -1.444952280971705028e+00
-1.931014347839334633e+01 1.973571235960871195e-01 -1.832868595994260996e+00
-1.930991644450120148e+01 1.939662775297134878e-01 -1.918674897478282793e+00
-1.925530951436894966e+01 2.609976142626713735e-01 -1.543658889605899587e+00
-1.819715619177215160e+01 2.268737727836175888e-01 -1.670012429639703200e+00
-1.931006984684980310e+01 1.950875504136060368e-01 -1.920322491702735723e+00
-1.929031955258992781e+01 2.719037144124633043e-01 4.454922050349541252e-02
-1.931021014163677663e+01 1.951962797748908185e-01 -1.918908288813405250e+00
-1.931003190181466422e+01 1.944263110495586810e-01 -1.915296767212069096e+00
-1.932757287818971648e+01 2.041874804984799563e-01 -1.210687831926339442e+00
-1.931010345299173281e+01 1.950950543842651375e-01 -1.918881341219961900e+00
-1.931007951477253215e+01 1.950800219862581508e-01 -1.920405268924288311e+00
-1.931177319917659929e+01 2.262491155391292696e-01 -7.786828503518008482e-01
-1.928558785953045174e+01 2.659671611948800640e-01 -2.089364936483091295e-01
-1.942214279738551852e+01 3.519754563582083717e-01 -4.441056091594846045e-01
-1.934262607318412464e+01 2.075567595122763953e-01 -1.956343420680962231e+00
-1.931007391320181199e+01 1.951212863113793439e-01 -1.920418202057443402e+00
-1.983937895964346154e+01 3.940489601709131762e-01 -7.542144086392834623e-01
-1.931038525103569725e+01 1.945455843565037091e-01 -1.908250635517924954e+00
-1.930230482928001479e+01 2.211475702693933565e-01 -1.584266406929709659e+00
-1.931003432257417174e+01 1.952682092378174583e-01 -1.915098655395873539e+00
-1.930986715534965015e+01 1.947718376701790821e-01 -1.934928661516399639e+00
-1.930979834953947005e+01 1.957597638544438801e-01 -1.906963755115970605e+00
-1.931001270834592631e+01 1.955159803459445567e-01 -1.903679333372522153e+00
-1.931009474406305770e+01 1.951181973793815472e-01 -1.918477161864982961e+00
-1.931016759982691866e+01 1.947664844663500594e-01 -1.924352405031073410e+00
-1.931007004534050253e+01 1.961837515262344067e-01 -1.895126499408318343e+00
-1.931006308842878383e+01 1.952022858385401294e-01 -1.916777908166430677e+00
-1.931029012437710435e+01 1.972002971799496351e-01 -1.882937382137344073e+00
-1.930917080231382243e+01 1.971265036796409631e-01 -1.968435194358666873e+00
-1.931004817383335848e+01 1.953264924933167668e-01 -1.914058379149398803e+00
-1.931068821037562344e+01 1.953089311567473563e-01 -1.910051235416622806e+00
-1.930534185564646421e+01 2.240101273599406917e-01 -1.096267430602235748e+00
-1.930310467900352123e+01 2.181694818915992651e-01 -1.542959508847805639e+00
-1.931000022116431225e+01 1.954172272756182771e-01 -1.909597294741331552e+00
-1.931038673486219182e+01 1.948357190040011788e-01 -1.922205026039344622e+00
-1.931066865615418138e+01 1.917275242624379983e-01 -1.950029819569637723e+00
-1.927937444902001118e+01 2.306215092318959214e-01 8.179916974083756287e-02
-1.930168198809784030e+01 2.236140371596559984e-01 -1.307235047046308551e+00
-1.930998698973895245e+01 1.959650695465025572e-01 -1.900066950421359424e+00
-1.961858495983655004e+01 2.467575613171500426e-01 -1.535873172675723763e+00
-1.895378437683659811e+01 5.193238989473322187e-01 -6.095414040896014463e-01
-1.931001955703779771e+01 1.954415768449740409e-01 -1.910219319207644872e+00
-1.930823459832074107e+01 2.222676714392892994e-01 -1.016399362102445414e+00
-1.930999918198089915e+01 1.952388919165913561e-01 -1.917758271410774595e+00
-1.931013599710400186e+01 1.948097537058302298e-01 -1.927124610429652662e+00
-1.940224714106828685e+01 7.324682356130729488e-02 -1.930498639527043370e+00
-1.930753630569550694e+01 2.008821992575107462e-01 -1.835860402803683122e+00
-1.931007654859305589e+01 1.952125778612400220e-01 -1.916255886183067414e+00
-1.931007623256874695e+01 1.952152721521174250e-01 -1.915010563345440175e+00
-1.931029275333895967e+01 1.945084823656478279e-01 -1.928290716502694790e+00
-1.931072325892749220e+01 1.922183546704920587e-01 -1.926523259244092845e+00
-1.931001126425465486e+01 1.953681068021895784e-01 -1.912172209568186121e+00
-1.930602331380466907e+01 2.050544105549708396e-01 -1.788998588297836756e+00
-1.931014049736758764e+01 1.949642709167623278e-01 -1.921876076789877041e+00
-1.930908796853558940e+01 2.035182790931659158e-01 -1.694658168725326819e+00
-1.924553884130818204e+01 3.071134666793252088e-01 -1.287445477689270534e+00
-1.931099386018932762e+01 1.917184386155762477e-01 -1.998378531348216525e+00
-1.932563451472411131e+01 1.769638260386895978e-01 -1.932657323200225763e+00
-1.931369784821180247e+01 1.882654821667990863e-01 -1.959594550830029203e+00
-1.930908691444346559e+01 3.340660323822068345e-01 -3.100834818823912098e-01
-1.930991832444576772e+01 1.948712921771383333e-01 -1.938979870111505521e+00
-1.933045542852714860e+01 2.911016907877924664e-01 -2.560074017851925454e-01
-1.945773514391555636e+01 5.024148747512672264e-01 -8.802079000667180075e-01
-1.916507356971880682e+01 3.290317771068090869e-01 -2.902435735348729562e-01
-1.913713032437657446e+01 3.958439055302190313e-01 -2.463139220676111574e-01
-1.930792057077556834e+01 1.971915480026960044e-01 -1.930772685766925179e+00
-1.930639326450966919e+01 2.009281851092034332e-01 -1.843140449227301358e+00
-1.932240571684844710e+01 1.798363485741035495e-01 -1.575002107169891197e+00
-1.930810736043335751e+01 2.028427581160059945e-01 -1.668752480052324794e+00
-1.902330009483432249e+01 6.191088387561130002e-01 -2.816564450149146026e-01
-1.929036027079798643e+01 2.466051453325267817e-01 -9.401957206217002039e-01
-1.931528974541081212e+01 2.091742353989130554e-01 -1.234833615079156566e+00
-1.931002993471451035e+01 1.894820622952975708e-01 -1.919266498996168524e+00
-1.931126723812940682e+01 2.024771504250327259e-01 -1.443902578787088276e+00
-1.925450605261932324e+01 3.760001958847477566e-01 1.911619893090943378e-02
-1.923456041884148604e+01 2.787301749593147360e-01 -1.958214824012931121e+00
-1.930970246178189242e+01 1.963000290320449370e-01 -1.894454632724757337e+00
-1.930920496939026876e+01 1.984592316217781705e-01 -1.869643109570160888e+00
-1.929563893736659708e+01 2.192467678231428130e-01 -1.475515139173562584e+00
-1.930931407992232707e+01 1.980130240408204956e-01 -1.850116220981896653e+00
-1.930875445993858364e+01 1.957474383111342253e-01 -1.950717775666345410e+00
-1.931068888026785402e+01 1.932783835400530559e-01 -1.960617066970338440e+00
-1.931021325298326730e+01 1.952505299829981611e-01 -1.899688632257297893e+00
-1.931167294732029660e+01 1.945383318794628169e-01 -1.864983459253671816e+00
-1.930489034954443284e+01 2.181139226951211429e-01 -1.256937311235683641e+00
-1.931023953848778518e+01 1.982216041217126079e-01 -1.854196211787121795e+00
-1.971012095984051626e+01 9.461791729367389214e-01 -6.452911149844411387e-01
-1.931287217180017635e+01 1.952121654617765545e-01 -1.908809676637833519e+00
-1.929980543120401393e+01 2.324286600094583322e-01 -1.547596952405810633e+00
-1.899119283212957399e+01 9.373370172629336139e-01 -1.169022937434201825e+00
-1.930761697510683206e+01 2.001019883803957788e-01 -1.991813998076336523e+00
-1.929610871926503535e+01 2.385703432010471137e-01 -9.068651703095162997e-01
-1.926520671253446793e+01 2.544123992722919225e-01 -5.375696899806450268e-01
-1.930997456652336552e+01 1.955830864397706537e-01 -1.908281400784175519e+00
-1.930999799593465482e+01 1.955790411760152947e-01 -1.908409212337858429e+00
-1.931003354995819876e+01 1.954625000245494015e-01 -1.909150068960518087e+00
-1.892633257795749202e+01 4.510999418372572123e-01 -4.966866617993259680e-01
-1.929269202938137795e+01 2.541648582839759474e-01 -9.621609397394506047e-01
-1.931408503264094989e+01 2.263048021948591837e-01 -1.542872127584728137e+00
-1.925389075178961917e+01 2.559779389874062283e-01 -1.375270346527881271e+00
-1.930999152722262124e+01 1.952948905901269461e-01 -1.916430711881693005e+00
-1.932753466399562470e+01 1.430512961692471385e-01 -1.906043471328860761e+00
-1.931483064006065575e+01 1.948843291156076851e-01 -1.775457939726240664e+00
-1.830425929787416095e+01 9.735074152439966433e-01 -1.555011001429538853e+00
-1.933476052402016165e+01 3.428708180719040599e-01 -3.083474806897070764e-01
-1.930603428761456541e+01 2.170289059834733802e-01 -1.487410975512898803e+00
-1.930627648810465757e+01 2.084623187798476662e-01 -1.589194059825920879e+00
-1.931006502856572382e+01 1.950726968614109325e-01 -1.924468189774731552e+00
-1.930541635068534490e+01 2.085369345221543269e-01 -1.686612462475980401e+00
-1.930809320607821888e+01 2.069741679018162750e-01 -1.661450537107786340e+00
-1.930768324252145973e+01 2.012226687641120171e-01 -1.361070524101644974e+00
-1.931037359685778654e+01 1.939616516791660139e-01 -1.950336260260348231e+00
-1.930985643407699115e+01 1.963962861553915640e-01 -1.885194085607361458e+00
-1.930965353222931924e+01 1.964261101108489838e-01 -1.875640015865795096e+00
-1.931004287121539420e+01 1.953341734773200999e-01 -1.913222705223746933e+00
-1.930921647053018830e+01 1.976884368577782047e-01 -1.852878074534470176e+00
-1.930940231141541474e+01 1.985561494208148148e-01 -1.844657314874736498e+00
-1.931620658130595558e+01 1.828555735827877837e-01 -1.622865554508612140e+00
-1.930996234680344159e+01 1.952674739331519138e-01 -1.919461765561264466e+00
-1.930993997824116448e+01 1.957718435326519513e-01 -1.904792373298455077e+00
-1.931004287592231350e+01 1.951138906302854747e-01 -1.919711415141697630e+00
-1.930937877816833392e+01 1.976020562768293076e-01 -1.869243100226109400e+00
-1.931006745701544602e+01 1.951003207478188839e-01 -1.923340516196373917e+00
-1.930964645861863715e+01 1.967963755711827634e-01 -1.875081133168846614e+00
-1.930998156551139644e+01 1.954913879927671627e-01 -1.911186913060559212e+00
-1.920827857743453748e+01 3.593431900937906764e-01 4.244068245118981508e-02
-1.931008218338436322e+01 1.951637530984591529e-01 -1.918750744743144665e+00
-1.931002614779798066e+01 1.955765834687947513e-01 -1.905601134656915052e+00
-1.930993121900742082e+01 1.949099530501475219e-01 -1.921800876131923186e+00
-1.930962888874591599e+01 1.981518368292144450e-01 -1.805336125412497994e+00
-1.930931326721080765e+01 1.985312728374718505e-01 -1.838024264908308503e+00
-1.930999835640638196e+01 1.953203331215932759e-01 -1.915843430570531414e+00
-1.931030063225571070e+01 1.981843366255576500e-01 -1.826121212748577305e+00
-1.931004563413169706e+01 1.952659146227864184e-01 -1.915154971458964406e+00
-1.930970486864618252e+01 1.981158497182068656e-01 -1.829590949114962894e+00
-1.931004976964720043e+01 1.952736772346585492e-01 -1.912665874986757775e+00
-1.937610121085699788e+01 2.761690571011197193e-01 -3.157929258935099348e-01
-1.930920956379733511e+01 1.982381836123614516e-01 -1.857496644262330188e+00
-1.943850944012456949e+01 1.166000017585151899e-01 -1.905191287254734966e+00
-1.925288436240203538e+01 2.699294063016598466e-01 -9.385943012507540484e-01
-1.969918097818550962e+01 1.329691865751030933e-01 -5.861596614986139819e-01
-1.931010599743924061e+01 1.951665144338410596e-01 -1.906290732120680564e+00
-1.930968781379035448e+01 1.965802437002920899e-01 -1.878697211284555024e+00
-1.931001890748396832e+01 1.952175253191229531e-01 -1.917793109705351995e+00
-1.906419759639739198e+01 6.756230368433078226e-01 -1.636384460527180895e+00
-1.931002640368710033e+01 1.954359081458924285e-01 -1.911755576449539751e+00
-1.931008226856501864e+01 1.952529348696644407e-01 -1.914509368058739947e+00
-1.931008320424031410e+01 1.952404232318477595e-01 -1.914221372086684081e+00
-1.931008351550567781e+01 1.954147813850243831e-01 -1.908563637813093239e+00
-1.930828077896171635e+01 2.031349134717915783e-01 -1.639505517805633694e+00
-1.931005444090072487e+01 1.953271651534937703e-01 -1.914687356750300884e+00
-1.931005103690542057e+01 1.953207919968407980e-01 -1.912777059447879013e+00
-1.930605224589728408e+01 2.015769940157316753e-01 -1.772209646919901349e+00
-1.931003100933571304e+01 1.953128309939481111e-01 -1.915181490421858479e+00
-1.930926428510815995e+01 2.018129900666857379e-01 -1.729430055509094677e+00
-1.930384120152184124e+01 2.197251739273248516e-01 -1.447908216229633727e+00
-1.930210025198068635e+01 2.121556484951020449e-01 -1.282117224007967016e+00
-1.931019311466539534e+01 1.939946946168904507e-01 -1.958184843543128162e+00
-1.930999793083007177e+01 1.952327922279549766e-01 -1.914675727208168254e+00
-1.930997273031499972e+01 1.954672028783562832e-01 -1.909943785122113047e+00
-1.931005169357081641e+01 1.954781125265010466e-01 -1.913122798889727028e+00
-1.930990116033331816e+01 1.957535878523732897e-01 -1.904709062019429577e+00
-1.930997843607065434e+01 1.956380393433719556e-01 -1.906501888542061263e+00
-1.931024287673804807e+01 1.955571375713249238e-01 -1.904397183853867137e+00
-1.931007267422825180e+01 1.951109257115012652e-01 -1.919623879500156116e+00
-1.932125318617195830e+01 1.949420239654369447e-01 -1.844508308909273975e+00
-1.930974723587728192e+01 1.958600638958713780e-01 -1.900628564223397765e+00
-1.930976642830804479e+01 1.971609481149124155e-01 -1.868216035738415659e+00
-1.931013319347682966e+01 1.950146995533679206e-01 -1.921969129443821478e+00
-1.927381606586755325e+01 3.499873499946565825e-01 -3.014480830553289969e-01
-1.930827831391426486e+01 1.928125297242917480e-01 -1.978697581867468580e+00
-1.931003018831056650e+01 1.959437204561862989e-01 -1.894454420242809967e+00
-1.935755725040682762e+01 1.679394471587838111e-01 -7.811505543247130312e-01
-1.930983207932296253e+01 1.962289254357552915e-01 -1.894610138996998705e+00
-1.934948083291883592e+01 2.011575421915495487e-01 -2.022094843608757131e-01
-1.928702290259674967e+01 2.756649277730748304e-01 -1.861746888582369364e+00
-1.930924907228000720e+01 1.974077629718071769e-01 -1.856707260512769908e+00
-1.931053752226304709e+01 1.963334155788885593e-01 -1.856486702136303846e+00
-1.931012185082022725e+01 1.946536749119862630e-01 -1.930012174747906428e+00
-1.931017041958701341e+01 1.947792515631968924e-01 -1.929214560944132240e+00
-1.931039370070227079e+01 1.962648506609519783e-01 -1.871007406912129856e+00
-1.922707866735650839e+01 4.025323450422202409e-01 -3.536456003054082586e-01
-1.931414875146305477e+01 2.076049334184314754e-01 -1.446949019373386047e+00
-1.931001752924291281e+01 1.952861643959959148e-01 -1.914183627609457261e+00
-1.883967223097360844e+01 6.372288955097999974e-01 -1.622035903398753920e+00
-1.934275354955560999e+01 2.193943239224374897e-01 -1.559242279563564093e+00
-1.936022158616810529e+01 1.607274155242297553e-01 -1.932457861107353292e+00
-1.931476535425151297e+01 2.527095864187652863e-01 -2.552537486499253383e-01
-1.957870487812969884e+01 3.400631319948304032e-01 -1.142353182569285863e+00
-1.946989317677735087e+01 9.696529287245310436e-02 -4.865266023525238737e-02
-1.933069036892892711e+01 1.945413437945847090e-01 -1.565581464125143984e+00
-1.928574518095723889e+01 2.578181055360166396e-01 -4.202759790826058328e-01
-1.926563148081281440e+01 3.330201090753071025e-01 -9.295565521523601049e-01
-1.930967900002857007e+01 1.955676714652835879e-01 -1.912761250673600033e+00
-1.931008417230158969e+01 1.951089627712947749e-01 -1.919216910852644453e+00
-1.932381942278433229e+01 3.012198859706813892e-01 -4.325732746030475084e-02
-1.930848533210163609e+01 2.030481958644216045e-01 -1.740157081464790201e+00
-1.930871736031737385e+01 2.018790440421096566e-01 -1.738975458764100868e+00
-1.931041757374229917e+01 1.940166705800557279e-01 -1.940593931846920306e+00
-1.931313395924780352e+01 1.894704338572194280e-01 -1.955136859280434791e+00
-1.931034976713302598e+01 1.945264857433578465e-01 -1.925717651524280871e+00
-1.932446024740732682e+01 1.862039370737031962e-01 -1.470827468345686340e+00
-1.930819823337261809e+01 2.039893780887888364e-01 -1.655941895224335880e+00
-1.879059366146611509e+01 9.854346118172265800e-01 -1.014837081433804133e+00
-1.931134424974554875e+01 1.924977773705158213e-01 -1.965485075388436087e+00
-1.930573828375729306e+01 2.030086198398734776e-01 -1.845143556409215124e+00
-1.930998670074605528e+01 1.960464491448485891e-01 -1.880942716410124893e+00
-1.925488109909997902e+01 3.153599241238959627e-01 -7.899470075546299874e-01
-1.824532742561985543e+01 7.639268334233424440e-01 -9.644023286738347966e-01
-1.931022827614580706e+01 1.932466760795164828e-01 -1.935984700053722252e+00
-1.930444485036086633e+01 2.051024192652144695e-01 -1.776610421250390814e+00
-1.930685232684161434e+01 2.049253837717974758e-01 -1.759065278706968494e+00
-1.930663729842664011e+01 2.136015077371451742e-01 -1.321318101881540752e+00
-1.931147623220392262e+01 2.024833825501708429e-01 -1.629717479331545649e+00
-1.930475105423539262e+01 1.893661970935814343e-01 -1.862985138105866412e+00
-1.930772648783056411e+01 2.020136002642094475e-01 -1.871200666569606152e+00
-1.930797069546211375e+01 2.036998000266127262e-01 -1.694875747374107622e+00
-1.930663318236562986e+01 2.050812556106109130e-01 -1.325282194559442406e+00
-1.929766144601801869e+01 2.239783587861149672e-01 -1.081399365811649194e+00
-1.925111853762213343e+01 5.163191707930332441e-01 -6.297956195471687835e-01
-1.931040019530124496e+01 1.946236372282202920e-01 -1.925936117228403965e+00
-1.932962114705965817e+01 1.233684318385936396e-01 -6.153239077367227416e-01
-1.930990746808004488e+01 1.957638764513527085e-01 -1.901711099788869763e+00
-1.930991793469922513e+01 1.957231577414761947e-01 -1.903610329177198857e+00
-1.930927281071309309e+01 2.404142131313840858e-01 -7.343747148717989504e-01
-1.930669218974361101e+01 2.064036788889994090e-01 -1.508672089640954006e+00
-1.923620250673100429e+01 3.681238961122839104e-01 -1.258062251115981578e+00
-1.930955808515922456e+01 1.959885223653332342e-01 -1.901757129355425624e+00
-1.931416605687945420e+01 2.691009949613625274e-01 -1.568695709990896248e+00
-1.930994040345889573e+01 1.954591425430470542e-01 -1.912790754072622113e+00
-1.929571036423332941e+01 2.472204741961536723e-01 -9.864706238799478832e-01
-1.931162333666480535e+01 1.933039395669866878e-01 -1.843160060348658424e+00
-1.931029134989190155e+01 1.948439827583540729e-01 -1.917620909877325364e+00
-1.931002464530890705e+01 1.953565203435509989e-01 -1.913579444430739906e+00
-1.931242849738226042e+01 1.915577635300543258e-01 -1.956956765818291366e+00
-1.931016075878338611e+01 1.949928949422747027e-01 -1.921538272611294396e+00
-1.931002501129318105e+01 1.953219116111396259e-01 -1.914947001482010025e+00
-1.931002011149441344e+01 1.953112985520930323e-01 -1.914631320663605640e+00
-1.931009015598399969e+01 1.949928262124004386e-01 -1.925560203872902720e+00
-1.931021288780058143e+01 1.957116105115371540e-01 -1.882219354118749965e+00
-1.931009124045084135e+01 1.949921599975799058e-01 -1.922153553235361745e+00
-1.930989810763062664e+01 1.957093061239462972e-01 -1.909423717125420250e+00
-1.931004705587068315e+01 1.950516818341829217e-01 -1.923019004588652381e+00
-1.931004704965431173e+01 1.949689000065286948e-01 -1.924410918534164017e+00
-1.931009267776502014e+01 1.951098416778962175e-01 -1.919538632338821049e+00
-1.930906006536146435e+01 1.967058563792663528e-01 -1.895182770341193867e+00
-1.931008174777169373e+01 1.951361216973070967e-01 -1.918647860546885298e+00
-1.930907043517286681e+01 1.969098696358833889e-01 -1.898417941397420039e+00
-1.929400147349364758e+01 2.784078808312140940e-01 -4.474854758798101351e-01
-1.930867368695476571e+01 1.969701653725201840e-01 -1.846137939884278545e+00
-1.930972867529882464e+01 1.966066555600857746e-01 -1.871209394300623607e+00
-1.930888837118826729e+01 1.970374946728933319e-01 -1.923343785529207484e+00
-1.931796127995179191e+01 1.910292299875617772e-01 -1.836200277651278245e+00
-1.930999143374563687e+01 1.954653596620291589e-01 -1.910822263458213932e+00
-1.907562556774268359e+01 6.790056763814185103e-01 -4.351611667401291683e-01
-1.930988154405918422e+01 1.955468142803353515e-01 -1.910063987754748727e+00
-1.931021341031400596e+01 1.950399860517089690e-01 -1.920895148379882844e+00
-1.931008884528016267e+01 1.952264276879421279e-01 -1.914412484267367098e+00
-1.932787345567206216e+01 2.714214926594334387e-01 -1.498421226844362852e+00
-1.898054808496781831e+01 3.685293121209234912e-01 -2.507039506665194040e-01
-1.930988219030289699e+01 1.955786792614297998e-01 -1.908909117153343438e+00
-1.935776209361575084e+01 6.224635262652677969e-02 -1.417621368698272599e+00
-1.924814289738066009e+01 3.824080795607571193e-01 -1.057496401833369681e+00
-1.922795773469193392e+01 4.899448353720140537e-01 -7.753983312892080981e-01
-1.924892382727411544e+01 1.578038871273952370e-01 -1.545725569301958924e-01
-1.931006616547636057e+01 1.952229879447417160e-01 -1.915482865890145714e+00
-1.930282248811022328e+01 2.151011410979657146e-01 -1.653180837114816226e+00
-1.931000646354846850e+01 1.952290325008638749e-01 -1.917279528284657308e+00
-1.931615301764595216e+01 1.922024984118608504e-01 -1.878614302402294545e+00
-1.931009279586429983e+01 1.952438155098214501e-01 -1.912301348285930569e+00
-1.930554081978249314e+01 2.107543854564934427e-01 -1.538479846151532993e+00
-1.930792841900800383e+01 1.966866856081506132e-01 -1.926742048372446892e+00
-1.931345039990334911e+01 1.904428534662123695e-01 -1.959172892589784665e+00
-1.931177446642078621e+01 1.902592681939439534e-01 -1.988909030506034625e+00
-1.931278276339142508e+01 1.926835954798482575e-01 -1.880313704495018001e+00
-1.926451536380499263e+01 3.223620910356794766e-01 -1.869644514530047319e+00
-1.931346425295143732e+01 1.904865760755947157e-01 -1.984419237442290429e+00
-1.930682230333949434e+01 2.006444436179437296e-01 -1.842224887196932226e+00
-1.931715597343376345e+01 2.474176567075557220e-01 -4.186899306767219997e-01
-1.931072818400148705e+01 1.923972183028339056e-01 -1.976960354230804962e+00
-1.931462141585929260e+01 1.964592305669359551e-01 -1.784601302550146151e+00
-1.930900141259703418e+01 2.007361174933639247e-01 -1.778210597070493559e+00
-1.931107056054448279e+01 1.913117804718340587e-01 -1.993886547115415020e+00
-1.931185228305377066e+01 1.915650669203160517e-01 -1.947573858925444545e+00
-1.930912396570048983e+01 1.993297168260674268e-01 -1.812863579053947127e+00
-1.931026163094501058e+01 1.941527414492194847e-01 -1.941397712148709598e+00
-1.928125662262470286e+01 3.547774251643315280e-01 -1.590544971461769652e+00
-1.932039956238951817e+01 4.680072394663908897e-01 -7.026077524134275443e-01
-1.933467412605680380e+01 1.798235749249637305e-01 -1.708231806034899991e+00
-1.949497384015065293e+01 1.165607291269763202e-01 -5.957615124916029181e-01
-1.930752113639141854e+01 2.030293614768410582e-01 -1.769400061266728885e+00
-1.919144512804529867e+01 5.588296473340190751e-01 -1.782314582781637124e+00
-1.932155795275925314e+01 1.697644744062777045e-01 -1.956399988252541577e+00
-1.930996333424405265e+01 1.958698792924506160e-01 -1.903694525625707179e+00
-1.930997615880006535e+01 1.965477218272328463e-01 -1.876991074206460608e+00
-1.930833840263285595e+01 1.983187560865656007e-01 -1.860168656171746759e+00
-1.930911432350916357e+01 1.983320615785822971e-01 -1.858497096115511393e+00
-1.930868457102211266e+01 1.966301180457222519e-01 -1.873809223947935587e+00
-1.931213706942268971e+01 1.917982791289854771e-01 -1.979152685231792663e+00
-1.930910461467013306e+01 1.993634323032286715e-01 -1.821166845840109794e+00
-1.931051926196651536e+01 1.920044946589191948e-01 -1.993965809822003665e+00
-1.945281265608826615e+01 2.072135657226419070e-01 -1.637895667549997825e-01
-1.928889974962645226e+01 1.542823337115613869e-01 -2.306964376208666678e-01
-1.931930563259102129e+01 1.949497018861380548e-01 -1.948980690918805880e+00
-1.930009548498140148e+01 1.117828148409621969e-01 -4.375552471340560245e-02
-1.931009805511778410e+01 1.962403280759447699e-01 -1.880479925660631713e+00
-1.930974132172362445e+01 1.999231976509994735e-01 -1.803269456843336505e+00
-1.929157253336541089e+01 2.688650263046651889e-01 -4.760577526198561671e-01
-1.931071381805233145e+01 1.924299352897640702e-01 -1.979184824279132338e+00
-1.910789958696782875e+01 7.280982244212851340e-01 -3.393048484397982456e-01
-1.931014342124862537e+01 1.947705896071428577e-01 -1.927229655510304340e+00
-1.924639955751343834e+01 3.349231628201216893e-01 -5.004036787808803233e-01
-1.931007427803788445e+01 1.945222970023905984e-01 -1.933071296188365373e+00
-1.931026749344667337e+01 1.944594480286803151e-01 -1.936934877125828569e+00
-1.930793174087075670e+01 1.926251004226600949e-01 -1.606082571930615988e+00
-1.931049155630359238e+01 1.942656182004674492e-01 -1.926609364167318539e+00
-1.931050724323483081e+01 1.940859151777510339e-01 -1.938364315710317198e+00
-1.930371907564261491e+01 2.050893627614346348e-01 -1.823506779275004153e+00
-1.931012849058759784e+01 1.948275565078691207e-01 -1.926293400167099934e+00
-1.931000052889663365e+01 1.948128136518240683e-01 -1.928104246337424277e+00
-1.931000366282203728e+01 1.944747572487693643e-01 -1.935634228505644927e+00
-1.931017815759981460e+01 1.948971459974150888e-01 -1.921596317693536449e+00
-1.931011053557477553e+01 1.949507649799749887e-01 -1.922492208139427561e+00
-1.930988449151212194e+01 1.948171850740637590e-01 -1.933058790073508115e+00
-1.931011622964793872e+01 1.949573280710477363e-01 -1.920985114426589480e+00
-1.931015686411699050e+01 1.949585933161369355e-01 -1.922848505711569178e+00
-1.885808698513284654e+01 6.610664311530073389e-01 -8.130817858586625313e-01
-1.931012508462698207e+01 1.949667721527149900e-01 -1.923285944023258809e+00
-1.964596486059858549e+01 2.343907493917800899e-01 -5.181574953788086191e-01
-1.931011840130327073e+01 1.949129169674432283e-01 -1.923399467387076456e+00
-1.922201811018529227e+01 3.217533021493697576e-01 -9.647341560899844737e-01
-1.929508952822708423e+01 2.200632015484313142e-01 -1.988076295441727481e+00
-1.930982952871904246e+01 1.962074372782688925e-01 -1.916553393349532453e+00
-1.931083437188846474e+01 1.979905240464824301e-01 -1.707744104731105050e+00
-1.931006222046444165e+01 1.943754265620560029e-01 -1.929716179683500732e+00
-1.928681569730900236e+01 1.392671279883200275e-01 -1.944096285293700710e+00
-1.922607194626802851e+01 3.356553726356501510e-01 -2.134884227382329858e-01
-1.907183151349430617e+01 6.867073173744967507e-01 -1.069676838569799671e-01
-1.929376052579343082e+01 2.361518866884930457e-01 -1.512832253948565908e+00
-1.931008217140459848e+01 1.951692674415874407e-01 -1.917795673202337126e+00
-1.931007522931220066e+01 1.950987895195006594e-01 -1.919238204638839207e+00
-1.931053135458528303e+01 1.944017982230650254e-01 -1.940418775315017497e+00
-1.931005558958916524e+01 1.951899471949322951e-01 -1.917193265638104105e+00
-1.931005551331436720e+01 1.952328756704072854e-01 -1.915725886134119094e+00
-1.931047538263337060e+01 1.932028747574537353e-01 -1.944349451733537348e+00
-1.931005787337375423e+01 1.952859057023509648e-01 -1.916419678441233732e+00
-1.930316267920381890e+01 2.041992763833762603e-01 -1.896882396956052874e+00
-1.930593768867517213e+01 2.090236130221965749e-01 -1.658323061675911259e+00
-1.931292962554384829e+01 1.917151903386820899e-01 -1.972608404906062152e+00
-1.930998028231593722e+01 1.954622789775383729e-01 -1.909554681647491536e+00
-1.931102563952949680e+01 1.967591979864644069e-01 -1.887695207947788223e+00
-1.930900629880062880e+01 2.012830520102017462e-01 -1.722795901146129349e+00
-1.931009431349712457e+01 1.942851361612553673e-01 -1.950662883735043707e+00
-1.930997079460377819e+01 1.953007847182756107e-01 -1.919240594005031664e+00
-1.903415374017038175e+01 9.353143939611437974e-01 -1.206049807119015993e+00
-1.930984588919302780e+01 1.953899738360885541e-01 -1.932578929251980604e+00
-1.930938146051434856e+01 2.014392740493893552e-01 -1.734470665802720468e+00
-1.930973234779263947e+01 1.943881512315335514e-01 -1.959805274805099806e+00
-1.930921093225911633e+01 1.987110310848386185e-01 -1.842676337345890758e+00
-1.930953336613630711e+01 1.974228193894594641e-01 -1.902175495013719964e+00
-1.930979217031427808e+01 1.950202570103055089e-01 -1.931415255961601352e+00
-1.930991414132788364e+01 1.958903002978028551e-01 -1.907551947858640462e+00
-1.930997160751917363e+01 1.957821848683467536e-01 -1.902316606118386932e+00
-1.931001315681370301e+01 1.957343921357508343e-01 -1.902707600459411674e+00
-1.931246944463516257e+01 1.943204873757091722e-01 -1.857757524052539688e+00
-1.930894679064998698e+01 1.960660175101223424e-01 -1.965304979670092322e+00
-1.930992906307271895e+01 1.978345922790549494e-01 -1.835069395580058993e+00
-1.931052023184470912e+01 1.987181972635068128e-01 -1.770434506065944769e+00
-1.925451655101648640e+01 3.599671514212068324e-01 -5.633202197442725989e-01
-1.931230180496211801e+01 1.990930785832958072e-01 -1.755182871076591544e+00
-1.931099992041844970e+01 1.975209229691234913e-01 -1.904968443568596514e+00
-1.928689484969347134e+01 3.411224759267874607e-01 -6.840288033019845670e-01
-1.931168930619288560e+01 1.939019121825571179e-01 -1.898352098599207283e+00
-1.930963229451724317e+01 1.971574548817837946e-01 -1.869225711856124406e+00
-1.930942958933063736e+01 1.976133800453059308e-01 -1.834308638895805199e+00
-1.923773218228161852e+01 4.251885316122004377e-01 -9.757855856595991639e-01
-1.930451534435875516e+01 2.016446962761419270e-01 -1.805151761200224358e+00
-1.930992205635644154e+01 1.956332688495672767e-01 -1.907196825091559633e+00
-1.930994449376863642e+01 1.954953259399607179e-01 -1.910170855190417072e+00
-1.930719182485800189e+01 2.028618193026864025e-01 -1.774925817309332521e+00
-1.930996209124074170e+01 1.954379895773621090e-01 -1.913212524203445897e+00
-1.931706545752079762e+01 1.866074000970747715e-01 -1.925086014154491210e+00
-1.930897668448872651e+01 1.951454337880699219e-01 -1.980674636464565541e+00
-1.931089489097575296e+01 2.129064028097476524e-01 -1.498090813208000416e+00
-1.931001986776033164e+01 1.955273712920748141e-01 -1.909257055386937019e+00
-1.932398830771146692e+01 1.912226865833186462e-01 -1.686828174682111658e+00
-1.929706579072013284e+01 3.946403634295062579e-01 -1.738919232686370941e+00
-1.930998461199241234e+01 1.955672401809339656e-01 -1.909245928198614495e+00
-1.929188528632050037e+01 2.821499384883612294e-01 -1.179177000495408301e-01
-1.930995659067286141e+01 1.956360510163953625e-01 -1.906591112306177838e+00
-1.931019702671756022e+01 1.948018545443409577e-01 -1.926650617899059226e+00
-1.931011784674880616e+01 1.948458224733552735e-01 -1.923315775391116089e+00
-1.904502995115914743e+01 6.539307059253481880e-01 -6.292152553037222429e-01
-1.931015364082768571e+01 1.947421625335534756e-01 -1.928731804176870179e+00
-1.930830348553291387e+01 1.960590910745344806e-01 -1.950077963322547570e+00
-1.931016406294192223e+01 1.947698442666480900e-01 -1.927957690970697024e+00
-1.931565603708391521e+01 1.896807458803887736e-01 -1.791363730655029851e+00
-1.930976821811340116e+01 1.957281587933774603e-01 -1.933325276643025115e+00
-1.930992720391924067e+01 1.965294185187480835e-01 -1.878650933190242567e+00
-1.930960004846961908e+01 1.979358518773731423e-01 -1.840070175709569877e+00
-1.930938406133845575e+01 1.980768726894787390e-01 -1.850520698615017556e+00
-1.930997456430971226e+01 1.957414060832013136e-01 -1.900513208279959843e+00
-1.929921798548884482e+01 2.747911355199212369e-01 -3.595386792459744907e-01
-1.930855276769782236e+01 1.985386502403247710e-01 -1.867237345698349982e+00
-1.930997605044855092e+01 1.957067879740762295e-01 -1.915618384141966724e+00
-1.930964760443524852e+01 1.985164009758176862e-01 -1.805210278137196811e+00
-1.930986148333253283e+01 1.956619984969764081e-01 -1.907987069061271024e+00
-1.932854558776161014e+01 3.128576331637094032e-01 -6.851605853661308920e-01
-1.931003869566934839e+01 1.952016541259344318e-01 -1.916494162376341848e+00
-1.931003618452905357e+01 1.952658201671527705e-01 -1.915976398294508165e+00
-1.931006401789193916e+01 1.952240435719259648e-01 -1.916145052035034047e+00
-1.931352721721675891e+01 2.006896346768848316e-01 -1.870604261863157758e+00
-1.930741074402437718e+01 1.986729316679807511e-01 -1.912178215302087647e+00
-1.930985915725077362e+01 1.958823382355528164e-01 -1.953782074677330671e+00
-1.931407078173563718e+01 1.901386021233366919e-01 -1.970121281982240236e+00
-1.931000503680304803e+01 1.955441576411513227e-01 -1.906859933321929601e+00
-1.930961692098887994e+01 2.027093041318885069e-01 -1.501521600918501065e+00
-1.809231290572838802e+01 4.581379977795133063e-01 -1.157556968529554364e+00
-1.929790563004212345e+01 2.384391762569144924e-01 -9.867949106196156617e-01
-1.931003468296980330e+01 1.953444768044989566e-01 -1.913117915917866396e+00
-1.931005062444167564e+01 1.952664097844755697e-01 -1.914376156386189853e+00
-1.932307841749468125e+01 1.863319628075913725e-01 -1.953090371576504669e+00
-1.930730688403558659e+01 2.011771424271981135e-01 -1.811009593541394347e+00
-1.930938889161529559e+01 1.964250953750142081e-01 -1.905430452389960561e+00
-1.930983043135484678e+01 1.964010133975365724e-01 -1.887200424220435213e+00
-1.931006391158066293e+01 1.953030429451752259e-01 -1.911772632045639631e+00
-1.930101575034367301e+01 2.391492226436419677e-01 -1.496169229525909028e+00
-1.930969482363670764e+01 1.963499010320673421e-01 -1.899366218013887275e+00
-1.929851983572990903e+01 2.136654896711624729e-01 -1.375765738544725725e+00
-1.930960108353632876e+01 1.960867128771254519e-01 -1.900939136758235115e+00
-1.930944544625691961e+01 1.932802562608118557e-01 -1.937411807536010055e+00
-1.921812397814255391e+01 2.327414565970585270e-01 -1.948114185873799586e+00
-1.930046340076527045e+01 2.251480722850471572e-01 -1.670137409401328599e+00
-1.930993120107766714e+01 1.951886340740562331e-01 -1.918078704767747444e+00
-1.930925612059996510e+01 2.017611592912249563e-01 -1.703923541844919454e+00
-1.930838726174540909e+01 2.046799552045818205e-01 -1.696510723504132123e+00
-1.930980279914511399e+01 2.012080245877900242e-01 -1.716528341155816539e+00
-1.930984554716920698e+01 1.951417657346704859e-01 -1.934758490794281638e+00
-1.931004727048414438e+01 1.950276222566879325e-01 -1.923094826700357363e+00
-1.931010439215749130e+01 1.966023086261572683e-01 -1.871204461099754024e+00
-1.931011709194219250e+01 1.955897761756525688e-01 -1.909556293451072584e+00
-1.931101320952120659e+01 2.033886362400811887e-01 -1.444526048642582605e+00
-1.931706428507700934e+01 2.037877946663320394e-01 -1.761240987072730135e+00
-1.930993608766603487e+01 1.946132538854922767e-01 -1.938044439136704655e+00
-1.917529413453049969e+01 6.491172480716062010e-01 -1.436816553505619432e+00
-1.913539102329235320e+01 6.595099527160854791e-01 -1.710871258900705794e-01
-1.937299451149047158e+01 3.182209633968426932e-01 -1.008722380028951982e+00
-1.931002813766162163e+01 1.950721095518021808e-01 -1.923198008327284825e+00
-1.931005156522916266e+01 1.950605626002124560e-01 -1.923073349562696821e+00
-1.920756646499888021e+01 4.250885242935745767e-01 -2.461437258767971148e-01
-1.931004558841237184e+01 1.963712564390659443e-01 -1.866853930513380888e+00
-1.931058782526735129e+01 1.928779853508614250e-01 -1.978844788110497133e+00
-1.932129567251712743e+01 2.120600762727316568e-01 -1.304598083883863335e+00
-1.931343865149393935e+01 1.882386096427265398e-01 -1.970719809715324011e+00
-1.930725040328472986e+01 2.051105264913994086e-01 -1.723781165671432802e+00
-1.931066269552093217e+01 1.935813261898871873e-01 -1.978786473498820753e+00
-1.931091642700597433e+01 1.927423164246285514e-01 -1.978802539327285004e+00
-1.931100372458301351e+01 1.923422253199584819e-01 -1.972841640974685173e+00
-1.930978224640492513e+01 1.928834633359592377e-01 -1.999198384882955759e+00
-1.916551130177672846e+01 5.399333138309871938e-01 -5.565459208390648449e-01
-1.917980955345275262e+01 4.989290319607398438e-01 -1.528831545965253280e+00
-1.931110991744457550e+01 1.950273387115838419e-01 -1.900279410275455216e+00
-1.930924454263284673e+01 1.991303022401722800e-01 -1.866166954475689810e+00
-1.889417298477415130e+01 4.304703253196753843e-01 -6.553763721004690623e-02
-1.930976601614868571e+01 1.941691704742332103e-01 -1.945486212188388020e+00
-1.930801127788738469e+01 2.075416133461554236e-01 -1.612994048697243832e+00
-1.930969803163533527e+01 1.968984892858806068e-01 -1.874900441514665284e+00
-1.931140281605885534e+01 2.171083005191469795e-01 -1.094655490120634012e+00
