-1.939656920064996726e+01 2.033352817120824552e-01 -3.382692595560596871e-01
-1.921781398518989548e+01 3.545400233210791452e-01 7.724738204373027273e-02
-1.921725596042465156e+01 3.444130967740570148e-01 7.799570113005138694e-04
-1.933942576238674604e+01 2.409314596689787480e-01 7.263372799690515080e-02
-1.922642132448654806e+01 3.364200188568652328e-01 -5.126214062391776238e-03
-1.923278804398606567e+01 2.388860136805552870e-01 -1.757426712674372338e+00
-1.935443544011298656e+01 2.514818960899310452e-01 -1.971071596654874192e-01
-1.927954999042668760e+01 2.563012692316516961e-01 -1.222320031840764543e-01
-1.922404361919691596e+01 2.177717562171785914e-01 -1.794542938278389066e+00
-1.933417571177069760e+01 2.394836376359682495e-01 -2.864738937729380819e-01
-1.933013213361940430e+01 1.986711369945079741e-01 -1.143166220480970940e+00
-1.925655301000490027e+01 2.809781088143198935e-01 -2.905908395377305720e-01
-1.928143451326410229e+01 3.357834002392138251e-01 -1.552626440883502212e-01
-1.937738925126035028e+01 1.353429964398618068e-01 -1.848230935118148510e+00
-1.928573816418337117e+01 3.126683613932082495e-01 7.169624040906219520e-02
-1.939118821056852582e+01 1.938686099617458469e-01 -2.002249417407360177e-01
-1.922404361919691596e+01 2.177717562171785914e-01 -1.794542938278389066e+00
-1.914183759871984947e+01 3.907934137285392628e-01 7.990183895176805606e-04
-1.936683758127860600e+01 1.849580809825880912e-01 -1.188222211750604496e+00
-1.952699345807599585e+01 1.237235710193671789e-01 -8.575565956587107852e-01
-1.925231310300033982e+01 2.180891045712480270e-01 -1.395447322495403597e+00
-1.930523003116717717e+01 2.401831162804073383e-01 -6.764974489138904090e-01
-1.941204498142343482e+01 1.230837328960137506e-01 -1.946112289938779938e+00
-1.925223153285651279e+01 2.672128096988246604e-01 -9.371865345895247223e-01
-1.930471986872708001e+01 2.568149190638905344e-01 -4.717358951707271153e-01
-1.925231310300033982e+01 2.180891045712480270e-01 -1.395447322495403597e+00
-1.932667385273527572e+01 2.392002883214632558e-01 -1.911280719760370950e-01
-1.926228809347437121e+01 3.272811852628759177e-01 -3.263497365172236542e-01
-1.922003864494494607e+01 3.384682246016375018e-01 1.962908817108788284e-02
-1.929660143895773317e+01 2.550222698104447350e-01 -5.474853326018906952e-01
-1.919883092368795729e+01 3.326837074271626338e-01 -1.782874347833167672e-01
-1.920884428500763619e+01 3.550610580200753708e-01 -8.661788571290651717e-01
-1.923844223254728547e+01 2.281194683975656112e-01 -1.254167964936399038e+00
-1.929955938860740972e+01 2.686209533564209995e-01 -3.772174884833900954e-02
-1.925971978520734496e+01 3.536072528991471842e-01 2.944277047720555984e-02
-1.923844223254728547e+01 2.281194683975656112e-01 -1.254167964936399038e+00
-1.933274609375693842e+01 2.499688096204515375e-01 -3.074489574459171592e-01
-1.933942576238674604e+01 2.409314596689787480e-01 7.263372799690515080e-02
-1.941762054762743617e+01 1.191518377045807653e-01 -1.954177495124843178e+00
-1.926060264419612977e+01 2.118728156744676405e-01 -1.991637984471499312e+00
-1.934761776769099839e+01 2.848581164527330123e-01 -9.888788484772037535e-02
-1.923278804398606567e+01 2.388860136805552870e-01 -1.757426712674372338e+00
-1.940463162151657883e+01 2.093164073317833329e-01 -8.255882340669322694e-01
-1.936636183826885826e+01 2.214602497571010464e-01 -7.193978735448225414e-01
-1.929660143895773317e+01 2.550222698104447350e-01 -5.474853326018906952e-01
-1.922404361919691596e+01 2.177717562171785914e-01 -1.794542938278389066e+00
-1.917012212233646906e+01 3.622862900456984003e-01 -1.422285532157241406e-01
-1.935348515772274425e+01 1.963899792453718818e-01 -7.558185311299350229e-01
-1.933820177783898231e+01 2.169220907305234314e-01 -9.009800816132114143e-01
-1.924633762313495922e+01 2.310581904956583721e-01 -1.561639397485403258e+00
-1.922642132448654806e+01 3.364200188568652328e-01 -5.126214062391776238e-03
-1.924457241402614471e+01 2.171445659162702102e-01 -1.606258125786645952e+00
-1.922769760895877766e+01 3.233133755945734600e-01 -9.108954214636066915e-02
-1.936697158290629872e+01 2.179070995327933580e-01 -3.062856553315078667e-01
-1.926928012958842373e+01 2.583503430054813199e-01 -1.014188730645237291e+00
-1.935348515772274425e+01 1.963899792453718818e-01 -7.558185311299350229e-01
-1.928143451326410229e+01 3.357834002392138251e-01 -1.552626440883502212e-01
-1.933920040595084799e+01 1.769411647294770185e-01 -1.530199203555393073e+00
-1.933921742247672171e+01 2.832214395900253812e-01 4.459171455304833387e-02
-1.931500662378209654e+01 2.507347199654546555e-01 -6.386793556674730254e-01
-1.933942576238674604e+01 2.409314596689787480e-01 7.263372799690515080e-02
-1.939118821056852582e+01 1.938686099617458469e-01 -2.002249417407360177e-01
-1.925417946750439313e+01 2.833476511480865212e-01 -1.896559537144364427e-01
-1.921781398518989548e+01 3.545400233210791452e-01 7.724738204373027273e-02
-1.923429553909218015e+01 2.412870365980200882e-01 -1.207269022938489922e+00
-1.923429553909218015e+01 2.412870365980200882e-01 -1.207269022938489922e+00
-1.925971978520734496e+01 3.536072528991471842e-01 2.944277047720555984e-02
-1.933942576238674604e+01 2.409314596689787480e-01 7.263372799690515080e-02
-1.933011511653982240e+01 2.965639972439748639e-01 -1.682451448342123790e-01
-1.931769690005220141e+01 2.147946821409835727e-01 -1.178167268934244616e+00
-1.922378169608909459e+01 3.473957318875613987e-01 -2.597195663548301781e-02
-1.939656920064996726e+01 2.033352817120824552e-01 -3.382692595560596871e-01
-1.931237464983530927e+01 2.857375862871660566e-01 7.367650959834071145e-02
-1.926467047612400307e+01 2.863561390196726619e-01 -1.518351535726569779e-01
-1.932582604826747996e+01 2.873259639004457355e-01 -7.203313001488576006e-03
-1.935144267881941005e+01 2.603627350110538918e-01 6.717460337528846637e-02
-1.927504613828850921e+01 3.061940430404715419e-01 -2.124299897833914486e-02
-1.929352118685479667e+01 2.290587925839054628e-01 -1.235117476948468518e+00
-1.929352118685479667e+01 2.290587925839054628e-01 -1.235117476948468518e+00
-1.936725222784593470e+01 2.531625645107233868e-01 9.943027032469720083e-02
-1.910364955833657064e+01 3.632324633676037307e-01 -1.215675313964047266e+00
-1.927660090989108355e+01 2.601966833303817062e-01 -1.063611615647324093e+00
-1.936725222784593470e+01 2.531625645107233868e-01 9.943027032469720083e-02
-1.932602256031591637e+01 2.387323779380787214e-01 -5.866332277351498092e-01
-1.933011511653982240e+01 2.965639972439748639e-01 -1.682451448342123790e-01
-1.936636183826885826e+01 2.214602497571010464e-01 -7.193978735448225414e-01
-1.922221009702900929e+01 3.275881870060391998e-01 -1.367126730884300478e-01
-1.933013213361940430e+01 1.986711369945079741e-01 -1.143166220480970940e+00
-1.933019574038022981e+01 2.030777607677189400e-01 -1.177823631446577091e+00
-1.928821659880861716e+01 2.644423976016717637e-01 -7.385246378601530992e-01
-1.936697158290629872e+01 2.179070995327933580e-01 -3.062856553315078667e-01
-1.914183759871984947e+01 3.907934137285392628e-01 7.990183895176805606e-04
-1.922404361919691596e+01 2.177717562171785914e-01 -1.794542938278389066e+00
-1.928143451326410229e+01 3.357834002392138251e-01 -1.552626440883502212e-01
-1.932782151227212708e+01 1.670654545287708903e-01 -1.569140608034639062e+00
-1.936820581239644312e+01 1.300281338103074225e-01 -1.926339751599007721e+00
-1.915832000159123538e+01 3.695727149108734011e-01 -1.393312681119802665e-01
-1.932704992011088407e+01 2.472850923270892565e-01 -1.216353662799254831e+00
-1.932782151227212708e+01 1.670654545287708903e-01 -1.569140608034639062e+00
-1.929735339249047144e+01 2.910168266074587007e-01 -4.624735559591730549e-02
-1.933019574038022981e+01 2.030777607677189400e-01 -1.177823631446577091e+00
-1.917397602024816194e+01 3.078043290028099621e-01 -1.517551287971131924e+00
-1.923674458329547932e+01 3.320129563803211892e-01 -1.030556128225141865e-01
-1.941655740634791982e+01 1.574538065315529423e-01 -1.272659925543520254e+00
-1.923674458329547932e+01 3.320129563803211892e-01 -1.030556128225141865e-01
-1.923429553909218015e+01 2.412870365980200882e-01 -1.207269022938489922e+00
-1.924633762313495922e+01 2.310581904956583721e-01 -1.561639397485403258e+00
-1.917238481407523665e+01 3.118535693326365266e-01 -9.820658934037744814e-01
-1.926928012958842373e+01 2.583503430054813199e-01 -1.014188730645237291e+00
-1.925223153285651279e+01 2.672128096988246604e-01 -9.371865345895247223e-01
-1.925417946750439313e+01 2.833476511480865212e-01 -1.896559537144364427e-01
-1.914183759871984947e+01 3.907934137285392628e-01 7.990183895176805606e-04
-1.933840654299086026e+01 2.520406248000662819e-01 -8.178930818147289727e-02
-1.926832635872432320e+01 2.946406469941946771e-01 -1.650588914091044579e-02
-1.926422341024415630e+01 2.196466677294316994e-01 -1.003938509756891584e+00
-1.929972645238046525e+01 2.877738206498136608e-01 2.532807508869217017e-02
-1.926060264419612977e+01 2.118728156744676405e-01 -1.991637984471499312e+00
-1.918880253333998454e+01 3.486483333823788278e-01 -5.709319300362638572e-01
-1.923412378206156603e+01 3.007713168015123117e-01 -2.146126498364737678e-01
-1.933942576238674604e+01 2.409314596689787480e-01 7.263372799690515080e-02
-1.928606489904737842e+01 3.086934481182695422e-01 -1.762544292069700980e-02
-1.923412378206156603e+01 3.007713168015123117e-01 -2.146126498364737678e-01
-1.922404361919691596e+01 2.177717562171785914e-01 -1.794542938278389066e+00
-1.918716826527820274e+01 3.451816634016394714e-01 -7.916757293068630297e-01
-1.931879098674514239e+01 2.148432779330943232e-01 -9.853120696209889395e-01
-1.927660090989108355e+01 2.601966833303817062e-01 -1.063611615647324093e+00
-1.947360344716084768e+01 1.228003417851323276e-01 -1.461947008110254131e+00
-1.923674458329547932e+01 3.320129563803211892e-01 -1.030556128225141865e-01
-1.928606489904737842e+01 3.086934481182695422e-01 -1.762544292069700980e-02
-1.921726307726144967e+01 2.846295196005728112e-01 -1.055233161822589194e+00
-1.936636183826885826e+01 2.214602497571010464e-01 -7.193978735448225414e-01
-1.933019574038022981e+01 2.030777607677189400e-01 -1.177823631446577091e+00
-1.936683758127860600e+01 1.849580809825880912e-01 -1.188222211750604496e+00
-1.935443544011298656e+01 2.514818960899310452e-01 -1.971071596654874192e-01
-1.923844223254728547e+01 2.281194683975656112e-01 -1.254167964936399038e+00
-1.928143451326410229e+01 3.357834002392138251e-01 -1.552626440883502212e-01
-1.926575728970223267e+01 2.389155171952873080e-01 -1.627679986743353568e+00
-1.929352118685479667e+01 2.290587925839054628e-01 -1.235117476948468518e+00
-1.931932416677315700e+01 2.596183991398238189e-01 -7.602883922402150496e-01
-1.939757921066438584e+01 1.706967086904159769e-01 -9.390072185226514545e-01
-1.928508628917384726e+01 2.879112514889177743e-01 9.246623493627481594e-02
-1.921630260696352011e+01 2.527263303940130434e-01 -1.298954069505240172e+00
-1.924320337694781102e+01 3.321605194979344033e-01 8.957691679375656690e-02
-1.932784774318807308e+01 2.051598504764577946e-01 -6.353590340631236622e-01
-1.936636183826885826e+01 2.214602497571010464e-01 -7.193978735448225414e-01
-1.919883092368795729e+01 3.326837074271626338e-01 -1.782874347833167672e-01
-1.921726307726144967e+01 2.846295196005728112e-01 -1.055233161822589194e+00
-1.929597067776050423e+01 2.477330090287970799e-01 -6.334933495143020288e-01
-1.925971978520734496e+01 3.536072528991471842e-01 2.944277047720555984e-02
-1.931879098674514239e+01 2.148432779330943232e-01 -9.853120696209889395e-01
-1.933400812056476781e+01 2.009681421133756862e-01 -1.172839251628111645e+00
-1.910637742565483421e+01 4.546018316355568412e-01 -9.820453395979411582e-02
-1.926191383492326281e+01 2.945247182208618475e-01 -3.776972367162225730e-01
-1.939757921066438584e+01 1.706967086904159769e-01 -9.390072185226514545e-01
-1.921781398518989548e+01 3.545400233210791452e-01 7.724738204373027273e-02
-1.917397602024816194e+01 3.078043290028099621e-01 -1.517551287971131924e+00
-1.927954999042668760e+01 2.563012692316516961e-01 -1.222320031840764543e-01
-1.923429553909218015e+01 2.412870365980200882e-01 -1.207269022938489922e+00
-1.933011511653982240e+01 2.965639972439748639e-01 -1.682451448342123790e-01
-1.921586147217134410e+01 2.544807472223177269e-01 -1.522249637685145762e+00
-1.917012212233646906e+01 3.622862900456984003e-01 -1.422285532157241406e-01
-1.926228809347437121e+01 3.272811852628759177e-01 -3.263497365172236542e-01
-1.927611951437435778e+01 2.793275788507679769e-01 -4.262384031055392875e-01
-1.924872569638009168e+01 2.953969264633444225e-01 -7.568881767382240611e-03
-1.925971978520734496e+01 3.536072528991471842e-01 2.944277047720555984e-02
-1.918716826527820274e+01 3.451816634016394714e-01 -7.916757293068630297e-01
-1.935443544011298656e+01 2.514818960899310452e-01 -1.971071596654874192e-01
-1.925231310300033982e+01 2.180891045712480270e-01 -1.395447322495403597e+00
-1.924741456448403909e+01 3.282362510024270374e-01 -4.467423259920955125e-02
-1.931889476865534760e+01 2.646575767389430234e-01 -1.839286268796416213e-01
-1.934761776769099839e+01 2.848581164527330123e-01 -9.888788484772037535e-02
-1.932261091826518751e+01 2.697543901383874787e-01 -3.005677569559699336e-01
-1.924561553016508242e+01 2.825577283858833333e-01 -5.073522551661970859e-01
-1.925231310300033982e+01 2.180891045712480270e-01 -1.395447322495403597e+00
-1.933942576238674604e+01 2.409314596689787480e-01 7.263372799690515080e-02
-1.931500662378209654e+01 2.507347199654546555e-01 -6.386793556674730254e-01
