# level_assignment log_likelihood tiebreaker ID
0 -8.270351290062122644e+03 9.313831178604086158e-01 3
0 -2.869009053739525825e+03 9.097214234388234511e-01 0
0 -3.309972270255529111e+03 3.700440103768229405e-01 4
1 1.488087115577158386e+02 4.145018870363429420e-01 2
2 7.821124729177661550e+00 9.428964701642443824e-01 2
1 -3.647520758244857575e+02 1.052927458186445620e-01 4
4 1.742500338123220160e+02 6.728185963404178516e-01 3
1 2.095664753771461619e+01 9.148421182493027271e-01 2
3 1.741300741174381130e+02 4.109047571589181658e-01 1
0 -4.543946879868148869e+01 3.551736003705115441e-01 1
4 1.681592883945676817e+02 7.008569776626740744e-01 3
7 1.796357863662494196e+02 3.943619021474268904e-01 1
7 1.795287536411210283e+02 6.889072583159313590e-01 3
8 1.790955358511656641e+02 4.875949789178930516e-01 3
9 1.793908902547449031e+02 8.498129983586373282e-01 2
8 1.791434224125839592e+02 6.894263541752763125e-01 3
6 1.775730548316844022e+02 1.736112213604418530e-01 2
10 1.796475123593512535e+02 3.716383696654988224e-04 2
9 1.796667064719044333e+02 1.121677124025463185e-01 1
4 1.708515124076230904e+02 7.575125753031226594e-01 0
11 1.796616977733372096e+02 1.149449771874079401e-01 2
10 1.796258203182293585e+02 5.905193343955601470e-01 1
11 1.796604629027388853e+02 5.739326298628921741e-01 0
13 1.796915907797585703e+02 8.915710022203802154e-01 0
11 1.796904109837172143e+02 4.724066981780966068e-01 2
11 1.796733078459116655e+02 3.836549942220277565e-01 4
13 1.796879603526701601e+02 9.560993748424596594e-01 2
16 1.796966363961872162e+02 9.775636234084877918e-01 4
13 1.796891886973334351e+02 2.037774883367634085e-02 2
10 1.795849884629801636e+02 8.859144073335576408e-01 0
13 1.796908789538021551e+02 8.042620927180634816e-01 4
17 1.796967424697880347e+02 4.891463652736872669e-01 4
18 1.796969097449873232e+02 8.583764563291205185e-01 3
18 1.796968891016162502e+02 5.581363634296760967e-01 3
7 1.786062730336229265e+02 6.748884246966360134e-01 1
16 1.796965645940100842e+02 8.142243428167645902e-01 3
7 1.782435579089809039e+02 5.937401684797879442e-01 2
3 1.498965235676676002e+02 1.917260052608006360e-01 1
16 1.796966472402802140e+02 2.295981222839582614e-02 0
9 1.795541123376526116e+02 1.826363998183447648e-02 2
21 1.796969409613737980e+02 4.193534461524313084e-01 3
20 1.796969248457378967e+02 9.019839156765508958e-01 2
11 1.796626535035016161e+02 7.355408102590499375e-01 0
17 1.796968685400907475e+02 9.934294256756335262e-01 2
18 1.796969243812860100e+02 6.353531565851394669e-01 3
11 1.796957334487673279e+02 2.402133085908348953e-01 0
13 1.796940325398263383e+02 3.044712391012265318e-01 0
12 1.796822162003641097e+02 3.822890005458849383e-01 1
21 1.796969332991872079e+02 3.084168978086694324e-01 3
21 1.796969347885440129e+02 9.247745010102658147e-01 4
15 1.796968209005996471e+02 3.730105825645247952e-01 3
19 1.796969370611872989e+02 7.415904048403121340e-01 4
14 1.796957335062902814e+02 9.152340712516316978e-01 1
13 1.796922612492197686e+02 6.058597988596873263e-01 1
22 1.796969411465746589e+02 4.114911900596394667e-01 2
14 1.796943977820235432e+02 1.558794443290300313e-01 0
20 1.796969353865472385e+02 2.435971567976580321e-01 2
13 1.796887894103687131e+02 4.602022756867305553e-01 0
9 1.796042340516891045e+02 3.818270326018510241e-01 1
13 1.796964789103106739e+02 6.274893812903016288e-01 1
19 1.796969377951194815e+02 7.775988556654286343e-01 1
21 1.796969372246413741e+02 5.382281652468318134e-01 1
22 1.796969414145547148e+02 2.006821809427730419e-01 2
21 1.796969366311937222e+02 9.655055267016279252e-01 4
21 1.796969339408761073e+02 5.872801821392430455e-01 4
10 1.796819426934683293e+02 8.003764318208017592e-01 3
24 1.796969413927264441e+02 6.528570891018325995e-01 2
25 1.796969414975162920e+02 7.199479528049363974e-01 2
25 1.796969414884410412e+02 3.437607676969989257e-02 2
24 1.796969414469532467e+02 9.148586178280453396e-01 2
22 1.796969402182539284e+02 5.797092839625106464e-01 1
26 1.796969415176810685e+02 4.731775440442489433e-01 2
26 1.796969415306485871e+02 5.117779903911606754e-01 2
24 1.796969413227096481e+02 6.642746096275315981e-01 1
23 1.796969409324917422e+02 3.560375563178359570e-01 1
23 1.796969413812948630e+02 4.494794339271859229e-01 2
11 1.796950406595844356e+02 6.731998367242314485e-01 0
17 1.796967988265167548e+02 7.589776805864532072e-01 3
20 1.796969285970083376e+02 4.564412085818414511e-01 3
18 1.796968477128191637e+02 9.383166243180118826e-02 4
17 1.796967914430590554e+02 6.546804405513432235e-01 3
26 1.796969415058507593e+02 1.554784072649690596e-01 2
27 1.796969415242274692e+02 1.175537949385431213e-01 2
20 1.796969279267672164e+02 1.977499054206655060e-01 3
23 1.796969407577732341e+02 7.393171912857433581e-01 0
20 1.796969297780266288e+02 6.458139593785867660e-01 0
3 1.728710825115669252e+02 6.986058868442945879e-03 3
28 1.796969415316292498e+02 4.325671586681140157e-01 4
28 1.796969415318396557e+02 6.352211345022795719e-01 4
5 1.754910249327563463e+02 1.729375608320182778e-01 0
29 1.796969415332609969e+02 5.420060914010704778e-03 1
3 1.248984526629958793e+02 3.483706747330352349e-01 2
5 1.787984467964770943e+02 7.772803489006889777e-01 2
7 1.792181327803465081e+02 6.109952520312658120e-01 0
27 1.796969415330102038e+02 8.915186458914146073e-01 4
26 1.796969415193468080e+02 9.004914838485165163e-01 1
29 1.796969415338268163e+02 7.002739740407828428e-01 1
10 1.796065574708560462e+02 6.029004846562561193e-01 0
12 1.796881684063259570e+02 9.493600843600358274e-01 0
25 1.796969414791282418e+02 7.008025824832642137e-01 1
1 -7.040449018723211339e+02 2.206761129510335095e-01 3
18 1.796968693572493976e+02 9.181302266205806362e-01 2
29 1.796969415340809633e+02 1.412977297540791710e-01 0
27 1.796969415239661885e+02 2.491578259359256975e-01 1
28 1.796969415333850293e+02 8.792276331497282660e-02 4
26 1.796969415283327862e+02 6.407524667079648184e-01 1
27 1.796969415240831154e+02 3.598328953791088969e-01 4
15 1.796962822955736669e+02 9.599204110692313163e-01 2
10 1.795866233962285321e+02 2.916008400220741481e-01 3
26 1.796969415071062315e+02 4.568108635988732402e-01 4
28 1.796969415331064397e+02 4.847130599441543675e-01 0
26 1.796969415282724185e+02 8.100683318266471700e-01 1
29 1.796969415338070633e+02 2.848923372286487621e-01 1
23 1.796969407171861235e+02 3.492692158569712380e-01 0
23 1.796969414577278883e+02 2.546117019492184497e-01 1
1 4.698557600640012311e+01 4.303283190406206327e-01 3
2 1.025771021455965126e+02 4.336642397692442863e-01 2
7 1.793638587239179856e+02 9.429308182257332138e-01 4
6 1.783400641609064792e+02 8.413843932006415116e-02 4
6 1.782684109113001512e+02 4.263398274563240387e-02 4
15 1.796966762280500802e+02 4.090705858282918661e-01 0
0 -1.421868777663202991e+03 2.885235284348031115e-01 3
6 1.783483420316111960e+02 8.119910213911873953e-02 4
4 1.633927398741852528e+02 6.112356460745687059e-01 3
10 1.796296832583243486e+02 7.888451057511436382e-02 2
12 1.796744688060514932e+02 5.226829530444258853e-02 2
24 1.796969414134890712e+02 6.632958175687275748e-01 0
21 1.796969353058294985e+02 8.734508338749424894e-02 2
27 1.796969415315849403e+02 8.500995870804715082e-01 0
26 1.796969415317610128e+02 5.112088355516124505e-01 0
15 1.796965813899058162e+02 1.878479910896227456e-01 4
4 1.744446231264672633e+02 2.894856382669973027e-01 3
10 1.795959405787048127e+02 7.425015565408180085e-02 4
9 1.795758031959177004e+02 7.486577089934631779e-01 3
27 1.796969415244800530e+02 3.173331637230878410e-01 0
29 1.796969415338932663e+02 3.560133625958528114e-02 0
14 1.796961012632943380e+02 8.986325866710984656e-01 3
26 1.796969415265810994e+02 6.618165875285992872e-01 0
27 1.796969415248951236e+02 4.559683171993751394e-01 2
26 1.796969415197931710e+02 6.703338324895184996e-01 2
16 1.796966706518776959e+02 7.226164488863044966e-01 3
17 1.796967796775747388e+02 7.683795705584630653e-01 3
24 1.796969414421954525e+02 4.195793633533680400e-01 2
17 1.796967572856317474e+02 9.937136613479160552e-01 3
20 1.796969357471801345e+02 8.325220930723730151e-01 3
19 1.796969100552836665e+02 9.309200925673399851e-01 3
17 1.796969116132356703e+02 7.587036514437670576e-01 3
20 1.796969363430256976e+02 2.312995692582564544e-02 3
1 -3.957155959535554075e+02 9.072622033048483026e-01 1
16 1.796967635935349676e+02 5.529905419547276324e-01 2
23 1.796969407088736261e+02 9.016969367074429975e-01 3
8 1.796271845740417348e+02 7.137130369631004001e-01 0
22 1.796969384466656265e+02 6.327502190858496078e-01 3
20 1.796969394322784410e+02 9.218925019442476554e-01 1
18 1.796968920670362024e+02 4.695303065444589863e-01 4
25 1.796969414417497433e+02 5.144986060830986085e-01 1
26 1.796969415288094183e+02 1.282974399266834098e-03 1
21 1.796969412511113546e+02 6.411811235002657927e-01 4
25 1.796969414396387492e+02 2.726716217966187322e-02 4
27 1.796969415260087430e+02 9.200416960526470733e-01 1
28 1.796969415325479531e+02 6.747430624737735805e-01 4
25 1.796969415000872630e+02 1.391901856417558647e-01 1
12 1.796858177750727918e+02 5.925793645594887860e-01 0
9 1.794416004649370393e+02 7.217623274086482077e-01 0
8 1.796271266598945715e+02 7.391622930115264722e-01 0
25 1.796969415125780074e+02 9.672164742151138084e-01 4
27 1.796969415269292085e+02 3.573899392708659306e-01 4
14 1.796949618422742958e+02 6.103763963086361599e-01 3
18 1.796968526286083829e+02 3.692365278890457070e-01 1
20 1.796969348424075292e+02 6.088623337293508353e-01 2
20 1.796969276438176735e+02 5.375063054043459632e-01 3
18 1.796968865641782145e+02 7.069535240364865913e-02 1
17 1.796969301121915805e+02 3.022827618578576292e-01 1
3 1.624916478595725664e+02 3.944151126760733206e-01 0
11 1.796915856829760969e+02 2.998667205586713069e-01 4
10 1.795756978548956795e+02 1.080916009478644774e-01 0
5 1.730742723630507669e+02 3.309960239953161909e-01 0
14 1.796952605070406435e+02 7.608874024879579423e-01 1
7 1.796644804343782766e+02 3.711841957983479934e-01 4
4 1.595849693351299265e+02 3.585159919024628605e-01 0
2 1.313853319157919373e+02 5.291932862050278130e-01 1
14 1.796952719785753061e+02 2.335292437785545516e-01 3
15 1.796967730999010087e+02 7.105736139296342513e-01 3
4 1.633534577994289805e+02 9.736099338905186418e-01 1
8 1.794476176091934292e+02 9.683254722044196683e-01 4
15 1.796964898222648230e+02 6.961613897820749797e-01 0
28 1.796969415333680899e+02 5.241473528089120038e-01 2
5 1.753591229137844607e+02 4.549374090352804600e-01 4
12 1.796775844131519193e+02 7.391639172889963305e-01 1
3 1.199128037524311310e+02 4.409574547798091881e-01 0
22 1.796969403738976041e+02 3.971554901492641565e-01 2
22 1.796969400190160968e+02 9.153491972720111391e-01 2
9 1.795521962324253877e+02 4.084528046053041983e-01 1
11 1.796775572790311060e+02 3.459485031664287780e-01 4
10 1.796174055823902052e+02 6.284785231475806810e-01 3
12 1.796756358505611217e+02 5.881907210836327948e-01 4
20 1.796969391641488585e+02 6.935137571705860537e-01 0
2 2.695620998132331181e+01 5.655231078897680896e-02 1
7 1.790358463138463208e+02 8.991794465162062933e-01 3
0 -3.079230386444393730e+02 5.508943343474997922e-01 2
6 1.769529768039654414e+02 1.411757410579763672e-01 1
3 1.599857348962644323e+02 5.030496284819165886e-01 3
10 1.796199681481087111e+02 9.599990546295399385e-01 3
9 1.795159049832399489e+02 6.044006344949877096e-01 3
16 1.796968104589819291e+02 4.981431561296033039e-01 2
1 -6.115997420909295101e+00 6.836141352684618200e-01 4
11 1.796589132317361646e+02 9.177224681282679652e-01 1
22 1.796969408099252519e+02 8.104404751490297265e-01 2
9 1.794916086758836968e+02 6.459997528271799183e-01 4
16 1.796966231622817531e+02 3.779018123255646344e-01 3
5 1.729202347571435041e+02 1.303818154042079291e-01 1
12 1.796766040483082065e+02 5.337882429037491550e-01 3
27 1.796969415324020929e+02 8.204088120293313580e-01 0
11 1.796624991296346820e+02 1.238970678995894303e-01 1
29 1.796969415340472551e+02 8.357515222291116430e-01 0
4 1.698875357712608718e+02 1.869683102744692516e-01 1
20 1.796969399380839150e+02 8.397294823819326792e-01 2
22 1.796969406011932620e+02 5.055887501469946699e-02 4
27 1.796969415317269920e+02 8.293928000098418352e-01 0
25 1.796969415083927117e+02 7.233077507920129268e-01 0
29 1.796969415341435763e+02 9.898049940618827147e-01 4
12 1.796874663607878233e+02 1.905391880860941856e-01 1
29 1.796969415338429030e+02 2.932755260451025969e-01 4
25 1.796969414496080049e+02 2.841218735966591913e-01 0
11 1.796928167256027393e+02 7.976959415241801077e-01 1
24 1.796969413658242161e+02 5.454667256945486820e-01 0
25 1.796969414818361486e+02 2.020314143757797054e-01 4
18 1.796968723796776999e+02 9.614616480496031015e-01 1
18 1.796968886683575022e+02 3.340052517013788469e-01 0
20 1.796969322838335756e+02 6.124963482178736873e-01 2
28 1.796969415328559876e+02 8.731070539315991530e-01 1
11 1.796750238132932509e+02 1.611491008373003853e-01 0
12 1.796865649531645488e+02 1.818112805319144210e-02 0
21 1.796969355871436846e+02 1.876106174996677867e-01 3
22 1.796969393123825682e+02 7.231543985804282926e-01 3
1 -4.691917229052588709e+02 9.509991726478093099e-01 0
2 6.662288822864844917e+01 2.605916340005230425e-01 2
16 1.796965119461395375e+02 2.333120084802022542e-01 1
7 1.789475584992851509e+02 4.597150046024525150e-01 2
27 1.796969415242797368e+02 4.460421198464307180e-01 4
3 1.612936670693921997e+02 4.061782422832376227e-01 2
19 1.796969404830935844e+02 2.646308393448908447e-01 3
7 1.782990377745874753e+02 7.776441557981336183e-01 0
9 1.796612059031769491e+02 7.536513553957853162e-01 4
12 1.796946323787362871e+02 9.976800262112307527e-01 2
18 1.796968851248143153e+02 5.230168974785771585e-01 4
19 1.796969353335690016e+02 7.949373692196628483e-01 4
26 1.796969415290250822e+02 6.030411366960652941e-02 4
25 1.796969415011132014e+02 1.536697789991555707e-01 3
1 1.781298130769989996e+01 7.209157865830855272e-01 1
11 1.796547358905959300e+02 7.506847295464265102e-01 1
8 1.796341096937757129e+02 3.151841476507326600e-01 2
5 1.714160840226646201e+02 4.715540071203898620e-01 0
29 1.796969415338462568e+02 9.186817618381646344e-01 4
3 1.451176094438978907e+02 8.129891574909787755e-01 0
25 1.796969414451834268e+02 3.605231730460690676e-01 3
27 1.796969415318451411e+02 3.349172261641704118e-01 3
11 1.796654879818731843e+02 9.947947201328464217e-01 2
16 1.796967703689929010e+02 6.038191700184144528e-01 4
7 1.785233681443652927e+02 7.317575141481604817e-01 1
27 1.796969415333056475e+02 7.651541226729704492e-01 3
14 1.796964682629885033e+02 2.500614041528609333e-02 0
7 1.793954588981877691e+02 8.913054418528263412e-01 1
19 1.796969309489681166e+02 3.178928732305228433e-01 0
19 1.796969363165717937e+02 6.662081562849488936e-01 0
16 1.796969386608277262e+02 9.111905119544345677e-01 0
15 1.796960848261258548e+02 3.442471884640502244e-01 2
12 1.796879251552848871e+02 1.821571484003250418e-01 2
16 1.796967825222516808e+02 6.359456717451754670e-01 4
24 1.796969412882800441e+02 6.972764611506242494e-01 3
20 1.796969346719882594e+02 7.442812955541902031e-01 3
26 1.796969415107139127e+02 3.394348576227442793e-01 2
28 1.796969415318668553e+02 7.203784320276467312e-01 2
12 1.796913623137254206e+02 9.060806076150017541e-01 4
29 1.796969415333540212e+02 2.982367610528104951e-01 2
19 1.796969231195921850e+02 9.979589444477490190e-01 0
4 1.758054385891672666e+02 6.889529555347525536e-01 4
28 1.796969415322371617e+02 8.712838529427872070e-01 2
9 1.796337689327353360e+02 8.401518490708524967e-01 1
4 1.771571944873257962e+02 3.665317358482469978e-01 4
4 1.721913845655905106e+02 5.387489608711746314e-01 1
2 1.576851222739551872e+02 9.427019004160719362e-01 3
11 1.796964930629148967e+02 4.405651705185190670e-01 2
11 1.796611322825771424e+02 3.666909385477262751e-01 4
7 1.785404520056496835e+02 1.799748448784077581e-01 1
12 1.796911999288036839e+02 8.631832732937051444e-01 2
11 1.796891852664977307e+02 4.227622935699049123e-01 0
2 1.346459043660860573e+02 5.731811639945441073e-01 3
5 1.699677573808306192e+02 6.494018632637695854e-01 3
13 1.796944203435090515e+02 1.730313686293952213e-01 4
15 1.796962224427027763e+02 9.381175071923706366e-01 0
14 1.796948349081633864e+02 8.378722449575359832e-02 0
11 1.796645606291731951e+02 3.614667494646495172e-02 0
2 3.427030198545499218e+01 1.202539878412004493e-01 1
0 -1.285318533128514673e+02 9.546093480660416963e-01 2
13 1.796909002549224965e+02 8.278301310694585746e-01 3
8 1.789996905276213965e+02 5.371737006086790833e-01 2
5 1.722086560414297196e+02 4.766190181855339131e-02 0
5 1.760155712937923909e+02 2.792380689923001924e-01 0
16 1.796967053933254874e+02 4.266148173147709111e-01 3
5 1.777874594827639214e+02 1.099452849509737207e-01 1
4 1.779091552324583461e+02 4.464048215178872958e-01 0
7 1.785446272499727911e+02 6.397209956333853587e-01 1
19 1.796969017814803635e+02 7.616402372309991620e-01 2
20 1.796969239624062880e+02 2.131724807045456416e-01 3
16 1.796967657304259092e+02 2.872304763489153534e-01 0
17 1.796968675771316271e+02 1.469190653242514466e-01 4
17 1.796968672424427496e+02 5.089061175345262374e-03 3
23 1.796969407403004197e+02 6.841449763966824804e-01 4
23 1.796969406990216385e+02 4.330710945173343873e-02 0
19 1.796968972300755354e+02 5.331357249802241016e-01 3
22 1.796969413990190674e+02 2.972562313403336320e-01 3
25 1.796969414386631456e+02 2.201077661790050710e-01 1
23 1.796969413562391367e+02 2.331100878871321669e-01 3
20 1.796969280742534352e+02 3.445689336938215774e-01 2
29 1.796969415338227236e+02 9.878878685588468045e-01 1
22 1.796969384221110317e+02 4.254629748541916001e-01 3
22 1.796969395917905956e+02 3.948576538874599140e-01 3
26 1.796969415058615596e+02 9.031690237927757492e-01 4
25 1.796969414896438479e+02 6.875700949209416768e-01 0
23 1.796969406443751609e+02 6.405130887430132702e-01 0
29 1.796969415335855444e+02 4.189604975919034580e-01 1
29 1.796969415334968971e+02 6.578161035372931398e-01 1
8 1.795699373834243602e+02 5.175082460475488588e-02 2
27 1.796969415273107700e+02 3.039004383393413278e-01 4
5 1.724099004838868723e+02 3.796473421101271839e-01 3
12 1.796765186672043342e+02 4.659667515774465474e-01 0
29 1.796969415332377196e+02 5.174757324849424966e-01 4
25 1.796969415071191065e+02 4.917914877242171579e-01 1
19 1.796969294734472840e+02 7.615358702668970636e-01 4
2 1.522732536031683992e+02 4.383938543815236732e-01 0
8 1.795295585142073662e+02 7.679550553643110788e-03 0
28 1.796969415338820681e+02 3.796718637612810920e-01 1
20 1.796969257748965276e+02 8.309802877336531779e-01 4
9 1.796397651163472915e+02 9.262230996196548771e-01 0
25 1.796969414736456088e+02 2.585627649109181192e-01 1
4 1.605917889891613584e+02 5.029526853031676126e-01 3
22 1.796969414460294843e+02 4.303322223689848847e-01 1
12 1.796793518998866830e+02 8.041518731888279703e-01 3
8 1.792777032673304234e+02 8.919365336409850187e-01 2
27 1.796969415260532514e+02 3.062649299318005447e-01 1
9 1.794924746551725434e+02 9.498099714780711134e-01 2
18 1.796969395379097136e+02 8.279227247490564823e-01 4
22 1.796969402107337714e+02 8.327954331908835606e-01 0
25 1.796969414394666842e+02 6.390637438053009545e-02 0
14 1.796967680272787788e+02 3.634650828735263017e-01 3
24 1.796969414042749804e+02 9.711668133116329038e-01 1
23 1.796969411808795485e+02 1.480717616353192378e-01 0
18 1.796969366771335785e+02 7.295286107726191294e-02 0
13 1.796908176450403403e+02 1.091104580461962209e-01 3
6 1.794059235731645572e+02 3.517734705257291594e-02 2
15 1.796960629717068514e+02 5.992827555804133288e-01 1
4 1.628315394121368911e+02 5.910895215956339932e-01 3
26 1.796969415224163527e+02 8.948523341551724020e-01 4
25 1.796969415037682438e+02 5.651010275919770010e-01 4
1 1.104807260443219690e+02 5.527220129945642491e-01 0
14 1.796953937862276689e+02 9.162851832206381220e-01 1
6 1.775462028209362586e+02 9.967262609231584136e-01 2
12 1.796881549082477250e+02 3.484566540543063695e-01 0
22 1.796969389378252799e+02 1.968597746750593291e-01 1
6 1.789905405837806427e+02 5.581078671688884940e-01 3
22 1.796969409713772734e+02 4.468425736977436613e-01 1
11 1.796596475101953558e+02 4.763898609467944190e-01 2
6 1.773477127651453600e+02 3.552362092065870502e-01 3
9 1.795927560230257427e+02 8.648183951241348311e-01 3
17 1.796968944523478058e+02 8.673966491438870330e-01 1
9 1.793963560262893679e+02 3.387593934627857739e-01 4
16 1.796966049162138006e+02 6.225181888481142733e-01 3
16 1.796966736813781722e+02 3.202857300842161803e-01 3
6 1.775692757681232763e+02 7.695441059556367147e-01 2
3 1.531211217205240587e+02 5.585510977475884875e-01 4
4 1.746231644107175214e+02 1.189372477485428486e-01 2
22 1.796969405723863815e+02 4.307853668529557645e-01 0
1 -3.045691736487164007e+02 7.410445023812398668e-01 4
17 1.796968640990184269e+02 8.935971070149403284e-01 3
6 1.769471369450871521e+02 4.813125947403575772e-02 1
21 1.796969339551808673e+02 4.802668964483851055e-01 3
1 7.782800291566613282e+01 4.153747209803415608e-01 2
2 8.521841990590976934e+01 3.473074014008300514e-01 4
12 1.796895909178978741e+02 9.481365502730181305e-01 1
25 1.796969414544699930e+02 9.887904836268177622e-01 0
10 1.796173171387873140e+02 3.630355300465772928e-01 1
7 1.793470048044768248e+02 1.437468442925027290e-01 1
19 1.796969152629926043e+02 1.476130860221027130e-01 2
14 1.796955958030899865e+02 4.597327948314894885e-01 2
11 1.796734458673111021e+02 3.172039050549916861e-01 2
26 1.796969415073749872e+02 2.433159420532362005e-01 0
4 1.714020261737790918e+02 7.515210897109513011e-02 1
21 1.796969332356721623e+02 8.097854596320116505e-01 4
28 1.796969415327723425e+02 6.100192629725094129e-01 0
25 1.796969414831103506e+02 5.899334669132469955e-01 4
18 1.796969182872019815e+02 9.500238805032825695e-01 3
12 1.796917337610412346e+02 5.620183488795498228e-01 1
28 1.796969415327632191e+02 2.089368122462346988e-01 0
27 1.796969415298477770e+02 6.291268397036962057e-01 4
11 1.796901358809272438e+02 1.163362292148981680e-01 3
25 1.796969414608515763e+02 2.566724134006079794e-01 4
25 1.796969415106433701e+02 5.405856228647148987e-01 4
25 1.796969415145891844e+02 9.287035242944816638e-01 4
5 1.752545443315065654e+02 9.130597581604807944e-01 2
8 1.796788856971673454e+02 3.491668932827216021e-02 1
7 1.796138728365394286e+02 4.011815844247557106e-01 2
13 1.796909669482812433e+02 4.398837373788508920e-01 2
11 1.796774201284196124e+02 6.067991943186452630e-01 4
15 1.796964306160787146e+02 1.927974747524832111e-01 2
15 1.796964095700798225e+02 1.354498782160389325e-01 4
27 1.796969415261725658e+02 8.015994399276777926e-01 1
24 1.796969414341802462e+02 6.255636894640959067e-01 2
24 1.796969413777044906e+02 9.826352471165605840e-01 2
18 1.796969142567072595e+02 1.770542286740308668e-01 0
22 1.796969390224103336e+02 8.102659179725942851e-01 2
20 1.796969322821793469e+02 9.113002800400469283e-01 0
19 1.796969155587404430e+02 1.477415161677649302e-01 0
18 1.796969174426075710e+02 6.020489742641184083e-01 0
6 1.770021503353544290e+02 8.414198332344966502e-01 3
14 1.796955213142442460e+02 4.549094722676157998e-01 2
6 1.767108451219257006e+02 1.190876588437678706e-02 3
28 1.796969415331245443e+02 1.450009892646715315e-01 4
13 1.796902771447362284e+02 9.373652828651686253e-01 1
23 1.796969411360240940e+02 8.341171300154994750e-01 4
23 1.796969410592877807e+02 2.766235966853963779e-01 4
8 1.792452155362844337e+02 4.345312556258165149e-01 3
22 1.796969401656379546e+02 5.549601681954790394e-02 4
16 1.796967576963837701e+02 7.253861200045438884e-02 1
18 1.796969263233441438e+02 1.818230220291742749e-01 1
17 1.796967609892364521e+02 3.977862639797663524e-01 4
15 1.796969259303940021e+02 8.438203592541955178e-01 4
2 1.057767273130710777e+02 6.379191323202251240e-01 3
24 1.796969412505349908e+02 4.563218948814095066e-01 1
3 1.330248146724405558e+02 9.351515379733807976e-01 3
16 1.796966842847245687e+02 9.566399717857156926e-01 0
27 1.796969415248496773e+02 6.873863881376545137e-01 4
3 1.375564356265462607e+02 6.392983501667437451e-02 3
23 1.796969410375007783e+02 2.607139560691850710e-01 2
10 1.796184330239938731e+02 1.342232050442399016e-01 3
19 1.796969385448236949e+02 8.827922985461944538e-01 4
19 1.796969291274615443e+02 8.251883401050719158e-01 4
14 1.796951269340800650e+02 7.934435384224229892e-01 2
10 1.796756955873918571e+02 1.146666995926385324e-01 3
1 -5.988875205428499271e+00 4.573301081643550980e-01 3
7 1.791192138508714891e+02 1.001600438267334914e-01 3
21 1.796969406755707155e+02 6.038156396821780375e-02 4
1 1.677063079363551310e+02 7.085365410473580816e-01 1
17 1.796969214146137688e+02 6.435430002750166523e-01 4
11 1.796873899777315842e+02 2.858350118623657066e-01 2
2 1.744523956855992424e+02 9.159554930505675596e-02 0
14 1.796943634974315387e+02 2.640224109034082778e-01 3
5 1.761177822206759345e+02 4.468249631844866121e-01 1
0 1.781264281389854318e+02 8.750038411427087937e-01 4
0 -4.480041757933788176e+03 2.342564560676344554e-01 1
13 1.796933885840344942e+02 9.393268405592158921e-02 2
16 1.796969344657733814e+02 7.286060071805544602e-01 3
10 1.796686501647421323e+02 6.931922841572364380e-01 2
8 1.792813645139229379e+02 2.396922626122184319e-01 0
7 1.792638784860344003e+02 8.309752458672488018e-01 2
5 1.757708074874944373e+02 3.774912143244225637e-01 0
15 1.796960457496149104e+02 8.739347382997091351e-01 1
4 1.762863650071183201e+02 3.290122494561167343e-01 0
18 1.796968843954128374e+02 6.181752984586068589e-01 3
7 1.785087284578143567e+02 8.888900298239712505e-01 4
9 1.794734049449089071e+02 8.600608338623492166e-01 2
14 1.796942264483415670e+02 7.193815570145475347e-01 0
17 1.796968631918440451e+02 3.589207001509471251e-01 3
18 1.796968656299340239e+02 2.963825436031431448e-01 3
21 1.796969398430542242e+02 1.697504187639927997e-01 1
4 1.617784142596023571e+02 7.449422077059206782e-01 4
2 5.443180934927365655e+01 3.809660842546763182e-01 0
7 1.795007300180699872e+02 3.313092404377365741e-01 0
1 -3.246569147963782598e+01 5.347469906421976615e-01 2
17 1.796967697805137902e+02 3.832671010925266936e-02 3
12 1.796850833757036412e+02 8.450456382444564429e-01 4
20 1.796969241520668845e+02 7.384181427138249987e-01 3
21 1.796969339915111448e+02 4.114189054485724029e-01 3
22 1.796969402970067904e+02 6.019273475074373714e-01 3
19 1.796969167123729108e+02 3.485467937471037336e-01 4
7 1.791769418258834321e+02 8.387679786080481925e-01 0
12 1.796890776831718881e+02 1.491461804888527531e-01 1
12 1.796919529264548601e+02 8.155435343462951181e-01 1
11 1.796709842397476677e+02 6.040414550777964964e-01 1
24 1.796969414760649499e+02 8.139514658451558748e-01 2
20 1.796969317584433270e+02 5.623385570859804616e-01 3
28 1.796969415316512197e+02 6.992900682545012403e-01 4
20 1.796969397089254130e+02 9.562392116623437133e-01 0
24 1.796969414269359220e+02 6.060638687552608594e-01 3
23 1.796969408835376498e+02 9.978559947016707454e-01 0
29 1.796969415339491150e+02 2.781018780505006838e-02 2
12 1.796851731320205090e+02 7.249500394315675500e-01 1
26 1.796969415180629994e+02 5.854493579550834603e-01 3
28 1.796969415338220415e+02 1.164823806902992587e-01 4
26 1.796969415245622486e+02 2.413987999185503719e-01 2
18 1.796968463445594466e+02 5.825278070865191893e-01 0
26 1.796969415322472514e+02 7.281711748829944320e-01 3
19 1.796969119395007510e+02 9.032327048278444570e-01 1
29 1.796969415342775847e+02 5.497161732612223517e-01 3
29 1.796969415338215015e+02 6.445253949436119401e-01 3
3 1.470719658977237998e+02 7.373578331757666415e-01 1
27 1.796969415329637343e+02 9.646038462798550706e-01 2
29 1.796969415343564833e+02 5.449558728534571461e-01 2
27 1.796969415283458034e+02 7.979377802418673449e-01 3
24 1.796969415206042129e+02 9.815144241642812517e-01 4
0 -3.080299380291543798e+02 1.740166094994999302e-01 1
19 1.796969370888508877e+02 7.854981148492661269e-01 0
29 1.796969415342173022e+02 2.260685149727125476e-01 2
29 1.796969415339709712e+02 8.386817270208424269e-01 3
16 1.796968415623474868e+02 9.801447499286616294e-01 4
15 1.796968768832916226e+02 6.789609758628910585e-01 0
25 1.796969414621183034e+02 2.267284949620808621e-01 2
23 1.796969413880323430e+02 2.686063732301610663e-01 2
12 1.796788773789361358e+02 1.780713708230276249e-01 4
16 1.796967840825986400e+02 3.025392319163668908e-01 1
0 -2.911821469563017217e+02 7.112276203020790888e-01 0
7 1.783918613752056217e+02 8.245153172222207116e-01 0
26 1.796969415320482995e+02 3.582710872865974561e-01 3
4 1.598889432781181767e+02 1.793169149666686835e-01 0
12 1.796806377130611168e+02 3.568315255624909810e-01 4
16 1.796966256744723296e+02 6.213352857551077690e-01 2
27 1.796969415267279828e+02 9.823286658272607497e-01 3
20 1.796969370925989438e+02 8.073062422005417016e-01 1
5 1.724575773569095531e+02 3.901114697194462133e-01 2
28 1.796969415323407588e+02 9.899032546918067332e-01 3
4 1.709778236028153060e+02 1.820340130449180083e-01 4
0 -3.306539351022994992e+02 2.686981182069914098e-02 4
3 1.271023832859275018e+02 9.120189997285718109e-01 4
15 1.796960083113248743e+02 8.363046343051010467e-01 1
21 1.796969344311015675e+02 8.504006815594326030e-01 1
7 1.783256493943918031e+02 8.552555069659559805e-01 4
24 1.796969414497308435e+02 1.292242924644571855e-01 3
7 1.783091165524505755e+02 2.013911102943427844e-01 4
11 1.796597210540436151e+02 5.369300653718357408e-01 2
0 -1.043669226466055625e+04 7.955894629210166213e-01 4
17 1.796969144205500868e+02 7.694238526078031604e-02 1
8 1.791492302719639724e+02 6.928744923656315891e-01 4
21 1.796969340840485643e+02 6.426766070412288645e-01 2
23 1.796969414819457143e+02 9.340295496480781612e-01 1
13 1.796943197639628806e+02 7.981501792831140474e-01 0
22 1.796969393272165121e+02 1.611070074790887929e-02 3
29 1.796969415341974923e+02 1.495991951424002764e-01 1
8 1.793609658297604597e+02 1.355585800537078001e-01 4
24 1.796969412753074664e+02 5.752132258519949692e-01 3
14 1.796960778955532305e+02 2.478843838054491377e-01 4
6 1.794827570159004608e+02 4.795541466068407033e-01 0
2 8.808576900114040598e+01 2.761839160878361010e-01 0
23 1.796969409962706550e+02 4.843933987904661675e-01 1
7 1.786846503770195511e+02 4.527582658545491467e-01 2
6 1.777127651364844780e+02 5.584066676414434216e-01 2
17 1.796969180295000115e+02 6.697519794434005913e-01 4
0 -5.592911414868740394e+03 7.237102811162761107e-01 2
0 -2.650059403779096669e+02 9.225031560964062072e-01 0
23 1.796969409822982300e+02 4.226231479816177639e-01 1
25 1.796969414767611966e+02 4.391686059434807277e-01 1
10 1.796535364581003478e+02 6.834499896253602991e-01 0
7 1.794667599197141783e+02 4.679855642301355423e-01 3
11 1.796651199893465787e+02 8.011702220999679103e-01 4
9 1.794922155651601656e+02 2.061333566224909930e-02 2
7 1.786049193261746950e+02 3.236249566810629474e-01 3
29 1.796969415338424767e+02 6.419585548390287499e-01 1
14 1.796954019856882780e+02 8.988424563274155510e-01 4
7 1.789251024254950551e+02 4.379748725258795217e-01 4
11 1.796622162160006155e+02 4.740365871178437440e-01 4
1 -2.782439097056820856e+02 7.406186897843130001e-01 3
9 1.796150652512202441e+02 6.084163617610901520e-01 3
13 1.796893670299933774e+02 9.945328245986505278e-02 0
4 1.570499680700901024e+02 6.361318719057044158e-01 4
2 8.033262245704793258e+01 7.965931827977289215e-02 2
24 1.796969412790210470e+02 7.375676098050730767e-01 1
23 1.796969407402001480e+02 7.051778555655872083e-01 1
23 1.796969407017844276e+02 3.740406489753889119e-02 1
5 1.722811337013295656e+02 4.788659367284153756e-02 3
14 1.796952241213967341e+02 4.374420248686305968e-01 4
17 1.796969211808458908e+02 9.677390115686357319e-03 1
18 1.796968522914440882e+02 2.709956787581654369e-01 0
3 1.420314800531407968e+02 9.604017405270309782e-01 2
25 1.796969414354536809e+02 7.286978262658717620e-01 0
28 1.796969415334578173e+02 7.320076874956477075e-01 4
4 1.567206231745144009e+02 7.280103571332143808e-01 2
28 1.796969415317705625e+02 6.350626163212085284e-01 1
14 1.796963439337339992e+02 8.524078068129967711e-01 0
9 1.796551707825098561e+02 9.833379657385905581e-01 3
3 1.247345443875336741e+02 1.349514702660193910e-01 2
28 1.796969415325816044e+02 9.325759370644901014e-02 1
28 1.796969415326814499e+02 4.574678113342329766e-01 4
28 1.796969415336509144e+02 1.599731141770641685e-01 1
17 1.796967942441211221e+02 1.840265015061585963e-01 3
19 1.796969204522479231e+02 8.169113557832287098e-01 3
17 1.796968833275401494e+02 2.357054586147988018e-01 3
20 1.796969265471548169e+02 3.652227008638497807e-01 0
26 1.796969415340903993e+02 6.385153409200799990e-01 1
17 1.796968669410469204e+02 4.951820814381105995e-01 0
13 1.796935620032576253e+02 8.521077266473193745e-01 2
12 1.796792079041357795e+02 4.553219504150991526e-01 3
24 1.796969413302503540e+02 8.276025100678817414e-02 1
1 -2.364966701527762609e+02 9.337671477802758080e-01 2
1 -1.237780564872633988e+02 8.965419865032231428e-01 2
5 1.765182996208737336e+02 3.415708716617134044e-01 2
10 1.795838138750899020e+02 6.024933382372256174e-01 3
27 1.796969415292907968e+02 5.377360264994497374e-01 1
25 1.796969415299824391e+02 8.062986564254044364e-01 4
28 1.796969415326832973e+02 6.390817526651004776e-02 4
23 1.796969406828111744e+02 8.558509041667130557e-01 1
19 1.796968985360479110e+02 6.172410899566184161e-01 3
21 1.796969415303800588e+02 3.207367108532961919e-01 2
7 1.786974662759832029e+02 5.708930345213210078e-01 0
23 1.796969407628567978e+02 1.956575904043405395e-02 3
29 1.796969415340836917e+02 5.518229388869470009e-01 2
28 1.796969415334963003e+02 7.977617027284580331e-01 2
28 1.796969415339776504e+02 7.203141412469228344e-01 2
21 1.796969413551131822e+02 4.098366892968915431e-01 3
8 1.794890546321381919e+02 3.962419582531790940e-01 1
26 1.796969415197593207e+02 1.439018369164282718e-01 2
3 1.316761661772623313e+02 6.581360608036586068e-01 4
4 1.794787084924286091e+02 1.834765314315248974e-01 1
1 7.037072898495527085e+00 2.294746960618506693e-01 4
17 1.796968399544266504e+02 8.641855144138670397e-01 0
27 1.796969415313517686e+02 4.958954844201944323e-01 2
14 1.796942434767079817e+02 1.411141708460015853e-01 1
25 1.796969415068562625e+02 2.053917910754301801e-01 2
23 1.796969408889287365e+02 8.980825280661903776e-01 3
3 1.536314202345214142e+02 6.311733570045656716e-01 1
15 1.796963048417259472e+02 8.436982958781065189e-01 3
2 1.516535310968224053e+02 1.040521911539016436e-01 1
3 1.509942431514540999e+02 8.320250514273267450e-01 1
16 1.796967812404919869e+02 4.967572674545007172e-01 3
0 -2.273868102166666176e+03 7.860221986846639419e-01 4
19 1.796969240879427332e+02 2.065425404970655521e-01 0
14 1.796950219955282932e+02 8.243054311059448969e-01 3
7 1.786059971205153829e+02 4.649748940829239591e-02 4
29 1.796969415337192686e+02 6.977991810858696908e-02 2
11 1.796772198351934549e+02 5.563320116177796759e-01 0
18 1.796969350974377164e+02 2.207799069485129606e-01 2
4 1.687968070746965168e+02 6.427922267946577506e-01 4
10 1.796823682859287601e+02 1.692597513896514916e-01 3
16 1.796965237947535456e+02 5.747496963501766976e-01 3
14 1.796962844457607673e+02 5.070697482281728563e-01 2
4 1.610925535724853717e+02 2.563718021380763656e-01 1
7 1.787825754437431840e+02 3.937647902491128171e-01 4
5 1.756380626390040334e+02 7.218038853552073419e-01 1
25 1.796969414664196734e+02 7.584250237501581893e-01 3
4 1.682545011329450517e+02 9.061920657967829085e-01 1
0 -3.697977388731108476e+03 4.223049138978041128e-02 1
28 1.796969415341952754e+02 4.437755169379575260e-01 3
9 1.795436468187492665e+02 9.731357582581899868e-01 0
5 1.790117432795192087e+02 9.202433347647736017e-01 0
29 1.796969415336243685e+02 7.370719819329185629e-02 3
28 1.796969415317233825e+02 3.636154753175766530e-01 3
2 1.598731165776827083e+02 6.411646450213126514e-01 0
3 1.447733860474983203e+02 1.705699642539561245e-01 1
2 7.333967312622860391e+01 3.207200202533531108e-01 2
21 1.796969414808303327e+02 8.711159250136910615e-01 3
23 1.796969408742774590e+02 8.353947916018206188e-01 3
13 1.796938652479500149e+02 8.134680601806616451e-01 0
18 1.796968712033675502e+02 3.790962428016339536e-01 0
19 1.796969355957183723e+02 5.582250299585420628e-01 0
8 1.791531568078119108e+02 6.914154918025530172e-01 1
16 1.796968003658279542e+02 4.313108009233844742e-01 0
5 1.708420654948726281e+02 8.038127138129186333e-01 1
18 1.796968842431191433e+02 9.038711165875321640e-01 2
22 1.796969401496696719e+02 7.627325342969086819e-01 2
7 1.796219592732846593e+02 7.883159806967903194e-01 1
14 1.796957847998618263e+02 1.858506404348263530e-01 3
24 1.796969415332489746e+02 1.011840915254617751e-01 4
28 1.796969415329091646e+02 7.623752637576809432e-01 4
19 1.796969133831751435e+02 2.634733798535577876e-01 0
26 1.796969415241979959e+02 5.442372610721157855e-01 4
25 1.796969414553524302e+02 2.460159537139568475e-01 2
27 1.796969415241825914e+02 3.737045150610192601e-01 2
24 1.796969415172146682e+02 2.988323101051539865e-01 2
21 1.796969360610709145e+02 4.921028002676899327e-01 3
24 1.796969412799022052e+02 5.907152530734662843e-01 2
27 1.796969415278183533e+02 2.913524231892393734e-01 0
29 1.796969415333594213e+02 7.979669723094333644e-01 0
23 1.796969415077334986e+02 5.460298584445046899e-01 0
26 1.796969415064792202e+02 1.120796847961811338e-01 0
24 1.796969414500650259e+02 8.405947777168095714e-01 0
6 1.779575483488644636e+02 2.835271451730473902e-01 1
25 1.796969414813831065e+02 8.292689225393248265e-01 3
23 1.796969406666002556e+02 3.270674112726068561e-01 0
5 1.714931991228685320e+02 7.513267439088820998e-01 1
4 1.689372890050561864e+02 8.672631897592140149e-01 4
17 1.796967441624066737e+02 7.005848992497619721e-01 2
4 1.653502841487320438e+02 8.482678884782899331e-01 4
12 1.796962807032912792e+02 4.327702371310418461e-01 2
9 1.796638499524248118e+02 1.702302252403865013e-01 0
9 1.794554311583418666e+02 6.748348654360403209e-01 4
12 1.796891938444829293e+02 3.281100447790818997e-01 0
13 1.796920623219133404e+02 5.351692003418626609e-01 1
4 1.692689706935912568e+02 2.242444016021923336e-01 4
21 1.796969358963067407e+02 2.303519404713378904e-01 0
25 1.796969414888525023e+02 8.234823696400805915e-02 3
26 1.796969415179724763e+02 2.904723631783919235e-01 3
24 1.796969413781262972e+02 3.785376852324978669e-01 0
2 1.965503127827983576e+01 5.765059882459731000e-01 2
3 1.271814336499913765e+02 5.032768217730562155e-01 2
12 1.796873256120717883e+02 6.824499913358151870e-01 1
17 1.796968365869844604e+02 5.160187404236334097e-02 0
17 1.796967959025015489e+02 2.811730587875035381e-01 1
11 1.796803832240264569e+02 2.448647700399184668e-01 1
11 1.796604700986143826e+02 1.196967520560913850e-01 0
11 1.796801874748807109e+02 3.869496152352686624e-01 1
7 1.791214049543457350e+02 5.105195301922843543e-02 1
13 1.796935830112149972e+02 3.653905417524470067e-01 2
6 1.779564216413939164e+02 9.453497850817377257e-01 0
29 1.796969415336176326e+02 1.955923377993327994e-01 3
28 1.796969415332349342e+02 1.828615203428540781e-02 3
7 1.795172364577081794e+02 2.873911636286884397e-01 0
20 1.796969291006895162e+02 1.567489589705033382e-01 4
19 1.796969401230318226e+02 6.865144723313809649e-01 4
21 1.796969328119131717e+02 6.871785181833269807e-01 2
23 1.796969414429401581e+02 5.611984008365898946e-01 4
9 1.794598134175062683e+02 8.853599857840532827e-01 0
9 1.794960878379202711e+02 4.815029155645373926e-01 0
14 1.796961741608995453e+02 4.256266113577655830e-02 2
2 1.155608730798260808e+02 9.847986111709747803e-01 0
29 1.796969415334224891e+02 9.209858255797263027e-01 3
24 1.796969413540721234e+02 3.806931966792473920e-01 3
7 1.790288554832285115e+02 2.902927904110548241e-01 0
23 1.796969410503554627e+02 2.730877891562276116e-01 3
1 1.708279924147218480e+02 3.255494885766574420e-01 1
1 5.405935706409493946e+01 7.661952650485309713e-01 1
3 1.532262851189592539e+02 3.046989796813318052e-01 4
28 1.796969415340454930e+02 5.670791930435837847e-01 2
20 1.796969245261313404e+02 3.181982920476927879e-01 3
6 1.783780107360536249e+02 1.524341532312893932e-01 0
0 -8.561453989997753524e+03 8.036327016382679433e-01 4
18 1.796969109374416291e+02 5.468796087041856158e-01 3
8 1.794047704307966455e+02 8.852092993893292405e-01 4
2 1.703484658610251472e+02 4.006451143237308998e-01 4
2 8.041853331712781028e+01 6.551200629393250097e-02 1
5 1.717777993115757624e+02 8.276278075245930843e-01 0
2 5.383865907872419143e+01 5.084356930423357124e-01 0
20 1.796969342756775063e+02 2.435338149560993259e-01 2
3 1.760086290362937689e+02 9.982943156828872899e-01 1
3 1.416864026621920232e+02 9.845172325373275912e-01 1
5 1.786172401298229033e+02 2.456119580189231044e-01 1
1 -2.971926732174751464e+02 1.767913299749785117e-01 4
12 1.796823716767775636e+02 4.359762238873489126e-01 1
2 6.205405876786380759e+01 5.813058284783717555e-01 4
27 1.796969415326091166e+02 4.016637154563564294e-01 3
4 1.598405771499855632e+02 1.897740663826474605e-01 4
26 1.796969415140583806e+02 5.279963419682935921e-01 3
20 1.796969241375795150e+02 7.489905504252369894e-01 0
17 1.796967567419546867e+02 3.803235628070638086e-01 1
15 1.796968867700969668e+02 8.369855095952699608e-01 0
10 1.796845774746468010e+02 7.186148140316088728e-01 1
29 1.796969415338069496e+02 8.219777735890616555e-01 3
14 1.796965300895966209e+02 2.889557329577741029e-01 2
28 1.796969415319117616e+02 1.020453662964492803e-01 1
29 1.796969415335832707e+02 1.588582170036225705e-01 3
29 1.796969415334485802e+02 4.783009637349446286e-01 1
10 1.796691361337398973e+02 7.524487664635574058e-01 0
10 1.796056881512888026e+02 2.790958119833364948e-01 4
18 1.796968562935126101e+02 2.191837109209124890e-01 0
7 1.795607586410195040e+02 2.040545444324362023e-01 2
15 1.796960905537096949e+02 7.078579350464175857e-01 1
7 1.790902051193384636e+02 2.535603561867348921e-01 0
7 1.782387258319683667e+02 5.536851347660434186e-01 0
12 1.796755447841815112e+02 6.677209478575693025e-01 2
19 1.796969162386063772e+02 8.873650612381412950e-01 3
20 1.796969305758117912e+02 6.543853867647433376e-01 2
15 1.796960926022498484e+02 1.201912956435495783e-01 1
0 -6.891779571568376923e+03 8.460017165935231898e-01 0
22 1.796969388649944221e+02 2.685356692714677695e-01 2
20 1.796969350182926632e+02 3.338810112737560232e-01 4
4 1.794196006097717770e+02 7.963683508585039927e-01 0
5 1.724426826169659819e+02 9.810676266682207824e-01 1
4 1.716487716807869788e+02 5.916112365325014721e-01 0
2 8.021195778840895230e+01 3.939399184128823950e-01 1
6 1.769146453599946938e+02 2.008353341034566364e-01 0
19 1.796969074899870975e+02 7.296570097381436248e-01 3
10 1.796965221940251354e+02 1.157412736553364851e-01 4
10 1.796955307653441025e+02 5.817533614873894587e-03 4
12 1.796943820658619302e+02 8.326773608261490711e-01 4
1 1.107840945124428771e+02 3.116553696269370732e-01 1
20 1.796969281429176135e+02 8.560577668752760161e-01 2
10 1.796853643077856191e+02 4.206535378489698607e-01 0
26 1.796969415195948727e+02 2.339054323323659645e-01 3
0 -3.812420068123818737e+02 2.333013855996871333e-01 0
2 1.078481442545383828e+02 2.286302705511423505e-01 4
14 1.796959079068409721e+02 5.039017399745353565e-01 0
17 1.796969276511197791e+02 6.761642913617808004e-01 2
13 1.796894557878679564e+02 9.795228824079853513e-01 0
13 1.796953643866214350e+02 8.853425107226549073e-01 1
8 1.791849311349586742e+02 8.623525257997484150e-01 0
20 1.796969367162723188e+02 4.972358014624407296e-01 2
14 1.796957824906397150e+02 4.970731373000481512e-01 3
13 1.796904238912248672e+02 1.277254120536877313e-01 4
6 1.766720119561925912e+02 3.363656299879051736e-02 0
12 1.796883772088140745e+02 5.929731158826585524e-01 3
26 1.796969415110510226e+02 3.011659598705924701e-01 2
8 1.792080071383863071e+02 1.578591628572346417e-01 0
22 1.796969403934880916e+02 2.130275466973691467e-01 4
12 1.796908176290336314e+02 9.515563765319889900e-01 3
28 1.796969415336347424e+02 8.481386892460718308e-01 4
28 1.796969415325387445e+02 7.972340753324823615e-01 2
8 1.791384158402613025e+02 7.027212298044134275e-01 3
20 1.796969284347624978e+02 2.787069596265481231e-01 1
24 1.796969414577754378e+02 5.706019535191986236e-01 4
0 -1.567361226993462424e+03 3.977713097146324817e-01 0
3 1.325456818418106195e+02 5.024408243803295537e-01 3
3 1.436382168097109684e+02 2.696256488723083322e-01 3
7 1.785674267765040781e+02 5.114603555041272176e-03 0
6 1.755145343047191204e+02 7.343354393507032229e-01 1
26 1.796969415068115552e+02 3.656179024784999010e-01 4
2 1.780363901805613978e+02 8.675319857904592036e-01 1
13 1.796925908080922341e+02 8.508007262594849962e-01 3
9 1.796612595176824811e+02 1.729057486528057797e-01 0
14 1.796945858270817098e+02 2.079251877125319059e-01 0
7 1.788541840253859334e+02 9.185923340559583039e-01 3
18 1.796969181939149394e+02 4.321062341920546279e-01 2
11 1.796835036897494433e+02 2.534657593600257997e-01 3
12 1.796795228492115086e+02 7.240076295077830792e-01 4
7 1.789685645982817448e+02 5.376048922924336892e-02 1
9 1.794626808894851138e+02 7.132852315017901290e-01 3
11 1.796948910614172519e+02 6.915803547504630888e-01 0
22 1.796969391665566889e+02 5.196837581690009200e-01 4
20 1.796969384955816622e+02 7.477542585212137993e-01 2
23 1.796969411025964121e+02 9.397868300742892034e-01 1
1 1.500521617597495663e+02 5.119210510917826529e-01 3
20 1.796969406496012880e+02 2.692327243899701461e-01 0
16 1.796968397542736113e+02 7.337173392174765052e-01 2
27 1.796969415267831778e+02 7.494247762509232968e-01 1
11 1.796660717256903581e+02 5.836135263857564759e-01 3
29 1.796969415337675855e+02 4.896711100072203560e-01 1
29 1.796969415339112004e+02 2.649201257671123244e-01 1
29 1.796969415333581992e+02 8.595197117490239735e-01 1
28 1.796969415326278749e+02 9.700101023557321511e-01 0
24 1.796969415047558982e+02 8.930790550211968881e-01 0
12 1.796940707867494496e+02 2.201898270524182966e-01 3
11 1.796677880405475207e+02 5.978887314621307292e-01 3
23 1.796969414013201458e+02 8.025046081887587945e-03 4
2 1.037713866831288954e+02 9.687051493287943682e-01 2
26 1.796969415296538841e+02 4.458640435506595195e-02 4
3 1.310916653339012328e+02 7.341846321698142219e-02 2
18 1.796968871512790997e+02 3.961415313231900215e-01 3
28 1.796969415318214658e+02 5.749289957355071534e-01 4
24 1.796969415008687179e+02 4.739171890625968331e-01 1
13 1.796933737333685315e+02 2.994274285766156396e-01 0
20 1.796969410245853851e+02 1.773319683000161295e-01 0
7 1.784200620453815418e+02 5.218615351055183593e-01 2
8 1.796822195272389422e+02 5.978998745008490268e-01 2
4 1.578952282406180814e+02 5.289093759649492466e-01 3
2 2.369017490377527935e+01 9.886575080789504755e-01 3
17 1.796968103535497789e+02 6.769753400305100755e-01 1
22 1.796969392477570864e+02 1.318453401364410027e-01 0
15 1.796963782186267338e+02 3.588815438209413955e-01 1
18 1.796968623146278787e+02 9.720491639172108567e-01 1
20 1.796969404616700103e+02 7.572659700136897820e-01 0
12 1.796944641847602213e+02 1.696442345459547862e-01 1
8 1.795921398872004886e+02 5.595130963827698034e-01 1
20 1.796969304268520773e+02 5.442340621794675704e-01 0
21 1.796969339682249824e+02 2.953686795566072276e-01 0
16 1.796967766223525871e+02 4.875577153937907943e-02 4
6 1.758565322414155219e+02 7.895671886319682864e-01 2
3 1.172428146664959456e+02 7.520770271778119964e-01 2
3 1.547380405269893231e+02 3.406665646678930237e-01 2
1 -3.856231148036455352e+02 9.363504089582164180e-02 1
8 1.790877513114380122e+02 7.108300233043933491e-02 1
6 1.773558452664194363e+02 2.535875829974674200e-01 1
8 1.795736336244554820e+02 1.216765110059230904e-03 2
19 1.796969175247717203e+02 1.070017220838340999e-01 4
20 1.796969235028968797e+02 7.120107829854069870e-01 4
11 1.796888024485340054e+02 3.174183556817244956e-01 1
9 1.795051754956428454e+02 4.013133595574221862e-02 2
15 1.796964694444624513e+02 3.230497666043257166e-01 3
4 1.796792457329548256e+02 6.560446764133244235e-01 1
1 -1.910173271140284328e+02 8.838019421961464950e-01 1
16 1.796966639316837586e+02 8.288444033556522372e-01 2
9 1.796895860249539965e+02 9.927511313772537926e-01 1
20 1.796969277778468097e+02 9.784225982667552612e-01 0
21 1.796969383461963616e+02 7.439751818113133908e-01 2
18 1.796969328078803301e+02 7.338523540188126582e-01 2
29 1.796969415342250045e+02 5.817414787303170076e-01 0
4 1.727383053598302354e+02 7.483658850127568041e-01 3
23 1.796969408043541421e+02 8.966761051555143247e-01 2
7 1.796534030625439300e+02 5.878126244463856009e-01 1
2 5.456544858013822363e+01 6.219241934966794894e-01 1
27 1.796969415321923691e+02 4.718208420938421743e-01 0
27 1.796969415290952554e+02 4.369225053924925550e-01 2
1 2.282921994347314865e+01 7.383175780262232202e-01 1
24 1.796969415221287818e+02 6.695651984587831507e-01 2
22 1.796969402444417483e+02 7.841827168175368179e-01 2
20 1.796969342475480858e+02 1.711111332710458788e-01 2
7 1.794556256649034367e+02 9.795535580880724291e-01 1
7 1.783372947935071977e+02 5.819551231003181613e-01 3
14 1.796950017269036266e+02 7.560055735370198038e-01 3
24 1.796969413700528264e+02 5.096459170846522335e-01 4
1 -4.922961528804890463e+02 2.514119565574188808e-01 1
7 1.796960446282012924e+02 6.441890596137066494e-01 2
2 1.357401931507641279e+01 2.623476804083928471e-01 1
25 1.796969414762569670e+02 6.052137326563178377e-01 0
17 1.796969080300472115e+02 4.718994278806474818e-01 2
21 1.796969336706575007e+02 1.861721930746141340e-01 0
18 1.796968603468176866e+02 2.154678384188431495e-01 0
18 1.796969382614277322e+02 2.704902684459220552e-01 4
24 1.796969412908254071e+02 3.385933223935101433e-01 0
25 1.796969414541436549e+02 1.948539116446417474e-01 0
17 1.796968121451411378e+02 8.505696159371771703e-01 4
26 1.796969415173131779e+02 3.824276959659073105e-01 0
21 1.796969377731775808e+02 1.310069397818398595e-01 4
16 1.796968495557006804e+02 7.273152067120991493e-02 2
12 1.796924528311555775e+02 6.548811423056681846e-01 2
25 1.796969414569128958e+02 2.948719578909022587e-01 0
18 1.796969140439007333e+02 9.599594415308472239e-01 4
17 1.796967658914559536e+02 1.402680096359893158e-01 4
19 1.796969311479816156e+02 6.132413041639013240e-01 0
22 1.796969388964446637e+02 6.950715507578968388e-01 0
6 1.789862208620451725e+02 2.269255128797187382e-01 1
8 1.793542309107890844e+02 4.520760852546394926e-01 4
15 1.796960001165588778e+02 4.320137439668972346e-01 3
10 1.796908693854342118e+02 2.941801012576448215e-01 2
15 1.796964587172229812e+02 1.257477824147485990e-01 2
21 1.796969403309399809e+02 4.654702987003722647e-02 4
5 1.710617438155351806e+02 2.123634603623144879e-01 1
21 1.796969404743022949e+02 8.464866036433030816e-01 0
5 1.711123317875871521e+02 8.419159469415764541e-01 3
4 1.670132360802109872e+02 9.192560220006207317e-02 1
4 1.680848534929480991e+02 5.173591360195255173e-02 2
3 1.195288084218472164e+02 3.247662251519646548e-02 3
0 -2.574673633526144840e+02 3.905289979193162786e-01 3
2 3.396963736778618426e+01 1.538728300190185527e-01 2
0 1.200606828449985102e+02 2.579866139004153847e-01 2
4 1.698277200121111434e+02 8.363238659358827876e-02 2
1 -2.525962319985946465e+02 9.428447739065255462e-01 2
24 1.796969414173329085e+02 1.522131546724302120e-01 0
1 -1.694168908559622082e+02 9.453064972234539454e-01 1
4 1.614379425601110825e+02 1.631475968029660328e-01 2
29 1.796969415339722502e+02 9.259432115643539962e-02 0
9 1.795436441060870152e+02 5.310511714457089028e-01 2
26 1.796969415122237024e+02 2.011954179612821803e-01 4
27 1.796969415248087216e+02 9.832637081329215212e-01 4
13 1.796936442944869157e+02 7.336227246503490562e-01 2
28 1.796969415332005724e+02 8.936900530480371141e-02 0
13 1.796886687172079462e+02 4.818406592781634412e-01 2
11 1.796889560251376849e+02 3.103059131640175106e-01 3
17 1.796968080052401433e+02 8.952728416481647855e-01 1
19 1.796969255168892232e+02 4.364392247673111735e-01 1
24 1.796969413446465751e+02 5.378479170678132082e-01 0
9 1.794385111522394709e+02 8.970865649811377018e-01 2
20 1.796969330016430604e+02 9.241211533171467263e-01 1
1 -2.192541351651804860e+02 4.715528071142195965e-01 3
3 1.484164184354772260e+02 7.453017035014121161e-01 3
24 1.796969412672013391e+02 2.140899599941886999e-01 4
24 1.796969413469735741e+02 2.254102858708675883e-01 4
25 1.796969414546708776e+02 7.325267168161926634e-02 4
20 1.796969312450292477e+02 3.080739586360606210e-03 2
23 1.796969406959219668e+02 9.518060208333302130e-01 1
20 1.796969303372370064e+02 4.713387456655722119e-01 1
17 1.796968576777323960e+02 8.654831553763473462e-01 1
25 1.796969415125726073e+02 5.496491037341491026e-01 0
14 1.796966563624270634e+02 9.152177449277765220e-02 1
26 1.796969415087108359e+02 4.006278284364696574e-01 3
12 1.796948211121510326e+02 8.791642050590535717e-01 4
22 1.796969400612480854e+02 8.046962710927586526e-01 1
21 1.796969373779622288e+02 8.852307455394845537e-01 0
23 1.796969413976163992e+02 4.858442310192022662e-01 1
20 1.796969390641094435e+02 8.058793047460058867e-01 0
11 1.796788258721317959e+02 5.665176824433277858e-01 4
8 1.795781242363947570e+02 7.814443064735052680e-01 0
13 1.796947735053582846e+02 9.541232161707853265e-01 0
12 1.796848619734835211e+02 5.080598225677341873e-01 0
25 1.796969414593938836e+02 1.794856941396383576e-01 2
2 2.927200314030731931e+01 7.871715021364435183e-02 4
8 1.790903660867209624e+02 2.797329905141153206e-01 4
9 1.796496566374640906e+02 9.651720192177775104e-01 4
13 1.796921582259670913e+02 9.296980018253526712e-01 2
0 -1.756165746443471562e+03 3.480705645065816367e-01 3
12 1.796913850087739775e+02 4.309637715194334362e-01 2
12 1.796929918845718248e+02 9.111340060843511335e-01 2
0 -9.510403915528206653e+02 5.864868321678540913e-02 3
1 -1.100089414517893971e+02 2.999762443591856287e-01 4
10 1.795789311405097237e+02 1.652662844720460128e-02 1
6 1.790295245571697933e+02 6.039784149996045848e-01 1
3 1.796820437823058398e+02 3.165639422471229203e-01 1
9 1.795112282829129526e+02 7.261911623828294360e-01 1
9 1.794357448402691659e+02 2.632136201291861433e-01 1
16 1.796967467231230557e+02 1.722292690329894072e-01 1
7 1.789672821288366720e+02 4.979693809085489198e-01 3
18 1.796968546541469891e+02 9.156779376144230653e-02 1
18 1.796968671729771359e+02 4.727981190474407902e-01 4
15 1.796964158833468730e+02 8.770549455972282971e-01 2
25 1.796969414730224912e+02 5.392763423147557411e-01 4
13 1.796902361769877530e+02 7.785750868472762765e-01 3
7 1.788520533115939202e+02 2.847168098160799202e-02 0
4 1.757328385047730990e+02 4.353579783258276596e-03 0
7 1.792971641494522714e+02 3.383244495714803346e-01 1
28 1.796969415320685073e+02 7.488981554411817676e-01 4
3 1.164327732110782989e+02 2.770902889641781996e-01 0
21 1.796969334352406236e+02 1.893008045269937156e-01 3
27 1.796969415338602403e+02 8.720390731799625428e-01 2
6 1.783554135145781743e+02 6.280716079588719580e-01 1
2 3.968140922419767946e+01 6.726846525270957500e-02 0
26 1.796969415075119230e+02 5.243372479686471133e-01 2
5 1.785269703780646182e+02 9.344922637340395966e-01 0
10 1.796704751533780211e+02 3.345738420875520869e-01 1
14 1.796966305610106645e+02 4.890988971657467821e-01 1
19 1.796968988960035460e+02 7.794270049840075210e-01 1
22 1.796969392073834229e+02 1.160702423275790096e-01 1
21 1.796969406852061582e+02 6.184910799871934373e-01 1
18 1.796968685605042708e+02 7.364910080360045352e-01 0
17 1.796968738341261371e+02 6.295932031576316756e-01 0
26 1.796969415234117093e+02 5.674436991635213312e-01 3
