-1.859972437413048851e+01 1.734817399381327618e-01 -1.105120379719792822e+00
-1.954021234068353152e+01 3.814923145505355606e-03 -5.506976946880005608e-01
-1.887729381106377957e+01 3.792884254820191314e-01 2.360081912000655535e-04
-1.968754313369684183e+01 7.403414406426667149e-01 -8.624385864737265095e-01
-1.911784450292911330e+01 8.602895523608091732e-01 -7.048880368559895526e-01
-1.943742836155387721e+01 7.021800242496173405e-01 -9.055439138589731485e-01
-1.918067433383680154e+01 1.671723053273872217e-01 -3.807344440146431808e-02
-1.840362865446181573e+01 6.147302827512478585e-01 -9.593959661541560102e-01
-1.928730279400053504e+01 2.074768337846943922e-01 -1.329583870893257025e+00
-1.929345497021511946e+01 2.170410683232494031e-01 -6.949749138107074176e-01
-1.910221151885231805e+01 5.954341425029427981e-01 -1.419610846948290650e+00
-1.934067040694693063e+01 2.951043449085199652e-02 -1.465762875923607433e+00
-1.940366945649394381e+01 2.422413226601928538e-02 -9.538924049050754306e-01
-1.931107246947620837e+01 2.397643481903364571e-01 -2.426398758900805142e-01
-1.930008942891987544e+01 1.746275376549315528e-01 -9.736907910382517350e-01
-1.932372024494636165e+01 9.826227617741249698e-02 -1.206232299094815330e+00
-1.937659823303057749e+01 3.091256821025066270e-01 -5.586863772203928269e-01
-1.929847929111352656e+01 2.234736491648912915e-01 -3.473721679451331479e-01
-1.930890775397109849e+01 1.747228578329918514e-01 -6.463155362856827235e-01
-1.929239842399469396e+01 2.229351639300708177e-01 -4.491457975321586638e-01
-1.946701240636922492e+01 8.611737608934698363e-02 -3.721117686856163509e-01
-1.933578749802230234e+01 1.878241853261381211e-01 8.398368136583189703e-02
-1.931606991236505166e+01 1.272761778022111490e-01 -1.028252910714939627e+00
-1.939562168156682276e+01 3.614595642713891444e-02 -9.684712909247326085e-01
-1.931323751955473966e+01 1.729921956054631116e-01 -5.741804918659041412e-01
-1.929664108311269644e+01 2.081352955712477970e-01 -7.833267224386548655e-01
-1.931192299129579482e+01 1.874504073136236681e-01 -5.145371238780326317e-01
-1.931384872571431899e+01 1.897234733819086472e-01 -4.470847087231817341e-01
-1.932313806865099437e+01 1.314286357910212644e-01 -8.922502412492524515e-01
-1.919889768030936850e+01 1.805616910463006541e-01 -4.279377317798598312e-01
-1.932758269463594658e+01 1.237491945512919633e-01 -8.473197893050143925e-01
-1.932260255267414806e+01 1.253990238734196960e-01 -8.449375575132259675e-01
-1.931985243570100508e+01 1.768413952913909792e-01 -4.978609944214111849e-01
-1.931432089771883298e+01 1.238458779881200372e-01 -9.380599996467067214e-01
-1.931154578066438532e+01 1.253667886311941870e-01 -9.473201735985413707e-01
-1.931651834341170115e+01 1.594420569210651673e-01 -6.692995087519175712e-01
-1.931729849850428238e+01 1.619197186797121935e-01 -6.450686835438921296e-01
-1.932084072180289169e+01 1.449896852056878349e-01 -7.499519023872166512e-01
-1.932100281403986131e+01 1.464278725994991870e-01 -7.474145753256250524e-01
-1.932129791852690914e+01 1.403082639883498073e-01 -7.792109198184853369e-01
-1.931541008981777097e+01 1.660351276952083122e-01 -6.250004786282363778e-01
-1.931074099152405665e+01 1.690859814549109108e-01 -6.328694517056489000e-01
-1.908802394235138777e+01 6.371889516876827475e-01 -1.064418764949695007e-01
-1.932003544554761376e+01 1.464721599297330312e-01 -7.304265526657466312e-01
-1.932124947598456544e+01 1.389499706442494098e-01 -7.695460825530338056e-01
-1.932156109648663289e+01 1.426246563631738684e-01 -7.546844524517489772e-01
-1.912828890765911183e+01 1.419374463421496091e-01 -8.105531369421943300e-01
-1.932058911847263261e+01 1.405802885213247588e-01 -7.831284027976830320e-01
-1.931583778541785890e+01 1.660800249218319091e-01 -6.218575695918687751e-01
-1.931440870197365101e+01 1.652822758127446556e-01 -6.403430473277670343e-01
-1.931620078472916191e+01 1.634787801667137164e-01 -6.407714045523347224e-01
-1.932052836098619153e+01 1.431960142266575642e-01 -7.619635673843564438e-01
-1.931838257810506576e+01 1.497853507363153536e-01 -7.291660031181809165e-01
-1.926718837832238407e+01 1.928212089919560668e-01 -6.543765437688884301e-01
-1.931890617407892918e+01 1.503030914756020020e-01 -7.169539497268404560e-01
-1.931928412340679557e+01 1.426927575349871968e-01 -7.741091343767957378e-01
-1.931890425025776281e+01 1.505107307552854268e-01 -7.117736690087879126e-01
-1.932000706388508959e+01 1.429069061708227451e-01 -7.750873910447586557e-01
-1.931895003696658364e+01 1.518583537098794622e-01 -7.089478173953940310e-01
-1.931907745425668921e+01 1.528911477983680711e-01 -7.010017482650331422e-01
-1.931878000189006528e+01 1.531699789765294528e-01 -7.053137488388050436e-01
-1.932077911398093661e+01 1.099445440967254939e-01 -1.004341282929481327e+00
-1.930596165136863718e+01 1.292434443857021220e-01 -1.077987672595801527e+00
-1.931886337595621583e+01 1.471678902872509132e-01 -7.454101841798288497e-01
-1.929748843213351961e+01 1.978905979144402194e-01 -4.369334757851801587e-01
-1.931719750286564619e+01 1.717707938327905082e-01 -6.234195053607236581e-01
-1.932513290623578328e+01 1.558886044294448547e-01 -6.328757379493675783e-01
-1.932421409295183778e+01 1.298947263463353097e-01 -8.543234328125524080e-01
-1.930246969326838169e+01 1.349601216770356937e-01 -8.161437817275124518e-01
-1.931805009054646050e+01 1.554932873028164741e-01 -6.917838790835316720e-01
-1.931885750496133625e+01 1.434044151274252721e-01 -7.631473662295074067e-01
-1.931766136404414169e+01 1.580499490783120464e-01 -6.771375713447026490e-01
-1.931790757707255324e+01 1.550188347508381914e-01 -6.971150172421574087e-01
-1.931781856216262838e+01 1.557976557162615849e-01 -6.941741819875614228e-01
-1.931417116006629442e+01 1.553190745091562464e-01 -7.359605097485202307e-01
-1.932096236555144841e+01 1.459575159390280041e-01 -7.354337994230085718e-01
-1.937022784250716256e+01 5.980908669938016231e-02 -8.496669225780127954e-01
-1.930940069097811218e+01 5.316946042008835471e-02 -1.029398615554703911e+00
-1.932845491327899623e+01 6.613712133927181214e-02 -1.332414593924242441e+00
-1.931886925507831521e+01 1.481377877106069274e-01 -7.377555924524904496e-01
-1.933616090972354584e+01 7.862085140513812298e-02 -1.121185411086781825e+00
-1.931754551102758910e+01 1.559435245931266034e-01 -6.876573042512105216e-01
-1.932035945107565311e+01 1.429381994811437795e-01 -7.688413446096810100e-01
-1.932074484352229149e+01 1.461414792481753322e-01 -7.415354840140887527e-01
-1.931746510392418159e+01 1.609773791459952474e-01 -6.523816444279008087e-01
-1.933789806827390478e+01 6.621532596528333092e-02 -1.213127885616518853e+00
-1.932154233045724467e+01 1.404110686747299108e-01 -7.315707286623122085e-01
-1.931770161863890323e+01 1.564248456898083561e-01 -6.896870296566726122e-01
-1.932275070810690210e+01 7.780890558324765616e-02 -1.195937971349971152e+00
-1.931760493590700278e+01 1.562214494323710956e-01 -6.907475334203866391e-01
-1.931757503996533742e+01 1.561796541674372041e-01 -6.898595711682835585e-01
-1.931897211108537249e+01 1.153446652009833817e-01 -9.787119764466010174e-01
-1.931804712599093676e+01 1.551124226369339776e-01 -6.902403776656192980e-01
-1.931700066170732910e+01 1.569820623759833333e-01 -6.860145110500499577e-01
-1.931778018082773585e+01 1.559626063930685536e-01 -6.840143825775206743e-01
-1.932165902687994219e+01 1.443093571725287128e-01 -7.865360174277369332e-01
-1.931708755293328394e+01 1.589821206235913775e-01 -6.733830813993150199e-01
-1.931975066597648905e+01 1.409413802309642805e-01 -7.801785842943742555e-01
-1.930303028440252078e+01 2.070809798368277166e-01 -4.475152489745406470e-01
-1.930368024185417752e+01 2.057052686631055671e-01 -3.730551912227766387e-01
-1.931866012196872973e+01 1.466835856580705477e-01 -7.478047379709704678e-01
-1.927064370805280191e+01 3.092872829905981003e-01 -2.487695959615976449e-01
-1.931790464138216379e+01 1.538547804972276445e-01 -7.032097224673509173e-01
-1.931812049379883334e+01 1.474670519532858826e-01 -7.577320724950482589e-01
-1.874817564089261168e+01 6.692195348470990623e-01 -5.356560675652098924e-01
-1.931854604112433549e+01 1.515527237513883130e-01 -7.099342954495350133e-01
-1.915974668119538293e+01 5.290472756445078195e-01 -7.644091239029807694e-01
-1.931858580114018409e+01 1.511649474618225186e-01 -7.142085693029155413e-01
-1.931785408261179171e+01 1.547420305477954505e-01 -6.981615668393115204e-01
-1.931784243514859511e+01 1.547943925831687384e-01 -6.974824149108024285e-01
-1.932268492304721619e+01 1.370641311673273521e-01 -7.969727601072321699e-01
-1.930642629056979942e+01 1.969279656281192614e-01 -4.945205715283251813e-01
-1.930694014016699001e+01 1.982953012402989268e-01 -4.860848994909905407e-01
-1.931784504955764703e+01 1.547406744441585380e-01 -6.986007258273604359e-01
-1.931682725794557598e+01 1.498331243128597223e-01 -6.868392063963757455e-01
-1.931775868751747538e+01 1.552346026160851267e-01 -6.946512083992626430e-01
-1.886483151418306292e+01 5.259132629966529748e-01 -6.543233963875265680e-01
-1.931866806595315467e+01 1.551476592816808941e-01 -7.005556719484662409e-01
-1.931791033146372882e+01 1.543126011156818189e-01 -7.002229365375616243e-01
-1.924849661824650227e+01 3.213108085553347260e-01 2.153203941143622124e-02
-1.931795417007997884e+01 1.544477519796217946e-01 -6.996218593598481084e-01
-1.931948212400334697e+01 1.488099789199341660e-01 -7.195654223056964227e-01
-1.931785032500564725e+01 1.548057897342781097e-01 -6.973659938747125420e-01
-1.932333776494562727e+01 1.393785994971432907e-01 -8.025812780584981043e-01
-1.931782986382459555e+01 1.548459326019265003e-01 -6.971629053974792711e-01
-1.931794690445076057e+01 1.544041038577594893e-01 -6.995434311625091661e-01
-1.931796690383245263e+01 1.543837929423155786e-01 -6.994117088635326551e-01
-1.931334427896500827e+01 1.683839171459723394e-01 -6.433797115558845814e-01
-1.931785489165055480e+01 1.547469356653551897e-01 -6.988229251429530775e-01
-1.931783822241674287e+01 1.546626017820849908e-01 -6.985827151805966695e-01
-1.931795153615974314e+01 1.543161370177436598e-01 -7.005038583335190250e-01
-1.931808739357649074e+01 1.542865125228725931e-01 -6.997616964288486674e-01
-1.892336243805731755e+01 6.777503695603277478e-01 -5.333196575614302937e-01
-1.931798279581837718e+01 1.541830543515043672e-01 -7.007277919748406969e-01
-1.823033042182430563e+01 1.370376757308443272e-01 -1.495596628969568354e+00
-1.931951644224580988e+01 3.001110525402957835e-02 -1.259862013577663475e+00
-1.934198400879930801e+01 1.204611887111096957e-01 -8.549774131750988992e-01
-1.931829317635478915e+01 1.529272554756804792e-01 -6.948237366114696778e-01
-1.932820326089914431e+01 1.490558395701258865e-01 -7.314148214419282645e-01
-1.932221045917503233e+01 1.383697218452797362e-01 -7.826109366756224262e-01
-1.932157427301533303e+01 1.378534105771105633e-01 -7.747078226695230940e-01
-1.931772499589768088e+01 1.583659530551266015e-01 -6.765439479926421695e-01
-1.932306930418948809e+01 1.243422213868974890e-01 -8.645791986214352853e-01
-1.932260133571686467e+01 1.261482482369347680e-01 -8.194438723241870282e-01
-1.931809312922123212e+01 1.591341617653768969e-01 -6.517588373144926894e-01
-1.932535124372105528e+01 8.856547113969820417e-02 -4.372577995877988677e-01
-1.931810724448638794e+01 1.537623649508792212e-01 -7.035958945452601698e-01
-1.926530133641336207e+01 2.922265078594676879e-02 -7.149080424228498876e-01
-1.896787201490045405e+01 9.987911725304468025e-01 -4.439029365603164301e-02
-1.922856979847674808e+01 3.225510807525814871e-01 -2.821485431725356818e-02
-1.931773243591438316e+01 1.553588442742577791e-01 -6.939764429561295911e-01
-1.931412531753352368e+01 1.679010268243253390e-01 -6.431718868720232019e-01
-1.931844672862498058e+01 1.787646294263231517e-01 -5.400300782324637394e-01
-1.931729070489425126e+01 1.560330266682711520e-01 -6.973633276639074063e-01
-1.930718343647949453e+01 2.179513707752948892e-01 -1.243652078374479775e+00
-1.931821048370724725e+01 1.564668900257212003e-01 -6.781179218952062548e-01
-1.931786691274602319e+01 1.549985571422937414e-01 -6.963630267772009663e-01
-1.932756018013888166e+01 7.167049095744663922e-02 -1.416812532761837051e+00
-1.932912237581076198e+01 1.703758364014090754e-01 -5.361705590092713525e-01
-1.931824821030409822e+01 1.554712160616761318e-01 -6.918644370804732935e-01
-1.931777490626408422e+01 1.547252967855816952e-01 -6.972500143319806387e-01
-1.931822909309698133e+01 1.540840926598136817e-01 -6.968444477904126577e-01
-1.931756855141620477e+01 1.563778266569957609e-01 -6.903642972887739093e-01
-1.931799794254546043e+01 1.542732256336404872e-01 -7.001000799770162875e-01
-1.931234617780118157e+01 1.509632279820780909e-01 -8.678934171838372791e-01
-1.929427824140188008e+01 1.283086426174697980e-01 -1.103092533898293315e+00
-1.931618934482454364e+01 1.698240566341249758e-01 -6.073701004779374912e-01
-1.930728826516471841e+01 1.785317611919135239e-01 -5.933483243355167636e-01
-1.930637461456329973e+01 1.485116553745784440e-01 -8.391635214822429356e-01
-1.939913245340597214e+01 1.873788698033718170e-01 -1.064975257398459441e+00
-1.931795656447981457e+01 1.544158681911222963e-01 -7.001871154510227457e-01
-1.929907464565626896e+01 2.266784212957295430e-01 -4.140104499644707836e-01
-1.926667304091429855e+01 2.779259322544752608e-01 -3.701498777229295101e-02
-1.931710461161761927e+01 1.470832722697392458e-01 -7.716034608954276397e-01
-1.930985097603776168e+01 2.002524974742904973e-01 -3.896196062877135269e-01
-1.921878207963785101e+01 9.805604526688471712e-02 -9.917330261040322448e-01
-1.931857358428180405e+01 1.511610327522217856e-01 -7.127814220216168728e-01
-1.933173018808152932e+01 1.197375405453408592e-01 -8.518229399770046451e-01
-1.931808746752157191e+01 1.541908032929666661e-01 -7.007409939928175291e-01
-1.931908111394732686e+01 1.509886987986751028e-01 -7.183095523185150100e-01
-1.931744315211709662e+01 1.549916972282839311e-01 -7.008664178969137293e-01
-1.936716561878145626e+01 8.394478650196067482e-02 -7.389541439798420486e-01
-1.864693969626535619e+01 1.358944817296962870e-01 -1.108727044509720816e+00
-1.931598201020307215e+01 1.637955171353519812e-01 -6.547583098165969950e-01
-1.931796151738705802e+01 1.547467666361711236e-01 -6.965718294495526486e-01
-1.931781135909271541e+01 1.503999910301508647e-01 -7.451002652459508546e-01
-1.931800634444458709e+01 1.544685910960011399e-01 -6.968439188660702222e-01
-1.931830583325073647e+01 1.545670387931718237e-01 -6.965802602541723010e-01
-1.931835685293658500e+01 1.508594556928902486e-01 -7.223574830941189573e-01
-1.931772380996995508e+01 1.627409772271941890e-01 -6.122862984353942828e-01
-1.931821060835649462e+01 1.537160701155605436e-01 -7.026985907037657242e-01
-1.931802719822074366e+01 1.537454881909407212e-01 -7.034886725125005791e-01
-1.934525038243669570e+01 9.038348351962541272e-02 -8.263674879353728464e-01
-1.932623352272059591e+01 1.295047270334666045e-01 -8.080296195651520685e-01
-1.932656654589063905e+01 5.319952065515606288e-01 -6.343622951419476408e-01
-1.941213435926199438e+01 4.517274205492650963e-02 -6.982789822904535981e-01
-1.931814771790125462e+01 1.536121049050885312e-01 -7.039948859277799231e-01
-1.931993153433928612e+01 1.343298922797926676e-01 -8.431331978469972510e-01
-1.929383844020516747e+01 2.799114313479116323e-01 -5.404680570578657139e-02
-1.931869124618392775e+01 1.504865515947299004e-01 -7.204899808923409532e-01
-1.931789403456163257e+01 1.540972664959230076e-01 -7.019365694144164003e-01
-1.929826119804711482e+01 1.501086993944158732e-01 -1.314411534020879735e+00
-1.932059439237912102e+01 1.391740610970640946e-01 -7.592477103072121647e-01
-1.931797580704145290e+01 1.541362073329415883e-01 -7.015638892342681565e-01
-1.931445290801524806e+01 1.543884571580560472e-01 -7.496728967941920230e-01
-1.931938704455469136e+01 1.476958063534969945e-01 -7.341804838378959142e-01
-1.931981106599171838e+01 1.476119687414039761e-01 -7.531953372183406437e-01
-1.931799360678710187e+01 1.495434692479821470e-01 -7.309345097126015434e-01
-1.932081254262980252e+01 1.391000894527799070e-01 -6.834184739529950425e-01
-1.931858445918494382e+01 1.529715761398244833e-01 -7.084860230349151466e-01
-1.931538509438462725e+01 1.672601501254363521e-01 -6.309368911212518416e-01
-1.931822901866247477e+01 1.515960728071297225e-01 -7.191376001415026309e-01
-1.944948668770751254e+01 7.557894116177181765e-01 -6.446000016798620891e-01
-1.931809394900136923e+01 1.537238170491984635e-01 -7.028794225873398194e-01
-1.818181157223444444e+01 8.371051348740188303e-01 -8.804700952159376648e-01
-1.916909018270660425e+01 3.070948282122548112e-01 -1.029628513665146183e+00
-1.933181932190526098e+01 1.008647041590255145e-01 -1.174179964849989988e+00
-1.932411294819578629e+01 1.137443809468589861e-01 -1.085458886063218831e+00
-1.932034480176859503e+01 1.514985901363035403e-01 -7.397447374913935780e-01
-1.935254319697784453e+01 1.878396252371003217e-01 -8.311809852092052475e-01
-1.892789890695633304e+01 2.599620845155840576e-01 -1.008191348451280112e+00
-1.931797478160191517e+01 1.539172432748532049e-01 -7.034337799159547933e-01
-1.931802612094748994e+01 1.538432513812922342e-01 -7.010318545361983178e-01
-1.936137992174732503e+01 2.484097761936642293e-02 -1.043056829940752994e+00
-1.931797586244562126e+01 1.541661989546783129e-01 -7.013367352885661044e-01
-1.931797586244747222e+01 1.542026622409690684e-01 -7.010455284806486054e-01
-1.932055221475082618e+01 1.622609316651536793e-01 -6.399386862282425703e-01
-1.931795286954988455e+01 1.541189450740449995e-01 -7.017805499546243553e-01
-1.931794452517517513e+01 1.543672095829758673e-01 -6.991043156763545596e-01
-1.931795577187519442e+01 1.544225677884182579e-01 -6.990166768908196993e-01
-1.926436226229596471e+01 3.595358520556254378e-01 9.809833734286788065e-02
-1.931786599806408589e+01 1.541936278112912284e-01 -7.023971729244379292e-01
-1.920020836109173246e+01 4.617290776212287229e-01 -2.937500304816209606e-02
-1.931580163518403026e+01 1.652818486483436100e-01 -6.360171105038663342e-01
-1.931906852622624626e+01 1.531156857276607108e-01 -7.139257464763036909e-01
-1.931496694490121513e+01 1.681225592989963880e-01 -6.396017850944321070e-01
-1.931643372558896843e+01 2.467223949334265420e-01 -1.597556318290873634e-01
-1.931501176909439721e+01 1.790185474544750965e-01 -5.289938081108557233e-01
-1.931712391975910492e+01 1.573927773349990955e-01 -6.770203192031910566e-01
-1.922860351918792787e+01 2.181160369902189200e-01 -1.291549218476156558e+00
-1.924631766499164698e+01 2.974415694834813828e-01 -1.652935130447632517e-01
-1.931469283443555085e+01 1.574762195747255455e-01 -6.970234291403998306e-01
-1.926228480556406453e+01 2.463478245196700500e-01 -3.757926229744290580e-02
-1.931790380226519233e+01 1.544906542810979555e-01 -7.010066877386033068e-01
-1.931149625929888813e+01 1.738752706968212380e-01 -6.347496346224503760e-01
-1.931777285312359638e+01 1.557262459489520967e-01 -6.858301754854190246e-01
-1.931832751986446439e+01 1.547237977505096229e-01 -6.916207471877227064e-01
-1.931817006974304718e+01 1.511735341100732266e-01 -7.147604509997821376e-01
-1.945113201206109821e+01 2.571223239821718853e-01 -1.063701665506890937e-01
-1.931118896646342264e+01 2.015091816707552941e-01 -4.027880531990342128e-01
-1.931048919863408742e+01 1.917447030473874159e-01 -4.733855135596740649e-01
-1.936659361740078467e+01 3.902189209199331821e-03 -9.117463806960743877e-01
-1.930636132149196271e+01 2.021273078081108621e-01 -4.253511221697250377e-01
-1.921433060173721685e+01 5.721475611499138303e-01 -6.023333897064477860e-01
-1.925090097790809551e+01 3.551507359718063528e-01 6.606119576525504300e-02
-1.931754000474081678e+01 1.566902011757110857e-01 -6.604351443580045444e-01
-1.920468384043207521e+01 2.484975746677939301e-01 -5.932139357468589891e-01
-1.932342293754533813e+01 1.239720734006702629e-01 -8.633914394794702796e-01
-1.932675795304592370e+01 1.218985021024859838e-01 -8.588090398574385054e-01
-1.932465066134449927e+01 1.234902984566823153e-01 -8.839319361162790711e-01
-1.925712616048753034e+01 3.042808073381060296e-01 -5.221780891844280958e-01
-1.932291857103214028e+01 1.207074852849939206e-01 -9.025245863252095990e-01
-1.931774941865509732e+01 1.617374447748910482e-01 -6.623920606685977930e-01
-1.925421743292442756e+01 2.001254432557857676e-01 -1.497186553213512905e+00
-1.925681565667557038e+01 5.580544029534451056e-01 -1.319205447254649499e+00
-1.888191845825546622e+01 3.028850636948184905e-01 -4.064270401138776467e-01
-1.931796655771319493e+01 1.545599153486415245e-01 -6.982970472238059223e-01
-1.897632529486933706e+01 9.047289377766767338e-01 -3.210251935911356824e-01
-1.931809533607996343e+01 1.529608284467093016e-01 -7.099373969564090059e-01
-1.933543793193521410e+01 7.442783379650882991e-02 -1.202559133122339752e+00
-1.931706026909724372e+01 1.579275666519980581e-01 -6.816497835522978832e-01
-1.931797616977189946e+01 1.517670084700764865e-01 -7.144057250198369013e-01
-1.929587603153930075e+01 5.270703042454180087e-01 -3.016905673357883622e-02
-1.931776599195388400e+01 1.545138405929607217e-01 -7.008131478952488447e-01
-1.931720503735356331e+01 1.550934501377032593e-01 -6.853777416403020739e-01
-1.931140005353617184e+01 1.812279823975294912e-01 -5.126423168078128034e-01
-1.931280414117681588e+01 1.872371061930851177e-01 -4.873968703816307091e-01
-1.931788188186796518e+01 1.563702825597237389e-01 -6.847550092477431294e-01
-1.931845756465985531e+01 1.524633646442837553e-01 -7.082671280632345523e-01
-1.931855211074659096e+01 1.538590495301379868e-01 -6.985469424609352940e-01
-1.931776695483565831e+01 1.549655502860566580e-01 -6.976618617315827331e-01
-1.931786846380768097e+01 1.548463801272011164e-01 -6.973323315416045665e-01
-1.931804972302662193e+01 1.529707173693006794e-01 -7.091652470547874509e-01
-1.931792958573004881e+01 1.543833108011885558e-01 -6.996436891119629520e-01
-1.931789377483598713e+01 1.546390645479658321e-01 -6.986240749627062874e-01
-1.931676139763310474e+01 1.524149839739036283e-01 -7.178715114902947114e-01
-1.931802939096088068e+01 1.541260822201576397e-01 -7.008317338619921566e-01
-1.931593014214540460e+01 1.571516539389367917e-01 -6.947069933493562610e-01
-1.931537310325891355e+01 1.560514007322793273e-01 -7.325772288103157281e-01
-1.931796261118346436e+01 1.540290252343864685e-01 -7.027470732506158058e-01
-1.931785772168255733e+01 1.535314744979181523e-01 -7.074748625562331528e-01
-1.931799426017896337e+01 1.538587998277411439e-01 -7.029198470531341503e-01
-1.931800215193074166e+01 1.538063012994737855e-01 -7.046010230194800217e-01
-1.933739210091557581e+01 8.481793685714006381e-02 -9.699411040820278274e-01
-1.932074802654386403e+01 1.565335493662195765e-01 -6.781623540174879228e-01
-1.931921582728873332e+01 1.483724355316176080e-01 -7.229445692409161017e-01
-1.931710642132654243e+01 1.589325771099083795e-01 -6.754124875261917627e-01
-1.930175742850567744e+01 2.631157311073841210e-01 -1.573450033384418134e-01
-1.931387009586998360e+01 1.535259694902424144e-01 -7.115893254796522571e-01
-1.932025281163227959e+01 1.347819319640497782e-01 -8.155336520637949116e-01
-1.932029413302078069e+01 1.596634047968766845e-01 -6.404198737623291171e-01
-1.925931175616670643e+01 7.813242718236002027e-02 7.772263836286597005e-02
-1.932036144171015124e+01 1.425372123585735284e-01 -7.571221661651683643e-01
-1.931581979651383563e+01 1.644789525209547076e-01 -6.451704340428855433e-01
-1.942005968127325488e+01 1.414375305511196834e-01 -3.367080103426913773e-01
-1.934334152014496411e+01 6.644441315203575282e-01 -1.377213220191907617e+00
-1.866023001454542296e+01 4.312959740024147060e-01 -1.026249766786160977e+00
-1.933719390623585710e+01 4.430721525637045660e-02 -1.303502034835708479e+00
-1.929122015659991263e+01 2.270883002269422080e-01 -4.808229922308293602e-01
-1.928119100433158195e+01 2.904786969096266325e-01 -3.329358539785243210e-02
-1.931783565075776821e+01 1.545942351786818991e-01 -6.987471097371193984e-01
-1.928821882964079748e+01 2.926246440070053856e-01 -1.163570053306233198e-01
-1.935017535128176291e+01 8.551558838275399865e-02 -1.277250164122843756e+00
-1.905194308990844831e+01 8.946873748151031869e-01 -1.413267881125959136e+00
-1.931824571836768101e+01 1.552625408827886799e-01 -6.876149847223452793e-01
-1.938194085205751094e+01 7.046689543512282827e-02 -1.115776517356012132e+00
-1.931889113051136420e+01 1.489692979314092836e-01 -7.312789212648579396e-01
-1.813849277697755369e+01 8.324812852050115231e-01 -1.337776443773679214e+00
-1.931741639005880629e+01 1.561736105314699696e-01 -6.889372767284203114e-01
-1.931957704419465216e+01 1.478727839642859088e-01 -7.440033766858330511e-01
-1.931622403374242580e+01 1.666987146918535723e-01 -6.659260121975246749e-01
-1.931911304036301402e+01 1.519798630686110541e-01 -7.128806998664733996e-01
-1.931612296476835056e+01 1.614393193087083345e-01 -6.657173115716263911e-01
-1.937756198775226224e+01 4.672800918268907311e-01 -2.559436859445851642e-01
-1.935200011021759536e+01 1.158353995706011275e-01 -5.842977819639001424e-01
-1.932344989528369084e+01 1.062876336871945160e-01 -9.577870374129209274e-01
-1.931806898353433866e+01 1.536608681162584533e-01 -7.046374014030848398e-01
-1.932316093345998098e+01 1.504572265273266818e-01 -1.930026141260092754e-01
-1.931641856072314667e+01 1.568142625387644318e-01 -6.828994367325734727e-01
-1.934712927682535266e+01 2.278290739054461903e-02 -1.392875102968974099e+00
-1.931931929877721998e+01 1.583877567201760206e-01 -6.331285629410865479e-01
-1.931728886498807896e+01 1.583578121791660576e-01 -6.789024553660640837e-01
-1.926234772361306824e+01 2.190364342302996148e-01 -6.789146451986787234e-01
-1.931792673923397530e+01 1.545574348276302079e-01 -6.985218971540324562e-01
-1.918902461112031688e+01 8.048113763638030660e-01 -1.449760141589436557e+00
-1.931740830875035186e+01 1.568573680731790987e-01 -6.889103041727202559e-01
-1.931639723152218835e+01 1.591616769482475935e-01 -6.687830308792290790e-01
-1.931819485629350552e+01 1.532688099298967488e-01 -7.167074828260057151e-01
-1.931935335122771491e+01 1.527488531315210896e-01 -7.037000982509563629e-01
-1.932011059084928561e+01 1.536513048212811705e-01 -6.917240608167860572e-01
-1.924168378061714435e+01 3.081044148307597319e-01 -6.775090394727540932e-01
-1.931579732821020912e+01 1.636436486404845292e-01 -6.431337919580757401e-01
-1.931952831403223314e+01 1.319638703872695051e-01 -8.114198549791018511e-01
-1.922674241684201490e+01 2.153465143885839594e-01 -1.136293007397207289e+00
-1.931783381810268807e+01 1.544583604031428692e-01 -7.000832498734472775e-01
-1.931261147497157538e+01 1.064298973795036601e-01 -9.802174627149810027e-01
-1.931789273334902290e+01 1.544643343647182365e-01 -6.995903973357130434e-01
-1.931782487250385572e+01 1.544534375581561036e-01 -7.007088853952301299e-01
-1.932451598815526594e+01 1.294866809618430148e-01 -9.058105135043721390e-01
-1.931258189649903656e+01 2.043640621754030662e-01 -3.832817535104360296e-01
-1.931999378239766330e+01 1.387162247102577406e-01 -8.405296096190559840e-01
-1.931808430163931689e+01 1.538818448140435446e-01 -7.022882076513463634e-01
-1.932485783893146092e+01 2.765087240220485132e-01 8.586478841390121630e-02
-1.929287045711041060e+01 2.776798875048125392e-01 3.147070604021640072e-02
-1.931811197459160923e+01 1.537754889928065194e-01 -7.063483693492639270e-01
-1.933709901098296413e+01 6.713975983648645673e-02 -9.358846396596680606e-01
-1.885607887217677714e+01 8.539551508306341132e-01 -1.261528794710196966e+00
-1.935037148115589645e+01 6.067661050271857398e-02 -1.197211781142154319e+00
-1.931801425960337681e+01 1.539988355101402084e-01 -7.022013523534248458e-01
-1.931752123049089676e+01 1.732720186167099607e-01 -5.844483719864835836e-01
-1.931803473833753415e+01 1.539792938574087999e-01 -7.021712819780554504e-01
-1.931802631348808319e+01 1.539547526537789479e-01 -7.023268776169567795e-01
-1.931657795758100704e+01 1.597966621459626924e-01 -6.501845843739997299e-01
-1.932047780600207787e+01 1.439306590821316512e-01 -7.630857864961976267e-01
-1.931995043233271403e+01 1.547433875510655366e-01 -6.659640648238385197e-01
-1.932121428344189340e+01 1.614856594830501868e-01 -5.710687365731653697e-01
-1.931778021451684069e+01 1.546702543123348594e-01 -7.003543884444766165e-01
-1.931874030643332318e+01 1.484316047559068319e-01 -7.320823791282276005e-01
-1.895822446989310706e+01 7.947735381927152343e-01 7.930319759795523282e-02
-1.901082967087405251e+01 4.192904863211227573e-01 -1.479929850968387584e+00
-1.931831172501584959e+01 1.551131392323443492e-01 -6.911816641751572510e-01
-1.931860715093384329e+01 1.493392892470994660e-01 -7.227666631700977451e-01
-1.931813867119657147e+01 1.550778722252994235e-01 -6.952746488639706124e-01
-1.931801460279300997e+01 1.541463617302492595e-01 -6.999400373927074925e-01
-1.931800931196447380e+01 1.541868804082453248e-01 -7.006428117507459419e-01
-1.931802985664833372e+01 1.541246795940154901e-01 -7.004993273194679571e-01
-1.931852374533329098e+01 1.505749404174460127e-01 -7.233908076613746463e-01
-1.929293569394026164e+01 2.422921601721865215e-01 -2.092973694142765684e-01
-1.931551776145336774e+01 1.578910004750128382e-01 -6.801899751276965223e-01
-1.932200242280788061e+01 1.467944274089543755e-01 -7.261650439649552924e-01
-1.932438432962912600e+01 1.409111317218278148e-01 -7.942543583067455115e-01
-1.931822155003381525e+01 1.723477503609603667e-01 -5.664712623073469011e-01
-1.931792589014663974e+01 1.545384784320911753e-01 -6.988639508842776626e-01
-1.932116947567201493e+01 1.424513558924456469e-01 -7.581860310247505730e-01
-1.931800166109278294e+01 1.545437940841478119e-01 -6.990624996623447940e-01
-1.931782197896434639e+01 1.545986266028683553e-01 -6.983866547262220781e-01
-1.931797455873223512e+01 1.540227821830323640e-01 -7.029655581048620538e-01
-1.931780257242938958e+01 1.547014570561524027e-01 -6.987361553856135110e-01
-1.937467455143964656e+01 3.794091762537200874e-02 -1.192817884107187254e+00
-1.932612093288385680e+01 8.842075151105754927e-02 -1.074745355902854804e+00
-1.932100801401982437e+01 8.839178364761315909e-02 -1.150643420825113283e+00
-1.937857067121284871e+01 1.718494669833485755e-01 -3.356541403285033809e-01
-1.930815312231129610e+01 1.884975004339786153e-01 -5.399200958454081212e-01
-1.931781396983601695e+01 1.569700322607105736e-01 -6.844727059401022329e-01
-1.908123331680475232e+01 5.260039936123089843e-01 -1.391410326651560503e+00
-1.931761178750110375e+01 1.567806024816498500e-01 -6.835424620583886446e-01
-1.929046218579453864e+01 2.063293929315292152e-01 -6.284936135166453441e-01
-1.932434527888627329e+01 1.199076469264991340e-01 -9.043088740879122733e-01
-1.931867667091776752e+01 1.522439542552046776e-01 -7.078042603161524005e-01
-1.932011764101847362e+01 1.433909174521507957e-01 -7.584584827180967936e-01
-1.932037453295887630e+01 1.451189534011935456e-01 -7.485073633600131116e-01
-1.943631789112874841e+01 2.250841232257023705e-01 6.049522416285646464e-02
-1.925965583820976335e+01 3.040049799028551880e-01 -1.181972704497619597e+00
-1.917699065923807566e+01 2.876054226914216971e-01 -1.031487583911549821e+00
-1.930477626815493863e+01 1.834267184364502534e-01 -6.821818623735919074e-01
-1.931266896003836919e+01 1.785727796462037442e-01 -5.565277224412752410e-01
-1.931841240102362534e+01 1.513592088933086444e-01 -7.164718593199838059e-01
-1.931867067940049409e+01 1.516245076183960760e-01 -7.141445098738361530e-01
-1.928684115160760371e+01 2.390597009645942517e-01 -3.074496025039319402e-01
-1.803305631305100931e+01 5.279870764097199798e-01 -1.122696297547497668e+00
-1.931688635182245761e+01 1.092202753440612017e-01 -1.176978144241453084e+00
-1.935355326463932357e+01 7.749091813534852990e-02 -1.238364388673405037e+00
-1.930869086777421018e+01 1.841851447368481609e-01 -6.858113257460430878e-01
-1.932694448677822407e+01 1.017830353147663736e-01 -9.613980074040283652e-01
-1.931823195481453581e+01 1.533689129193734901e-01 -7.055644401918258479e-01
-1.931813382653276534e+01 1.532139887106362952e-01 -7.067680208368666284e-01
-1.931817765881877591e+01 1.545189976426413758e-01 -6.961264590395574992e-01
-1.995888205169007179e+01 9.006526897623713390e-01 -4.009216609128871678e-01
-1.924809494776722474e+01 4.342542333342080396e-01 9.373492333720268022e-02
-1.851799102217504611e+01 8.501523610007919451e-01 -1.446642546224746528e+00
-1.931806209632132720e+01 1.539779990934477816e-01 -7.020238644682063045e-01
-1.931729723834043000e+01 1.553475327507039261e-01 -6.959854101362970002e-01
-1.921251911585864391e+01 5.252216652498149507e-01 -5.637007443520342109e-01
-1.931201920966259422e+01 9.016290616961730731e-02 -1.422518925586433891e+00
-1.931803017219906593e+01 1.539960354944390486e-01 -7.018953063477526566e-01
-1.931659198427616175e+01 1.573046057455730617e-01 -6.957015010958824686e-01
-1.931847478499607718e+01 1.528252831802068279e-01 -7.040022440881441579e-01
-1.931602589327746600e+01 1.568691345197417708e-01 -7.001941610726339915e-01
-1.928545394692708825e+01 2.668321925903679448e-01 -2.980591228261475489e-01
-1.931594290301747918e+01 1.616586603039885384e-01 -6.703018381864322972e-01
-1.931648893317880322e+01 1.626076080628832687e-01 -6.557756086965281783e-01
-1.931699405056381025e+01 1.570698002921566694e-01 -6.884822736940516830e-01
-1.931587281040929582e+01 1.631102970035844535e-01 -6.564592252872688549e-01
-1.933170020841432546e+01 1.021755609575215329e-01 -9.234408670683219578e-01
-1.931967743939802773e+01 1.387090448715809221e-01 -7.904571047671676842e-01
-1.931818435152380786e+01 1.516734448961151727e-01 -7.222279217658775785e-01
-1.931319498412006652e+01 1.680786332688918860e-01 -6.455372046366241179e-01
-1.931186952199142226e+01 1.653572082701346702e-01 -6.340903736622106601e-01
-1.913002086708885230e+01 6.111394447939626495e-01 -4.637526079282527913e-01
-1.931476373019195236e+01 1.749035888242149450e-01 -5.831485518427190762e-01
-1.931916308860169451e+01 1.469536254514695606e-01 -7.398669699619750961e-01
-1.931817539305743736e+01 1.533376674047295107e-01 -7.059606844929803282e-01
-1.930357769965820225e+01 6.617715728744651138e-02 -1.258835346881222117e+00
-1.931716190028770797e+01 1.564900332896934088e-01 -6.903823120864212015e-01
-1.932060715931855555e+01 1.379085110948896631e-01 -8.015620322913598050e-01
-1.931932745048828082e+01 1.483998188894851966e-01 -7.344290613834620896e-01
-1.931768223058483969e+01 1.560084029725446464e-01 -6.899257192789574056e-01
-1.932367681280618399e+01 1.393258794423822555e-01 -7.421036579823665491e-01
-1.931580440001720333e+01 1.555898132690659019e-01 -7.149778468415398658e-01
-1.931764005575017862e+01 1.546075286973508101e-01 -7.037491576771531809e-01
-1.931726047244949029e+01 1.575285056218935220e-01 -6.821897342218483651e-01
-1.935386809786429652e+01 9.186642655086058040e-02 -8.748007764877077097e-01
-1.931661489170159385e+01 1.560569129409641320e-01 -6.968213264454332645e-01
-1.931693776853304101e+01 1.584120224652262043e-01 -6.758456125976377571e-01
-1.931604337984267872e+01 1.669319132823374185e-01 -6.281714669100807447e-01
-1.931784500562467954e+01 1.547891213646059583e-01 -6.984934882702172887e-01
-1.931683994708630081e+01 1.619565956425102760e-01 -6.655279977097984245e-01
-1.931785281185113590e+01 1.546991341937041797e-01 -6.979763873636607441e-01
-1.931798782004941728e+01 1.541478359263844522e-01 -7.009976749795605588e-01
-1.931790896748664110e+01 1.547684820987060839e-01 -6.970234278905972358e-01
-1.925738822501856973e+01 3.813360689666945302e-01 -4.545857782821682846e-01
-1.931538116071618560e+01 1.313061723583466844e-01 -9.730432475173559359e-01
-1.931739151376065777e+01 1.573161015730157319e-01 -6.828470550730963984e-01
-1.931818962014814645e+01 1.533248460352859832e-01 -7.045710037644656865e-01
-1.931773503232910016e+01 1.548909020561657912e-01 -6.981203935267393801e-01
-1.931794204970328011e+01 1.542599305199808535e-01 -7.005347551556792007e-01
-1.931775591217288124e+01 1.545325890546644099e-01 -7.009142254579496800e-01
-1.931796420117429491e+01 1.543026476310769279e-01 -6.999479809424475896e-01
-1.929580651771811972e+01 2.338874174660898475e-01 -1.384481420428565368e+00
-1.888163856550527697e+01 4.048767962767422790e-01 -9.892229872988198558e-01
-1.931833919496909502e+01 1.545447373581908812e-01 -6.935903307366877435e-01
-1.931806592280019785e+01 1.539327788800614882e-01 -7.018089060356299536e-01
-1.931792681940946466e+01 1.539923940509463074e-01 -7.024517026885352955e-01
-1.923202902811267379e+01 2.678222679497204162e-01 -1.016916450291927454e+00
-1.931798322995389938e+01 1.543026507116661006e-01 -6.998652719672301403e-01
-1.931798338052082187e+01 1.543157902357356892e-01 -6.999635871591268765e-01
-1.931840285830207193e+01 1.513146418583440900e-01 -7.188003028141038975e-01
-1.931804002275388399e+01 1.519878051771844929e-01 -7.127752205429900290e-01
-1.931841405393208788e+01 1.518458548928005303e-01 -7.113026663919113091e-01
-1.927662289090656955e+01 2.049850408905986299e-01 -2.950944243600801542e-01
-1.929831848573963171e+01 1.808412488342878710e-01 -4.009341580979266517e-01
-1.931817065824789026e+01 1.510886666621821250e-01 -7.369563669636545189e-01
-1.966284073213595818e+01 2.485571323384582476e-01 -6.059415397603826747e-01
-1.930324514772384603e+01 2.088234757819045495e-01 -4.414697396237883265e-01
-1.931801999798308245e+01 1.541995509154152344e-01 -7.006358511413949275e-01
-1.931883244112756159e+01 1.503146866848438234e-01 -7.256886373434866533e-01
-1.925112241643049771e+01 9.305557296214715945e-01 -1.043721837784248319e+00
-1.929234925721148031e+01 7.787705627201528535e-02 -1.361253934966588197e+00
-1.976785710164991983e+01 7.378215231118203654e-01 -8.242508605637026697e-01
-1.931941275721931461e+01 1.363526423205379257e-01 -9.306983995600828230e-01
-1.931862960927321993e+01 1.459475752879439703e-01 -7.623508483347812836e-01
-1.908629516698576722e+01 6.724347070024216944e-01 -1.272059286564030556e+00
-1.892867632031748215e+01 9.613964519545361576e-01 -7.067454730768925053e-01
-1.930345987914950356e+01 2.096846148600642057e-01 -3.305804928320172920e-01
-1.926261412583253474e+01 3.489655386316565244e-01 -1.767037296757489884e-01
-1.931697682286441520e+01 1.641915608821933326e-01 -6.246322206391974330e-01
-1.931713882328305942e+01 1.612138712073791780e-01 -6.726045694502968963e-01
-1.931560900030733663e+01 1.616802812688156732e-01 -6.668605495057928767e-01
-1.931640501159942858e+01 1.619415743324876811e-01 -6.538325840058419880e-01
-1.931669099855932714e+01 1.522446436141251525e-01 -7.397476844826648135e-01
-1.931652185273994249e+01 1.540528369306533030e-01 -7.159101684934937593e-01
-1.931768220332279284e+01 1.532230027420831420e-01 -7.075057545938083781e-01
-1.931636861833046837e+01 1.618971079111328482e-01 -6.526464407372046805e-01
-1.935457303914028770e+01 2.903758918486965337e-02 -1.236147672400627950e+00
-1.816555290872864958e+01 7.309353592873326644e-01 -8.299827233560890249e-01
-1.846634315552962491e+01 3.750189588424221454e-01 -5.264343068153083394e-01
-1.931814279626830810e+01 1.535337109641969899e-01 -6.993836320595113731e-01
-1.931781891806388884e+01 1.536714967652873243e-01 -7.044535437633456798e-01
-1.934220522858731073e+01 8.322048606869424381e-01 -1.287625811411700294e+00
-1.931004317017339389e+01 1.300071972038263357e-01 -1.118321148983184798e+00
-1.931848340934690356e+01 1.528264517482531837e-01 -7.055947436936355066e-01
-1.919483252835478737e+01 7.496770180557039698e-01 -1.824885060526488800e-01
-1.931365121475504054e+01 1.533882228197985809e-01 -7.475803986864618667e-01
-1.930233717719175246e+01 1.997831125734114976e-01 -5.163853797600829187e-01
-1.931761628065142489e+01 1.746480801385883741e-01 -5.498216977677355954e-01
-1.931862486968291748e+01 1.516931745113065944e-01 -7.105813207563339562e-01
-1.931882888402266474e+01 1.517181765674640304e-01 -7.085364578252879575e-01
-1.954522174238896781e+01 7.487566173046192319e-02 -5.505102010770418497e-01
-1.931830167528743658e+01 1.508329646810126212e-01 -7.217429804155649498e-01
-1.931712051296635480e+01 1.539357375266941497e-01 -7.158017796631646057e-01
-1.931357176495927774e+01 1.768826414883643283e-01 -5.919241446476343205e-01
-1.932012437981247643e+01 1.473564934987754704e-01 -7.312602135298733597e-01
-1.932461541363721125e+01 1.298317690701149829e-01 -8.069849438671881092e-01
-1.931904066969466882e+01 1.602715691185032099e-01 -6.537339162766782064e-01
-1.929472637894535936e+01 1.964258566451048404e-01 -6.540487377638033450e-01
-1.932699155084388920e+01 1.058447902779673794e-01 -9.989515637309926976e-01
-1.931006921323426084e+01 6.994227987097900723e-02 -8.963672918385316990e-01
-1.932082190520971210e+01 1.395867126918365342e-01 -7.811620716056592029e-01
-1.931529129374263931e+01 1.675714176402896827e-01 -6.362725826446409272e-01
-1.931725368175186119e+01 1.555580389808238484e-01 -6.942161639478257040e-01
-1.931795034491135610e+01 1.543135112111687079e-01 -6.998475214166495206e-01
-1.931747138060829982e+01 1.559712401870347598e-01 -6.943838222827602991e-01
-1.931815329714026319e+01 1.562042794801199175e-01 -6.821406886984023865e-01
-1.931750974024050294e+01 1.574386988023656342e-01 -6.773009698640615195e-01
-1.931740938379691741e+01 1.567106441379409187e-01 -6.867282198040974839e-01
-1.952702789761716673e+01 5.973109734879962218e-01 -6.910146941888875016e-01
-1.931734568636620253e+01 1.575454392421825889e-01 -7.352081659445166562e-01
-1.931783999425573839e+01 1.552254026411467036e-01 -6.947670454964010034e-01
-1.931979626391071747e+01 1.502934128334537101e-01 -7.138617744422159905e-01
-1.926422070575038248e+01 3.044099265684552802e-01 -7.741477529516993528e-02
-1.927476740194335747e+01 1.760259751347689194e-01 -7.919017978051040574e-01
-1.931447140949038044e+01 1.681195779264535450e-01 -6.264429887196441005e-01
-1.929171805259261419e+01 1.820863028342714629e-01 -6.385379859150432935e-01
-1.951651680794585531e+01 3.323690050211387526e-01 2.356156650242025030e-02
-1.935004627755881046e+01 3.246303110744117593e-01 -2.008070302276006025e-01
-1.923980453419452630e+01 3.583876933959782574e-01 -1.126541048647560217e-01
-1.954191641610266572e+01 2.218000548172658903e-01 -4.656410909065029635e-01
-1.931809257443269701e+01 1.541805808255277965e-01 -6.983941710149726978e-01
-1.931812620363087163e+01 1.555453117464902224e-01 -6.900610670421535309e-01
-1.931793153220822035e+01 1.544796462737208498e-01 -6.996131409836519044e-01
-1.914790461705401725e+01 8.547988833684543319e-01 -5.586042574745245792e-01
-1.931599775150662524e+01 1.878180193490343042e-01 -4.347044557214974070e-01
-1.931785250928158604e+01 1.545535551315413980e-01 -6.993989558546577223e-01
-1.932360582714791519e+01 1.322936890377534591e-01 -8.353804366683426075e-01
-1.931813554513387032e+01 1.546011969727569824e-01 -6.917023704127098771e-01
-1.932455404956274592e+01 1.188444332958200900e-01 -8.926456561595307315e-01
-1.931619909801346324e+01 1.548961638475183089e-01 -7.284565541376856190e-01
-1.931692179029253964e+01 1.616011624415685799e-01 -6.551820171911537649e-01
-1.931790522368466156e+01 1.544832973011993349e-01 -6.989657345181409243e-01
-1.931654559874791133e+01 1.638206684433115568e-01 -6.427729943152397096e-01
-1.931780283399847420e+01 1.546598774192028958e-01 -6.991454591590496870e-01
-1.931779818438957363e+01 1.542243471309346636e-01 -7.021117484479505455e-01
-1.932210258127499003e+01 3.170391081597413035e-02 -1.116893420072776921e+00
-1.931771541506432399e+01 1.552073366251459086e-01 -6.968413711917738063e-01
-1.931651362978648834e+01 1.615826436374526442e-01 -6.595287124739948048e-01
-1.931775376738313454e+01 1.547562320838953842e-01 -6.989987695905202081e-01
-1.931882669365842986e+01 1.566446471967708198e-01 -6.803600323951825013e-01
-1.933757307322773045e+01 4.498857429953789788e-02 -1.247740124802427131e+00
-1.931794397832279131e+01 1.543822134450318351e-01 -7.015486212790491560e-01
-1.934799427367065405e+01 4.090639440094089030e-02 -1.408621659635536316e+00
-1.931795481738507902e+01 1.540969236619696980e-01 -7.018567079291280209e-01
-1.931791224660473816e+01 1.541882559985233159e-01 -7.017640252951705682e-01
-1.931713127560123766e+01 1.582853147439610697e-01 -6.807971081512511624e-01
-1.931790867259477196e+01 1.540056444183008078e-01 -7.037026018295174934e-01
-1.933168633973607342e+01 1.016952462309620719e-01 -9.581885256828243103e-01
-1.931754792513922681e+01 1.571975917091194275e-01 -6.618597020785780272e-01
-1.931740474744938041e+01 1.470293225049439101e-01 -7.514858237997760204e-01
-1.931894938650053106e+01 1.602115349763464092e-01 -6.546788864986990975e-01
-1.932884349681588532e+01 1.675614556107113406e-01 -4.284366297758297470e-01
-1.931972461873700198e+01 1.768246228714499546e-01 -6.105067566919362143e-01
-1.931703142364196779e+01 1.619673730431031300e-01 -6.624744668891107136e-01
-1.865389346046859487e+01 3.122989797128968292e-01 -9.873859830847835362e-01
-1.931860737410356421e+01 1.516538674650271257e-01 -7.192321251304764074e-01
-1.931550092381598560e+01 1.590040381020834115e-01 -6.933135052758612193e-01
-1.931349258648656786e+01 1.745178185044267416e-01 -6.111457881045692098e-01
-1.931805677965985524e+01 1.524254053226645200e-01 -7.140517949442664047e-01
-1.931092160819764914e+01 1.986733370795777942e-01 -4.536883604664974090e-01
-1.931837471410580420e+01 1.526813998285317386e-01 -7.054858787010904742e-01
-1.934110122831417655e+01 6.360495862322312899e-02 -1.203655703829977330e+00
-1.941476638213013572e+01 1.147258813532431448e-01 -7.714389106783601235e-01
-1.942077347300894274e+01 1.538801107430030068e-01 -8.328166164321548770e-02
-1.931534847067519678e+01 1.861001626693946087e-01 -3.019694919397046817e-01
-1.931624426030499109e+01 1.503298888624045870e-01 -5.685589546438709618e-01
-1.931782162161271543e+01 1.551868773593104711e-01 -6.953290280050183902e-01
-1.931784711139378174e+01 1.551849678375611941e-01 -6.958497061033509512e-01
-1.931502543257547089e+01 1.905716279730450546e-01 -4.598790868754973893e-01
-1.931861217928080876e+01 1.613591014139487689e-01 -6.675964440312053272e-01
-1.931942659240553439e+01 1.559547979938220030e-01 -6.714651833213005627e-01
-1.930535991223017689e+01 1.965893319576148546e-01 -5.338293150353974337e-01
-1.931489009618113428e+01 1.811165664516194707e-01 -5.534909752209661304e-01
-1.931796595854460108e+01 1.549023435056626208e-01 -7.062825779990713482e-01
-1.931830913147916462e+01 1.552111340782753868e-01 -6.932978492894867895e-01
-1.931695718881526602e+01 1.682504647583330792e-01 -6.077653678105504609e-01
-1.931908988274705763e+01 8.189971428040308810e-02 -1.299927113988406324e+00
-1.931762494899180282e+01 1.630754657868527802e-01 -6.293160786876217383e-01
-1.936706568035745946e+01 6.226924105963028977e-02 -1.045962243397209557e+00
-1.931828366196203817e+01 1.565285646264854280e-01 -6.732099975180013685e-01
-1.931776966080772695e+01 1.586436140773041237e-01 -6.676179348110888867e-01
-1.931728336913436905e+01 1.570562820515721825e-01 -6.898503247463813048e-01
-1.941439350573471501e+01 4.307156020842306532e-01 -1.324713440873239723e+00
-1.918797661185645964e+01 2.338185701962050278e-01 -4.427251096271067610e-02
-1.931728394296845508e+01 1.567629888968753438e-01 -6.867519493266983632e-01
-1.930444641082938873e+01 2.238399428837043736e-01 -3.538911428516224866e-01
-1.931687026099569948e+01 1.586112209373352899e-01 -6.727507935294623209e-01
-1.931481053615978638e+01 1.577094883751960774e-01 -7.000505121391120689e-01
-1.931806707232786025e+01 1.558756203256231043e-01 -6.884975065469368660e-01
-1.932104505791069471e+01 1.326789533394932830e-01 -8.423554251168681173e-01
-1.931694894455905853e+01 1.601591598740758626e-01 -6.365178300302328784e-01
-1.931300965703339045e+01 2.547513222414640177e-01 4.055418384394382514e-03
-1.932222803974421765e+01 1.640749871314733099e-01 -5.838970647904626610e-01
-1.931628888578231695e+01 1.645960325298811144e-01 -6.372178959608191251e-01
-1.932787560284715767e+01 1.046287509349543426e-01 -9.731699537149526291e-01
-1.929233358205859972e+01 3.400061534913865202e-01 -1.471075524264729095e+00
-1.931196959079566255e+01 1.515106491815959577e-01 -7.547956192178671975e-01
-1.932555187243195505e+01 2.105427873836995534e-01 -3.079902124224764837e-01
-1.931826671711544918e+01 1.534139164544207345e-01 -7.052386467821185612e-01
-1.931520503011451240e+01 1.638024563460119543e-01 -6.464648884418452424e-01
-1.931831183895821624e+01 1.530120952047412664e-01 -7.093614273201749310e-01
-1.913548353418653036e+01 8.913438116814222933e-01 -2.127892568296263498e-01
-1.929449547484733074e+01 2.452345762085315628e-01 -2.562124607689626465e-01
-1.931811088743929261e+01 1.607115235587100732e-01 -6.523445598222912256e-01
-1.931051774830446988e+01 1.641338289111769211e-01 -6.942996761689959051e-01
-1.931805015356480837e+01 1.536659318311145994e-01 -7.043302379050734308e-01
-1.931807975342921324e+01 1.535849996412286533e-01 -7.044351295526770640e-01
-1.930811860258125634e+01 1.643543088502798788e-01 -8.256052509033948716e-01
-1.932211094349459657e+01 1.670441439899343627e-01 -5.115671212591595962e-01
-1.933991811974587449e+01 1.867386943382556841e-02 -1.320938610398198820e+00
-1.921303078892664473e+01 1.831949758422919960e-01 -1.218550406355048965e+00
-1.922027054820707548e+01 2.399298300302339648e-01 6.300516359212604556e-02
-1.930124312372791096e+01 1.871987070238556039e-01 -5.194391520448804478e-01
-1.926660121399616798e+01 3.021098656068837429e-01 -2.069960002633302043e-01
-1.931398011066851694e+01 1.761053841012428511e-01 -5.694576613265099896e-01
-1.933015365322082602e+01 1.332255512621632609e-01 -7.070314847509330258e-01
-1.927313700030973465e+01 3.140591855735659910e-01 -6.039432502096602207e-01
-1.931800765481124671e+01 1.540535289909415184e-01 -7.016155373802405171e-01
-1.922496494013308066e+01 3.832534429680813926e-01 -1.559545970102320656e-01
-1.931686316300698181e+01 1.604871986114906612e-01 -6.692612111662833430e-01
-1.933124548202109594e+01 8.297792209937905616e-02 -1.068085413690186947e+00
-1.931716333081925896e+01 1.593712056897772233e-01 -6.686031610680351900e-01
-1.932207594082171198e+01 1.207151648393099408e-01 -8.705449798540007000e-01
-1.936230392169045800e+01 9.839676761345050870e-02 -1.079880515626290283e-01
-1.931561223879932854e+01 1.499445082558712727e-01 -7.188281852178166620e-01
-1.930304423016571747e+01 2.494948625885884397e-01 -4.922328093441104002e-01
-1.919140307150950520e+01 2.234137139646347192e-01 -2.416289441780159475e-01
-1.931833334413371972e+01 1.575342728782320179e-01 -6.763219291589481763e-01
-1.931799399352101432e+01 1.540608250043315475e-01 -7.015656927225333295e-01
-1.931788749195236221e+01 1.541060554732687493e-01 -7.022019027181961581e-01
-1.931936307055131508e+01 1.494694073871619955e-01 -7.202674263506102514e-01
-1.931780072745763377e+01 1.555917209195120110e-01 -6.923783753523221618e-01
-1.931790933427400248e+01 1.544144505565335224e-01 -7.007252564333599221e-01
-1.937788210787362431e+01 5.175461198699871090e-02 -3.272936167239146599e-01
-1.931616964276377857e+01 1.616192586156663669e-01 -6.572214767864817953e-01
-1.931788131934288799e+01 1.552026214218239220e-01 -6.937864926393090270e-01
-1.931798857412402270e+01 1.539875213314481073e-01 -7.002394785332790583e-01
-1.931772839144069920e+01 1.552848584491422490e-01 -6.952966114329087732e-01
-1.931781489166791133e+01 1.553551075182285357e-01 -6.941281254102189546e-01
-1.931795741162419588e+01 1.543472843810210493e-01 -6.999971876864522491e-01
-1.931769327949024273e+01 1.566086585447224178e-01 -6.854118549561341034e-01
-1.931848237953334291e+01 1.514304354546879006e-01 -7.146953926562454873e-01
-1.931759083081173145e+01 1.551912693867778248e-01 -6.979358504994704893e-01
-1.931711792604389188e+01 1.562048339657429452e-01 -6.935855000830862815e-01
-1.931775607539475814e+01 1.550060770314160841e-01 -6.961723296768471680e-01
-1.931785480381700992e+01 1.527201469384934229e-01 -7.088654056813653570e-01
-1.931790104504887395e+01 1.550445647390467363e-01 -6.952275922788515583e-01
-1.931780630934916942e+01 1.551381402246261587e-01 -6.949702445255533378e-01
-1.931793043929501863e+01 1.543699429906782994e-01 -6.998975005444556530e-01
-1.931795851219316518e+01 1.544124006214562250e-01 -6.997015185693734596e-01
-1.931803812704664836e+01 1.542392236734310418e-01 -7.001079225134576589e-01
-1.931688105403538458e+01 1.548766956609766987e-01 -7.132057240854302593e-01
-1.931793011006745786e+01 1.541957303591815764e-01 -7.009976898962214653e-01
-1.931619692470480487e+01 1.561644124076552731e-01 -6.841623484935098753e-01
-1.931793289714631001e+01 1.533016085340129508e-01 -7.016838083269619775e-01
-1.931929299422912649e+01 1.528564644771855108e-01 -6.759755121484275486e-01
-1.931793042846064168e+01 1.543916579209053119e-01 -6.999213857690835816e-01
-1.931904838801330015e+01 1.563938552771731161e-01 -6.795110028830397830e-01
-1.932036965498531700e+01 1.559406997846772003e-01 -6.522616179345082088e-01
-1.931888146572408971e+01 1.538222582837694696e-01 -7.049275659059156540e-01
-1.931786629625660368e+01 1.544691824610198438e-01 -7.002423642381953028e-01
-1.931867165741553904e+01 1.506537501419561165e-01 -7.170954745635618188e-01
-1.931687692689708058e+01 1.570201583981827298e-01 -6.877782508408729623e-01
-1.931827999667708440e+01 1.515415607536373110e-01 -7.181410809879562596e-01
-1.931706427212282762e+01 1.530763545436802930e-01 -7.109343895759598908e-01
-1.931693357206644635e+01 1.564515630701776294e-01 -6.978566384669286915e-01
-1.931798695144948752e+01 1.542265245710783828e-01 -7.007170339461257225e-01
-1.931984504856894347e+01 1.483511975347414913e-01 -7.394347524141173800e-01
-1.931780910078637703e+01 1.512947505449261099e-01 -7.317942304811621002e-01
-1.931295897962663943e+01 1.598896962061369109e-01 -7.235970417394179677e-01
-1.931788528184245379e+01 1.521514080129343638e-01 -7.143880542304942294e-01
-1.931510069377402061e+01 1.680874837554218182e-01 -6.213636582643725648e-01
-1.931940068259324050e+01 1.480895547862674522e-01 -7.333186054199616333e-01
-1.921754067539745847e+01 2.424879243726332512e-01 -1.888549537837291847e-01
-1.931828759384887917e+01 1.545687478179593455e-01 -7.002070936571782589e-01
-1.931850091961831950e+01 1.554895998151003267e-01 -6.885812778167035297e-01
-1.931447016511355486e+01 2.413663634990540485e-01 5.385201495059033228e-02
-1.932949223088013113e+01 1.824195045757816824e-01 -1.091117814950728793e+00
-1.931717992466925438e+01 1.600791928314611035e-01 -6.656249843448674985e-01
-1.918153589859328534e+01 5.505087866115427886e-01 -1.010377129838210264e+00
-1.916660816274681167e+01 4.303368262587692894e-01 -7.937491614204017498e-01
-1.931830898804744123e+01 1.553592728407017787e-01 -6.771292175142373804e-01
-1.931785728487400533e+01 1.548661514736401901e-01 -6.956955504239084043e-01
-1.931796632796585911e+01 1.550208929485540066e-01 -6.960602862736793295e-01
-1.924723883925851098e+01 2.809741434765831158e-01 -5.583550996025903324e-01
-1.933930566312956500e+01 3.347027745650360542e-02 -9.578903331558686896e-01
-1.945658214320256718e+01 4.607509309185000429e-02 -1.722822819766740565e-01
-1.934940019873614503e+01 3.541847310980196228e-01 -4.323646125876816626e-01
-1.931366932950421500e+01 1.686365534074560635e-01 -6.437704743203426228e-01
-1.931361819417295678e+01 2.206504177531396771e-01 -2.955680753615705925e-01
-1.931811773963800505e+01 1.550911771450781962e-01 -6.967717287763505185e-01
-1.931713572738269846e+01 1.587325823490435550e-01 -6.796045270193465937e-01
-1.930938604000538206e+01 2.056534020553898723e-01 -4.024814012857067524e-01
-1.931714446926149265e+01 1.582796765424584751e-01 -6.643454965181465610e-01
-1.929550448296059528e+01 2.189476296837976343e-01 -9.600426602982619073e-01
-1.917655707496215456e+01 4.115938876830015358e-01 -7.474875927603874537e-02
-1.934883121137496431e+01 6.229075288234961483e-02 -1.096869893492749881e+00
-1.930973230258043571e+01 1.741464343686680571e-01 -6.000685853202750719e-01
-1.931304599238978170e+01 1.761091320392330073e-01 -5.877895362357580256e-01
-1.933194183807615119e+01 5.593487584041370586e-02 -1.263606966108591134e+00
-1.931546976520625947e+01 1.745206950885600794e-01 -5.806829024408507456e-01
-1.931626037442597621e+01 1.652954631520661688e-01 -6.421603669359100541e-01
-1.931795280172051221e+01 1.551277591080276186e-01 -6.902255792341545071e-01
-1.931326660067076162e+01 1.754155287417558107e-01 -5.887354410813467886e-01
-1.931765458693369553e+01 1.552167378438235601e-01 -7.011054742822255825e-01
-1.931254963949216119e+01 1.751288490320946911e-01 -5.633074113166273156e-01
-1.931308228106681213e+01 1.789158993866789837e-01 -5.631149220464034544e-01
-1.931336171260410950e+01 1.751771367634993581e-01 -5.835751108814205557e-01
-1.929889192121065378e+01 1.480124993491460927e-01 -5.085260404234621667e-01
-1.931849306038864356e+01 1.687631332810087537e-01 -6.154666071618818401e-01
-1.933646400516705910e+01 1.342728160964669626e-01 -6.075926037032197691e-01
-1.932975712154866343e+01 7.816192816222869433e-02 -1.100064728479422493e+00
-1.931474796457950660e+01 1.617730294335669450e-01 -6.792145243159157797e-01
-1.931631249157973329e+01 1.615199354382385044e-01 -6.672291555230882576e-01
-1.931704999506078835e+01 1.604632725770263890e-01 -6.593137584422061881e-01
-1.931666211416264645e+01 1.567800040762790947e-01 -6.889077234295171159e-01
-1.931672526788389632e+01 1.575423532101526691e-01 -6.900391021945445624e-01
-1.931688480506691263e+01 1.575921906492244451e-01 -6.829583882273619899e-01
-1.930672845333365117e+01 1.874251443730521050e-01 -8.301745818244329334e-01
-1.931187682812040762e+01 1.799245717196745198e-01 -5.828992925056984964e-01
-1.931754929948762367e+01 1.490953282531113921e-01 -7.847171227438876073e-01
-1.931689336759736619e+01 1.560815022147465092e-01 -7.037334754087113398e-01
-1.931947226685452534e+01 1.499565316226104950e-01 -7.238183440469247998e-01
-1.928457498542929471e+01 4.124040569671194589e-03 -1.431792672627456353e+00
-1.931723307732736217e+01 1.598841017044055901e-01 -6.674232616639602655e-01
-1.931744642922594579e+01 1.645053403968020911e-01 -6.254732305837038542e-01
-1.928733836903974463e+01 1.453129652779293624e-01 -5.321959148017829655e-01
-1.931689334633514576e+01 1.588965028074755814e-01 -6.792252246820447148e-01
-1.931827618776001287e+01 1.536512364678623288e-01 -7.013844968287652470e-01
-1.931878434913988940e+01 1.513366052407374429e-01 -7.145510389646206884e-01
-1.925705843904264469e+01 5.256556004215320321e-01 -7.504799609575929509e-02
-1.931964094677065802e+01 1.513617905514476059e-01 -7.019564636996789009e-01
-1.931921829636062427e+01 1.558348605693633260e-01 -6.902886099281324572e-01
-1.931542989075243710e+01 1.669742579705209840e-01 -6.482647640865489835e-01
-1.931484350281705531e+01 1.670439649820761596e-01 -6.362584505938874146e-01
-1.933471821131212920e+01 8.344165915521382926e-02 -7.879904428434234553e-01
-1.931803403837478683e+01 1.536379174238418632e-01 -7.045594288562314622e-01
-1.910376183422256702e+01 3.170006092140216780e-01 -1.237460003214015947e+00
-1.931812282027843608e+01 1.535874070651401524e-01 -7.043379786776620133e-01
-1.831685517827879650e+01 6.105922149317706271e-01 -1.193061651363080067e+00
-1.931824241029734424e+01 1.526591715791318082e-01 -7.099881067631089726e-01
-1.930004440564226442e+01 2.084175134688198705e-01 -6.055468245566085761e-01
-1.933443514499737859e+01 1.693062214466491688e-01 -6.267258206763903772e-02
-1.932494812639979997e+01 5.313500286027657282e-02 -1.262803882726115656e+00
-1.927037321079890830e+01 2.279136893351364490e-01 -1.427134080464758092e-01
-1.931795868625343360e+01 1.539836710583185886e-01 -7.027773812639321882e-01
-1.931795513469507952e+01 1.539745240086953237e-01 -7.027117457504890030e-01
-1.931921870616399417e+01 1.538269536436352725e-01 -6.907859692329109125e-01
-1.927758075766830714e+01 2.097347252308142673e-01 -6.646469320765500122e-01
-1.931797682764878488e+01 1.538016312554483234e-01 -7.045599713771701911e-01
-1.947969611501820708e+01 1.644387733249822736e-01 -1.930988868468133113e-01
-1.926932331813434374e+01 3.224333542106450623e-01 4.749393209084051826e-02
-1.931810913562810583e+01 1.536441982289449282e-01 -7.035764211725358264e-01
-1.942064566539784209e+01 8.257134039472226184e-02 -3.265442532863747083e-01
-1.931805258585747964e+01 1.538887357636763431e-01 -7.026132162595896125e-01
-1.929959858636127024e+01 9.803137012088178337e-02 -1.134162738026074146e+00
-1.930477978386953453e+01 1.991265197553292732e-01 -5.650934872257815655e-01
-1.931808589394873721e+01 1.538276697731726372e-01 -7.034931813325006056e-01
-1.932122257407648291e+01 4.605169108358875968e-02 -1.076273216049826731e+00
-1.931825381438066813e+01 1.538736382427098315e-01 -7.145868413829022936e-01
-1.932639007718454138e+01 9.446492648865249808e-02 -1.172933890652115174e+00
-1.931793709069730625e+01 1.541918785358922794e-01 -7.014148231630213948e-01
-1.931785158424447602e+01 1.543812501749848576e-01 -6.989534197474782662e-01
-1.931808892686716916e+01 1.537882576297964210e-01 -7.031973661999616487e-01
-1.931769602009977405e+01 1.551626167572509873e-01 -6.971472574945518641e-01
-1.931909792925431546e+01 1.508785690231463639e-01 -7.157830070500528219e-01
-1.931755068277124820e+01 1.566697010653129440e-01 -6.800689083558314474e-01
-1.931791512646902476e+01 1.535984259607871272e-01 -7.051595940913339966e-01
-1.931789868512237263e+01 1.545864509726701808e-01 -6.979464544931019976e-01
-1.931771998327593565e+01 1.488498622124215798e-01 -7.504118739167222607e-01
-1.931800033284349283e+01 1.548018269711176065e-01 -7.029834268437439304e-01
-1.931773350301289938e+01 1.542570279254025234e-01 -7.013853870703463667e-01
-1.931634634488293401e+01 1.592376537878198439e-01 -6.771546326981892072e-01
-1.931646911975303382e+01 1.595699688064667332e-01 -6.656693618584405003e-01
-1.931758419382229874e+01 1.550038290152241371e-01 -7.006234351683517936e-01
-1.931722613679181322e+01 1.552849370902598392e-01 -7.145063991464771780e-01
-1.931789516297012810e+01 1.549710860250596844e-01 -6.965330787735102280e-01
-1.931235874701773625e+01 1.972599311917754561e-01 -4.348207344618444381e-01
-1.930676251507199126e+01 1.999734672366611232e-01 -4.531811124033371385e-01
-1.931613508643254562e+01 1.633558697806406779e-01 -6.501205529857787546e-01
-1.931191380068994334e+01 1.972912785058716090e-01 -3.952776548828254022e-01
-1.931637974043807660e+01 1.642712590753773183e-01 -6.267318706508455683e-01
-1.931886576168787428e+01 1.509121923292327527e-01 -7.186808711880607881e-01
-1.930906129300677065e+01 1.627301082297285817e-01 -6.849206807182560697e-01
-1.931809824133397768e+01 1.523951530722165715e-01 -7.149505800858503290e-01
-1.931813455048979122e+01 1.532092687329460468e-01 -7.077290944599597955e-01
-1.934692719925024917e+01 2.579796871201552738e-02 -1.424208154293374884e+00
-1.931866933697680011e+01 1.506347254804444313e-01 -7.186547525361103306e-01
-1.931975811263308174e+01 1.499571253119270642e-01 -7.220112035860964950e-01
-1.898222068120622552e+01 4.616224640586275019e-01 -1.107425504103925151e+00
-1.939689345145765387e+01 4.574438205016998493e-01 -7.558302201700812795e-01
-1.931791809005742877e+01 1.540277861131297832e-01 -7.033533627868086002e-01
-1.924782437139064228e+01 1.779947009287772275e-01 -5.774901301186445846e-01
-1.920991809328915423e+01 4.157356330112199627e-01 -1.484299921769891561e-01
-1.931799879141798115e+01 1.541146508898661172e-01 -7.012302741083432656e-01
-1.931801678300044145e+01 1.541542117770693388e-01 -7.010514379954592146e-01
-1.943225633439642763e+01 6.880537753713219379e-03 -6.543745961295918123e-01
-1.930921166667936006e+01 1.888573793881534180e-01 -5.631352469296170282e-01
-1.934606905374194596e+01 1.247776314445807888e-01 -7.451506583122858851e-01
-1.931791503049208458e+01 1.544240089670913529e-01 -7.005151967727293316e-01
-1.931792934394164973e+01 1.542925696978218464e-01 -7.006391199602211017e-01
-1.936721964857346379e+01 1.410165860306240859e-01 -2.786119293921847095e-01
-1.917174274805719136e+01 3.457503951360389460e-01 -1.271930161521063418e+00
-1.931446275084081776e+01 4.270969820013110763e-01 -1.196455902945769978e-01
-1.931797026757197600e+01 1.543150672073680396e-01 -7.002461863685160992e-01
-1.926627829181797580e+01 1.938329943199290639e-01 -1.229235266852717778e+00
-1.866324701485774540e+01 2.129890791247870119e-01 7.603908083497268322e-02
-1.939165756823238596e+01 6.281164860821499829e-01 7.586077748989783487e-02
-1.941448478851442161e+01 1.285979881007171498e-02 -1.473550243083773026e+00
-1.932125763425202081e+01 1.365950393240553673e-01 -7.850228853947915919e-01
-1.926406778703905687e+01 4.373864591486830156e-01 -5.913547682574327169e-02
-1.929031724927504143e+01 8.053983457840901972e-02 -1.164464458995178697e+00
-1.931937247014781889e+01 1.447678623217785454e-01 -7.506134137859964417e-01
-1.931894101343919701e+01 1.446689573971724208e-01 -7.659919477839455260e-01
-1.932072678658849085e+01 1.435429860739278751e-01 -7.477018875060285064e-01
-1.866402397728073126e+01 4.283421045732759835e-01 -1.221125961815550331e+00
-1.919960239410813330e+01 4.072500344194358579e-01 -9.295552908759802113e-01
-1.931799530475650428e+01 1.539733007102530582e-01 -7.023343737590831415e-01
-1.930344676608630294e+01 2.447895031422118173e-01 7.523172008336787009e-02
-1.931766324077176122e+01 1.529617857700842631e-01 -7.098744859831392917e-01
-1.932044435332284849e+01 1.301996898303627304e-01 -8.349389796316781798e-01
-1.931721428951711772e+01 1.556748869448864314e-01 -6.999602391357386821e-01
-1.932051529840437709e+01 1.323614931971089925e-01 -8.451059752131517833e-01
-1.927322221672906721e+01 1.350402251360451611e-01 -8.435903242571676230e-01
-1.931722410207467888e+01 1.559763174789126350e-01 -6.972503302543509029e-01
-1.931789551033093844e+01 1.547574648673236963e-01 -6.979318555821879544e-01
-1.931056036008302357e+01 1.856867125291721266e-01 -5.155656674507766990e-01
-1.931784349908472009e+01 1.548848100387300031e-01 -6.992078739477814997e-01
-1.931913216223956908e+01 4.996297918616453976e-02 -6.383081865823894141e-01
-1.930379566312358364e+01 2.794436895785286090e-01 6.386925389752695637e-02
-1.930687551454333573e+01 2.658169181614866705e-01 4.649264590531609898e-03
-1.931871996387009105e+01 1.564861670905993429e-01 -6.740999003705652193e-01
-1.931785009297962219e+01 1.548623142511215134e-01 -6.972862572280664750e-01
-1.931830010256884478e+01 1.535370027083930167e-01 -6.998605290831518833e-01
-1.931461675624868946e+01 1.721166026283579009e-01 -5.951313353031765230e-01
-1.931806268205353305e+01 1.538391043759357868e-01 -7.022327516839811379e-01
-1.931509167203453359e+01 1.685934767076198160e-01 -5.879204186051614212e-01
-1.931813376133192506e+01 1.545752090523349886e-01 -6.955007554627576916e-01
-1.931672731181712876e+01 1.585775425832475494e-01 -6.861187457403641332e-01
-1.931922131316058611e+01 1.548106165705344650e-01 -6.859117466900898075e-01
-1.932819382207632586e+01 9.868095670865885405e-02 -1.030396942792564330e+00
-1.931768157508973260e+01 1.575934813554321356e-01 -6.761971805788000722e-01
-1.931615293501131347e+01 1.591528131561567305e-01 -6.662977898126661858e-01
-1.932111599274594482e+01 1.449140807523298102e-01 -7.363232252325448979e-01
-1.931754380047946640e+01 1.578702622551027557e-01 -6.751477458031104328e-01
-1.931788153421702248e+01 1.545748532169246847e-01 -6.989756834703951816e-01
-1.931671482226658298e+01 1.588405028697808807e-01 -6.821163782756213267e-01
-1.931527504721332988e+01 1.636279776002511066e-01 -6.683151550790196183e-01
-1.931931956663164485e+01 1.543819649609832478e-01 -6.935546083628401082e-01
-1.931810925653194033e+01 1.538721141936369163e-01 -7.002771588710511308e-01
-1.931609261766367780e+01 1.647300582886549181e-01 -6.542966236568066307e-01
-1.932088290198840497e+01 1.457293751568789486e-01 -7.541302470630053545e-01
-1.931694021063925959e+01 1.622639813759694793e-01 -6.529264015305255020e-01
-1.931984859089368456e+01 1.483203499250047019e-01 -7.307153958230169222e-01
-1.931924298956070984e+01 1.483274484030099594e-01 -7.387555172000358494e-01
-1.980630023111887539e+01 7.580599521216755399e-01 -1.399346651352705528e+00
-1.931762987710308366e+01 1.570052026962921177e-01 -6.847947238339457954e-01
-1.931748614644452644e+01 1.511642737694883776e-01 -7.202830592728305392e-01
-1.931795660542434945e+01 1.541322472550071543e-01 -7.015833266816290381e-01
-1.934329344971989428e+01 1.716154726367549177e-01 -3.010861968250400089e-02
-1.893878760884516765e+01 5.606808108529499624e-01 -1.376018715362521405e-01
-1.931679663488842991e+01 1.575715426767359262e-01 -6.731694779538522910e-01
-1.931722833630486491e+01 1.573197334465985808e-01 -6.865392193853745439e-01
-1.935926101657839382e+01 2.233853930732104531e-01 -3.358855581245645539e-01
-1.931901232105223798e+01 1.560797603797549060e-01 -6.655027082950046857e-01
-1.910045349376497725e+01 4.613868321418355262e-02 -7.269233066014275657e-01
-1.931854739811859645e+01 1.542539931178726620e-01 -7.007154931352391758e-01
-1.931785550899931181e+01 1.539798414955846073e-01 -6.999732139297819566e-01
-1.931776668995238211e+01 1.546025247329592678e-01 -7.035693247473296941e-01
-1.931793792315489355e+01 1.561834728274803519e-01 -6.861969631436497519e-01
-1.931850690571675599e+01 1.530451759572903636e-01 -7.051686023259154945e-01
-1.926389219279448994e+01 1.828420392388169780e-01 -6.686607571385480009e-01
-1.931747563679869728e+01 1.559974044909532565e-01 -6.953391733881150172e-01
-1.931765372805765679e+01 1.552356013618662045e-01 -6.934506903074765249e-01
-1.931801450231819572e+01 1.536415589418839156e-01 -7.043759684607281413e-01
-1.948170750880807489e+01 3.360936674149840320e-01 -1.031003264163610211e-01
-1.937733201568886088e+01 1.946772185541671973e-01 -1.156989797868472003e+00
-1.931779981423379766e+01 1.554791938980336630e-01 -6.938031093798526783e-01
-1.931810867663864784e+01 1.540197299060590830e-01 -7.015228151978262217e-01
-1.903617878147125708e+01 3.631111745928852219e-01 -9.629915406348090734e-01
-1.931798577730020128e+01 1.530407131157971445e-01 -7.100963577207954902e-01
-1.933117291487456413e+01 1.087911390612371770e-01 -1.209044267679672879e+00
-1.931253940740872110e+01 1.780765915688025669e-01 -6.256384427658858716e-01
-1.931830514310981073e+01 1.547810679195896766e-01 -6.958360423949990770e-01
-1.931679049736940357e+01 1.624481980136399106e-01 -6.461218744315050388e-01
-1.931620981977464524e+01 1.598303885688186488e-01 -6.717450512226256221e-01
-1.929957885011820196e+01 1.705261434356345751e-01 -7.004470968723044422e-01
-1.932176371372694490e+01 1.536038160497715244e-01 -6.626595225099188857e-01
-1.931594709544167188e+01 1.608865171414892714e-01 -6.789941988595369349e-01
-1.931907043928615408e+01 1.493965135575280601e-01 -7.191138615543131163e-01
-1.931807186047510783e+01 1.538197235501480853e-01 -7.032023473610109487e-01
-1.931744472400744073e+01 1.587756029663702773e-01 -6.715920669597957859e-01
-1.933538094485209058e+01 1.669554902847625588e-01 -5.936217800042027370e-01
-1.931770657537890301e+01 1.552692939549701057e-01 -6.950735312275430067e-01
-1.934678358300647005e+01 5.396683466316280070e-02 -1.042834660526004598e+00
-1.931776005312731215e+01 1.551456022761596998e-01 -6.948333120999427015e-01
-1.931679367801483593e+01 1.585084135041561759e-01 -6.862290371244887943e-01
-1.931812486840338394e+01 1.578566910574007442e-01 -6.720424164303346881e-01
-1.931808875004371018e+01 1.537355541158766659e-01 -7.044155899561599377e-01
-1.931810885163300640e+01 1.491863113533482277e-01 -7.177232555919067503e-01
-1.931607718032734411e+01 2.304030102182092199e-01 -3.128918361281263216e-02
-1.814225640694388986e+01 1.492470722289382934e-01 -1.210635237759462690e+00
-1.932355245864404480e+01 1.506226238531873651e-01 -6.492332884839366880e-01
-1.933021834077660017e+01 1.065706119340711355e-01 -1.009776296666669015e+00
-1.931802108670380491e+01 1.544115570734260479e-01 -6.987689282724643958e-01
-1.931799446148465194e+01 1.543827691746950670e-01 -6.987778610015322744e-01
-1.917378402784912694e+01 2.021214555644045840e-01 -5.785924848364654149e-01
-1.929146524218251812e+01 2.399576706522731084e-01 -5.254377398117274778e-01
-1.931799693861160705e+01 1.542453061952919757e-01 -7.004350978606345146e-01
-1.905257956360525640e+01 6.548737813919538464e-01 -3.738656673319413759e-01
-1.921592034257749404e+01 2.477617872600412774e-01 -8.152115544111099288e-01
-1.931802745850769298e+01 1.541227387579549857e-01 -7.012296189891578102e-01
-1.931792097505327632e+01 1.542513547474400060e-01 -7.022941323744248399e-01
-1.931778894126284385e+01 1.569803413985957075e-01 -6.791135484448980186e-01
-1.931940313310677126e+01 1.578708514370869287e-01 -6.723103744627465517e-01
-1.931641765215334772e+01 1.635051816418887083e-01 -6.472995736683306855e-01
-1.931592617971419656e+01 1.634945475127098369e-01 -6.556057196529403441e-01
-1.931630585370219322e+01 1.647148916494108606e-01 -6.493822157375046533e-01
-1.931694307515160958e+01 1.566701769530497168e-01 -6.983573827661496702e-01
-1.931326094748122202e+01 1.743601463161775500e-01 -5.960106909570255240e-01
-1.929758629865989406e+01 2.407742216000292035e-01 -2.158271112942113934e-01
-1.931633953788787750e+01 1.658584731919140742e-01 -6.193592879600819945e-01
-1.931807659974779057e+01 1.544258119265027873e-01 -6.986210086979113276e-01
-1.931279907716690758e+01 1.788398829153020619e-01 -5.513990922571543329e-01
-1.931788827148814036e+01 1.546738620329989877e-01 -6.988900955244403690e-01
-1.931793779559920310e+01 1.546049062477091729e-01 -6.986680047254293369e-01
-1.931573260950564475e+01 1.621775206470913999e-01 -6.523676750141558234e-01
-1.931662179991627326e+01 1.652047244225382516e-01 -6.371807269139427854e-01
-1.931545283111284661e+01 1.627476779749974511e-01 -6.531279399794185370e-01
-1.930446738054054023e+01 1.902851935810402073e-01 -4.520957519342396758e-01
-1.931782509633868372e+01 1.568355564131979629e-01 -6.830624338355417713e-01
-1.929919370174836502e+01 2.383144537276801755e-01 -3.277629263691026473e-01
-1.932556211009652003e+01 5.030538732761511422e-01 -4.620971079033668882e-01
-1.919888353101579170e+01 2.808458116756779033e-01 -3.942618452490189718e-01
-1.931791625739360896e+01 1.600719713304515068e-01 -6.757717449441446034e-01
-1.931334861490709898e+01 1.792957232035562454e-01 -5.817663445092060570e-01
-1.931815651914438803e+01 1.512932433709292812e-01 -7.160629468408249432e-01
-1.931818400847799921e+01 1.516229846776582513e-01 -7.218776966807433082e-01
-1.930739951287281642e+01 8.982964357796355825e-01 -7.754809751379261318e-01
-1.985576928779314443e+01 1.907333639963981753e-03 -1.384696376795133244e+00
-1.935195964504563548e+01 6.190543287433594721e-02 -1.090235307542930743e+00
-1.931803092360834739e+01 1.533334594400775630e-01 -7.080370660278232364e-01
-1.921048704829309273e+01 2.214658049261259976e-01 -2.338104744209561492e-01
-1.927362981026464439e+01 3.224527027170338012e-01 8.002482494499152388e-02
-1.931735552720057569e+01 1.533480013698856892e-01 -7.057835404354323439e-01
-1.929688606151771424e+01 1.868552413681465185e-01 -9.613666091138984848e-01
-1.931849752376677642e+01 1.458160452621369285e-01 -7.391095169959456257e-01
-1.936821952010025427e+01 2.850744166886842179e-01 -6.883997863959669949e-01
-1.930644056269520448e+01 3.330937069611250578e-01 -4.592120614623174113e-01
-1.930895063653327526e+01 2.343662924289588723e-01 -2.090603651679743269e-01
-1.928895518610465842e+01 1.430638078053929618e-01 -7.669957754378768922e-01
-1.954716019560738971e+01 9.544437934730226614e-01 -1.266935946941629920e+00
-1.934209287132160071e+01 8.621836722200394709e-02 -1.106521706689446383e+00
-1.931237845914298390e+01 1.476307125606390602e-01 -8.254557213737798715e-01
-1.932947761982326185e+01 1.333418003680017505e-01 -7.571545699747644909e-01
-1.931949372897969042e+01 1.472433600603880455e-01 -7.422861331112443617e-01
-1.931793288788351148e+01 1.542638959573667257e-01 -7.009328214965100390e-01
-1.931800512585540019e+01 1.540956589882509220e-01 -7.035600817889007264e-01
-1.930766450603724849e+01 1.585672410230829221e-01 -8.429284460926832478e-01
-1.931796195991604392e+01 1.542001807325463492e-01 -7.010863471843730155e-01
-1.906557012690238651e+01 5.508245872448734870e-01 -1.323240673586584037e+00
-1.945624566535367350e+01 6.586532163220983893e-01 -1.734855401607777736e-01
-1.930340146989640715e+01 1.448635195839371725e-01 -1.292963797898007527e+00
-1.927549665138823798e+01 1.575384371384016824e-01 -9.504109650220624594e-01
-1.931795230287769982e+01 1.540099973342369255e-01 -7.026521880211775706e-01
-1.931003347842521478e+01 1.546109641809934876e-01 -7.824091670303295887e-01
-1.931809424146027965e+01 1.540763342802366487e-01 -7.044892994327153213e-01
-1.931803508866775587e+01 1.535754683902538220e-01 -7.025900567881242509e-01
-1.931215840537431205e+01 1.665701752554675785e-01 -5.933208952752758725e-01
-1.932966855231296321e+01 3.756720729367424294e-02 -1.451346637459413724e+00
-1.931803558380056529e+01 1.531191064735296647e-01 -7.124112674334395212e-01
-1.931558633260291202e+01 1.724239499418860344e-01 -6.279957576956389786e-01
-1.931562477710944847e+01 1.728057512306601096e-01 -6.354416693539880479e-01
