0.000000000000000000e+00
0.000000000000000000e+00
0.000000000000000000e+00
0.000000000000000000e+00
0.000000000000000000e+00
0.000000000000000000e+00
0.000000000000000000e+00
0.000000000000000000e+00
2.288037274601280403e-139
1.854834698765356957e-20
0.000000000000000000e+00
4.834977089000840769e-06
8.043339886881368293e-104
3.115078210997534275e-07
2.304644005575322674e-23
4.876115858966393151e-07
0.000000000000000000e+00
4.440426731905698643e-02
4.167191438776670642e-01
3.708354035902337252e-05
0.000000000000000000e+00
3.662994648617736183e-91
2.151692061999219098e-04
3.115368605449274151e-84
4.751956528369901678e-01
2.917953830584548656e-26
4.697151555154602254e-01
3.483368175300260439e-01
2.207691093377333602e-01
0.000000000000000000e+00
7.395315825978239221e-01
3.587492811949911653e-01
2.863499275255889653e-01
5.401433063894818531e-02
2.021090429680288004e-03
9.772823368853281178e-03
3.075254924783677596e-02
4.791342079591644904e-02
2.170864798516969341e-01
4.556177968006006052e-02
1.116190112240970089e-01
8.176116305561401676e-01
0.000000000000000000e+00
3.020651825220679182e-02
2.110002575791445345e-01
1.105579357758491726e-01
0.000000000000000000e+00
4.687866696177800385e-02
4.580308248548455030e-02
1.038426562574161910e-01
3.079207863212218843e-02
3.059170988583750569e-02
4.096496333714534990e-03
8.186698105184305009e-59
4.097827998295764697e-03
4.757344900318492137e-02
1.834420957046268771e-02
4.743843492190075867e-02
2.089505762077314196e-03
9.897802302960740511e-03
4.099122273952400010e-03
1.863527414648394609e-01
5.743426999203497203e-09
9.738378375351110228e-03
2.402853471672125082e-07
5.881616942566323392e-01
2.958598022239441461e-01
3.710761831858482296e-01
1.159754967929540536e-14
6.826778578414139211e-04
1.091425977898210775e-01
2.083678294350284864e-03
2.609573364927851081e-04
6.804729020554711174e-04
4.629031434104743936e-01
4.743798411485907612e-02
8.690942736678044437e-39
3.889086271194404521e-92
4.896467714490479201e-05
9.959416498922235572e-03
5.865979991563175650e-02
1.563172462712966726e-03
4.916729917759360413e-02
4.827609770151795182e-02
1.778181934545404810e-02
5.152075447926843070e-03
3.352389856618281372e-01
6.815191461043874910e-04
5.961098765351539701e-04
6.851762873744381708e-04
2.607122955455328916e-04
1.615756501372927201e-01
1.566002544879037221e-03
2.088036679202604027e-03
4.108630725525503659e-03
8.134672962712752309e-01
1.555704298662525251e-03
4.623099839108920500e-02
1.878911406140787166e-01
2.643843975380343048e-02
1.781423049350965362e-02
5.070951355571815028e-37
6.036029791720511111e-05
4.693231653657042868e-02
0.000000000000000000e+00
4.109919569573854299e-03
0.000000000000000000e+00
1.558680965876954160e-03
3.810380828548511740e-06
3.809899728719338504e-06
1.921513499423115057e-01
3.786302549372685955e-01
4.141686535845349182e-01
3.809817981148748130e-06
3.831064929033701216e-01
6.040383950210465052e-05
0.000000000000000000e+00
3.009117923655738047e-02
3.810019384611301516e-06
4.150335581887453189e-49
9.077506855209235244e-07
1.792430942890073028e-02
3.809967925523419728e-06
8.429051776166702759e-01
1.028695802118089915e-05
9.077833019366597301e-07
9.077060387397625714e-07
1.983021355285969067e-01
1.028482870108513530e-05
3.810020021032064475e-06
9.078257809040377766e-07
2.893806745883597184e-05
0.000000000000000000e+00
9.077443515583370747e-07
0.000000000000000000e+00
6.402518797003609439e-50
2.524969013111426384e-10
3.094430518690617984e-02
3.934269766411621454e-03
1.016006428073510520e-01
2.026067096141638546e-01
9.938844067267756099e-03
4.519827919479623146e-01
4.236681487035555138e-01
4.583550353292470403e-02
4.178721299970115605e-174
1.028539246110000780e-05
0.000000000000000000e+00
0.000000000000000000e+00
8.369224605169643301e-109
6.038981883542983420e-05
1.010109705129673408e-01
3.290894958546056182e-01
1.554973045600325674e-03
8.365578487101455991e-199
9.867548976677246314e-03
1.028478094986570877e-05
2.948286831491061797e-13
6.976643368890512358e-05
1.555006142070103131e-03
2.609165654958136215e-04
6.816006942926604523e-04
6.841327737787140104e-04
9.077316230565249973e-07
5.308412898510750377e-03
1.953412872498874830e-20
1.002341866212201338e-01
5.093402369338039248e-01
1.629452127068863661e-03
0.000000000000000000e+00
3.810139423592634776e-06
7.070632060351584062e-04
7.299442039550529992e-35
7.210910456715425854e-01
2.785775048188489644e-01
0.000000000000000000e+00
4.110161263459539971e-03
1.351352768753212308e-01
2.894110009034653970e-05
4.100567951495952615e-03
6.809950638284038198e-04
1.284572512268556849e-37
0.000000000000000000e+00
3.100994115655418548e-02
2.893943203574851424e-05
1.107267804024455043e-01
2.607174235233813953e-04
6.810782025886494154e-04
1.563508576117889201e-03
5.056865623283944844e-01
6.038068596084657062e-05
1.028636239629957677e-05
7.157279502962839065e-11
3.514802559568395712e-01
0.000000000000000000e+00
1.096562786389830448e-152
1.028448363046644969e-05
5.407036845288865079e-01
3.704080683944239879e-06
1.564715529303644694e-03
2.894468890782996156e-05
4.112035995088214755e-52
5.227071906299800563e-01
9.077996204386748832e-07
4.431748819349255464e-01
9.912885727911926667e-03
1.008840883645642922e-01
1.810653846175568418e-02
1.330034346012645002e-02
1.559036184732408596e-03
4.849995623605762862e-02
1.568719508385870397e-03
0.000000000000000000e+00
1.028492568856776406e-05
0.000000000000000000e+00
0.000000000000000000e+00
1.062939525869181961e-11
2.004654773294781820e-05
3.860043870987047154e-01
1.434505066716720687e-165
0.000000000000000000e+00
1.028662559134471455e-05
2.606859837210042611e-04
3.995797553009083324e-35
9.078153015453037573e-07
9.078277885349286428e-07
3.498174833477320500e-01
9.077213478555525574e-07
1.028439492131917795e-05
3.810115429652947751e-06
1.084468487425092259e-36
2.894142231912531150e-05
2.632399599577481392e-196
3.093425528551703094e-02
4.751411386284704053e-02
1.007616770046237537e-01
7.784516118027299625e-13
4.735327268895431208e-01
9.807082685370090494e-03
1.113210190809338316e-169
1.422143842991000135e-61
1.915441029732344314e-01
2.071650720890346244e-101
6.037436467971753039e-05
4.094021823930898418e-01
2.081636544587464523e-03
1.558428463504950940e-03
9.893836302779119088e-03
0.000000000000000000e+00
3.076617306012615627e-01
8.865082241511782479e-01
3.083582880315483215e-110
5.737473771608241346e-01
0.000000000000000000e+00
1.893329014447393291e-41
7.103531624725522020e-01
1.251106915721285911e-285
4.448964527037133632e-01
3.337961584298971274e-01
4.435341432328435141e-01
1.426342961735058981e-73
3.931940226366551494e-01
1.064428094499020594e-01
8.131033699639528533e-144
0.000000000000000000e+00
0.000000000000000000e+00
3.809909624127837931e-06
0.000000000000000000e+00
2.607159576106516503e-04
2.911464067040796851e-03
1.565480249388212942e-03
4.099459141758377348e-03
0.000000000000000000e+00
6.038041856180879652e-05
4.723921981529062564e-02
3.892996864033650417e-01
3.412736213295967658e-01
1.568884958912654783e-03
6.843948917016488874e-04
1.562365123324866182e-03
2.894566311487897745e-05
3.809982014949034482e-06
2.607035754560523715e-04
9.077067237893386124e-07
9.077293975650946682e-07
4.780488314546905981e-02
3.810475703207509773e-06
3.014596011501141995e-02
5.628994626746585128e-01
3.809927488156276219e-06
6.850234307916793376e-04
1.028674178890063540e-05
2.893798526835078354e-05
8.069019639190527088e-04
5.088191875376361084e-01
3.139583584984628750e-02
2.092979012635018052e-03
1.356120820368944424e-07
8.231121289174651023e-01
6.878866358444557516e-01
5.465723708970382511e-01
0.000000000000000000e+00
4.759786356343646135e-02
1.773703635988155281e-02
4.934619264204387203e-303
0.000000000000000000e+00
0.000000000000000000e+00
3.171347011894410945e-04
1.581377582468211444e-07
7.285636838698757283e-09
1.028550411069616189e-05
2.524508994480371818e-14
1.741160970017223091e-43
0.000000000000000000e+00
2.086083433212070678e-03
1.044913945578517030e-93
2.081038443226493166e-03
0.000000000000000000e+00
6.820311101294719916e-04
3.080877384918845330e-02
3.553002287286295968e-01
9.836952026444202232e-03
9.746250999348745822e-03
0.000000000000000000e+00
1.464979683768643843e-24
4.998840295077748852e-01
1.028536158146935969e-05
9.779460037673802276e-93
4.810955178410300515e-02
2.158930092173507592e-06
4.927794260082882238e-01
1.557293955870223210e-03
5.552547952794237110e-50
3.810540075070578578e-06
0.000000000000000000e+00
6.811705211104736053e-04
3.136082201297482608e-02
1.802270300599646824e-02
1.799764181833971716e-02
1.074345161270103405e-01
4.836496524208384501e-111
3.061976019721119463e-02
6.290486754779179845e-01
4.800886797726482573e-168
1.028517443742179671e-05
1.351474784341319431e-08
9.077309866597105184e-07
2.894732492842598518e-05
2.357665923949856246e-01
2.864931328108606956e-01
7.825328594142859640e-01
3.809985281881902984e-06
4.244975550389869005e-36
1.336058240296445875e-05
6.825346178142476178e-04
5.127786016066549789e-20
0.000000000000000000e+00
1.497563764721615123e-09
9.077592662851241622e-07
4.062431169574555745e-01
9.077361553978953972e-07
9.077354293344833478e-07
2.124646752448665910e-01
4.836968269139608340e-02
1.964591467925279611e-01
3.036962295551711155e-01
6.036677460928371620e-05
9.843932721842373751e-03
0.000000000000000000e+00
0.000000000000000000e+00
1.560867998912322504e-03
1.816737875730994878e-02
6.815774861318682097e-04
2.893961212409836955e-05
9.077467885259097411e-07
1.028705562524589664e-05
1.564804792392139902e-03
1.267174045098426818e-04
1.002993997941732246e-01
1.908256132355349577e-01
6.530675173416435886e-01
3.934657834706219437e-01
9.077627581004689297e-07
4.745783496177612137e-02
2.894164753261851793e-05
6.040510514983639032e-05
1.028630683504141187e-05
1.028587457003772339e-05
4.661860268007411711e-38
7.940019094714896586e-02
1.813887124036378745e-03
2.189484079399110330e-126
7.276745039603262910e-01
1.559486085503426073e-03
0.000000000000000000e+00
6.817863369709562188e-04
1.286926712829005513e-09
4.145133066359067420e-01
1.569022378390476499e-03
3.096415469102035273e-02
3.136597043230861248e-02
0.000000000000000000e+00
2.487740788582525413e-263
0.000000000000000000e+00
3.870629481761149199e-03
5.954168487909451413e-01
6.812303095083714144e-04
6.821494471244383354e-04
1.534702024040856722e-07
0.000000000000000000e+00
1.604926350088954666e-07
4.685311999187346163e-34
4.706603867732339066e-04
1.720434033718270250e-01
6.037568863086299607e-05
6.040319980168668121e-05
6.848074067793881187e-04
0.000000000000000000e+00
2.613036355191176121e-138
0.000000000000000000e+00
3.810345139720733683e-06
1.561172506871239202e-03
0.000000000000000000e+00
6.649446112951404849e-20
9.077337028487177734e-07
1.822013562818193197e-02
6.805140925692578250e-04
3.026550614326612917e-02
1.047039301605034068e-12
3.144340402321703365e-02
1.820096457362970974e-02
1.559388987827477679e-03
1.796866662495269495e-02
4.097517082496228702e-01
2.108990278352101677e-01
4.114069234152904243e-03
1.919272568256598366e-01
5.872252123214096731e-01
0.000000000000000000e+00
1.957781714821693053e-01
9.741524824887623155e-03
2.893977028751432072e-05
6.360785606090158418e-39
1.567506892743976161e-03
1.052889184377423931e-01
9.965353109562452572e-03
2.607729324701445997e-04
4.887228505208161544e-01
1.081133918833603047e-01
6.810369820629815982e-04
6.812268474883739116e-04
7.128595773243640521e-15
1.830459103970042550e-02
2.083387337970967965e-03
4.795310154870854186e-02
1.028551430354436175e-05
4.917397896186027906e-02
3.809900526769327566e-06
9.077612219083954607e-07
1.028631691356283723e-05
4.272823317429124323e-205
7.674273960778652502e-03
6.823421740723761494e-04
6.036936223851965437e-05
2.893828409185767716e-05
9.077414123989799285e-07
6.036612307573856992e-05
9.077162433323523902e-07
5.011525410747424310e-258
0.000000000000000000e+00
1.565038632769606610e-03
3.809903925449010776e-06
2.894800680778502282e-05
8.030687706940812809e-145
9.077119810124251852e-07
9.077685702275592485e-07
6.816882439874022859e-04
2.091512957370572374e-03
1.568901743762015667e-03
5.297306901919376508e-68
3.804041917548634669e-26
4.750086617749156581e-02
0.000000000000000000e+00
1.896474843015796274e-01
9.077192211078897210e-07
2.086194458188751245e-03
0.000000000000000000e+00
1.065115334658184431e-46
0.000000000000000000e+00
4.073774829769100277e-03
4.854622365123865968e-02
0.000000000000000000e+00
0.000000000000000000e+00
3.599974073939977981e-03
2.157787275673392871e-68
1.073168799155335695e-01
4.561932652340261463e-02
3.142532366616587747e-02
1.830183314826464014e-02
1.010545650894769387e-01
3.021867601891493199e-02
1.554906056429914557e-03
1.806686917000603285e-02
1.383536361349084512e-10
0.000000000000000000e+00
0.000000000000000000e+00
1.558615075688775733e-03
6.839823714075963807e-04
0.000000000000000000e+00
1.326698343452930406e-11
6.837311798942613018e-04
0.000000000000000000e+00
3.670014096644275692e-01
2.650224270738503196e-01
3.730412148503893799e-01
1.564147979605270706e-03
2.088980549413100348e-03
0.000000000000000000e+00
1.559253680103856723e-03
1.809776994943331288e-02
5.715485524921151139e-01
1.791331118667435773e-02
4.423056572414237331e-01
2.143985504373230044e-01
5.054372833062064296e-07
3.082765945321243595e-01
2.387766143516708723e-88
4.645359512103411359e-02
1.113523109665884581e-01
1.556916410021995075e-03
3.810323189688154888e-06
6.833779905277844553e-04
4.101415314582692977e-03
2.088499211531948813e-03
6.840351482072177039e-04
0.000000000000000000e+00
5.756485321551045864e-01
2.893820742040475173e-05
1.797125158269815420e-02
4.026809563684900697e-24
1.335878458183007049e-42
4.566798392965992076e-02
3.832555118318080644e-12
0.000000000000000000e+00
0.000000000000000000e+00
8.551597265582660351e-71
0.000000000000000000e+00
2.607466274118880822e-04
1.569316790396608693e-03
9.077630871104801468e-07
0.000000000000000000e+00
2.413636184831590981e-01
3.810198949823262938e-06
4.672222119878189917e-01
2.090436501920667992e-03
3.804014538328536754e-01
2.055548777120980164e-01
9.764778607833472790e-03
3.810071037829069522e-06
1.775325378199014287e-02
1.028536665733758783e-05
6.035903124531140812e-05
3.866174581583356383e-74
6.037037539010432270e-05
9.871973918926298802e-03
2.893863512648490259e-05
3.076702933450583058e-02
8.496882070986916508e-06
6.036605754035904471e-05
7.019407467789560983e-11
9.077011282432686804e-07
3.809990981924681461e-06
1.558704720870898947e-03
6.040157187620691191e-05
3.273653830772259021e-01
1.010451236313819473e-01
1.026710886609450979e-01
1.003690060221620606e-01
5.203360067821510474e-07
1.471559299100168999e-02
3.029741115390128733e-02
0.000000000000000000e+00
2.085344460667859588e-03
4.646169035637653238e-02
5.895968071966146695e-01
6.825693260788544053e-04
4.837236466568726745e-01
6.810816888340887748e-04
9.605887715227151395e-04
1.068686829770819703e-306
2.445773439233366260e-302
7.299151669961276767e-12
2.390407502970966831e-08
2.894444714080308519e-05
6.038289436188471425e-05
3.996750174037262959e-01
5.970759845144607558e-01
1.117384485705884833e-01
2.293963870190024179e-01
3.778663075984974862e-01
1.816596396993113219e-02
2.093093636844789440e-03
2.133608976151075420e-01
2.146448530627763349e-07
1.058936846698322054e-01
3.301775277650374311e-29
1.778100957886972339e-02
9.840917601836330145e-03
1.559279749097925187e-03
0.000000000000000000e+00
0.000000000000000000e+00
6.819077544722179250e-04
1.199039968879041240e-01
9.947850575953360794e-03
2.074533147546424594e-01
1.567505220777294954e-03
6.325045835719463883e-01
5.915885935306809396e-01
5.256219792758144383e-09
7.230892564036995873e-01
3.114606948253375793e-02
3.962040883878725772e-01
0.000000000000000000e+00
6.248656548574402780e-01
1.254808568658923476e-10
2.609443893531062752e-04
4.781317032101654180e-02
6.837909739451016348e-04
0.000000000000000000e+00
1.704124622120321841e-03
4.846488796772537716e-02
5.486655599362827429e-01
1.028672784810858234e-05
1.028596682860904360e-05
1.752792656518137792e-04
7.630351043993362226e-02
3.533205728072795016e-16
6.322506983939404876e-270
0.000000000000000000e+00
6.708981858817798707e-04
1.129549050040595470e-27
1.911442922617149487e-01
7.317571142952716823e-02
2.570645928716574409e-126
9.077610801930633433e-07
4.020570403152800186e-111
9.864525396849743027e-03
1.149415814383226014e-01
4.109336879689999555e-03
3.630330739069512203e-01
1.093179325726537606e-248
3.474561818748909681e-01
1.279240185654667299e-37
0.000000000000000000e+00
1.814401505077947729e-02
9.077256186401909712e-07
2.894652473462105716e-05
9.920704693991240150e-03
2.610278025386427391e-04
1.028688228621394447e-05
2.393664960339264227e-263
1.815032268027643933e-02
6.036102240181694009e-05
2.606599936881851746e-04
2.893993381300499521e-05
6.039490904013408598e-05
9.078213389078942979e-07
6.832175244073046506e-04
6.808101259834301857e-04
2.606079031013904847e-04
1.561461232324301389e-03
6.040268942214428038e-05
2.091359674066101647e-03
2.893682494217636976e-05
2.894013063553071735e-05
9.077793228875795364e-07
9.077906083362675668e-07
3.809945459290599625e-06
3.125867367732695218e-02
3.810152335518502280e-06
1.013673272590644436e-01
4.104385099649571038e-03
7.103506442712400615e-01
9.078207936861946819e-07
4.913516845893470958e-02
5.794657225960727631e-01
1.784751823825065850e-02
3.810035382575569654e-06
2.090896071815934350e-03
4.113498667020171889e-03
6.813391123141684805e-04
3.148961668504061950e-02
9.937699497280579053e-03
9.078181776516046488e-07
4.880339099285706250e-02
1.779204749467397026e-02
3.368368688818473289e-01
2.091887194112615478e-03
4.738993313378787181e-02
9.973818170015719131e-03
0.000000000000000000e+00
2.091818901956896386e-03
9.972024574272913416e-03
1.780615347752483245e-16
5.576955749712189392e-132
9.978236654156213276e-03
0.000000000000000000e+00
0.000000000000000000e+00
3.023679065215606129e-02
6.035982616117962487e-05
2.609636136674837060e-04
7.647157880807417673e-71
4.970238806830598457e-71
0.000000000000000000e+00
0.000000000000000000e+00
1.998227156567372320e-01
2.688181738422629891e-03
1.566053639207746389e-03
4.096583040574803061e-03
3.127267970552113918e-01
4.885767802661841741e-02
4.430930974263022903e-76
5.164086940894054329e-259
7.949890143472897258e-07
5.982478691938178939e-01
7.185251283124796107e-01
9.166787248536833500e-04
6.848003940372872078e-01
4.866582336019859706e-02
1.563843614667677958e-03
1.986857477625222912e-01
1.559691343400140774e-03
4.033288461269896596e-01
6.631801588504891987e-01
1.998966976469091494e-01
4.170733546468794633e-57
3.774857109425750479e-01
1.865151317383293164e-07
1.322833298165924584e-02
1.061442595064997219e-01
1.819603566050481333e-02
9.830652506413902619e-03
9.787472205566031397e-03
9.977684580586379873e-03
2.084232818561326459e-03
1.987050741363694445e-20
4.694869692366486214e-01
9.471570342352504390e-01
1.813651896608521955e-02
9.786943901509078531e-03
1.577952462382078959e-228
9.983429007186997786e-03
1.078576002700373654e-01
1.183460338616423026e-97
4.108832627320579793e-03
2.606111969522570773e-04
1.569016581134224410e-03
0.000000000000000000e+00
3.109270165037151742e-02
1.108551455922521384e-01
2.086434980154428520e-01
4.763904887806572758e-02
1.396594444245963743e-28
1.028527378830234482e-05
0.000000000000000000e+00
1.028581229039500551e-05
0.000000000000000000e+00
2.609127892049650224e-04
1.409671092586516410e-07
8.222812752812908491e-78
1.357120364096783639e-10
1.192770797158473318e-81
3.809936830532635623e-06
1.028742717904983728e-05
1.783310773540824901e-02
1.646896153936445788e-23
2.894121894615766830e-05
0.000000000000000000e+00
7.202760194842575553e-18
1.028575781518255151e-05
6.326496596177306984e-238
3.810513207946523246e-06
1.184630814550781357e-26
1.980734954213072066e-02
1.028480777234211153e-05
5.222113145377387208e-56
3.058356733630974642e-02
5.383194277973409481e-04
9.077309174797027437e-07
2.608952464593077979e-04
3.809946560971876771e-06
6.037081214128181680e-05
2.085820578600548064e-03
1.000079190519326255e-02
2.608743498220687969e-04
1.028429195402410590e-05
4.709493984604477129e-02
4.100942601692411822e-03
6.854282161920140226e-04
9.874417113297388748e-03
1.781480668996527142e-02
6.831146074360823018e-04
4.743841246281135793e-02
2.894481970006496503e-05
4.516133295643445233e-01
4.049516867628398242e-01
1.812948964858994427e-02
2.670048820974079695e-01
1.081547200254349417e-01
1.563961968428531591e-03
2.229449247830968539e-01
6.817857833487802298e-04
6.036907144016060166e-05
2.335402248464713420e-06
1.562315493618363733e-03
1.788991322072277720e-02
0.000000000000000000e+00
0.000000000000000000e+00
2.894287517128735015e-05
1.935809711779017604e-193
3.655723652166264207e-157
9.077769601629765276e-07
9.077621042821010203e-07
5.955478473992981029e-249
3.292121150319748946e-01
2.878985180366765460e-13
3.809981330206063827e-06
9.077848045213444935e-07
2.537585263907796047e-70
0.000000000000000000e+00
0.000000000000000000e+00
9.078212479515822332e-07
2.166949243084531922e-81
0.000000000000000000e+00
0.000000000000000000e+00
1.129048739276901805e-218
1.913757029808221544e-01
4.309683052104621931e-246
1.945817918636064511e-72
3.057510681416560766e-02
4.909404931278443102e-02
4.764583534264615200e-02
0.000000000000000000e+00
0.000000000000000000e+00
9.076969294368707807e-07
7.010399039653042380e-23
2.085563524078673601e-03
4.495673484434644096e-01
2.086746352611027183e-03
5.911223513242509497e-01
4.544351672654037865e-99
1.557824649004160063e-03
3.810024800026998025e-06
3.737194201381713321e-01
2.607293381733116907e-04
1.071739078225540536e-247
9.974078408749690554e-08
5.753814428348539346e-07
3.121592619588469536e-02
3.810017861709771936e-06
6.808798880742935851e-04
1.027935016131982238e-01
1.028566193275064570e-05
4.409565383849826103e-01
6.847620008949649841e-04
9.794815868997502548e-03
3.096532301615776903e-02
4.772342566055297053e-01
2.086664853330091277e-03
4.672214924426006111e-02
4.568853616092530268e-02
2.088783645232327076e-03
9.077369939704400875e-07
9.961941576862629044e-03
1.086791115782520939e-01
3.050395642119265241e-02
2.606995886766505358e-04
1.108029454165086608e-01
1.002697783831766609e-01
1.809524073081229811e-02
1.824717663225955758e-02
9.794166973261155679e-03
0.000000000000000000e+00
6.813074710113343471e-04
3.120134854152298645e-02
9.077486834085260014e-07
2.473697205180302795e-78
0.000000000000000000e+00
3.006001238800612083e-02
1.568850637994873183e-03
1.904981271586094842e-144
1.073636118882193013e-01
0.000000000000000000e+00
1.000953823454189991e-02
6.809707337139404414e-04
6.805717138924173354e-04
6.803741606422494771e-04
6.833223871444385651e-04
1.994619497704275529e-82
6.804194677113695579e-04
6.836229061957491311e-04
2.894613129973198202e-05
0.000000000000000000e+00
0.000000000000000000e+00
6.036207738366654795e-05
2.894840056954732765e-05
0.000000000000000000e+00
6.849378124988113326e-04
5.539339277501771565e-23
3.450772622287733293e-01
1.566108696728627783e-03
1.782993291676306102e-02
9.744119454115770032e-03
1.984451217455083296e-05
4.397979693320463457e-01
3.023144507665037270e-02
1.834239925503163351e-02
3.810106831898902341e-06
2.080504324524826663e-03
9.202178625375878400e-14
6.039908063603214195e-05
3.036631748681028966e-12
6.037568145246490202e-05
9.811684789019359601e-03
9.763914894239101444e-03
2.894032202430752969e-05
1.038592536151346640e-01
2.674726203786851203e-13
0.000000000000000000e+00
3.910773441038604137e-01
1.493572232121658516e-01
1.028523460047992246e-05
1.028474689927483504e-05
0.000000000000000000e+00
5.099263166229891468e-18
9.077796668122418623e-07
0.000000000000000000e+00
1.296774747229670111e-193
9.077336746386839941e-07
6.040305857287003530e-05
2.089104425919746134e-03
2.168575066794636297e-01
1.800808491845793877e-02
3.153989384207804558e-02
4.736952992056465278e-02
9.791990172464341835e-03
2.034042443063153738e-01
1.096423691066348953e-02
1.102268401915025703e-01
6.039428564746540960e-05
5.700057074153778158e-01
1.028743994175803171e-05
3.810270822960679360e-06
3.002166403979228751e-02
4.851482153027361632e-02
3.016408649181239604e-02
1.012043525286299064e-03
1.565807112503777567e-03
1.193313008098507858e-03
0.000000000000000000e+00
1.226569094323647046e-289
1.048584438382713924e-01
4.998097249026839939e-01
4.101366366261018429e-03
2.088063029977310810e-03
0.000000000000000000e+00
0.000000000000000000e+00
8.532818042522110357e-09
2.608507288933836093e-04
0.000000000000000000e+00
1.380560987627406473e-14
1.831696892126990703e-02
1.108490823635461307e-31
2.138865092883090457e-01
0.000000000000000000e+00
1.803806400304815072e-256
6.097497938035862861e-03
1.188183333092731428e-42
0.000000000000000000e+00
1.606068116277156886e-07
2.464472820610041082e-01
2.098719018668512293e-01
9.801076581555906442e-03
9.077799883705460533e-07
2.608156271291786274e-04
1.637868114428822327e-03
9.078163238838195233e-07
0.000000000000000000e+00
0.000000000000000000e+00
7.578738487511390906e-46
1.469412948872793722e-46
3.809950951763172452e-06
1.571235608377575532e-01
6.819158621263885682e-04
6.849958574734085585e-04
2.092006696098780982e-01
1.290189845970576098e-07
1.565004864087731970e-03
1.000000000000000000e+00
5.098202320088948136e-01
