1.371849307567353460e+00 1.070068289416745699e+00
1.929351081538919654e+00 2.120675998682534313e+00
2.140656918598118352e+00 2.322963514937200102e+00
2.544403696811972093e+00 1.239833108235602666e+00
2.569938280058256197e+00 5.660650471073157775e+00
1.379029927389093357e+00 2.323027484152282440e+00
2.094711436691640838e+00 -7.812318362595007670e+00
2.167236037457065390e+00 5.277226163301200756e-01
1.886014913472206844e+00 7.594616405365286482e-01
1.155585867625742447e+00 1.173360344087228668e+00
1.390964608567969218e+00 5.857730577670992034e-01
1.967793277517353001e+00 9.105797844750149750e-01
1.230210056676546593e+00 5.631354746323093963e-01
1.217440198675853402e+00 5.768889170856397186e-01
1.611931576189701065e+00 6.722540980089171114e-01
1.802733615695787384e+00 6.274013844898789216e-01
1.117290773026574424e+00 4.935022960276835846e-01
2.164421291388159752e+00 5.173493207799653604e+00
1.902090458756446001e+00 8.339909786130355940e+00
1.049145798897745507e+00 4.890967993579113937e-01
1.000629727469273922e+00 4.594635477024766601e-01
1.363156840726952534e+00 6.026864818408341762e-01
1.024310655562871597e+00 4.750193149074828369e-01
1.012426503774339182e+00 4.724317863460143485e-01
1.002189499601022549e+00 4.644715709139219939e-01
1.056124124506949036e+00 4.832698435835531825e-01
1.022703954005843130e+00 4.741511831717453163e-01
1.240332718332694650e+00 5.585147239870451585e-01
1.022492145138945485e+00 4.832876859136021608e-01
1.101868117928304747e+00 4.728741381595646942e-01
1.023790422715713966e+00 4.708315192607859245e-01
1.187291847173647996e+00 5.481068767421621857e-01
1.005958690324694205e+00 4.668399322526859407e-01
1.015715185912623886e+00 4.668713268641582204e-01
1.490598412793964433e+00 6.351220048584149680e-01
1.000880793984724182e+00 4.631364550924637058e-01
1.006009185830115227e+00 4.669404603567315348e-01
1.002464747855563498e+00 4.635145119310468687e-01
1.001224099192804751e+00 4.643807444404277618e-01
1.003663394853283375e+00 4.621881351410497274e-01
1.001239507197349443e+00 4.647122553493279185e-01
1.000936115986127861e+00 4.631516485833238050e-01
1.002258550687061378e+00 4.643836975630435404e-01
1.021299027830271156e+00 4.775303987574588405e-01
1.000579270946830190e+00 4.634361869012053603e-01
1.000020594040309962e+00 4.628826473703320232e-01
2.287773122579875196e+00 9.990891859108099737e-01
1.135733018856941001e+00 5.111372365469826207e-01
1.000276781190370112e+00 4.626613267134818130e-01
1.033870824113549469e+00 4.844901352343597978e-01
1.031551316843696497e+00 4.669834745615375482e-01
1.001270117949731864e+00 4.623516318751939025e-01
1.000279757815938808e+00 4.628242646922657855e-01
1.000458757430257251e+00 4.624613961911023807e-01
1.000054760330026049e+00 4.624412635822565676e-01
1.000143196724903483e+00 4.626592064394365877e-01
1.000007924995102604e+00 4.625984037919330660e-01
1.000004895265641514e+00 4.627159141918149032e-01
1.000006471126069219e+00 4.627857593657278557e-01
1.166775518440231529e+00 1.664379561010036923e+00
1.000001501061709597e+00 4.627200026155229295e-01
1.346871066914482773e+00 2.822755677577326594e-01
1.000134092801664210e+00 4.631811344565832655e-01
1.000303289541339291e+00 4.630047127295817688e-01
1.000001785124738252e+00 4.625270959397251858e-01
1.000005386975122645e+00 4.626257733454490761e-01
1.000006260696153504e+00 4.625237824711447843e-01
1.000024610165356931e+00 4.627009019356371766e-01
1.020487361600245446e+00 4.728095636349003428e-01
1.000002492470473570e+00 4.625669641748277883e-01
1.001576396267840119e+00 4.636357783658979770e-01
1.000000200170932052e+00 4.627545055915227579e-01
1.000000358573117420e+00 4.626404533200680902e-01
1.539632975982903051e+00 8.642073203904701018e-01
1.000000261656613709e+00 4.626219985189798933e-01
1.000000183476135396e+00 4.626053676518928626e-01
1.000000573673059501e+00 4.626070080683302166e-01
1.000001699022402768e+00 4.626536945678303425e-01
1.000008748725340624e+00 4.625886171539654868e-01
1.000004413857718877e+00 4.625499337155538626e-01
1.000000350952006789e+00 4.626227822772559506e-01
1.000000279031088901e+00 4.626442914611015311e-01
1.000000165478136527e+00 4.626294741173406777e-01
1.000003714253686171e+00 4.624476822375402918e-01
1.000000103588520206e+00 4.626061880415104355e-01
1.000006133960265275e+00 4.626209113967885145e-01
1.000002417653266029e+00 4.626073140909046089e-01
1.000030042411916620e+00 4.625860187943828805e-01
1.000043647640278310e+00 4.635901273616891416e-01
1.000843241997722455e+00 4.630955969057044541e-01
1.000008765405794309e+00 4.627929186191561683e-01
1.000002203991467109e+00 4.626002414068732804e-01
1.000664665126022479e+00 4.650318702392954862e-01
1.000007964041837116e+00 4.626894847845157699e-01
1.000001297146575707e+00 4.626344189101310178e-01
1.000381499238659488e+00 4.629227924587731025e-01
1.000433985963272265e+00 4.628213876023110629e-01
1.000191165801352922e+00 4.634198794041353153e-01
1.000000311887788706e+00 4.626141779667847231e-01
1.014975084817417050e+00 4.623416173838332810e-01
1.000126379323868386e+00 4.628378849836014552e-01
1.109264979879576618e+00 8.206777328181047437e-01
1.000000809663508905e+00 4.626410909624247836e-01
1.006208256711560445e+00 4.614276368744576473e-01
1.001189313846561291e+00 4.613147401457844410e-01
1.000249573139738279e+00 4.626564290801340462e-01
1.000003107540934133e+00 4.626269128671687270e-01
1.000001436265534283e+00 4.626901520698911696e-01
1.000016238861452855e+00 4.625612063250095218e-01
1.000089322216575871e+00 4.628782395043788966e-01
1.000226090590227823e+00 4.628387598275001125e-01
1.019471301362721904e+00 4.738825681953571234e-01
1.004035548355399987e+00 4.664509135585035438e-01
1.000011854693730884e+00 4.623925759383702427e-01
1.000019461811404886e+00 4.627800186145663019e-01
1.000005768238478421e+00 4.626349499906492468e-01
1.000001134509838074e+00 4.626110035824879674e-01
1.005712985235465373e+00 4.656797563172965226e-01
1.000235444819346231e+00 4.631265637070409724e-01
1.009604533229272683e+00 4.576616412811755907e-01
1.004022154570675340e+00 4.685153682826079802e-01
1.000012888918669240e+00 4.629426918255976631e-01
1.000578459818733945e+00 4.632369839412486812e-01
1.000171773324575408e+00 4.635907349603627381e-01
1.000203239588571158e+00 4.624248528750296572e-01
2.573481200638222166e+00 8.083317702641274138e+00
1.012141706021860266e+00 4.720842945811405400e-01
1.528614810241166522e+00 8.916778100783542271e-01
1.416397035443776931e+00 7.576968847139866625e-01
1.137783515009493041e+00 5.490609168341880064e-01
1.000334167663398555e+00 4.631269706648080131e-01
1.252654353997731063e+00 5.680067042053842385e-01
1.000000364627481986e+00 4.626192126003623173e-01
1.000023823326015693e+00 4.627549018193928276e-01
1.002166418392572256e+00 4.646358730342825538e-01
1.000877558913584320e+00 4.636230809706969325e-01
1.780124711944538030e+00 4.369561681953976873e+00
1.139666199567916038e+00 5.359088038178576596e-01
1.096253775261970542e+00 4.963439555164761430e-01
1.042985082784423145e+00 4.747393415072469480e-01
1.000004563309619510e+00 4.627505636155326840e-01
1.000421895416690576e+00 4.645198482488162028e-01
1.626327213725355936e+00 7.659215559841459964e+00
1.000118231020254100e+00 4.629368644791433951e-01
1.009480987591781620e+00 4.650390131847466080e-01
1.000048723131883976e+00 4.621220403856369785e-01
2.514539575657012804e+00 1.815093340165406133e+00
1.012054417170491050e+00 4.704960062230281181e-01
1.000023377544227543e+00 4.629261407478377777e-01
1.022024396162477089e+00 4.664885279091759429e-01
1.000000034308295538e+00 4.625672449652480367e-01
1.145750028437696244e+00 5.430684405319645691e-01
1.075618763570412861e+00 1.502856149774913774e-01
2.325791047354108798e+00 8.724512291544336051e+00
1.000113275521052447e+00 4.635286208177831213e-01
1.002770111701404288e+00 4.595930688369360695e-01
1.000002918854133060e+00 4.626509387451065436e-01
1.312039114485743507e+00 5.375497972641714028e-01
1.000000879032022061e+00 4.626147719046471707e-01
1.000000412150661377e+00 4.625918819445580255e-01
1.000000596840341593e+00 4.625883719635446312e-01
1.017329377094586151e+00 4.657891216529641554e-01
1.000109372209987413e+00 4.626980402652254298e-01
1.000257905150508941e+00 4.636538224054085333e-01
1.000076914890953850e+00 4.625937747605028960e-01
1.000000659302358486e+00 4.625906557773582506e-01
1.000000207354656556e+00 4.625854746026583086e-01
1.014240759654326585e+00 4.672038002515233046e-01
1.001568767891918732e+00 4.627235802876530357e-01
1.000047615441719051e+00 4.625524275186059242e-01
2.553312894011651402e+00 -1.536139994660334906e-01
1.054732204303845622e+00 4.969780154048137888e-01
1.281366519904177714e+00 -2.639688597127275216e+00
1.000001458574180102e+00 4.625716774505246320e-01
1.000003301834808012e+00 4.626730228807183209e-01
1.000000050470370772e+00 4.626344083043054667e-01
1.716056786646058541e+00 5.970406025441690190e-01
1.000029168004574309e+00 4.627346353829135950e-01
1.187460985464432905e+00 5.504127622063244019e-01
1.000005348379624959e+00 4.626357469077415629e-01
1.000011821033390147e+00 4.624682702716569338e-01
1.000000176886295833e+00 4.625693968691244606e-01
1.000003029166090851e+00 4.625480254922589296e-01
1.000000200812670936e+00 4.625891518423124182e-01
1.003312418316044674e+00 4.641536563836741180e-01
1.000266114808615603e+00 4.623647740132987849e-01
1.000829018042806107e+00 4.651122363464832432e-01
1.000000801314425924e+00 4.626062789897513738e-01
1.000000584489860511e+00 4.625861115969644999e-01
1.571109168969442527e+00 7.494119849740084049e-01
1.000126786624453201e+00 4.630336580362381937e-01
1.008016873638365674e+00 4.615997121881676435e-01
1.000020866333887648e+00 4.624647425763690478e-01
1.000029638215410799e+00 4.626872532650114778e-01
1.022900130839929256e+00 4.703796785003415692e-01
1.000000075023089963e+00 4.626166367814015246e-01
1.000000291690194443e+00 4.625929647457898142e-01
1.638782780282988405e+00 6.571358908461064630e-01
1.008351597632379804e+00 4.657315475609618005e-01
1.004657598393640106e+00 4.628703717016247055e-01
1.000856866163135850e+00 4.636269170369633486e-01
1.017112279343378445e+00 4.678318283265969768e-01
2.566409322256615333e+00 2.281162570018073765e+00
1.179120286539630413e+00 -2.364099839821002469e+00
1.000398276145044507e+00 4.623961652066199690e-01
1.000000118097393198e+00 4.625551011254618317e-01
1.000002025992505095e+00 4.625687507808518006e-01
1.051304349564656349e+00 4.843585191294348391e-01
1.000726805800171038e+00 4.623151002296470580e-01
1.000003188834039936e+00 4.625559923059814338e-01
1.007221422075137207e+00 4.668789499748395855e-01
1.000000579732165384e+00 4.625469313901540147e-01
1.007609737694574514e+00 4.691689922979591643e-01
1.000074852415993698e+00 4.637447799013880712e-01
2.364174960824666272e+00 8.685890918618106582e-01
1.000960274521891069e+00 4.641054540839206766e-01
1.000015577018677604e+00 4.626476707092024299e-01
1.032028036079998046e+00 4.719819861185232668e-01
2.156016491189108208e+00 2.540370631216562813e+00
1.354439922902011206e+00 6.171531864971626646e-01
1.044879206317313791e+00 4.739791536898945168e-01
1.303539558752850214e+00 3.080945321226966627e-01
1.744057185607102101e+00 6.857017227512596236e-01
1.043995542267071919e+00 4.799923826412761940e-01
1.001106519741098877e+00 4.637604061943836342e-01
1.000000027558124671e+00 4.626118321348577922e-01
1.006671569597767268e+00 4.631487277284396242e-01
1.000003468133993545e+00 4.616904700795938510e-01
1.000014645835255900e+00 4.626030602946133996e-01
2.052988930300548187e+00 3.764416962172944636e+00
1.670538389945784408e+00 5.655106283226089658e+00
1.099657843943469215e+00 4.934672457196906947e-01
1.000100490547588539e+00 4.628963200489764063e-01
1.000020356309789360e+00 4.625109973506855710e-01
1.000000340085739792e+00 4.626282693080625563e-01
1.000003342086049019e+00 4.625686921697216292e-01
1.000441831803213999e+00 4.619555618375805750e-01
1.664687247200268061e+00 4.967386435186533333e+00
1.000132849881758101e+00 4.628998269140289779e-01
1.000011877508824032e+00 4.625215773531188290e-01
1.000001155446660572e+00 4.626297970443982166e-01
1.000100674981551085e+00 4.625426570893473865e-01
1.024549766501903436e+00 4.808469744653258715e-01
1.000000861658182361e+00 4.626254470898398807e-01
1.003475892071179043e+00 4.663890136174089207e-01
1.000058036324681821e+00 4.621990647621707637e-01
1.002499265641438875e+00 4.646701760185685259e-01
1.447731777513079798e+00 6.367059885197239311e-01
1.000076385117143474e+00 4.619710916317725236e-01
2.164574874562776419e+00 1.913365428332138407e+00
1.110829926933842637e+00 1.466636249898636279e+00
1.064559951930590165e+00 4.811126959322180596e-01
1.011083291824792507e+00 4.660134408835858721e-01
1.000000599067325524e+00 4.626577051831990417e-01
1.000004553592008127e+00 4.626587526053231869e-01
1.190967578954479578e+00 1.165283959437847017e+00
1.540597036012027798e+00 8.312280866849182104e-01
1.000016067402420994e+00 4.626124486004616898e-01
1.000004870626343134e+00 4.625001069603360548e-01
1.000000064613408401e+00 4.626199892698945604e-01
1.005120540804043117e+00 4.630642549510000094e-01
1.009545862069888500e+00 4.694873472707481454e-01
1.418950490062338643e+00 8.886745895136574092e-01
1.273920138484832654e+00 5.688753801303132462e-01
1.000000739556224039e+00 4.626331422378715530e-01
1.000004570415677918e+00 4.627611921043257581e-01
2.035434312749376140e+00 7.621184201086670384e+00
1.000202707695168725e+00 4.626281191503327506e-01
1.002772263465513847e+00 4.613883674715140160e-01
1.759739662008859007e+00 1.114594000552164843e+00
1.000006634608692879e+00 4.624984864073518054e-01
2.000387867667516861e+00 7.137274079970289620e+00
1.004692212835046616e+00 4.609079141294607496e-01
1.000043161375981926e+00 4.625145554087968236e-01
1.000654634380840458e+00 4.605241864664932905e-01
1.409085491298049275e+00 2.936101314866235157e-01
1.003801547688758289e+00 4.649953828403763367e-01
1.000000063098093417e+00 4.625823523722516484e-01
1.000000078950632920e+00 4.626167291441412033e-01
1.000373041950219921e+00 4.626280048581268289e-01
1.000021038976998122e+00 4.625997349799622071e-01
1.416737516550188980e+00 2.492943657219024445e+00
1.004956120183782442e+00 4.648494867698165223e-01
1.003072767645354357e+00 4.641059068837769530e-01
1.793235824275712709e+00 -3.378656139142108827e-01
1.484689918991124680e+00 6.270871713990811003e-01
1.361255021384871311e+00 6.063082835261486281e-01
1.015814466389117543e+00 4.704678689389698576e-01
2.396539453207507275e+00 7.258329990211205285e-01
1.681567294955906178e+00 1.069487462113924536e+00
1.713613757468925192e+00 6.963323412570296966e-01
1.039129404223597675e+00 4.822498193714146453e-01
1.000002450064643389e+00 4.625183848927196806e-01
1.000290504348487763e+00 4.650657390553085690e-01
1.000141008711076029e+00 4.629284109837090710e-01
1.000024483799475394e+00 4.624827235011927939e-01
1.623275405324646314e+00 6.796804568043786077e-01
1.000000532587614899e+00 4.626421851640039051e-01
1.000001506852461031e+00 4.626558946718830612e-01
1.000173488213124795e+00 4.620045456352528390e-01
1.001822423127862294e+00 4.639323762656406558e-01
1.034264423988039860e+00 4.549526838630697512e-01
1.004575174322017928e+00 4.700679728131653690e-01
1.000067320722515918e+00 4.628366421131833164e-01
1.005564516899749572e+00 4.633254457056867892e-01
1.125223114751719988e+00 1.715880382897658762e+00
1.093278273787534172e+00 -9.697607390177736875e+00
1.000034415999980109e+00 4.625814922216378022e-01
1.000000206736830322e+00 4.626330329805465880e-01
1.000134849256334446e+00 4.628957577778471943e-01
1.001307063114036167e+00 5.516193031116589651e-01
1.000120004369106752e+00 4.624083404142194098e-01
1.000000111417834514e+00 4.626317440361660260e-01
1.000001800810961461e+00 4.626398732422831728e-01
1.000865121788421241e+00 4.626861594794018373e-01
1.032984829205281008e+00 4.819845435998573180e-01
1.037202034414558938e+00 4.738360662226526188e-01
1.000297924045824294e+00 4.627670203731621967e-01
1.000002500591002486e+00 4.628600678775978139e-01
1.214517783049794852e+00 5.464463190072859078e-01
2.565964860208392206e+00 3.540885631794953525e+00
1.172066544006358457e+00 9.392832316935571413e+00
1.004422706520077035e+00 4.749042786353641077e-01
1.252389712305350677e+00 5.612282028460491290e-01
2.186779024097992963e+00 8.467971878308375722e-01
1.327313148642731422e+00 5.162439566732102136e+00
1.000015750802363490e+00 4.628530323376338629e-01
1.192006139839576484e+00 7.086634395343427428e-01
1.507620311820153214e+00 6.860868150853587366e-01
1.005653055289470021e+00 4.702098954954720966e-01
1.000001516944710511e+00 4.626195911196635535e-01
1.000096388584748919e+00 4.626891180841443685e-01
1.462693225609505765e+00 1.482628862264441238e+00
1.000000377591484746e+00 4.626167826796319105e-01
1.112906712259797093e+00 5.110982389869764830e-01
1.000002434509837279e+00 4.625790159302223259e-01
1.185727644305823114e+00 5.267793615294955600e-01
1.000086210985163593e+00 4.622270760573243820e-01
1.000010812860137488e+00 4.625922166722489237e-01
1.000361273799388107e+00 4.653208892385496398e-01
1.000030579932839059e+00 4.626284206406285904e-01
1.000160824701005202e+00 4.623754638325312527e-01
1.037940233895548348e+00 4.988920536099108460e-01
2.257364633577003676e+00 1.149866862486177865e+00
1.174428915351958258e+00 5.881359863111168096e+00
1.169835591611500636e+00 5.114424725300796837e-01
1.030131860430386626e+00 4.203461777342614170e-01
1.542181035583319426e+00 7.197480666775746272e-01
1.000020523077774559e+00 4.622665905456262436e-01
1.000516645554972106e+00 4.629214534689545246e-01
1.390191285631330320e+00 5.016581805965003582e-01
1.000003505568029416e+00 4.625519752743105784e-01
1.125292997378336990e+00 5.043311214724770508e-01
1.000502468436711645e+00 4.622666645474655667e-01
1.000344704156497899e+00 4.627309981222076374e-01
1.012019878612804069e+00 4.658333220483115156e-01
1.164084235952593360e+00 5.917918309125287379e-01
1.000014574716785232e+00 4.620989364029277624e-01
1.000019783291331565e+00 4.626126764239959499e-01
1.019337704997111294e+00 4.597586980718038063e-01
1.013721847886170480e+00 4.664205953449265252e-01
1.000018526803845065e+00 4.624499421661507625e-01
1.000000241821836777e+00 4.626483992855359162e-01
1.000015734232157172e+00 4.630133224367778411e-01
1.426300971832329845e+00 6.181805800422868202e-01
1.000026203135276015e+00 4.627606854351551391e-01
1.001131474122809006e+00 4.652097948381168635e-01
1.002493030580746680e+00 4.637562937121213480e-01
1.000000691160095379e+00 4.626228649976500407e-01
2.008045066546933821e+00 8.022973213597488495e+00
1.000005496514068781e+00 4.625236766327756044e-01
1.006329343870087989e+00 4.572582120921033777e-01
1.000646492829336820e+00 4.662277046924181434e-01
1.363022863655556360e+00 5.471780668712504792e-01
1.000032694510159192e+00 4.627044411048348849e-01
1.000734985627161677e+00 4.633207442258591158e-01
1.000005485443908881e+00 4.626512494185988089e-01
1.070699823445945054e+00 4.991566463864156589e-01
1.034518082813343343e+00 8.927683095931300272e-01
2.079347326044384214e+00 6.327020019532817230e+00
1.122897744674006271e+00 5.062006068933335712e-01
1.000048751917403944e+00 4.625986777337480760e-01
1.009312442603559123e+00 4.665895455787811841e-01
1.002213316317199787e+00 4.618289359344682765e-01
1.000346670437109786e+00 4.628914897694755837e-01
1.000001424075854128e+00 4.626046922513165072e-01
1.002784097188435641e+00 4.639802958584748893e-01
1.000011470702697247e+00 4.625679844337735602e-01
1.002162920182468664e+00 4.608428382904268261e-01
1.000846239921389103e+00 4.626801677214800179e-01
1.718867807976645956e+00 7.130814743604894090e-01
1.000194144242494865e+00 4.631192357277313931e-01
1.472718866107860958e+00 6.608014797877856950e-01
1.202282018445086420e+00 1.340347461193175604e+00
1.155240030057008704e+00 4.574615461027828900e-01
2.526825095903153517e+00 3.122712630600537054e+00
1.000006797226157707e+00 4.626198684616191770e-01
1.046235100248186667e+00 4.844726014114950630e-01
1.000017768166297172e+00 4.626842903530317130e-01
1.165095161517088362e+00 5.490929966897848402e-01
1.006631858497747389e+00 4.594420896859876535e-01
1.161808766573189322e+00 5.568278103108692534e-01
1.000000297951505246e+00 4.625558747949671812e-01
1.000001148063457856e+00 4.626395870264570220e-01
1.000003211092576727e+00 4.626545754087985074e-01
1.000001920139886202e+00 4.625709233502970363e-01
1.000000265371344899e+00 4.626122913089965039e-01
1.001455463197448825e+00 4.636454994819700914e-01
1.004467606307284155e+00 4.662484465033891468e-01
1.000391438767121111e+00 4.628147660319896772e-01
1.000004659418002317e+00 4.625562178407651714e-01
1.000000975346087895e+00 4.626085766748424533e-01
1.000012038038127660e+00 4.626397169479776750e-01
1.208959603666113658e+00 5.525949275575712250e-01
1.000382787849354083e+00 4.623552271376603073e-01
1.114312712984774301e+00 5.147884486824896300e-01
1.094458243122034879e+00 1.057563887723310003e+00
1.001725300429102239e+00 4.652159266464277465e-01
1.000249473873864536e+00 4.620543958386882366e-01
1.000055037094829791e+00 4.620773003191782635e-01
1.000000182262098969e+00 4.626071493252013056e-01
2.088655557693488429e+00 8.137945384755003175e-01
2.150075742788757349e+00 8.374189331035406525e-01
1.000200826817875033e+00 4.632254989762696340e-01
1.000002814472533252e+00 4.627277440779522522e-01
1.125371067394835833e+00 5.125903578521846526e-01
1.000012032435725118e+00 4.625100267616364391e-01
1.000504094019610823e+00 4.624220871975914804e-01
1.000002248267219951e+00 4.626037952810388987e-01
1.010838140136919971e+00 4.676240687075807756e-01
1.009740306686398803e+00 4.642957420738174079e-01
1.000765189428146407e+00 4.624945055888147749e-01
1.000487789214950629e+00 4.698537124578727742e-01
1.718900427360793959e+00 9.987721740085113709e-01
1.000010793455389235e+00 4.625903366024033403e-01
1.029836025132110366e+00 4.635045718542194493e-01
1.000004393212028386e+00 4.625611926788906203e-01
1.000000109495770895e+00 4.625726424135248038e-01
1.000000104332117168e+00 4.626363843505441054e-01
1.711711067920169249e+00 6.795523486196959340e-01
1.096124979911816233e+00 4.929098607777184782e-01
1.002129420533882875e+00 4.616034854412287558e-01
1.665034344023832658e+00 7.585767342310845152e-01
1.491156931385996920e+00 6.501487043206104488e-01
1.000015535644049214e+00 4.626474645035330013e-01
1.000000278486186778e+00 4.626123826281247631e-01
1.001118996540326878e+00 4.643397136531515201e-01
1.000003595324007177e+00 4.626102624008723296e-01
1.000862725291840283e+00 4.635083017904282343e-01
1.000055611834951508e+00 4.631903677297426469e-01
1.005264818570383190e+00 4.635657248972364641e-01
1.282911259417902627e+00 -7.146104821126778361e+00
1.006568783221774455e+00 4.595686279580757372e-01
1.002498094545464236e+00 4.630614843139593262e-01
1.001173440880801069e+00 4.623948556813175514e-01
1.872607212474455940e+00 6.312053219705937579e-01
1.000000064500789376e+00 4.625878053854943772e-01
1.223410645880152581e+00 5.294286843793400976e-01
2.145109109974344896e+00 -4.276594808936923009e+00
1.000014917197715736e+00 4.615073543082033325e-01
2.400002036341498890e+00 8.982719300177617328e-01
1.300887179281315920e+00 5.972698244266076983e-01
1.000054245606581071e+00 4.620535237607548140e-01
1.003121943730818089e+00 4.620826959022537039e-01
1.000014688983503541e+00 4.624498986152261182e-01
1.000001605071610511e+00 4.625491441883209376e-01
1.008584630722433317e+00 4.572479871337087332e-01
1.000619051554215710e+00 4.633484087249328809e-01
1.000046516775596528e+00 4.625041586648990233e-01
1.000000063237522774e+00 4.626621294334132273e-01
1.000000401655912752e+00 4.625767832388749667e-01
1.000097354182751364e+00 4.628048283211025904e-01
1.000650354143283405e+00 4.631627769332986588e-01
1.000135013256707950e+00 4.611957527418386604e-01
1.506917472752526965e+00 1.841995914101179466e+00
1.108088985865452791e+00 5.074325871413432054e-01
1.041321518931391354e+00 4.882088344892210330e-01
1.005210325434933161e+00 4.597534203729800595e-01
2.429811329411140530e+00 9.169968303501860873e-01
1.006909709540436237e+00 4.711245186232577709e-01
1.033182845859567989e+00 4.902867766816054740e-01
1.000000762877538474e+00 4.626053118159330069e-01
1.000001647294154639e+00 4.625361215139864868e-01
1.000004043314788094e+00 4.625674188910107176e-01
1.000000249882153636e+00 4.626300330550154882e-01
1.065461769903456313e+00 4.937172492896682030e-01
1.000076714215470064e+00 4.626677946352923954e-01
1.000000158875530287e+00 4.625593939639713881e-01
1.006040330974572905e+00 4.652360919917093440e-01
1.008784901218774399e+00 4.680115494788612551e-01
1.000237337176903996e+00 4.630174792255417060e-01
1.123806590895775059e+00 5.019668035595437061e-01
1.001365337615609752e+00 4.599087084344208876e-01
1.391333921488686620e+00 6.512311898424218981e-01
1.394458357023737216e+00 7.371272164723574605e-01
2.311378906980380066e+00 1.648505305621251082e+00
1.467877746360385371e+00 -1.094976410079944174e-01
1.000000460738286190e+00 4.626048507040518842e-01
1.000427612112273934e+00 4.628340151062584340e-01
1.000019492889868022e+00 4.632072579543216051e-01
1.000019682157990086e+00 4.628262087630314880e-01
1.343344127835707003e+00 6.552487506703457143e-01
2.465878475907174572e+00 7.158769940636034335e+00
1.000000272583904559e+00 4.625866283183341920e-01
1.573494224468204195e+00 4.794511405421744143e-01
1.000040294316639766e+00 4.626213731088775205e-01
1.215132372062339483e+00 5.294704994603041115e-01
1.301888988654028356e+00 5.570010599325172507e-01
1.000109939565715589e+00 4.628716983494847170e-01
2.384684491757940616e+00 9.268064496681347464e-01
1.000006810756556508e+00 4.624585433269707835e-01
1.000002447028775387e+00 4.624795988631582588e-01
1.000017601836175274e+00 4.626897907692075762e-01
1.000440433510020544e+00 4.658305103115569779e-01
1.655118895695904424e+00 1.072700410744362287e+00
1.034582902560018836e+00 4.462925092211911249e-01
1.005268591502575859e+00 4.644267858829760343e-01
1.194693078994412572e+00 5.112041115099259514e-01
2.546680265963179313e+00 -3.572826268993893883e+00
1.000012094797690043e+00 4.627109100529320784e-01
1.001361753939058907e+00 4.630743271374733183e-01
1.437342982065922481e+00 5.718328730761115253e-01
1.219481434591482616e+00 5.379207586543124364e-01
1.000000063317291188e+00 4.626175435265444946e-01
1.000118792641925269e+00 4.639190710409888396e-01
1.031455607522860696e+00 4.764289210500631810e-01
1.000000868450044322e+00 4.626066035554181610e-01
1.000008911342173956e+00 4.626924613626570704e-01
1.000012195847008512e+00 4.626283481343289594e-01
1.000088155405992607e+00 4.629404272632253736e-01
1.000206346118037271e+00 4.616938429036387959e-01
1.521778666795181367e+00 4.303677010556580029e+00
1.000847973422465120e+00 4.626282474809801926e-01
1.626881340529210629e+00 4.266558277950277756e+00
1.000000781420784080e+00 4.625723707189575151e-01
1.000000038167638383e+00 4.626321028344424491e-01
1.000000164426108507e+00 4.626072462312293965e-01
1.000061371035351865e+00 4.623850315983961679e-01
1.000997950732154029e+00 4.640889975916469012e-01
1.000000747139441204e+00 4.625976677136698356e-01
1.000003713191609300e+00 4.625185600741090752e-01
2.715972590333854519e+00 9.790364252381280608e-01
1.000228453052827815e+00 4.625322867937651239e-01
1.002259304175876053e+00 4.588168777417163113e-01
1.000404830047186611e+00 4.632881309651946111e-01
1.000049811496703578e+00 4.626751793123560219e-01
1.000010747147387802e+00 4.626719579372018387e-01
1.002364877332974746e+00 4.643740205893909234e-01
1.000005810249634530e+00 4.626551241048133534e-01
1.016955060347114026e+00 4.682232855230630264e-01
1.000000186233958255e+00 4.626581207946713903e-01
1.000002680427244606e+00 4.626457363682927593e-01
1.000010898543617799e+00 4.626457723257679788e-01
1.000082719829384237e+00 4.629466453824022665e-01
1.000000447122039171e+00 4.626219059540446210e-01
1.000023621575427679e+00 4.625486946329608884e-01
1.000138231185609516e+00 4.625121881874800778e-01
1.899708998428517148e+00 7.678794262659724978e-01
1.000002932390872346e+00 4.626005627408815712e-01
1.000000091688401982e+00 4.625934279354275702e-01
1.005635059672815856e+00 4.676542012941542481e-01
1.000010681643445309e+00 4.625489200595982453e-01
1.121965706716123279e+00 5.173581488152603214e-01
1.000002557333163677e+00 4.625721088724823460e-01
2.132759970460661680e+00 2.758118173203946810e+00
1.000367038046931167e+00 4.630103586815579320e-01
1.000939034493386171e+00 4.624321012716414714e-01
1.000000173680642757e+00 4.625750425349739459e-01
1.000009449229086522e+00 4.620812786246926152e-01
1.000511818383343687e+00 4.623033325758516554e-01
1.000008136719694241e+00 4.625389104402390927e-01
1.008848587796178142e+00 4.588208359484440280e-01
1.000000741469002641e+00 4.625620717991054676e-01
1.000003817500376480e+00 4.624685909537724626e-01
1.000943805338724735e+00 4.617062144590384776e-01
1.810310304243626822e+00 -1.412335447875909367e+00
1.000000010391415728e+00 4.626403567406409678e-01
1.131169080274408989e+00 9.277454547430821208e-01
1.093317616751442456e+00 4.996028794079627744e-01
1.138003565882860224e+00 5.162107392817691931e-01
1.341287484438969058e+00 8.719801876230590665e-01
2.311630138555920144e+00 9.805910481317372529e-01
1.157837576234646448e+00 5.646877475321971929e-01
1.643265013298015775e+00 1.898864875105914507e-01
1.824077301018110164e+00 8.543244529600045212e+00
1.001517625382232879e+00 4.620936309659402497e-01
1.000099047486629145e+00 4.619331098763304055e-01
1.000011264493953611e+00 4.625596596024159624e-01
1.022031680684167165e+00 4.795965268618189725e-01
1.000977182487613915e+00 4.640102791176587971e-01
1.001130247795380734e+00 4.623806536645869159e-01
1.000071953691294757e+00 4.635145850656705591e-01
1.453242461089567783e+00 6.326300464557785830e-01
1.041913135946603175e+00 4.839479611232206935e-01
1.000059766022568075e+00 4.622683672854730474e-01
1.000209011761116429e+00 4.628584320537552088e-01
1.000010302464345635e+00 4.625854580493680146e-01
1.000175164284347717e+00 4.625734478816276862e-01
1.000020743258824174e+00 4.626575638249619260e-01
1.000003594014386321e+00 4.626224469596174060e-01
1.000041109506550008e+00 4.626578735554236488e-01
1.023437730497292586e+00 4.713601255932040601e-01
1.014192030224744245e+00 4.603997677093030205e-01
2.464899930348915191e+00 3.141881805404526773e+00
1.361655348687392797e+00 7.348404359042870482e-01
1.770695363795790289e+00 4.849952014797356270e-01
1.182643609047080435e+00 5.449435453505575566e-01
1.000002848065310035e+00 4.626167506067684343e-01
1.000000406404529807e+00 4.626783412814532426e-01
1.014649571614510970e+00 4.641706419008428952e-01
1.000230725100130558e+00 4.575068492402785125e-01
2.060681452891339305e+00 7.298919327693180747e-01
1.988571151770871515e+00 7.587370957352597145e-01
2.284686764463952802e+00 9.225497687488957155e-01
1.000000073130010936e+00 4.626011599623414128e-01
1.000002391298663307e+00 4.626362038919786812e-01
1.000034590858580374e+00 4.629105723152022733e-01
1.000000476416737172e+00 4.625594162729633751e-01
1.000147342879889267e+00 4.631913298698631110e-01
1.000000748527599015e+00 4.626011866140729012e-01
1.000001734736859493e+00 4.625482545989676453e-01
1.000063341846426423e+00 4.627164839548498776e-01
1.000151675909159099e+00 4.630683931025245670e-01
1.000026428447862159e+00 4.623926192917728883e-01
1.000004257582703060e+00 4.625263479172811998e-01
2.614429274036619066e+00 1.851182993662128240e+00
1.000107297893056080e+00 4.625685379844952649e-01
2.215983545137118593e+00 5.127579716854452130e+00
1.000267815552349004e+00 4.626787190147734208e-01
1.992289784136440201e+00 7.389186119655590801e-01
1.037608214746846613e+00 4.773448759662226593e-01
1.756086016647539383e+00 5.498352565090891986e+00
1.000209633018363409e+00 4.633491523205304219e-01
1.000001623293288677e+00 4.625973146920632217e-01
1.008138047728305509e+00 4.689185068548482604e-01
1.000067291372253697e+00 4.636131776505791890e-01
1.000006818698689237e+00 4.627125308243478230e-01
2.276843898105053832e+00 2.497955213241171535e+00
1.035369700888051137e+00 4.900734484538311619e-01
1.920245445850290444e+00 7.293953006342057677e-01
1.288062450548470350e+00 4.750239135001201873e-01
1.081912943653344561e+00 4.981696356264890824e-01
1.000238129429272149e+00 4.632075277392928569e-01
1.022329044020752642e+00 4.529069762670445698e-01
1.000126186801101769e+00 4.610207579054055316e-01
1.000008516151556615e+00 4.625933133140698317e-01
1.034257034713907286e+00 4.809674003761976735e-01
1.000002450133828047e+00 4.626224070081903506e-01
2.671425803174973801e+00 7.944829601307130673e-01
2.416107114370831255e+00 1.946650018048764252e+00
1.166946067826525324e+00 5.196812519380689110e-01
1.000000092245855177e+00 4.625838411540499351e-01
1.000000217669779090e+00 4.625735920389111300e-01
1.000000080509026334e+00 4.626035419470859722e-01
1.000001340276154282e+00 4.626291485484710364e-01
1.000063467837384756e+00 4.624893509429437444e-01
1.058340882632791580e+00 4.838271188766771758e-01
1.074387437299549219e+00 4.874773436709940455e-01
1.066759359969566168e+00 4.864151151826039410e-01
1.000000213473612565e+00 4.626276308629080347e-01
1.010074313015418834e+00 4.658782081964396582e-01
2.428316516875093090e+00 1.765348018277487441e+00
1.000116624023982048e+00 4.626503949180680308e-01
1.000003670168982284e+00 4.625568187439910162e-01
1.987335581704308574e+00 7.599505267561195154e-01
1.000003118717758932e+00 4.626123506917600992e-01
1.010585706146703622e+00 4.759217488701708021e-01
1.006629105622498521e+00 4.761006739346207439e-01
1.131953139999187341e+00 5.341331360712313625e-01
1.003793338880414776e+00 4.733220694277502361e-01
1.054423195164311489e+00 4.802039757028957467e-01
1.000001082197336633e+00 4.626266528642286602e-01
1.005226805783453026e+00 4.696471682236396106e-01
1.000000867038859154e+00 4.625753258537397272e-01
1.000000097544187616e+00 4.626404747469052836e-01
1.000174117020231845e+00 4.620807751074007541e-01
1.000009327947148474e+00 4.627460472026800886e-01
1.208939812141437420e+00 6.214032050967688292e-01
1.000001329379373027e+00 4.625935038980681924e-01
2.006758331223704062e+00 9.334740250174775156e+00
2.661216726651073117e+00 9.543103286444001299e-01
1.000031467648890393e+00 4.626278035170585667e-01
1.000034872492169713e+00 4.638966968804396629e-01
1.000000002233784491e+00 4.625698535455686766e-01
1.000003096173993855e+00 4.625470221245340241e-01
1.001428364024236739e+00 4.625743665445405384e-01
1.751883392485895863e+00 7.169522701225137240e-01
1.000000465728045684e+00 4.625986340152170584e-01
1.000001300611542243e+00 4.618142978040786772e-01
1.160571326530141611e+00 7.075285595064322308e-01
1.170321109262677739e+00 4.871695895181318292e-01
1.000522510854192193e+00 4.629953879691584007e-01
1.000670507765848871e+00 4.649178597892511533e-01
1.000004041582420733e+00 4.626380379123897768e-01
1.000078113541315261e+00 4.629628733379149708e-01
1.002976133049950480e+00 4.666793116658300988e-01
1.000003115996088265e+00 4.626230733820904106e-01
1.000000295610460332e+00 4.625982272650226435e-01
1.734507821170865105e+00 4.239130979326283466e+00
1.011398980346664755e+00 4.703352883083411484e-01
1.000028707762234736e+00 4.628396212661929354e-01
1.000008991912008094e+00 4.626705672723794294e-01
2.036880817225311890e+00 7.489311875702870935e-01
1.000001240218902465e+00 4.626406073816600184e-01
1.074196651228735533e+00 5.602952804251444263e-01
1.000384945183835361e+00 4.624563119895217511e-01
1.000599636858441999e+00 4.622448214224128549e-01
1.000045414476774308e+00 4.624238948971051144e-01
1.000001951197214467e+00 4.626295513847722418e-01
1.000099867076565285e+00 4.625758605392729095e-01
1.000000286733400356e+00 4.626349242029252906e-01
1.000027338254946274e+00 4.628955338011486731e-01
1.000000949771486791e+00 4.626164521110300853e-01
1.000000635633227164e+00 4.626544806705386037e-01
1.221122965423335094e+00 5.476742253266131399e-01
1.000001641510913419e+00 4.625822661808918213e-01
1.000430330756170161e+00 4.623891057149123185e-01
1.315951797842990656e+00 5.573341226157833006e-01
1.000001734715066259e+00 4.625981542250965362e-01
1.480326108466676338e+00 8.800353568928986903e-01
1.470916598303662948e+00 6.462670698738559594e-01
1.797968699295652062e+00 7.038450594093426105e-01
1.000056818992001162e+00 4.622287602880454926e-01
1.000004124298091490e+00 4.626887384635001155e-01
1.100382294780577253e+00 5.049594732956617094e-01
1.937976889750383513e+00 3.869931044570940060e-01
1.000000248527533220e+00 4.626312209868022052e-01
1.003441995011957744e+00 4.669261289920179081e-01
1.095897290829960014e+00 5.011712292141226044e-01
1.000000362480193639e+00 4.626130235681777947e-01
1.000011408913700217e+00 4.625236326755644001e-01
1.001738390978278659e+00 4.506681393488847220e-01
1.000163608749804034e+00 4.628645378452613812e-01
1.000000127428124719e+00 4.626298415712977175e-01
1.046760103882110604e+00 4.816793422183014428e-01
1.000005255987235664e+00 4.626346313435032442e-01
1.548146801009112394e+00 6.407690738101621264e-01
1.000005951768805579e+00 4.626729429208431554e-01
1.074054651134734861e+00 4.983830090042609129e-01
1.003406382607527902e+00 4.597960506156297811e-01
1.237899362287932847e+00 8.003039032750098869e-01
1.000000552197968462e+00 4.625840962819793845e-01
1.000003475993726854e+00 4.625922958807731078e-01
1.000276275353298772e+00 4.624582193218671478e-01
1.000905523301253597e+00 4.626942191388909720e-01
1.000000868096202922e+00 4.626297533008472129e-01
1.032045591336861357e+00 4.755007452085102670e-01
1.204506303860376049e+00 5.490274539415640476e-01
1.837102748101279159e+00 2.284784953574266808e+00
1.010470976998256276e+00 4.694812118757809571e-01
1.016223088695750176e+00 4.734144342446438003e-01
1.041222606214305069e+00 5.004856511788382534e-01
1.005296396687674010e+00 4.658206847548154173e-01
1.000000053951889623e+00 4.626601057935744166e-01
1.012622676998045534e+00 4.780807635841277659e-01
1.000005311906452032e+00 4.626179001531856017e-01
1.000001739753390684e+00 4.625815637346271103e-01
1.000248503355582796e+00 4.610717776337605045e-01
2.558995745203183514e+00 1.211712580659854765e+00
1.000000212417235135e+00 4.626147468125694218e-01
1.000013012900995424e+00 4.626644146008107583e-01
1.003667237073761376e+00 4.640858293048175653e-01
1.000000066218143857e+00 4.625912240853704560e-01
1.000012308890209534e+00 4.624697591849038503e-01
1.000001875471550283e+00 4.626701206846863812e-01
1.000003373482393432e+00 4.626259554478036051e-01
1.052563340798833735e+00 4.738296992985926437e-01
1.011833884809459905e+00 4.651074130981385224e-01
1.399256425378857971e+00 8.244505648176119195e-01
1.007543917397553113e+00 4.671933692402703286e-01
2.116219186446186118e+00 6.704099817177766596e-01
1.380193688818608821e+00 6.730286829506262336e-01
1.000093107401067050e+00 4.623934161672504928e-01
1.003334125662600496e+00 4.677415786586998081e-01
1.000067435643058555e+00 4.627983095838601457e-01
1.101586840908759468e+00 5.026591632423507150e-01
1.833770980662967398e+00 7.501000594615447881e-01
1.552913460117322231e+00 4.527269760384728059e+00
1.335104270347399646e+00 5.670248080007134206e-01
1.083289546906666345e+00 4.398006039296831204e-01
1.970205351180049247e+00 7.982405632237075110e-01
1.936026587049536118e+00 1.045473080084150297e+00
1.010942062217874193e+00 4.700965218840593707e-01
1.000000193897364831e+00 4.626123226520597598e-01
1.000017770182770382e+00 4.626057369219989113e-01
2.666576455365984533e+00 9.968912195576908886e-01
1.000000355525317630e+00 4.626143445715538149e-01
1.027827094651069917e+00 4.718067919763822005e-01
1.000062409267223007e+00 4.627478805349394264e-01
1.000031362936646184e+00 4.623042759081847919e-01
2.084993262131434655e+00 -6.228012347057429565e+00
1.000003226950749502e+00 4.626192529515478213e-01
1.000033853040186216e+00 4.626601112862971377e-01
1.000065858168200261e+00 4.627086866615197636e-01
1.005923725455050377e+00 4.647691425134148346e-01
1.267594414805676806e+00 4.995493017322871765e-01
1.205808370055095891e+00 1.101832144961605309e+00
1.050601034761531549e+00 2.027785831179862441e-01
1.000000630628628873e+00 4.625898449803056423e-01
1.040950737967570205e+00 4.810307202618400169e-01
1.000000820379025379e+00 4.626329650502540858e-01
1.000003614495697857e+00 4.626093587699280363e-01
1.000002731957589264e+00 4.626127962318857811e-01
1.000038902244302585e+00 4.627510851477847353e-01
1.000776626696600280e+00 4.633013776790200211e-01
1.000024889062934408e+00 4.627269520214838394e-01
1.000000324116414374e+00 4.627189141192218358e-01
1.000001636027908258e+00 4.625140498782496223e-01
1.354452881713811285e+00 7.741508708255224747e-01
1.000163957207972132e+00 4.624658765699258822e-01
1.000008750101530675e+00 4.625958477378411260e-01
1.111544813197079318e+00 5.261096520149184386e-01
1.002376939655313048e+00 4.629994929970369100e-01
1.000017075877889017e+00 4.638510943531866104e-01
1.057084892438731050e+00 5.006133277020570205e-01
1.000002301820280382e+00 4.626226780717122011e-01
1.000000260853473710e+00 4.625904542669090347e-01
1.000374304281561155e+00 4.642005972008718118e-01
1.278576335147619591e+00 2.354233522579427529e+00
1.000000291145034526e+00 4.626137934371161720e-01
1.000084652222685389e+00 4.625617721739416766e-01
1.005272073843305192e+00 4.687986376066906047e-01
1.001120224416954585e+00 4.625957217748588590e-01
1.000014696683859006e+00 4.624806249514090695e-01
1.104705112581143123e+00 5.088474763202039952e-01
1.000000253338460210e+00 4.626277605625137568e-01
1.301530733088606784e+00 3.385320526681994124e-01
1.076313080994436344e+00 4.961818688695007751e-01
1.014513969428533224e+00 4.651556878029250441e-01
1.000000101546262066e+00 4.626430994557502174e-01
1.000001585867833942e+00 4.625636543032243253e-01
1.858794647757503027e+00 2.745868628959044599e+00
1.132555667333727367e+00 5.185557290196740610e-01
1.161957855924609095e+00 2.074035607319828500e+00
1.369328142830798178e+00 4.341577377472685129e-01
1.007996891163072561e+00 4.706838864925213528e-01
1.000057948394568186e+00 4.627263608376317450e-01
1.000000495219405927e+00 4.626079105256231117e-01
1.000002697330723889e+00 4.625857178762373678e-01
1.000169314485217509e+00 4.631952372093142145e-01
1.000000602078755296e+00 4.626191953497311715e-01
1.096414807141869341e+00 4.864933093035848088e-01
1.627250378689605981e+00 1.075523986312555635e+00
2.029256211199679250e+00 -4.276569524506045994e+00
2.268752181894277520e+00 1.292216805652515177e+00
1.397948464594021667e+00 6.230301362374017771e-01
1.320780678083459669e+00 5.965818445924568891e-01
1.265242241138801127e+00 5.800616960526134847e-01
1.023736522822320749e+00 4.720877861785144347e-01
2.653640984057895391e+00 -6.607335877834338511e+00
1.116575143075082321e+00 5.111550519570062789e-01
1.013400161200951555e+00 4.687474321108666686e-01
1.033199454465777434e+00 4.772513022718722908e-01
1.000016376220060010e+00 4.625296897075283908e-01
1.000542974956226017e+00 4.630264466028055637e-01
1.000000280397206343e+00 4.626200216694993372e-01
1.000000270222588972e+00 4.626350181987302079e-01
1.013701134331322251e+00 4.701407913189701304e-01
1.000064442066192161e+00 4.627348270324205259e-01
1.000052180463306462e+00 4.626837609649037120e-01
1.000124962851445476e+00 4.623632295659536595e-01
1.836350316002564709e+00 7.137514529757122972e-01
1.954955909778891998e+00 1.075686294660918918e+00
1.041966414078914216e+00 4.842349947330983895e-01
1.000047815536249329e+00 4.639823760999011171e-01
1.000038568173081233e+00 4.626581328950400973e-01
1.000001173041799918e+00 4.626637162676345838e-01
1.112718014961180613e+00 5.233160763693724959e-01
1.258761389922749441e+00 5.997338954682831513e-01
1.000000164839601302e+00 4.626084593520278787e-01
1.000022378554750624e+00 4.625683392303816532e-01
1.000027229333487977e+00 4.626062554033829599e-01
2.553328613178806439e+00 9.529446068832445604e-01
1.000060147969042967e+00 4.626091606695545977e-01
2.331442335376390229e+00 6.495383213120142329e+00
1.067918195286601923e+00 4.196411423084160930e-01
2.564777854430916548e+00 8.803355981939287034e-01
1.001914412731534920e+00 4.656610643561780449e-01
1.008114431503610353e+00 4.628455438933301025e-01
1.000060143633846987e+00 4.628443303137395048e-01
1.000008165873072619e+00 4.626488197023643778e-01
1.000000377257859174e+00 4.626104894085898422e-01
1.000005524881512287e+00 4.628080246728849545e-01
1.283681581174857644e+00 3.808505533276509425e-01
1.001223617953417078e+00 4.612513477539348372e-01
1.000093473215330819e+00 4.642597943648834047e-01
1.102167199488294225e+00 5.238760755245071010e-01
1.016011620697967022e+00 4.697133548650604951e-01
1.000002960277875053e+00 4.625970937719490195e-01
1.009199370027721976e+00 1.864499426840907859e+00
1.000009237708974874e+00 4.627267757910598078e-01
1.053563750398835985e+00 4.983215768064539475e-01
2.346690866222193250e+00 6.071381168712022713e+00
1.006242255789735029e+00 4.679537174622705464e-01
1.129934856920831177e+00 5.551214628776044435e-01
1.019383565564994321e+00 4.845744460083096783e-01
1.040616499592130983e+00 4.790122822793723145e-01
1.000006900294800660e+00 4.627326928636090742e-01
1.000047466756852188e+00 4.628792108738739586e-01
1.000005325330117545e+00 4.627251568097427992e-01
1.124552641826918498e+00 -6.751677905440975458e+00
2.252368562033303157e+00 9.133249756784831419e-01
1.000004934635347675e+00 4.629254456731306533e-01
1.000011329409589589e+00 4.624668239833216177e-01
1.000000215799305314e+00 4.625729575600665555e-01
1.000082565061750861e+00 4.626943768281073233e-01
1.028096182229500721e+00 4.746672405043916854e-01
1.000000367058324180e+00 4.626219299082148240e-01
1.005606099857431879e+00 4.686319130060372373e-01
1.000000256983239133e+00 4.626253833968849705e-01
2.155150389106925246e+00 6.689764404873876913e-01
1.005480416279311395e+00 4.609082307241312293e-01
1.000068970624230724e+00 4.626412791497624966e-01
1.370860660155205801e+00 6.294020925227172825e-01
1.000002008100504769e+00 4.626819893017053431e-01
1.927197357038044956e+00 2.727550446625389924e+00
1.000080155405538296e+00 4.623994383166643019e-01
1.040789693491447121e+00 5.180478461101873933e-01
1.000017789529875412e+00 4.626272513564853028e-01
1.000006159967832708e+00 4.627025596158507170e-01
1.000000103248819272e+00 4.625737871435848803e-01
1.000000296461745153e+00 4.626101841114209634e-01
1.000939278629811691e+00 4.614203418021300962e-01
1.000089941382516834e+00 4.636078021009808481e-01
1.001056077599889793e+00 4.612933802390823956e-01
1.000911093536120511e+00 4.630590900615914052e-01
1.013410382115020658e+00 4.685817591779883884e-01
1.078110138211105795e+00 4.240952887420306183e-01
1.000000139505439867e+00 4.626182763917796592e-01
1.000002636231582143e+00 4.625888490907037465e-01
1.909517966518703647e+00 1.078743519292036268e+00
1.769082528881265493e+00 1.617137628485940226e+00
1.119504780346684436e+00 1.069025992269382996e+00
1.000105763314129925e+00 4.624795085648738535e-01
1.000064169911377698e+00 4.618138943281984155e-01
1.002335523641218584e+00 4.637328608321755752e-01
1.000117077296568402e+00 4.631916165219482906e-01
1.000185582235131321e+00 4.634953879690080214e-01
2.164422081912301010e+00 7.304202438463711644e-01
1.000125629175103059e+00 4.627013261609107531e-01
1.000027861089508807e+00 4.626534879748991358e-01
1.000002959883847797e+00 4.625640149386907041e-01
1.001127293298733623e+00 4.629871920898214199e-01
2.008428450908332330e+00 7.557771674521909233e-01
1.017752909087166646e+00 4.502845872302021490e-01
1.163822280890212113e+00 5.208290777476598521e-01
1.000145423064549677e+00 4.618335880114070591e-01
1.007494045081522849e+00 4.685972849802979567e-01
1.884891926235305881e+00 7.263848478240912954e-01
1.000008356086814043e+00 4.625492490076723584e-01
1.000032083865288524e+00 4.627904818225445638e-01
1.000002234328124073e+00 4.626016917177686594e-01
1.688080803202473890e+00 7.195944828271230165e-01
1.000000173836578021e+00 4.625885048003191002e-01
1.444118346835430833e+00 2.530430440477356768e+00
1.001589452814188874e+00 4.637638585168417649e-01
1.070949249576087947e+00 5.099925621860297298e-01
1.000185544026211959e+00 4.630516591121498493e-01
2.026129691200134086e+00 6.475045618857500074e-01
1.278654347999802932e+00 1.245297446536495656e+00
1.106215563203544194e+00 5.039146634925621981e-01
1.022045949059149583e+00 4.720627233309411253e-01
2.657602613868637498e+00 8.975612996885580230e-01
1.428413416432209981e+00 6.493992944731914463e-01
1.000186397840784336e+00 4.621443616152340894e-01
1.000042018862220328e+00 4.627084195609292294e-01
1.050921978293159365e+00 4.915733739074124031e-01
1.000762124012048560e+00 4.624883293653514471e-01
1.000000598994159384e+00 4.625874387910435814e-01
1.000000139128981669e+00 4.626151954522725873e-01
1.000000889796960113e+00 4.625951304081326043e-01
1.109479308998186253e+00 6.463891734024777236e+00
1.000042151089646003e+00 4.624389320944004567e-01
1.006604314544428780e+00 4.654617884646796711e-01
1.000131096165395750e+00 4.634573631547809214e-01
1.096287294040158233e+00 5.053932849836026975e-01
1.778917689725179940e+00 1.767329158282922918e+00
1.001379466362116277e+00 4.623632485402175973e-01
1.011481869365666197e+00 4.750245288676957500e-01
1.000809639841778953e+00 4.627009429804900265e-01
1.335442311790818071e+00 2.261398322718397580e+00
1.000000049377990363e+00 4.625974952068343526e-01
1.000933334260883711e+00 4.629057906921456578e-01
1.000000331003236376e+00 4.625791200818731852e-01
1.003450975714491156e+00 4.627466010325935741e-01
1.015802570819623440e+00 4.610682768050367031e-01
1.309648007312228080e+00 5.944760358163225789e-01
1.673730925668890812e+00 5.169526107154517547e+00
1.000001223083705204e+00 4.626507088305800153e-01
1.533636493781979304e+00 6.455950771713272474e-01
1.000007480995291909e+00 4.626452536217069422e-01
1.000000490692953825e+00 4.626112626370186831e-01
1.000764852608494460e+00 1.936429902612353260e-01
1.071183485588157014e+00 4.901254343529775070e-01
1.006465591031660889e+00 4.653753522877597248e-01
1.000003184819346913e+00 4.626972196181959873e-01
1.023514334448602403e+00 4.712296853299022814e-01
1.000094012572680269e+00 4.630291681270950477e-01
2.281075695754614330e+00 2.703320080006463400e+00
1.000120455665084451e+00 4.627643428545482607e-01
