# level_assignment log_likelihood tiebreaker ID
0 -1.985692178248400451e+05 3.798980599434820249e-02 2
2 -5.293535197967888962e+03 6.483273854716571361e-01 0
0 -5.211021443526469739e+03 3.674368400658458711e-01 2
3 -2.151287866342710004e+03 8.327009653849828386e-01 1
2 -2.460150480935513770e+03 4.535227856196811236e-01 2
3 -9.306689630314610895e+01 2.060287906082152176e-01 0
1 -5.124892080084452755e+04 3.163552916721156238e-01 4
2 -3.427457749119628716e+03 3.325362513040654444e-01 3
4 -1.727256788976103735e+03 1.343927823895550433e-01 4
1 -3.779385812266919675e+04 8.641686650832354211e-01 4
1 -3.618943840009463020e+04 1.275663962469679724e-01 0
2 -1.486188591398288281e+03 5.113819001044016960e-02 4
6 6.794920938795887650e+02 3.539049692370414002e-01 4
1 -2.206180528262528605e+04 6.475331687771805900e-01 1
3 -1.213958074536235472e+03 4.150142937782116404e-01 3
1 -2.655738453329529148e+04 1.401912499754587316e-02 4
4 -1.634535395882629928e+03 2.170732376592754698e-01 0
7 7.281592960397098295e+02 5.963540853799681463e-01 1
0 -2.025676410076503453e+04 6.721946415184075763e-01 3
4 -1.726930295765631627e+03 6.114224933752844260e-01 4
3 -7.379749111984257297e+02 6.614459623414570277e-01 2
8 6.828160876621209354e+02 6.476023024870894429e-02 2
4 -6.309666621088040301e+02 3.614939259567833130e-01 3
7 5.211894436439476976e+02 6.366570286899886355e-02 2
8 7.219210550357197462e+02 2.780347209224522942e-01 2
8 6.318232685931546939e+02 9.094768442065473968e-01 0
10 7.570284131954149416e+02 1.087830933241482612e-01 0
4 3.932115685110940149e+02 7.352754100078614519e-01 1
11 7.541473351951706263e+02 5.303563511456794721e-01 0
11 7.790836912163919123e+02 9.720271847919076391e-01 2
10 7.310545973672140008e+02 3.883666205036937491e-01 4
3 -6.091364826437799138e+02 2.139661692551145245e-01 1
12 7.691105181717791766e+02 9.685455352836347398e-02 3
8 6.417851137131312953e+02 4.501648015460770202e-01 4
8 5.597229858971270460e+02 5.847148011192001560e-01 4
13 7.727786917654518675e+02 5.833215675639044084e-01 0
11 7.590284566550060390e+02 1.497587080481199706e-02 3
13 7.745262517377054792e+02 8.046568094275561300e-01 0
12 7.704324984249215049e+02 5.160750492858994232e-01 0
10 7.446092739157190863e+02 5.441107131409977926e-01 4
13 7.706127303399240418e+02 2.930387089369927422e-01 2
10 7.318355644636651505e+02 4.584424170122058939e-01 3
4 -1.370220811457907985e+03 4.599368018997660457e-01 4
14 7.784732776231418256e+02 5.522548725990742424e-01 0
8 6.396323983727290852e+02 9.195507462523283548e-01 3
14 7.774249068018046955e+02 3.092510006067547002e-01 0
7 3.442232881773961708e+02 1.605561201014682471e-02 3
5 -2.936880909349058015e+02 7.345038826815500910e-01 3
11 7.678559672620540368e+02 8.605122546165214770e-01 1
16 7.794072888713639031e+02 6.926665831684917229e-01 0
9 7.139337550445372926e+02 1.258106166681638716e-01 3
7 6.350982861085303739e+02 9.282287420050860938e-01 4
12 7.641005955755560990e+02 7.211261861283825292e-01 0
11 7.759637309446233076e+02 1.190975282901924892e-01 1
1 -9.344184908278184594e+03 8.211221181654195789e-01 4
14 7.760625772237475530e+02 5.984942095263606765e-01 1
15 7.781767919489191172e+02 2.760156933882504937e-01 0
7 4.958080173228775038e+02 8.133082815555623402e-01 3
16 7.797081089959231122e+02 5.463807159136349068e-01 0
15 7.791745785673517730e+02 3.041009147122475387e-01 0
13 7.713924542903442898e+02 1.682426012537862614e-01 1
13 7.707524894937459976e+02 1.139166135036475680e-01 1
7 5.208242252349016326e+02 5.947239363988088279e-02 3
15 7.785742619950815424e+02 3.683124329606591307e-01 0
11 7.713759216470508591e+02 8.862900182918143077e-01 0
7 7.222789951219560862e+02 2.710685626103881418e-01 1
14 7.768565637934611914e+02 5.333445860471354161e-01 0
14 7.762035765842123283e+02 3.871348019365365017e-02 0
12 7.779826508800462079e+02 6.646219889529302316e-01 0
8 7.059975488040818163e+02 5.266835969576563192e-01 3
5 -5.592020719121535421e+01 9.600058309374759347e-01 3
4 -1.698263317166517254e+03 8.210024404401666809e-01 0
16 7.801656163237960300e+02 9.772247460970718835e-01 1
4 5.309344170211177243e+02 8.111730159131207429e-01 4
5 -9.091799373964507822e+02 7.008494751275002876e-01 0
4 -1.712250421901896516e+03 5.969008373656627953e-01 0
2 -1.823217385834741208e+03 4.404031158688944680e-01 3
18 7.806967950711086814e+02 4.379515438320840115e-01 4
6 6.815773065575416467e+02 1.849717112355477866e-01 0
18 7.803764502991291465e+02 6.850341527247322260e-01 1
12 7.695113743561007595e+02 9.828946180754567497e-01 0
17 7.805567832723489801e+02 7.694632454642990060e-01 1
20 7.808450929611321953e+02 2.924482157857456466e-01 4
20 7.810475408568148623e+02 1.670972985402219280e-01 4
19 7.805654752373127394e+02 9.137352346033603689e-01 1
14 7.805272248029079947e+02 1.312824227954850209e-01 1
15 7.783220840754288474e+02 7.907093017266770829e-01 0
18 7.802927796172771195e+02 2.693348273529715398e-01 1
19 7.807086939018796556e+02 9.859094722763186436e-01 1
14 7.750500882416188233e+02 4.140996892466414780e-01 0
21 7.813807894037820461e+02 3.316118215914496403e-01 4
22 7.812998389240576671e+02 3.904314734861937808e-01 4
14 7.752809962012750020e+02 3.268873537908829063e-01 0
18 7.801012615801748780e+02 3.279087183158750918e-01 2
22 7.812840704273298797e+02 8.615486370831315632e-02 4
17 7.799556064189389417e+02 1.041070698792196936e-01 2
5 -6.191179273089605886e+02 2.995425231181147452e-01 3
11 7.776651680066818244e+02 4.694514912370799098e-01 1
11 7.611435797514657224e+02 8.697782287847133365e-01 1
2 -7.421710177758961436e+03 4.598465780974362871e-01 3
14 7.756513796809754240e+02 7.416568808106528410e-01 0
16 7.800268044616116185e+02 6.418791455547712133e-02 2
24 7.814029646230310391e+02 4.402804676192815236e-01 4
16 7.796592424303497637e+02 7.933040953198976508e-01 2
15 7.789292635506183160e+02 8.585269463002267454e-01 0
25 7.814066271068270453e+02 9.135169965399926317e-01 4
25 7.814148281546940780e+02 9.896506880981768006e-01 4
16 7.798774366179609387e+02 2.905566340807559378e-01 2
8 7.778924277337830517e+02 2.938383936452431122e-01 0
26 7.814314406007392790e+02 9.969804056649547164e-01 4
11 7.521843258195019644e+02 7.263176998701016407e-01 3
25 7.814232039746708551e+02 9.131792880637054077e-01 4
14 7.756988344411934122e+02 4.983483836640543174e-01 0
18 7.802968519877040308e+02 7.447817142299458792e-01 1
17 7.801252705773589469e+02 6.463707512166260161e-01 2
24 7.813906680016533528e+02 5.068769409235877876e-02 4
0 -1.239241778180520516e+06 2.285249949350769416e-01 3
17 7.800340189348045215e+02 4.081535461643445717e-01 1
5 -6.756176979899732942e+02 2.774454425184469386e-01 0
12 7.678302312978680675e+02 5.761188831464416626e-01 2
17 7.798635389272639031e+02 1.374514743225328794e-01 1
17 7.799774290255520555e+02 9.991165162038893044e-01 1
14 7.795622268307073455e+02 8.437818199948310394e-02 1
8 7.148356478112527839e+02 1.234982066049617466e-01 3
13 7.733046872226342430e+02 8.755249025146760733e-02 1
15 7.783373627398700592e+02 8.500263115116439838e-01 1
13 7.750315062089173352e+02 1.836169921501793756e-01 2
0 -1.849463455085861497e+06 3.220235943687206337e-01 0
5 -6.157384134639806916e+01 5.530220371816083613e-01 3
4 -1.728054012729596707e+03 5.437424586755423839e-01 3
17 7.799802529598960064e+02 5.915228287886931113e-02 1
11 7.796724673938338128e+02 1.995676690695753763e-02 1
29 7.814366921669081876e+02 1.644678701185426362e-01 4
28 7.814316191913057992e+02 4.560351789980410242e-01 4
2 -6.536754452903473066e+03 3.168156741148688837e-01 0
29 7.814372009356112585e+02 4.130438950845113366e-01 4
4 -1.510277629635440917e+03 9.100297766451856396e-02 0
27 7.814265437586906273e+02 8.657095233447118510e-01 4
27 7.814311917869652007e+02 1.880589768633635916e-01 4
0 -6.434019103593990440e+04 2.136701054678894485e-01 0
20 7.809305993372964849e+02 5.421570467235909963e-01 1
13 7.729959361969704332e+02 7.813321766106509081e-01 3
12 7.722640844485842990e+02 3.918493065068900383e-01 3
1 -3.173244857161705295e+04 9.798144201276939302e-01 2
21 7.811092912774195156e+02 4.405814737040394391e-01 1
15 7.787199799931912594e+02 3.792871588478874401e-02 3
6 1.976949274434412587e+02 8.782157154503176244e-01 2
15 7.784932143419281374e+02 3.968696477937001532e-01 3
13 7.733587881580012890e+02 4.795740473009113547e-01 3
20 7.811078739918424390e+02 3.871858744376526218e-01 1
21 7.811346922511247612e+02 7.282180894313762254e-01 1
16 7.797523468691474591e+02 5.610826758196033603e-01 3
13 7.700679280610099795e+02 9.712513164295333290e-02 0
12 7.745441531470407881e+02 1.781619803764561971e-01 0
16 7.796775520383064304e+02 1.169248553186275075e-01 3
17 7.797406382650008254e+02 3.842605010369872787e-01 3
18 7.800748410600920124e+02 5.992835584850992880e-01 3
25 7.814268059315052142e+02 8.129979780342636575e-01 4
19 7.806931935323846119e+02 2.868166399613902851e-01 1
16 7.800978123869927003e+02 7.969196335916532981e-01 3
15 7.786526739251282834e+02 6.044828103674005915e-01 3
21 7.811743909425319998e+02 4.199326655403270991e-01 1
19 7.809322597941950335e+02 3.723879566099697058e-01 1
25 7.814139696909012400e+02 7.129993015045339444e-01 4
9 6.879582537652120209e+02 5.734755749050233220e-01 0
6 7.427595009050194221e+02 1.847901072155870850e-01 0
9 7.501728126596151469e+02 9.433012704484423638e-01 2
16 7.795791746460703280e+02 7.404853776444406677e-01 3
18 7.801686043612705816e+02 1.624989463781021382e-01 3
27 7.814274143750337771e+02 6.918977152083449766e-02 4
18 7.802896346389189830e+02 8.315671340464447781e-02 3
23 7.813888879830806218e+02 3.374171594784344252e-01 2
11 7.783646744058246441e+02 4.854860294715553914e-01 3
22 7.812663641130916403e+02 1.640586526757027985e-01 1
22 7.812847960754493215e+02 8.648419408169425449e-01 1
22 7.812656142388484568e+02 2.297406177608588285e-01 1
6 4.074375091239140545e+01 6.718313785239882208e-01 3
26 7.814318286135845710e+02 4.063477331012754767e-02 2
24 7.813885389712545475e+02 5.205765003714725170e-01 2
2 -2.854235409595280544e+03 2.016080834825109136e-01 3
28 7.814347196941639595e+02 7.204375899119124238e-01 4
28 7.814460669964880708e+02 5.048482886130148950e-01 4
25 7.814319531255152924e+02 7.035113255885967476e-01 2
20 7.812288239363064122e+02 1.159809498093018476e-01 1
24 7.814039096633206327e+02 2.569634172843329178e-01 2
26 7.814743711336103615e+02 6.003802094108779963e-01 0
28 7.814936218295208619e+02 8.309203819482521292e-01 0
23 7.813504240281827151e+02 2.740705162452266030e-01 1
5 4.140093196748124456e+02 4.599466370414608818e-01 3
28 7.814698897408914036e+02 5.934160979372844480e-01 0
11 7.548552865666360958e+02 2.869551195029509394e-01 3
25 7.814127423082488804e+02 6.156107633862228923e-01 4
1 -1.511239911186248355e+04 4.671665492709138334e-01 3
29 7.814384737469401898e+02 1.971972508541708080e-01 2
24 7.814083175340732623e+02 2.065998071935029601e-01 4
9 7.169074652143535786e+02 5.408652027112548222e-01 3
27 7.814769938313055491e+02 4.245481271783980715e-01 0
22 7.814197550934717356e+02 9.576097099531041268e-01 2
19 7.814888498954888973e+02 7.805377193809678316e-01 2
26 7.814169229510300738e+02 3.758778531434376902e-01 0
1 -5.213194647891487875e+03 9.798616921500659105e-01 3
24 7.813965632136225850e+02 1.876762805944616197e-01 0
1 -4.714851026969085069e+04 2.822330343508699380e-01 3
12 7.699498316010299277e+02 7.081459775772092069e-01 4
18 7.812515323714175111e+02 2.418198728949513820e-01 4
21 7.813321249911450650e+02 2.453245546932076859e-01 0
27 7.814814799705166024e+02 8.366047240869622925e-01 1
14 7.814476393952606941e+02 3.395798220897791042e-01 1
12 7.708026407157037738e+02 3.244329475475009605e-01 0
13 7.792528506235826171e+02 5.172357002930317860e-01 4
6 1.210315741943060459e+02 3.081144631320554272e-01 3
16 7.800104849914833949e+02 7.250955974342794264e-01 0
9 7.423386151558920574e+02 1.374244659473542463e-01 2
14 7.808721546603881052e+02 4.926776123127556417e-01 2
10 7.528084383274799620e+02 1.704251952511176560e-02 2
1 -8.427282198264209001e+03 1.906294268506864287e-01 3
23 7.813869002787470208e+02 7.514886272354461827e-01 4
2 -2.727502209517346273e+03 3.440556757067756433e-01 3
20 7.810777771972221899e+02 1.374780737386309681e-01 1
24 7.813851139778693096e+02 8.247992105546450015e-01 4
9 7.385299839929543850e+02 7.388115632610690042e-01 1
6 1.670177718384126138e+02 2.513956340050215732e-01 3
10 7.364476310305612969e+02 6.400434363590123965e-01 1
8 6.803286782567165574e+02 8.155054663030215922e-02 3
4 -1.700937670679740904e+03 3.651891905881352041e-01 3
17 7.801161205736418651e+02 3.581541866391957374e-01 2
2 -5.588126118984494497e+03 1.847098863273087055e-03 1
4 -7.938487811878862885e+02 8.093672048200979408e-01 3
19 7.811145240884894747e+02 9.849610198510290182e-01 2
17 7.803773617549238679e+02 8.446502673076494716e-02 2
1 -1.297169392321476334e+04 1.804452100001866788e-01 1
13 7.778948723009625610e+02 7.262905830971161381e-02 2
7 5.164598307995877349e+02 3.031415989366116892e-01 4
19 7.804807461771326871e+02 8.125045539013542317e-01 0
3 -2.117704626683290371e+03 5.626472193318334813e-01 3
17 7.798497974046304080e+02 1.010778912882767944e-01 2
19 7.804700220876461572e+02 7.164454504935844348e-01 2
4 -1.064171606199300641e+03 8.245482859138396625e-01 3
29 7.814394492786213959e+02 7.563533787352905158e-01 0
13 7.717310382279061969e+02 1.245842547213543150e-01 4
8 6.759705948071358534e+02 3.965482823716426908e-01 1
6 3.941280616944408735e+02 3.135537247963381957e-01 1
28 7.814984889562717854e+02 5.401767449188376036e-01 2
17 7.797987485003235406e+02 1.996512892236346204e-01 0
9 7.452722071796761156e+02 2.497923312049783462e-01 1
28 7.814566058574259841e+02 9.242187831509895979e-01 2
22 7.812862337505506503e+02 9.726640621422645294e-01 2
11 7.545624241530807694e+02 7.652464827928109337e-01 4
9 7.047964810847952322e+02 4.942941974772216418e-01 3
8 5.618928503869890392e+02 4.416753419948051818e-01 3
23 7.813688175465748600e+02 5.244756959364353932e-01 2
26 7.814254008884930727e+02 4.180742523958134726e-01 0
2 -2.264289986218498598e+03 6.025000033616962902e-01 3
24 7.814071764200874668e+02 3.949222559094670570e-01 2
1 -5.726791775675883400e+03 5.039044735388527041e-01 4
20 7.809753523258043515e+02 1.348621632510535184e-01 2
19 7.809276988486163873e+02 5.523226368670209885e-01 2
27 7.814523558047199003e+02 6.796762936318456738e-01 0
6 6.036827972140051770e+02 8.067179729522968579e-01 4
20 7.813671370569734336e+02 9.272393828179471553e-01 2
12 7.720045380701325257e+02 6.197171404489500990e-01 3
28 7.814897144578521875e+02 2.031408380896886356e-01 0
13 7.700833699342626915e+02 8.476338433055081723e-01 1
11 7.556514526491125707e+02 1.138042944968518655e-01 1
5 -1.132502993551380769e+03 3.431807535961139966e-01 4
21 7.812838354544569484e+02 8.073216901102820975e-01 2
4 -1.723349884918404314e+03 7.362392415173558968e-02 4
25 7.814243446055386357e+02 4.614849105167407872e-01 0
19 7.804269526871537437e+02 2.959952429878773827e-01 0
21 7.812835484704443161e+02 4.183993980834856408e-01 0
19 7.806076205214758374e+02 6.770580802266237264e-01 3
20 7.808300826747665724e+02 7.542861975642947137e-01 1
5 -2.952053951559930169e+02 2.247097693954360764e-01 4
22 7.814134052837067657e+02 9.713810962981033192e-01 2
7 7.268835082988484828e+02 3.493758968533824949e-01 4
21 7.813635286292229694e+02 9.940397716644443493e-01 2
8 5.837189591930091410e+02 3.648827170001618381e-01 3
27 7.814694775394472117e+02 2.532967659353986822e-01 2
14 7.779635258105627145e+02 5.680359820896448975e-01 3
11 7.754896314444991958e+02 2.126563543262420808e-01 3
5 -5.279761025202462861e+02 6.765856602287377841e-01 4
22 7.814362190761129341e+02 4.006193440044683030e-01 0
29 7.815153227603886990e+02 6.636959788852838660e-01 0
19 7.806047972610010675e+02 7.783184755690862600e-02 2
15 7.786895940246755572e+02 1.603981625018646162e-01 3
18 7.811481881136182892e+02 9.084581973333263338e-01 3
22 7.813295870312123270e+02 9.022355616519268651e-01 2
29 7.814415402459251254e+02 6.334203950696533081e-01 2
22 7.813225849750474481e+02 6.398603815653978177e-01 0
23 7.814529749817237416e+02 3.925085803081120872e-01 3
13 7.700365460448076647e+02 7.216671229347756400e-01 4
16 7.804308535089721772e+02 1.480850882779692068e-01 3
13 7.721943443126565398e+02 9.615675610639635718e-01 4
16 7.808118174666736877e+02 2.480189074306737851e-02 0
16 7.797401672419289298e+02 5.693310487127476449e-01 2
1 -1.114371007532786825e+04 5.788574975550213608e-01 1
4 -1.721735016636455157e+03 6.221999296683742298e-01 4
19 7.812332327193577157e+02 7.631913668834916509e-01 0
16 7.806785486008283215e+02 3.687343634925864810e-01 2
2 -4.128494605847195999e+03 2.876018597608690497e-01 1
21 7.812729351736197714e+02 7.582241915495809836e-01 0
4 -1.721821606190064131e+03 8.519060272535021461e-02 1
28 7.814628065520141718e+02 3.519196508601487583e-01 3
7 3.260560615590307521e+02 9.165055389863214774e-01 0
6 2.051571162985964349e+02 8.839021187076862018e-01 0
6 -7.599572143501717392e+00 6.784681912357577449e-01 1
17 7.811185736109346180e+02 2.632271249867113028e-02 0
3 -1.858490796266373764e+03 4.078326463216996878e-02 4
14 7.805790068956179084e+02 9.974767049204550373e-01 3
11 7.659524401434753145e+02 3.460814662441649148e-01 2
7 3.680292896338239075e+02 1.897669736521884476e-01 1
28 7.814623983344187081e+02 7.702879049702842096e-01 0
25 7.814749718472438644e+02 8.881858597102396669e-01 0
7 3.259334599871607452e+02 1.375208410404283044e-01 1
8 5.718163258864146883e+02 7.443948636560994148e-01 4
11 7.512798970066397715e+02 1.665132615185518361e-01 2
25 7.814367373391266938e+02 4.564127074446844290e-02 0
6 4.557228378928741677e+02 7.081675919568090061e-01 4
2 -3.784646392416391336e+03 6.759261331078425528e-01 1
17 7.814948963640810007e+02 6.870210093886413016e-01 3
15 7.810673998760178165e+02 7.350937391676604094e-01 3
5 1.875242417302387139e+02 7.885524632311957660e-01 4
0 -1.636292116148078640e+04 1.643278032507768938e-01 1
14 7.749727961475400662e+02 3.648634993657946524e-01 2
1 -1.618012153325215695e+04 5.593220163004775092e-01 4
6 7.112640304606354675e+02 8.495628270000121773e-01 4
12 7.649735413817817289e+02 6.383188170228598635e-02 4
9 7.109879744480384716e+02 1.755135311961506517e-01 1
5 -4.829034381030230634e+02 5.429696968386751310e-01 2
29 7.815086306907919607e+02 7.101365039663127821e-01 0
22 7.812602068057219640e+02 2.121547536331505057e-01 3
7 4.556410864247051791e+02 9.704070738591485945e-02 2
4 -7.355969067780616797e+02 8.955195147033301328e-01 2
27 7.814653933540265598e+02 5.829054615881773538e-01 0
25 7.814515583156826324e+02 6.581596758759505894e-01 0
6 1.604137086544000113e+01 5.240142367269897683e-01 2
0 -6.662862785510788672e+04 3.233928598680196886e-02 1
2 -3.781206254347821414e+03 3.868037460433093599e-01 1
4 -1.710453169420317408e+03 5.424785145226524996e-01 2
8 6.086250215193961139e+02 5.410357132385388290e-01 4
1 -5.780219111153599442e+03 3.971282114940211105e-01 2
8 6.494741720808514174e+02 8.882242763350607362e-01 1
19 7.806985470047396802e+02 3.584867591012062815e-02 3
27 7.814911813744377014e+02 2.109649273827805260e-01 0
8 6.592542974944095704e+02 8.095595561843308419e-01 1
2 -1.154092771566873353e+03 5.314266133723180019e-01 1
2 -5.777776338147042225e+03 1.139079000438485423e-01 1
4 -1.695414311901763540e+03 7.615318560820618643e-01 4
11 7.685178466886327442e+02 8.734249200780830336e-01 4
19 7.810205608761646090e+02 7.326655647873077104e-01 3
22 7.813651977762066281e+02 7.280797180743903141e-02 3
16 7.801855551021287738e+02 9.741885929619025219e-01 2
21 7.813286344965408716e+02 6.389431759491444041e-01 3
22 7.812700022854926374e+02 1.969795576589916664e-01 3
27 7.814266052808953873e+02 6.549099384794196954e-01 3
25 7.814725722504581427e+02 3.075050735225364762e-01 0
17 7.803952349285400487e+02 6.829687190676523301e-01 2
24 7.814229001583928493e+02 7.637406340940532390e-01 3
24 7.814736200224166396e+02 9.289331504242586135e-01 0
2 -2.787798921876271379e+03 6.299657927957733605e-01 1
16 7.807230454586874657e+02 7.143102533955252298e-01 2
23 7.813518976722181151e+02 9.071908680380644796e-01 0
26 7.814604980042722673e+02 1.348780288725088816e-01 3
17 7.799243999186718383e+02 1.900849688559871353e-01 0
9 7.086489341875308128e+02 9.667534564392963325e-01 1
15 7.794204949191341711e+02 7.086393020520882491e-01 2
28 7.814390187704905202e+02 5.961236603188435623e-02 0
29 7.814367928555544722e+02 1.925582600525750088e-01 0
4 -1.726137109307271203e+03 7.219874127483094650e-01 4
26 7.814399138585997662e+02 9.370753795536654884e-01 3
24 7.813841203237500395e+02 7.627297858175410283e-01 0
21 7.812782635326735772e+02 1.704151179202208211e-01 2
24 7.814198884925923494e+02 9.750481786187435995e-01 3
19 7.807169939409247945e+02 5.624417748964218866e-01 2
7 6.529298733162032704e+02 4.507652746379950948e-01 1
23 7.814009990562415169e+02 6.942319541954340423e-01 2
24 7.814812354417841789e+02 4.650318248862597703e-01 0
26 7.814225518392759113e+02 5.227471331371030816e-01 3
27 7.814793862426590749e+02 1.445157710689198016e-01 0
16 7.808965003435880590e+02 4.761661509948159621e-01 2
25 7.814368432325081812e+02 8.707656225629959446e-01 3
21 7.811711511965775117e+02 5.051100936210302095e-01 2
2 -8.044260949736547445e+03 9.939979594242096539e-01 4
18 7.808311789053769871e+02 9.199830597119266207e-01 0
12 7.631712398530096380e+02 3.131824809674915722e-01 2
12 7.675118852728774073e+02 8.103241451435261311e-03 2
18 7.801142834308222973e+02 8.581827447101284534e-01 0
11 7.515272569475155251e+02 9.893116696984980418e-01 2
11 7.663209779970876525e+02 8.193469185438180258e-01 4
17 7.805777254282911599e+02 5.703101514439220532e-01 1
7 3.244088933164992454e+02 8.055858008780439894e-01 4
6 4.304843839250171413e+02 7.567608708198187983e-01 2
13 7.725343105569390900e+02 5.589015998138372465e-01 4
12 7.635872402985731924e+02 7.110953640621666683e-01 4
6 7.447570628935869763e+02 9.484681270861723412e-01 4
6 6.556668053328953647e+02 2.190760792785593769e-01 1
10 7.396037886411309046e+02 6.702098412640230540e-01 1
4 -1.722968093418558283e+03 1.577151481233587116e-01 1
6 3.208132119365080257e+02 6.211478743853204865e-01 2
7 6.405105191877921698e+02 2.544273915910144623e-01 4
25 7.814427002164366058e+02 2.696463712162611159e-02 0
9 6.920210512478461169e+02 8.378362668190190155e-01 4
2 -2.315468726765676365e+03 3.990891787523308948e-02 1
12 7.679020604064785402e+02 3.749236559418603898e-01 2
1 -4.756043477776313921e+03 8.576574769967977296e-01 1
13 7.711915485637538268e+02 1.862605660890270798e-01 2
13 7.753426144221976983e+02 2.394508350785054529e-01 2
11 7.728085542298977089e+02 4.709697265145486311e-02 2
10 7.535559724103607095e+02 3.825126751030276662e-01 2
24 7.814972574506864476e+02 3.499977473884425816e-01 0
28 7.814882329902320635e+02 3.562985581964063786e-01 0
28 7.814747032732728940e+02 7.446120003257137299e-01 0
14 7.756870132459291654e+02 7.790868048971059112e-01 4
4 2.873530931695107142e+02 1.304019784255960879e-02 1
25 7.814122808196963206e+02 7.380891833546028291e-01 0
11 7.524849920550934712e+02 9.034306924672275141e-01 2
15 7.782082700956326562e+02 5.733942090694803539e-01 1
8 7.671176148054101986e+02 5.243901379605153679e-01 2
14 7.750729715276822844e+02 6.094411350534088001e-01 4
27 7.814489940610317262e+02 1.279903340975467874e-01 3
3 3.947175870246046543e+02 1.972513389041370413e-01 2
10 7.350762997100514440e+02 5.276609447746514192e-01 1
5 -2.941477729054661836e+02 9.762097022836593307e-01 2
16 7.813761518668216013e+02 8.838761978497986505e-01 0
0 -1.641107218925428169e+05 6.477894441559541860e-01 2
19 7.808289952414850177e+02 4.892997201730580059e-01 0
18 7.803271788799246451e+02 8.725826879729092767e-02 3
20 7.810937697994427253e+02 4.015859963141610312e-01 0
6 1.647210803553875280e+02 9.449816322592998752e-01 2
10 7.453341049227217354e+02 7.045738129936105487e-01 1
0 -1.772261923726702807e+06 3.040823804003683906e-01 1
0 -2.051492701210934320e+05 6.548651342457461055e-01 1
13 7.730207616633192629e+02 1.363695824681165902e-01 4
8 6.731085047072547241e+02 6.031112118767136820e-01 2
18 7.801235374114960450e+02 7.811629787204830144e-01 3
5 -3.835100355712097553e+01 2.373228427813744434e-01 4
0 -8.100057656140912150e+04 8.348724040671783309e-01 2
7 7.259417988417403649e+02 6.746050846601883144e-01 4
9 7.164782231320768915e+02 5.430135694101461130e-01 1
6 5.366767888200282641e+02 3.274542280282695117e-01 1
17 7.807034494845872814e+02 3.886670657179083777e-01 3
25 7.814579658125081778e+02 9.825342445244812373e-01 0
3 -1.843394996164563736e+03 1.478423628669570389e-01 1
20 7.808284776460862986e+02 6.487760657955909949e-01 3
5 -1.023413351210664359e+02 1.507486722280014790e-01 1
9 7.563996730202718481e+02 9.006395591154857660e-01 4
17 7.797891269114186343e+02 5.467487951466515339e-01 2
19 7.807835994025396076e+02 6.639605218618882532e-01 4
2 -5.339567252051519972e+03 3.934666171614984442e-01 1
6 -1.652742305013381952e+01 7.790865334259677866e-01 4
4 -1.733234508747924565e+03 4.627555683436506695e-01 1
12 7.737652568097398671e+02 3.579794355305600528e-01 3
15 7.811433622245328934e+02 7.144526853651274045e-01 3
25 7.814402114559270558e+02 9.171686112951249470e-01 3
5 1.131802529909041368e+02 2.310060270840109953e-01 2
21 7.812735313606347063e+02 5.751800335272432285e-01 3
9 7.375011571032514439e+02 2.222729141377116635e-02 1
24 7.814191528338861872e+02 8.363485000068991981e-01 0
22 7.812991028083584979e+02 4.727760808671157555e-01 0
26 7.814173515057725581e+02 1.085306219460790700e-01 0
29 7.814579188725294898e+02 9.534372831799702019e-02 3
10 7.314979298975615620e+02 4.438299282740791329e-01 1
29 7.814652036268701067e+02 3.200539949348198410e-01 0
27 7.814647719799913830e+02 2.826847013991732327e-01 3
10 7.582923226130490093e+02 1.346372211925666029e-01 1
8 5.957626167234014929e+02 6.458603702256157097e-01 1
0 -6.702543033111044497e+04 2.148802961088511765e-01 2
23 7.813693623851050916e+02 5.069673938300645055e-02 3
7 5.712271375834892524e+02 6.603854260661993214e-01 4
16 7.793941682023671547e+02 8.817978100864951596e-01 0
19 7.810959333146851122e+02 9.302445886463719393e-01 0
22 7.814688687500629385e+02 9.137026709934863433e-01 3
10 7.336223205514029360e+02 3.309121026782290143e-01 2
9 7.058252051676513474e+02 2.272524871933452317e-01 2
3 -1.996450399397661840e+03 5.240949468420850188e-01 2
2 -8.244608329670691091e+03 4.311197492088236771e-02 1
1 -1.501654939070165892e+04 3.895834051413488153e-01 1
11 7.605751632015303585e+02 3.805134747424396835e-01 2
25 7.814358602099327982e+02 6.730056243388682358e-01 3
22 7.813198662869122018e+02 9.178748712245077268e-01 3
14 7.763206307353437978e+02 8.462817268658878733e-01 4
20 7.811000031605407230e+02 6.342010698005862146e-02 0
18 7.807906367115407420e+02 7.831387773578646350e-01 0
26 7.814472208430950104e+02 4.896999365953726979e-01 3
14 7.764040896297096879e+02 8.290899292731425119e-01 4
5 5.941136551447186775e+02 8.090949219262324466e-01 1
12 7.644943157193492880e+02 1.501286692883539720e-01 4
12 7.637646275136207805e+02 3.392646632970488518e-01 4
28 7.815043938550716121e+02 6.042339584363869420e-01 0
12 7.716684520170234691e+02 4.179513257060705200e-01 1
14 7.759484958128872449e+02 1.259295896899320644e-01 4
6 6.270614275178702428e+02 3.996536237491650212e-01 4
0 -5.523119946180132683e+05 3.473495961514738162e-01 4
15 7.807765248670506253e+02 6.851691067618392861e-01 0
9 7.269230848624052896e+02 4.539040215799131084e-01 1
1 -1.717663806732682860e+04 8.958674322694313297e-01 4
3 -9.439356707062578380e+02 4.876618186212793304e-01 2
6 8.254672838467456586e+01 4.031500847833724421e-01 4
24 7.814056949675814394e+02 4.853999015247196791e-01 0
27 7.815156643717205043e+02 5.673618233753056073e-01 0
4 -1.728864372765251346e+03 2.770208134558493906e-01 2
17 7.797670780437374560e+02 9.347750031442123575e-01 3
28 7.814876012863019241e+02 1.784270492226385230e-01 0
22 7.813530733966299522e+02 4.738813730176842376e-01 0
20 7.814107829346532981e+02 3.562450492221800324e-01 0
2 -1.870104534720900574e+03 4.325032056615256693e-01 2
15 7.786706115266347297e+02 6.441124615984518131e-01 3
7 5.866173089594171870e+02 4.173092129178975762e-01 2
24 7.814847982125312456e+02 7.483054198200416174e-01 0
10 7.448158886783631942e+02 3.585106373074933295e-01 1
7 3.181448776305203978e+02 6.858503127862913828e-01 2
9 7.186588428433643685e+02 6.686660981107830359e-01 2
4 -1.670353125299673593e+03 2.204382975775942555e-02 2
14 7.758785752103328832e+02 4.999425065990165673e-01 4
25 7.814462977302989657e+02 5.912831766253430210e-01 0
0 -5.604162306405212439e+04 3.520825045350365334e-01 1
21 7.812397954980426675e+02 5.217252766813618159e-01 0
17 7.797770112761559176e+02 1.473623962978373551e-02 3
0 -1.735387853408324299e+05 5.676477863912970934e-01 4
8 5.700197473111186355e+02 5.215048868648053393e-02 4
1 -3.987616819546650731e+03 2.411823188083340730e-01 1
28 7.814395041137361204e+02 7.365896459459870815e-01 0
10 7.359936735482531276e+02 2.624077328934814601e-01 2
16 7.806236310751584142e+02 8.162483685993136007e-01 3
4 3.724796256288345830e+02 7.307137389412305950e-01 2
20 7.810234697916508821e+02 9.898715998023654983e-01 3
11 7.571726600202994177e+02 6.907738969414417562e-01 4
18 7.809094397440239845e+02 4.353519790764135422e-01 3
7 3.306852901605038824e+02 9.496154677161154911e-01 1
3 -1.862300812908153830e+03 1.266123452405597538e-01 1
5 3.483956512274766055e+02 8.076804526012663077e-01 2
1 -1.954954141079616966e+04 9.203280718452688802e-02 2
22 7.814092270128052178e+02 4.212238886409647165e-02 0
11 7.593299685403187596e+02 8.020270397867546031e-01 4
8 7.325741071923314394e+02 1.279180242312123461e-01 4
2 -6.689255793579688543e+03 6.608825307538375438e-02 2
4 -1.723202140716758095e+03 2.486969669795628946e-01 2
2 -3.051814671657638883e+03 8.031441868936379791e-01 2
0 -8.817587056050375104e+05 9.346753314683983183e-01 2
29 7.814372653898526551e+02 6.446843826656944998e-03 0
21 7.811539258677605631e+02 4.902588452087641713e-02 3
0 -1.040453829784291680e+06 4.004281824578119209e-01 1
13 7.709546102946206929e+02 4.617193879549821856e-01 4
13 7.704745785449181312e+02 5.126587106566187213e-01 4
16 7.804035548438791920e+02 7.782078648785883956e-02 3
4 -1.428390000914394022e+03 2.327899087272360390e-01 1
2 1.440099926244611481e+02 9.466866577819246231e-01 1
24 7.814463948682745240e+02 1.827672126675648490e-01 0
27 7.814356303911949908e+02 3.345619918766055134e-01 0
15 7.795991688857480995e+02 6.857959989445220339e-01 0
2 -7.693211276349187756e+03 2.078245199142373933e-01 2
10 7.319131604387504240e+02 2.517434830623299646e-02 1
9 7.078054723694897348e+02 5.510735917997005018e-01 1
25 7.814085446409670794e+02 2.687732053614779737e-01 0
1 -1.539378470422186001e+04 9.716924437477849619e-01 2
18 7.811883561620827550e+02 7.434518892406249968e-01 3
11 7.574126576127263206e+02 8.090617664258538122e-01 1
15 7.782242338972389462e+02 6.316249133154242523e-01 4
26 7.814250970486441474e+02 7.765052469082729669e-02 3
15 7.786650035843859996e+02 2.485591303319670820e-01 4
15 7.792346014407767143e+02 9.482219218729006638e-01 4
9 7.095546565688866849e+02 9.448974152451650177e-01 1
12 7.679010517758424612e+02 4.995035635153790565e-01 1
13 7.725413480515217088e+02 8.376540641263771070e-01 1
18 7.809220858960715077e+02 6.977081218421338216e-01 3
27 7.815132168393115535e+02 2.969671412779844033e-01 0
25 7.814145333235916269e+02 1.479803325197960318e-01 3
22 7.813507119111689008e+02 7.290088111197690068e-01 3
8 6.756449774765187613e+02 6.820216842537620838e-01 2
21 7.813619061769649079e+02 3.307505253066773676e-01 3
6 -2.098764974863635757e+01 2.931122432569601699e-01 2
19 7.809445297079629427e+02 4.739211354727270731e-01 3
16 7.794663441935010724e+02 4.017391635233842351e-01 4
6 5.245325082516103521e+00 4.611546884815798109e-01 1
21 7.811879811162032183e+02 3.699006883823159342e-01 3
26 7.814236408223187027e+02 4.798936381729038692e-01 3
0 -3.509190548839346156e+05 6.580299255722521501e-01 2
23 7.814668553738265473e+02 9.599301255583740922e-01 3
5 2.636644340430636930e+02 3.277551806747889263e-01 1
4 -9.719996232857051837e+02 3.426315114766723818e-02 2
27 7.814609777717353154e+02 1.414705958463700064e-01 0
9 7.108615294330320467e+02 4.999150580260902643e-01 2
26 7.814748730705247226e+02 9.976871592330969207e-01 3
6 6.806045851272347136e+02 3.349784565660791635e-01 2
29 7.814656299287437378e+02 3.573753409965995109e-01 0
28 7.814772300450188141e+02 5.260975094379352068e-01 0
24 7.814425661424818372e+02 7.072743008553488142e-01 3
23 7.813892223874565843e+02 5.897471514420052352e-02 0
18 7.804845966405068793e+02 2.304834747492234825e-01 1
19 7.804352879459703445e+02 2.684118246144311937e-01 1
7 6.589211274676749781e+02 9.924152340344836176e-01 2
14 7.768605550010994421e+02 3.938755602421973451e-02 1
8 6.341415295428570289e+02 6.556451369812050789e-01 2
29 7.814512457751277452e+02 6.625870652647657399e-01 0
14 7.771745608182329761e+02 6.724492243738846575e-01 1
21 7.813165537074121403e+02 2.353448188932726615e-01 0
25 7.814618221783025547e+02 6.685110596673893291e-02 0
15 7.788800186854185768e+02 3.290837684997886536e-01 1
17 7.798991477239771939e+02 6.191581252341574748e-01 4
26 7.814374807623119068e+02 1.474735421097279064e-01 0
12 7.637106244405457574e+02 6.658329074494476751e-01 2
19 7.804315504754781614e+02 3.227293037032163969e-02 1
16 7.793340835019210999e+02 6.121797158293026397e-01 1
29 7.814549565379952583e+02 3.535285812426458563e-01 3
13 7.747360594033635834e+02 4.183926300591821190e-02 4
21 7.813915096954074215e+02 7.470597379092112078e-01 0
25 7.814527314763954564e+02 9.631257324515020146e-01 3
25 7.814244471539955157e+02 3.471716059672386723e-01 0
16 7.798959030456101118e+02 6.728697674449624078e-01 4
17 7.797408064097878651e+02 6.524146722239357876e-01 1
18 7.802836677717076554e+02 9.802444291477667715e-01 1
25 7.814196711625389753e+02 9.512505441317640198e-01 3
17 7.799805872066525581e+02 6.077150865485516640e-01 1
17 7.804380398780799624e+02 4.221983914768248081e-01 1
19 7.806950125162621816e+02 6.801475487023092015e-01 1
18 7.805342248525608966e+02 6.303704461215349220e-01 1
17 7.804120696272946134e+02 8.187498090041659404e-01 1
14 7.768312658392788990e+02 5.297339363316500016e-01 1
26 7.814170154713904139e+02 2.642457661498047727e-01 3
22 7.812935160839965647e+02 6.237891654572884637e-01 0
16 7.810654575365629171e+02 5.893661974008820303e-01 2
16 7.800394459767994704e+02 5.650898406511579708e-01 1
19 7.806644001580621079e+02 2.578657679147688953e-01 4
25 7.814547417205334341e+02 4.396731282533630214e-01 0
22 7.813689639885650422e+02 7.800982321004870101e-01 3
22 7.812816005043828227e+02 1.132728612721108363e-01 3
26 7.814486187471175072e+02 6.823698599336658344e-01 3
27 7.814516132350610178e+02 8.554802540293200419e-01 0
13 7.806233252595066006e+02 7.642493319983918454e-01 4
17 7.798521228317347322e+02 9.409628216561526370e-01 4
18 7.805272829082082353e+02 7.231783005583736212e-01 2
20 7.808789373287650051e+02 4.552555981914508942e-01 4
24 7.814660215982102045e+02 2.921553807139007364e-01 0
11 7.673988892284844496e+02 9.279473690466406577e-01 2
0 -1.405607402259267474e+04 7.496497375212261005e-01 1
7 7.589366099035827347e+02 8.884772305654609070e-01 4
8 6.440296461621423987e+02 1.681516820414916680e-01 2
10 7.511181668357583021e+02 8.294663482293724854e-01 2
1 -4.051726965889359690e+03 6.090128358935489317e-01 1
24 7.814026479003887289e+02 2.245316766162426276e-03 0
9 6.967839043054367494e+02 3.432181325299907826e-01 2
9 7.271259971858598874e+02 2.146177894444218914e-01 2
9 7.108047303004518653e+02 3.555340735173663225e-01 2
26 7.814708053996971557e+02 3.785848708484337299e-01 3
0 -1.072485541245443892e+04 9.293651479166897822e-02 2
1 -1.236036373028870184e+04 5.021504428428082978e-01 2
25 7.814368193714587960e+02 9.457388898244406539e-01 3
0 -1.852958434941461019e+05 9.042633311446770517e-01 2
28 7.814807102303022930e+02 9.368615909966990785e-01 0
3 -1.750344043618010346e+03 2.368364845034247879e-01 4
1 -5.911289183297598356e+04 1.382821298299893309e-01 2
29 7.814755430161555978e+02 4.929418750843037600e-01 3
0 -1.039739765201358932e+04 3.480511997864964568e-01 2
11 7.617555257157760025e+02 6.867169283276756131e-01 1
1 -5.053797116631479003e+04 1.630048733517490689e-01 4
25 7.814408328657046923e+02 6.280205919761026045e-01 0
9 7.274011101172782219e+02 8.043434743773532070e-01 4
20 7.809073837906512381e+02 7.306420541813158920e-01 3
22 7.812991208460581447e+02 3.899694490227684218e-01 0
20 7.815017769781493371e+02 7.252966124569457662e-01 0
7 4.554552882603164221e+02 8.460016529972956834e-01 2
3 -1.728771133309916877e+03 9.745876993257662768e-02 4
22 7.814078796220032928e+02 7.459960805122467509e-01 0
14 7.814707948065799883e+02 3.773428843855524129e-01 0
20 7.814172393019357514e+02 3.485406045106155259e-01 0
7 6.880531313207316089e+02 3.732280187567241225e-01 2
8 6.539438754815211041e+02 5.427153070976453719e-01 2
12 7.740697361188852028e+02 7.672141191655796888e-01 1
5 3.970945022127403945e+02 4.804588600269235066e-01 4
27 7.814295996501069794e+02 5.960975737955243048e-01 0
4 -1.691417540339053630e+03 4.219565732251552292e-01 2
7 4.975682222720439540e+02 4.440452614412223609e-01 4
20 7.812787290664181228e+02 2.579590323302758392e-01 0
16 7.802772827014166523e+02 6.901952463596261467e-01 0
15 7.781639881028524997e+02 7.618561133943430042e-01 1
3 -1.856868813505984463e+03 9.608379884540457772e-01 2
17 7.800130378098390338e+02 2.371228125220818661e-01 0
20 7.812667945705070451e+02 8.755385153672192722e-01 0
10 7.323991290198969182e+02 2.816974987526958962e-01 2
0 -2.190241243535061076e+05 9.215948758386466322e-01 4
16 7.810750470473305995e+02 1.212181670822015667e-01 0
1 -5.591240191960360789e+03 5.089459501798510033e-01 4
20 7.809583102804692771e+02 9.323699888197064523e-01 0
13 7.736798613409775953e+02 4.215710698077223539e-01 1
5 1.513849813746359700e+02 5.552053529021541145e-01 4
22 7.813116573079312275e+02 9.206597795070454726e-01 3
1 -3.301342588102164882e+04 7.506282584796902801e-02 1
0 -2.161689962946267915e+05 1.368728833891368936e-02 1
11 7.562790128628384991e+02 1.336739500644308354e-01 2
16 7.802965703680399656e+02 2.131330035639860121e-01 3
8 6.809116728804463037e+02 3.117892487174848681e-01 2
5 4.341645893860030583e+02 7.489285520127317852e-01 2
23 7.813748489968568265e+02 1.119423455243331311e-01 3
0 -2.375508116836613772e+04 8.182275368670667293e-01 2
11 7.520700694168785958e+02 9.813828660423080663e-01 4
9 7.528264636941546541e+02 4.865114046440022211e-01 4
3 -2.190617948127679028e+03 8.871312747098092366e-01 2
10 7.456067947495498629e+02 7.596208960888362061e-01 4
18 7.802663567005988625e+02 4.385014587079091308e-01 3
9 7.076637398063866158e+02 8.444041598972714668e-01 1
18 7.809682285171320473e+02 1.206845567733070002e-01 0
7 6.189382606514429881e+02 5.445655451334756592e-01 1
18 7.801317874400785968e+02 5.518655177883764473e-01 0
4 -3.850451876612551700e+02 8.320656630635271389e-01 1
12 7.626592162011510254e+02 8.206129140339236683e-01 2
22 7.815130489618829870e+02 7.811424809811083891e-01 3
7 4.096918250766340179e+02 2.787999186192554602e-01 4
0 -1.024466914140229928e+05 7.941525384245160524e-01 4
28 7.814599383619126911e+02 6.689182016255778018e-01 3
26 7.814622813865887565e+02 9.436838560026558076e-01 3
6 8.211778571345814726e+01 7.331089922851670160e-01 2
3 -1.936777607078585561e+03 6.737804332866045298e-01 4
5 -3.849582312845086562e+02 2.674880780179044182e-01 1
11 7.592357213114074739e+02 2.830150315632091740e-01 1
0 -1.351925448150474695e+05 4.432480365044817461e-01 2
2 -2.202007106729335192e+03 1.740667716323640590e-01 2
11 7.679163817618085659e+02 9.787294282029326276e-01 1
1 -5.017376093578637665e+03 1.160761263024475409e-01 4
6 4.819184965601816657e+02 2.714230832213090361e-01 4
7 4.890298252554647433e+02 8.134261059833565455e-02 4
23 7.814829497234903783e+02 6.402567560129514002e-01 0
9 6.931254150974622235e+02 9.771541128948623145e-01 4
0 -8.603491051720089745e+05 9.878767763175156924e-01 1
0 -3.959482328011200298e+04 9.353724716931028915e-01 1
2 -2.258505028226599279e+03 8.134314028850249123e-01 1
28 7.814965670952165055e+02 6.029741874273127911e-01 3
23 7.814111921661242377e+02 8.360818285172613162e-01 3
10 7.382762718278577267e+02 9.248614807413328975e-01 2
7 4.665268994510734615e+02 8.214565608206166880e-01 2
14 7.755903415882828540e+02 5.957628446885007145e-01 2
11 7.717453765775351258e+02 7.210467911994582479e-01 2
9 7.036853536937774152e+02 6.092789452866282929e-01 1
11 7.569557604162114330e+02 8.911804642953242706e-01 4
15 7.782595206572052575e+02 6.344245454176080656e-01 2
17 7.797935212338371684e+02 2.039475428468507934e-01 3
14 7.769062230493691459e+02 3.122814620797598195e-01 2
21 7.812528348403978953e+02 9.980478608957241704e-01 0
21 7.812445283433844452e+02 1.217603263397480512e-01 0
20 7.808892394705220568e+02 2.201518976250345025e-02 0
22 7.812834138867081037e+02 7.256791305252053847e-01 3
15 7.790905745631032460e+02 3.307271897226358170e-01 3
20 7.811903189109787036e+02 6.093015678112776445e-01 0
25 7.814183411043169372e+02 2.856666263520267132e-02 4
12 7.696686372766102977e+02 8.883565960399657513e-01 1
14 7.761601373212122326e+02 5.533100298367710224e-01 1
27 7.814997894256928248e+02 8.893064458237622816e-01 3
29 7.815168783859604673e+02 1.246011398263970199e-01 4
23 7.814188459438128120e+02 8.917337465103843952e-01 3
14 7.759989070073802395e+02 6.358491290639735061e-01 1
25 7.814854610241541195e+02 1.629968526209469581e-01 3
20 7.809764294037180434e+02 6.806553352007563840e-01 0
12 7.711247530000672441e+02 1.746776743861224723e-01 1
19 7.806284318098115591e+02 1.527064589777308301e-01 3
23 7.814899508458365744e+02 8.856398773928082502e-01 3
15 7.795893851255611935e+02 9.323265612883151476e-01 4
21 7.812347477999186367e+02 8.393615868470334362e-01 0
15 7.784648196555097002e+02 7.185811819546124024e-01 2
24 7.814440660883201417e+02 5.190511739654279921e-02 4
24 7.814028892054780044e+02 1.075452274783285506e-01 3
16 7.796941575479822859e+02 3.018775579034690404e-01 2
19 7.805303178459173523e+02 5.548068398159777814e-01 0
19 7.804429658606644580e+02 6.327712624152567189e-01 0
6 2.627609360618612868e+02 8.389472631709834483e-01 1
23 7.813817875325559044e+02 3.484921948781050105e-02 3
25 7.814107620052500351e+02 9.149788275088328593e-01 3
29 7.814533212403546258e+02 6.124918612477971980e-01 3
19 7.806555372890419449e+02 5.307458724169316078e-01 0
24 7.814123582777594947e+02 8.476114589074460470e-01 3
10 7.363979653117479529e+02 2.584705325235893136e-01 1
22 7.812974214703269809e+02 6.819914316999546866e-01 0
28 7.814366446329327118e+02 2.481193238679450519e-01 3
25 7.814683103408517582e+02 2.349750221753306723e-01 3
20 7.812467180119125487e+02 4.462587415720496442e-01 0
23 7.813815418259655416e+02 6.805749937637699531e-01 0
29 7.814840588963247683e+02 7.496587940220238444e-01 4
4 4.670572862120160380e+02 9.989259512595448642e-01 1
20 7.814727201892596895e+02 2.810468240368155790e-01 4
29 7.814556215743986058e+02 1.472444770980117223e-01 4
19 7.812034881742132484e+02 3.477250607246612502e-01 0
17 7.810732897930051877e+02 2.713545199904308092e-01 0
17 7.805185120599671791e+02 7.058874282917553256e-01 3
17 7.807581673457411853e+02 1.928997076251266485e-01 3
26 7.814567507896723555e+02 6.464330309747312597e-01 4
16 7.808396566992900034e+02 5.715521218950213589e-01 0
4 -1.724666362718349092e+03 8.514715496279940954e-01 1
26 7.814203899632107095e+02 6.643504286187411623e-01 2
28 7.814677821513033678e+02 3.303516504171066792e-02 3
16 7.812431962778156276e+02 4.772882018583929353e-01 2
28 7.814650089924940630e+02 9.755599335005253891e-01 4
19 7.807810808902219151e+02 7.111145743082261106e-01 2
22 7.813069291218350827e+02 1.321550941094387921e-01 3
29 7.814584475539902542e+02 8.191025608310127382e-01 2
1 -6.057476252175118861e+04 8.452193876304116282e-02 1
21 7.813801589402327181e+02 4.955754600208529537e-01 4
0 -8.353579832747271212e+03 1.553906604320638707e-01 0
6 4.591337839185863459e+02 5.542776276600340779e-01 1
26 7.814158760378130637e+02 6.269309052676774741e-02 3
6 7.573923399732340158e+02 2.638863079077630180e-01 1
10 7.803985769334979068e+02 6.425313903884628530e-01 2
23 7.813724021904305346e+02 3.175008815824172936e-01 3
8 5.904356666136548029e+02 6.977193184555741112e-01 1
27 7.814574030777667986e+02 2.733874045484405713e-01 2
29 7.814798305590203427e+02 2.723677134215929385e-02 3
2 -2.475185696791481860e+03 6.311860873618045931e-01 0
24 7.814145501937202880e+02 6.417116721440900839e-01 2
28 7.814428907500374635e+02 8.032933600543177288e-01 3
7 3.778884049331680330e+02 7.502663959730038190e-01 0
29 7.814457466522189861e+02 5.329782079076975099e-02 3
16 7.802965948807972154e+02 3.022005497539493879e-01 3
13 7.788476839148618183e+02 3.083057468701593251e-01 3
13 7.736500379849549063e+02 1.737700062457967279e-02 2
13 7.706959421659753389e+02 7.161808975266739097e-01 2
14 7.778839882372542434e+02 3.169521663141892653e-01 2
0 -4.526710147880774457e+05 4.073145995786422446e-01 1
0 -1.621452176183539268e+05 4.882812014329714900e-01 4
10 7.728100299026875746e+02 8.973653234021592429e-01 2
9 7.254493825908685949e+02 3.975790976640436458e-01 1
15 7.791793950759829386e+02 4.991961360776683843e-01 2
12 7.674184799364988976e+02 6.734282821777467509e-01 1
11 7.628681927092392243e+02 8.673452731529222026e-01 3
12 7.748277947077901899e+02 5.011463435130104616e-01 1
14 7.773686278797672458e+02 9.717791437134792876e-01 3
7 6.144042494299594637e+02 2.730685120794014153e-01 0
8 5.948557408612882682e+02 5.961316911787728490e-01 1
1 -1.984203925580928626e+03 1.545361700878458144e-01 0
3 -1.913225001435165950e+03 8.274242646909047982e-01 3
7 7.484681321085745367e+02 4.361220526388276397e-02 1
9 7.037671145453559802e+02 6.425370213578371903e-01 4
4 -8.886203131998265690e+02 4.679059510869063576e-01 0
7 5.397583809538189143e+02 9.386636893238602397e-01 4
4 -1.528924127867413063e+03 7.243595327770311343e-01 0
21 7.814647986655002114e+02 7.181892290562497116e-02 2
1 -6.871712867584285050e+03 9.299099820085321433e-01 3
26 7.814541206024385929e+02 1.152810519927611188e-01 2
12 7.625577454101232888e+02 9.536224900195735543e-01 1
4 -1.008185228997622062e+03 6.567989976180070855e-01 4
5 -2.553945835911085283e+02 6.934997932663833353e-04 4
8 5.729060058612652711e+02 9.358587955004810111e-01 1
1 -2.308777597232596599e+04 4.400941842793941738e-01 4
8 6.443787541485413612e+02 6.716233922958959601e-01 3
9 6.960757553560357564e+02 3.250094364581634920e-01 4
8 5.986158153595943077e+02 3.797214121279927634e-01 0
8 5.757841684906331921e+02 9.995648586249767931e-01 0
3 -1.863811678177246677e+03 4.800718987448149289e-01 4
20 7.809585611351883472e+02 9.858704984980671826e-01 2
13 7.716982528866122948e+02 2.829572872448027354e-02 0
19 7.809306218989729587e+02 8.200850212473735912e-01 2
11 7.617721500647487574e+02 8.093634406742157283e-01 0
5 6.994417138617915271e+02 7.383310293833672544e-01 1
1 -4.712606316882170358e+04 8.633734130722515721e-01 4
0 -7.592017174403382232e+05 3.221970178609809277e-01 4
26 7.814502435602032619e+02 1.384832688753991903e-01 2
27 7.814635481601987976e+02 4.815012248143553109e-01 2
6 1.521451345819723144e+02 5.629942932020091106e-01 1
15 7.792326400082165492e+02 7.614506979256210339e-01 2
4 5.501169554780969975e+02 1.894521481929238305e-01 0
6 1.326081543047588127e+02 6.105789884104010357e-01 3
6 6.834295837181421120e+02 7.525126497794119018e-01 1
29 7.814410994684765228e+02 4.824422854897060242e-01 2
22 7.814319006704845378e+02 2.309483126808027365e-01 2
19 7.804797451821646064e+02 7.485309580068779667e-01 2
1 -1.424888327954537999e+03 3.849647683278414889e-01 0
3 -1.819823218311760684e+03 2.998454474040139761e-01 0
0 -6.336560567636743654e+05 5.674753295071807146e-01 1
3 -1.991928907828525780e+03 3.932353763856193396e-01 1
4 -1.737497956486886096e+03 7.128624213324258330e-01 0
24 7.814540598236312690e+02 5.913897120907212202e-01 2
0 -1.315622155313342591e+04 7.632303926908088343e-01 1
2 -1.696184199488351169e+03 1.674971442416985923e-01 0
9 7.054048884633334637e+02 1.787982660680847158e-01 4
7 4.371145208244473679e+02 7.043726314086922180e-01 1
10 7.391185311311030546e+02 7.404133855501103811e-01 0
7 3.342940666946667534e+02 2.725648179291790818e-01 4
0 -9.613188414773473050e+05 1.732282508500880835e-01 4
27 7.814283377249839759e+02 4.967132587225929763e-01 2
11 7.669014459688355601e+02 8.454594504939416666e-01 0
29 7.814427662647678972e+02 4.218235426797380949e-01 2
12 7.631888954480856455e+02 3.122299781420245779e-01 0
11 7.659670041821483437e+02 8.356635027330251431e-01 0
14 7.748745212274052392e+02 5.979126192813399854e-02 1
24 7.814291455224013134e+02 2.181184669100811879e-01 2
13 7.720168523360945301e+02 1.127188875556957015e-01 1
2 -2.443266390168168982e+03 2.409391426515244267e-02 3
13 7.734063708999378832e+02 9.817342613992744438e-01 1
26 7.814516305985314375e+02 8.307587730008845206e-01 2
14 7.760252354653698603e+02 5.185388515049517144e-01 3
13 7.733173701877040003e+02 8.099734575436106088e-01 0
20 7.808529670841794541e+02 5.976535777296305696e-01 2
18 7.807147183835438682e+02 3.921040517833764283e-01 2
24 7.814053515258697189e+02 6.982962906246672485e-01 2
19 7.807956203275620055e+02 8.873938405374197647e-01 0
13 7.707958366346058483e+02 1.023998247871679146e-01 3
21 7.811874287129928689e+02 5.929989335905028192e-01 2
16 7.805373436540812691e+02 6.312379682448465701e-01 0
15 7.783307482550367240e+02 1.403143937569915067e-01 1
15 7.785575412369018977e+02 1.328409590563149889e-01 1
12 7.667422152556115407e+02 9.751511217827975031e-01 4
12 7.671603167709524769e+02 5.543560018130481160e-01 4
12 7.650730437836919009e+02 1.370967298775052079e-01 3
14 7.783714757137454399e+02 1.556729227032107588e-01 1
13 7.749773467025552236e+02 8.059116578880675119e-01 3
16 7.793894715201554391e+02 4.896247961011826466e-02 0
16 7.796167272116034610e+02 4.626368159127980384e-01 0
21 7.811130942170021854e+02 6.498443229793248177e-01 2
24 7.813902949906143931e+02 4.942847075593713169e-01 2
7 5.025367385773301976e+02 6.049874221593959378e-01 4
4 -8.102060282985432877e+02 8.188386120007913327e-01 1
19 7.805179823948109288e+02 8.166870996853011766e-01 0
5 -3.811450813786705680e+02 6.148126744415163270e-01 3
1 -5.244204351579189279e+03 5.236079296641786840e-01 4
9 7.000367898101865194e+02 1.459297267213743865e-01 3
3 -1.940666312618006714e+03 2.833456838526323684e-01 1
7 6.357520618163113113e+02 6.590154542296281504e-01 4
6 6.763245881262510011e+02 3.081431667228143878e-01 1
27 7.814621212002612083e+02 1.464431963736041453e-01 2
5 -1.166332035672412303e+03 6.324352797943426641e-01 3
28 7.814592854595214249e+02 7.311361189841260044e-01 2
16 7.795465786365024314e+02 6.640636975173337397e-01 0
16 7.797111502572636255e+02 7.366154214637640196e-01 0
18 7.805634193684356887e+02 7.103653923224682032e-01 0
12 7.622251324978442426e+02 7.598599809331147981e-01 3
29 7.814483280080271470e+02 5.023217061101750147e-01 2
18 7.801203780594207728e+02 2.087817921599517956e-01 4
9 6.946963803410919809e+02 7.671959628721556346e-01 3
0 -3.950292062460632296e+05 4.814468618525174493e-01 1
17 7.798538445874909257e+02 1.701115436473096820e-01 4
17 7.798022020163859906e+02 6.984042460488341930e-02 4
16 7.797681926396348899e+02 4.151938609937424474e-01 4
20 7.808420115511887616e+02 8.294870677343908483e-01 0
16 7.799058230061539234e+02 5.689857978920871417e-01 4
17 7.799932402727696399e+02 1.593172648958861015e-01 4
9 7.066141975736943550e+02 3.715524069710866018e-01 1
16 7.793454128966061489e+02 7.136784477876484400e-01 4
29 7.814428379985317861e+02 2.748237489171305725e-01 2
18 7.802201551511022899e+02 1.084043066903940256e-01 4
12 7.757982888040578473e+02 3.286332112028764740e-01 1
22 7.813562495443130729e+02 2.450857789911215986e-02 2
24 7.814532322174570709e+02 7.608474265048660312e-01 2
9 7.395077861421827947e+02 1.201982116286461899e-01 1
9 6.974924438735811236e+02 5.403394984029920023e-01 3
8 7.637264974907645865e+02 6.962843606604589564e-01 1
9 7.623570983143628155e+02 8.352863592441303053e-01 1
5 -1.051972664767162314e+03 1.742507434938406208e-01 3
27 7.814420727318005220e+02 6.020786542246510109e-01 2
6 2.664488081412171141e+02 3.847362432398693244e-01 3
22 7.812887910956478663e+02 6.910718483446736116e-01 2
17 7.799731557701517204e+02 6.546158836270742354e-01 4
10 7.505383846753488797e+02 6.097256884641469865e-01 1
8 6.910969819713645848e+02 7.659077978647044205e-01 1
8 6.337226750447175618e+02 4.074054870327309952e-01 3
2 -2.943337828038432235e+03 4.050170758338245136e-01 3
28 7.814462925931183008e+02 2.223628244865789583e-01 2
28 7.814383672353640122e+02 7.434089545592303949e-02 2
17 7.798941942915587333e+02 2.628556777215229068e-01 4
16 7.801912476350639736e+02 6.318300965873716590e-01 0
8 5.793691444925105998e+02 8.069629760720879730e-02 1
15 7.793979160099938781e+02 3.740322962936030726e-01 4
23 7.813645317948347611e+02 6.886904198332003402e-01 2
9 7.081972518650427446e+02 1.237388595949240333e-02 1
20 7.808854370080814533e+02 9.582658029105285413e-01 0
25 7.814706232309642928e+02 2.578139640557770562e-01 2
23 7.813758220389599956e+02 1.704521149920303347e-01 2
3 -2.208962629966989880e+03 6.644169280822026513e-02 3
19 7.810469009861733412e+02 4.882545376129749926e-01 4
29 7.814449224166975227e+02 4.676320083341352074e-01 2
24 7.814227897882195748e+02 1.112790444425401926e-01 2
21 7.811309777069993743e+02 5.424975172767014797e-01 4
19 7.806553837910292941e+02 9.251860423775137843e-01 0
2 -9.424310210227507923e+03 9.793576204697828080e-01 1
26 7.814494074066737994e+02 8.327634660381200149e-01 2
7 3.175217432661012253e+02 7.846864046628883316e-02 1
21 7.811476382088314949e+02 8.393031586942073519e-01 4
17 7.801843272506100675e+02 8.125627600517999483e-01 0
16 7.799708385407072910e+02 1.909474501805639435e-01 0
0 -1.053521620893128711e+05 5.206586729244710998e-02 3
21 7.811904130828738744e+02 3.100324044259603062e-01 4
10 7.514830691332216475e+02 6.014423922650421334e-02 3
28 7.814521849263112472e+02 6.543743468495866189e-01 2
8 5.654863265507233336e+02 9.431966794470074689e-01 1
20 7.810160877491889551e+02 1.905257157923003486e-01 4
21 7.811502672178875173e+02 4.148871029255385423e-02 0
20 7.811186956669615711e+02 9.638689414844368031e-01 4
26 7.814204474568435899e+02 6.058178111618910400e-01 2
20 7.810557968898041281e+02 7.921397000963100732e-01 1
2 -3.074473902567649020e+03 5.861755180927677999e-01 3
22 7.812669259480558139e+02 7.934626166919694912e-01 0
18 7.804947000919544280e+02 4.959300127477526132e-01 4
27 7.814405943898445912e+02 7.185480520185971720e-01 2
27 7.814473279322199915e+02 9.067047902589591146e-01 2
22 7.813035843706720698e+02 3.046597863991676314e-01 0
26 7.814208378262021597e+02 5.619077980147779705e-01 1
27 7.814355921021397080e+02 9.616577764934766681e-02 2
17 7.804147791280272486e+02 4.540319476531216036e-01 0
28 7.814485096507028175e+02 6.458716635482576462e-01 2
25 7.814859014066146301e+02 7.854939396973826815e-01 0
15 7.809469425397254554e+02 4.217663676288977981e-01 4
23 7.813718789628245531e+02 7.077960283527681140e-01 1
8 6.366435687424568641e+02 5.280749063838081625e-01 3
28 7.814459527218174344e+02 3.277469791897180684e-01 0
28 7.814331941317857400e+02 3.017205002165995742e-01 0
