# level_assignment log_likelihood tiebreaker ID
0 -1.115737569819337295e+04 8.173102352296803819e-01 1
2 -9.078066190469561434e+02 7.705410054082468818e-01 0
1 -1.180028778742429267e+03 3.526434341196843514e-01 0
2 -7.891476657026624935e+02 5.811098678846622345e-01 4
2 -2.740241090014210386e+02 1.525543901468455199e-01 2
4 -5.753637269869432203e+02 5.376965616484498112e-01 2
3 -6.532562832879950747e+02 4.140430488872454411e-04 2
0 -1.721641476020856089e+03 7.039715757409913399e-01 2
4 -4.260847586311687110e+02 2.596051404215486968e-01 0
4 -3.313449143924113969e+02 4.545074265398554303e-01 4
5 -3.668131753064546388e+02 1.781052741855860266e-01 0
1 -1.379035850162669021e+03 6.272805281935800448e-01 3
7 -2.706404389625982958e+02 2.777400224406449958e-01 4
5 -3.872700618997841957e+02 8.941554066307200177e-01 0
4 -5.305847431780166517e+02 7.848266186258018307e-01 2
1 -1.645225233855505621e+03 6.112391312386820097e-01 3
3 -7.389464138830624051e+02 2.563811029301188427e-01 3
4 -5.026988902911622858e+02 9.837389716476774293e-01 1
6 -3.120783082858351918e+02 3.947483875157378197e-01 1
0 -9.792966440299393071e+03 7.542609883570108309e-01 0
4 -3.716889893215801521e+02 5.849517561272500332e-01 0
0 -1.611830131037010915e+03 5.272750555652905291e-01 0
3 -6.070621852154889666e+02 6.792296570635029118e-01 4
6 -3.368025067859733781e+02 3.575130968902949791e-01 1
9 -2.598173720838425425e+02 4.337860823731844451e-01 3
11 -2.521257986344493247e+02 8.623932362578439204e-01 4
5 -3.268527062276733659e+02 8.472883532673283202e-01 2
5 -4.389486025811996797e+02 9.132686537369112401e-01 3
1 -1.240836832374924143e+03 5.005188237783966265e-01 3
9 -2.540924418851967630e+02 9.105145713217932535e-02 0
6 -3.135976323364099017e+02 5.780474672680036008e-02 4
12 -2.529536389321200431e+02 8.138119036138348195e-01 1
8 -2.604966291043715501e+02 6.564607477336528163e-01 3
13 -2.520146036356397872e+02 7.243864665127164315e-02 0
13 -2.520822832694482827e+02 4.500651617886017863e-01 3
14 -2.510034708892488879e+02 6.984804977752876454e-01 0
11 -2.527557801902509027e+02 5.103714327484764057e-01 4
9 -2.613478247377029220e+02 3.476954655768409452e-01 1
15 -2.507611635714789031e+02 8.453894884443585722e-01 0
4 -5.087619082987180263e+02 9.272016339282445063e-01 3
15 -2.510112995878009770e+02 1.107522174189998765e-01 0
12 -2.519096484091736556e+02 7.453188634642166077e-01 1
14 -2.514544444405844672e+02 6.604985193429019352e-01 1
9 -2.537546411091971379e+02 8.280838019435527997e-01 1
14 -2.511109731002530339e+02 3.262705714287921777e-01 2
16 -2.508038821262324518e+02 2.452343897927136696e-01 0
18 -2.503676362064060754e+02 2.634560701320118881e-01 0
4 -3.598201277610453417e+02 3.594177513305202853e-01 4
16 -2.503839741870102387e+02 1.942012076042001212e-01 3
17 -2.504805523619191092e+02 5.492418954222196836e-01 0
7 -2.900405365384352763e+02 7.328141399638591347e-01 1
18 -2.503961383590257128e+02 7.968811150997812121e-01 4
17 -2.504740713096176421e+02 2.837890831813225656e-01 4
9 -2.580705922924915399e+02 2.399530063841361915e-01 0
14 -2.513187972768944860e+02 6.470051271617531796e-01 2
18 -2.504511188092111524e+02 6.070854916641634791e-01 2
14 -2.508697906834725870e+02 7.988245396804187770e-01 1
16 -2.506786394774420614e+02 6.475756551651914439e-01 3
20 -2.501824498356035633e+02 2.680050905932049865e-01 4
20 -2.501775531910504355e+02 7.479485000469970890e-01 4
13 -2.515804317916943660e+02 2.671199159759041208e-02 3
15 -2.511516064965038595e+02 9.061567261040187615e-01 2
21 -2.501842440884732923e+02 8.261472447994727686e-01 4
11 -2.540222543841721574e+02 1.092137698085227093e-01 0
5 -4.049153533418731286e+02 8.930055295472936194e-01 3
18 -2.502102728787090200e+02 9.790806337443603846e-01 2
9 -2.566661645402988370e+02 7.442513617865693654e-01 0
10 -2.553157581400310221e+02 5.896984680867956019e-01 2
19 -2.503392234407917272e+02 5.827423160750417885e-01 3
19 -2.503611199740024631e+02 5.692145218173569887e-01 3
5 -4.311594434198403860e+02 1.327821191336735485e-01 2
21 -2.502321646763651870e+02 3.621269637873076874e-01 4
14 -2.511965798411440005e+02 7.607168186051779246e-01 2
15 -2.508608646589534033e+02 8.220966281865241809e-01 4
19 -2.502834553260172470e+02 7.556092836431393955e-02 3
18 -2.504020519252540851e+02 4.996159261007411256e-01 3
18 -2.504991181310329580e+02 7.126145160847739968e-01 4
20 -2.502794495517765370e+02 8.200916570728227217e-01 4
21 -2.502344622077869758e+02 3.068469107446059052e-01 4
16 -2.508642680755638139e+02 8.167248887327578366e-01 1
17 -2.505031942632829498e+02 9.885723939923439785e-01 4
14 -2.514947563259045467e+02 3.151123207817518868e-01 0
9 -2.557291992553665523e+02 6.029121445900138543e-01 1
13 -2.514976690599467588e+02 3.488154633283153672e-01 1
24 -2.501066410672314362e+02 2.716909566350835803e-01 3
17 -2.506212043510939793e+02 5.190413375666915741e-01 1
19 -2.503147937523143298e+02 8.884733498651269379e-01 4
25 -2.501215264772040427e+02 1.951890265326275964e-01 3
20 -2.502499762357654731e+02 5.883919175604920143e-02 4
21 -2.502250202194187239e+02 4.265348932845734048e-02 4
20 -2.502856325734926202e+02 3.207981868853488905e-01 2
21 -2.501848237654384661e+02 9.949469974026747821e-01 3
14 -2.512595437845335198e+02 3.028282139617867741e-01 4
16 -2.505400358675416896e+02 8.092245333508265581e-01 2
17 -2.506217944043835359e+02 3.541078145522682519e-01 1
17 -2.504537147431870210e+02 1.905076466607376062e-01 1
20 -2.502995471028990835e+02 1.027580438563953022e-02 4
12 -2.514617466477994583e+02 9.743977978699798204e-01 1
22 -2.501674505043096133e+02 8.327774637067213437e-01 3
14 -2.512785244884890972e+02 7.997008665382607795e-01 0
18 -2.504759733755607272e+02 4.496089268343883560e-02 2
13 -2.518075714209380749e+02 6.126958927634521546e-01 0
14 -2.509844563449994439e+02 6.999247513173566526e-01 4
2 -8.175177320616392080e+02 9.871687014311856245e-01 1
18 -2.503544815842086280e+02 5.369878127289217096e-01 2
21 -2.502360126337250108e+02 5.111140622382290832e-01 3
17 -2.504957897646480092e+02 8.229997306493055387e-01 4
3 -5.129214652478552807e+02 2.739740824505401129e-01 2
16 -2.503551829481745301e+02 7.771258271511790605e-01 0
18 -2.504802047109375849e+02 8.150132272649281973e-01 3
16 -2.506502625990626996e+02 7.574936501337518058e-01 0
18 -2.503813303895848890e+02 8.713159512820924935e-01 4
15 -2.510996566740695926e+02 6.902968914641276488e-01 0
7 -2.971610656189919268e+02 8.361987782065817276e-01 1
23 -2.501356913359717282e+02 3.752068793625337184e-01 4
18 -2.504407205247921979e+02 8.184320685721369060e-01 0
23 -2.501513818015548054e+02 2.054300603824135152e-01 0
23 -2.501475582696807294e+02 9.983793317509175314e-01 3
22 -2.501799543093034686e+02 4.613832077540450660e-01 3
6 -3.084525891594624909e+02 4.393848759320958530e-01 1
27 -2.501077991741159394e+02 8.064980042811900063e-01 0
28 -2.500908771962955939e+02 3.308624985944524921e-01 4
18 -2.503562183878937049e+02 3.406484441647061323e-01 3
26 -2.500953804411460908e+02 1.714340338105326822e-01 4
24 -2.501232032072212235e+02 5.423829615728603670e-02 3
23 -2.501633496128344518e+02 7.331504294864426008e-01 2
29 -2.500863147504423409e+02 2.660525104493904891e-01 4
23 -2.501623622553178166e+02 9.432326121205774072e-01 2
25 -2.501119207321794988e+02 8.854864035108249709e-01 3
29 -2.500750050313295958e+02 8.997127808276172978e-02 4
28 -2.500991704533703341e+02 4.979027628311282205e-01 0
22 -2.501745598701552638e+02 9.018892493815838796e-02 2
27 -2.501088862603679104e+02 1.755957783334342048e-01 3
2 -9.906722610521599108e+02 5.820071133025708221e-01 1
24 -2.501385353645601128e+02 8.432440474378916084e-01 2
25 -2.501160425045410705e+02 8.386271986596607331e-01 0
26 -2.501108407151161828e+02 1.247803506387139549e-01 3
7 -2.764133208038829252e+02 6.302787555959822319e-01 1
26 -2.501115108660620194e+02 6.696939979051138581e-01 0
24 -2.501397096451731556e+02 8.299248697478640580e-01 2
21 -2.501630297318787370e+02 2.187090909147753059e-01 2
26 -2.501137396224209795e+02 5.976492393046383550e-02 0
26 -2.501144007055064549e+02 9.346436407370530830e-01 3
23 -2.501604832054517260e+02 8.016272159225527050e-01 0
26 -2.501109277082377957e+02 7.589130729097441630e-02 0
17 -2.503804183966979338e+02 3.062402356399193115e-01 2
18 -2.503897367203374529e+02 8.112627325161995140e-01 2
20 -2.502358010900821341e+02 5.258962325442517738e-01 3
15 -2.510535411884384303e+02 9.268946929386348010e-01 1
29 -2.500845079716449106e+02 4.214507822521951219e-01 3
27 -2.500865217951781005e+02 7.894553492724876165e-01 3
2 -8.644014649697629693e+02 9.246314469657409552e-01 1
26 -2.501062935528536570e+02 9.973031665873710594e-01 3
26 -2.501035094885864396e+02 5.267320406279658584e-01 3
14 -2.514949856053150938e+02 5.796770368479764457e-02 1
16 -2.506679765622286595e+02 6.111304692376233749e-01 1
8 -2.629143497699076875e+02 4.798923712183786883e-01 1
8 -2.712608720642635944e+02 1.745784909081402603e-01 2
7 -2.972821707944377749e+02 6.531793754040917666e-01 2
7 -2.709969064721452696e+02 2.319071993526287956e-01 2
2 -6.256737465243787710e+02 2.055949742962903670e-01 1
17 -2.506657430874911370e+02 2.063250220062256002e-01 3
17 -2.506827802272719907e+02 1.825347475340945991e-01 0
18 -2.504209702314477113e+02 4.206977824216446837e-01 0
18 -2.504771357303861805e+02 8.054737900386577110e-01 1
9 -2.585597000459227388e+02 8.460113072981195748e-01 0
3 -7.542582702244296797e+02 2.980945018496871102e-01 3
2 -8.408225216044538683e+02 6.753064009524423206e-02 3
0 -1.940047224496421450e+03 4.094232491855203659e-01 3
10 -2.571438552654958585e+02 2.023434479319771995e-01 2
11 -2.535446484019953459e+02 6.541707272835365350e-01 3
12 -2.517775523142126985e+02 6.173753091290105077e-01 0
5 -4.373911290583300229e+02 5.289555638803190574e-01 1
1 -9.550927038296084675e+02 3.512366265677329125e-01 2
17 -2.505442755345582668e+02 9.238893504181258098e-01 3
18 -2.503865025504422590e+02 3.486430293770222955e-01 1
11 -2.514715405994801927e+02 2.562829088678638123e-01 1
27 -2.501077952204060182e+02 8.356915208668219686e-01 4
21 -2.502308170279072783e+02 1.325128263403393958e-01 3
19 -2.503721830808011646e+02 3.385355063826560595e-01 1
29 -2.500850714080681030e+02 1.568485328211268737e-01 4
12 -2.525116466343685886e+02 6.515288799026706101e-01 3
13 -2.513992498801304407e+02 7.189398284175712028e-01 3
26 -2.501052923720536114e+02 4.862949690229030897e-01 4
12 -2.527848775655963607e+02 1.240228915871717241e-01 0
29 -2.500840502144255595e+02 8.560345222343924698e-01 4
22 -2.501702128414567028e+02 7.072894734812725792e-01 3
24 -2.501190749555182720e+02 9.272926798100360468e-01 1
9 -2.531356964497462627e+02 8.580185322943812976e-01 0
27 -2.501011049122698466e+02 7.021730600944292577e-02 4
29 -2.500769819965170200e+02 8.143832487665261799e-02 4
24 -2.501316216947452631e+02 1.147753078875199811e-01 1
26 -2.500979370024545858e+02 8.679507279084064386e-02 1
28 -2.500897700449056629e+02 2.528936322689909755e-01 4
2 -6.296044139604599650e+02 7.027179681056509031e-01 3
29 -2.500852019814771268e+02 1.064252692452596349e-01 4
26 -2.501117162484115113e+02 4.905735568273270619e-01 4
24 -2.501228837481600920e+02 4.987258752975787246e-03 4
26 -2.500994692213552923e+02 9.592271364019239188e-01 4
21 -2.501975177407337299e+02 2.586199524676109363e-01 1
24 -2.501365974623817863e+02 7.722019752653426217e-01 1
26 -2.500986716811368638e+02 9.711434533266434244e-01 4
7 -2.717487539728208503e+02 4.304610685908283330e-02 0
2 -8.643574808939436025e+02 7.047852462275137064e-01 2
6 -3.584892431229114891e+02 6.647817418619226260e-01 2
2 -7.131534409601398465e+02 1.292528137569721736e-01 2
12 -2.525697454573034122e+02 2.905604310814260960e-02 3
6 -3.020069284993003862e+02 7.532142101967099768e-01 3
26 -2.501143717150357020e+02 4.416126606988748371e-01 0
23 -2.501231761255882304e+02 2.518962411293459436e-01 4
2 -8.488205841027831866e+02 3.701646168633407896e-01 3
21 -2.501870306434427675e+02 2.507088564456765312e-01 4
5 -4.304381072007424223e+02 4.745354584278966281e-01 3
12 -2.519727088636290091e+02 9.417132577912408209e-01 2
4 -4.259046785305598064e+02 2.690732329197911277e-01 3
25 -2.500834943291504544e+02 5.890651434067972758e-01 4
9 -2.557147192559698112e+02 4.911604036900980574e-01 0
8 -2.759624484358156451e+02 8.441318726685395624e-02 3
11 -2.543320974909367180e+02 9.017528135945154233e-01 0
2 -8.033717221495541025e+02 3.626248205522946133e-01 3
26 -2.501073335226412553e+02 3.093686783688589514e-01 4
11 -2.532420975195086612e+02 5.627300941058930306e-01 2
0 -1.272101493102072027e+03 6.361446171982638731e-01 0
10 -2.560184302787028514e+02 7.651601837582806542e-01 2
4 -4.742618066962325543e+02 7.242007944147240694e-01 4
4 -5.696437313094687624e+02 7.899893802117380348e-01 4
8 -2.716575219174038693e+02 6.280476381875901293e-01 2
10 -2.544740735890453607e+02 8.231196964845048925e-01 4
5 -3.588096531091472912e+02 8.287539985387115671e-01 1
5 -3.135714604998944424e+02 2.935469620529831958e-01 3
2 -6.386079066144392300e+02 4.670679991485116034e-01 0
17 -2.506564808297418381e+02 2.735089681042571774e-01 4
3 -5.338529624955413055e+02 3.964518279871800943e-01 3
2 -9.389629278713166514e+02 8.990507693147398172e-01 3
13 -2.510333149112120168e+02 2.092190762505357488e-02 2
11 -2.534706121214211407e+02 2.294653594108684302e-01 3
0 -1.313022118215141745e+03 7.272077792555304843e-01 2
7 -2.651109811757677335e+02 5.990686554991627583e-02 3
5 -4.175594205815139617e+02 4.390900940753478809e-01 0
0 -6.295163965069280039e+02 1.163595521422735729e-01 1
1 -9.504382546598105819e+02 8.888987085294849377e-01 3
6 -3.289541106847318588e+02 1.913737277668641212e-01 1
1 -7.283993069615291915e+02 7.172522681854127669e-01 3
19 -2.503205460543014169e+02 3.146148855257335786e-01 0
18 -2.504562412075981115e+02 3.035124777314379685e-01 0
1 -1.057019545683084971e+03 3.642083232545230143e-01 3
1 -6.398747298626688007e+02 9.455424646559391633e-01 1
20 -2.503056429524768589e+02 3.256916725206894236e-01 0
21 -2.502140544409833751e+02 9.664077397002133196e-01 0
19 -2.503689089788098840e+02 1.978345095252286856e-01 4
11 -2.530054805299645295e+02 2.952614057098235101e-01 1
22 -2.501696455349614894e+02 8.396212474049598029e-01 2
15 -2.510662471591554663e+02 7.038308458685156310e-01 3
16 -2.507650266968894925e+02 3.826447946411323797e-02 0
20 -2.502849120358846449e+02 7.707002284131260206e-01 1
23 -2.501470326317577815e+02 5.674649491597305584e-01 2
1 -6.187508873626766217e+02 8.792920814099822735e-01 3
7 -2.953004339446311519e+02 6.471886550492342849e-01 3
11 -2.534551575678870279e+02 7.582235187551020772e-01 1
13 -2.520689034503180039e+02 7.849151556767998139e-01 0
22 -2.501777309949595747e+02 9.616805116428679412e-01 2
19 -2.503330827135372374e+02 1.826843615669275778e-01 0
24 -2.501366777413189197e+02 5.016103251729400192e-01 2
5 -3.177022475021996115e+02 1.644889856817731699e-01 4
9 -2.542621295046355101e+02 3.323836007771877599e-01 1
13 -2.519212315702408205e+02 2.980077392131485481e-01 1
6 -3.194261222754885239e+02 9.983005344013864413e-01 4
10 -2.560921657054782372e+02 6.879103679439825259e-01 1
15 -2.510760297289309051e+02 4.435778833052957948e-01 4
26 -2.501118215430449823e+02 7.103377339498646581e-01 2
6 -3.104124585468500186e+02 7.120915239071593517e-01 1
7 -2.543644402388567016e+02 1.993007138376806375e-01 1
0 -1.667773401730794285e+04 2.765040578978170127e-01 4
20 -2.502516517521772244e+02 2.162940909358179453e-01 3
24 -2.501368791370325368e+02 6.383864715935924083e-01 3
3 -3.684790701691549657e+02 7.784401273184384795e-01 1
23 -2.501436266439382052e+02 1.391593801235335714e-01 3
13 -2.518905668378475298e+02 2.093306522834972316e-01 1
27 -2.501075691901647247e+02 5.043040844717572302e-01 2
13 -2.520320753007831627e+02 8.982668013303193311e-01 4
7 -2.614321945408657371e+02 1.244062953144730033e-01 4
11 -2.531261619186100802e+02 2.979063896111553977e-01 1
24 -2.501384339175746732e+02 9.461610677064408170e-01 2
25 -2.501231341047089245e+02 3.979112794983485912e-01 0
23 -2.501569423729673645e+02 7.805498952310072625e-01 2
25 -2.501219052426662586e+02 7.682301300680265399e-01 0
15 -2.510519087157945251e+02 8.664008944386977218e-01 1
18 -2.502811637548634280e+02 9.386972459562015203e-02 0
22 -2.501882128756092811e+02 5.550511653039609250e-01 0
19 -2.502590599071014594e+02 2.431166275226182560e-01 2
0 -7.797813820335766650e+03 8.895464689622789578e-01 4
19 -2.502830341307243316e+02 1.355615389490323341e-01 0
29 -2.500866923342610448e+02 1.130077119229550842e-01 2
23 -2.501359096726539235e+02 8.079272428731306688e-01 0
15 -2.505652137854622197e+02 2.650704871711023758e-01 1
11 -2.528821733524865181e+02 6.840229257150426401e-01 4
11 -2.520301024903151301e+02 9.943303402975978145e-01 4
20 -2.502955008948953548e+02 1.447810747396388424e-02 3
5 -3.499027355288692434e+02 6.625137110910035432e-01 1
28 -2.500921074597921461e+02 2.190338234748843149e-01 2
14 -2.510701789527027472e+02 7.297108314068490031e-03 1
10 -2.558615241169164847e+02 2.708833170365361198e-01 1
12 -2.520007492397255362e+02 2.176245008091548527e-03 1
29 -2.500863003153545492e+02 7.846234005396035549e-02 3
25 -2.501035168868658616e+02 3.333614839222667214e-01 0
27 -2.501060612923903079e+02 5.976414449930123052e-01 2
4 -4.978677767458746075e+02 9.275469262347135757e-01 1
1 -9.224212604487529461e+02 8.438573099168166225e-01 1
18 -2.503939868823050006e+02 1.040370678823090422e-01 4
7 -2.608633705355797474e+02 3.918374429486636834e-01 4
29 -2.500830253890140682e+02 2.327947027138801417e-01 3
6 -3.034367524836982852e+02 3.180254245401388236e-01 4
22 -2.501335104481727285e+02 2.029031974832387064e-01 3
18 -2.504646572210350541e+02 2.854975735800309167e-01 3
20 -2.501900107219513529e+02 2.297321608829533679e-01 3
25 -2.500991451508242278e+02 5.088717384764878116e-01 0
17 -2.506490533519146311e+02 6.797264082530780627e-01 3
15 -2.504404155233828817e+02 7.948929570984574200e-01 3
15 -2.507900375948568126e+02 4.456742874118309050e-01 3
10 -2.559346559373503567e+02 5.247079005169691390e-01 1
23 -2.501283946820026074e+02 9.371090525825724882e-01 0
7 -2.542713638373684830e+02 6.579437302037334234e-01 0
6 -3.586488762876480791e+02 8.281927870769262290e-02 3
15 -2.508607355522793227e+02 2.417379531302051576e-01 2
2 -9.770658651841094979e+02 7.954216945242693626e-01 1
10 -2.569301448324825969e+02 2.902961511996665078e-01 1
6 -3.404610624140013897e+02 1.471220551478236160e-01 4
7 -2.767794583940694793e+02 8.718228447709632789e-01 1
18 -2.504360328963055906e+02 7.355773088239812019e-01 0
19 -2.502609473496981991e+02 9.261820250780683494e-01 4
13 -2.518038853545509710e+02 3.523446780236894615e-01 4
12 -2.522836607055845661e+02 3.887298091542206180e-01 4
19 -2.503490827523795019e+02 9.188279502909759699e-01 0
12 -2.525578957988358866e+02 4.058558532642377870e-01 3
13 -2.518952325407828710e+02 2.332666300424790506e-02 1
21 -2.502174682996845831e+02 6.033656798981930081e-01 0
18 -2.503031410306675468e+02 1.360509422855771255e-01 0
19 -2.503579981255564917e+02 4.934551341667359203e-01 3
6 -2.966026353959262565e+02 4.877659873887800202e-01 4
15 -2.505024387105759445e+02 4.649446009978077110e-01 3
11 -2.520067185118957411e+02 3.511672245588394747e-01 2
11 -2.539069305466348396e+02 2.891020822635377296e-01 2
6 -3.333262393352475783e+02 8.087307494224095228e-01 4
1 -8.824632879299228989e+02 9.876929716739043519e-01 4
6 -3.120366012958099873e+02 9.888311302384840129e-01 4
12 -2.523388488721222132e+02 7.713640526738394509e-01 0
22 -2.501539313233110704e+02 9.667152551242939040e-01 2
6 -3.068364495721058347e+02 6.495859846293067230e-02 3
7 -2.998108248877967981e+02 4.364476051042087690e-01 4
7 -2.676965774084706595e+02 8.603295681562379560e-01 4
0 -6.316328770566678031e+03 4.203158373587559948e-01 3
5 -2.745924468935924097e+02 3.919990778383158903e-01 3
3 -7.042858937615797004e+02 8.011835159905864590e-01 4
3 -4.353749593969459397e+02 5.539545912831834729e-01 4
9 -2.590583083923716003e+02 1.413936455482378562e-02 3
24 -2.501117588776129992e+02 5.785458711270534682e-01 2
22 -2.501858622016563913e+02 2.673553227985948078e-01 3
28 -2.500885999780187490e+02 9.893025248274156525e-02 2
9 -2.557774836584164291e+02 4.518089425559270733e-01 1
26 -2.501129540690906197e+02 7.218675658348336910e-01 2
3 -7.639667026709380480e+02 1.047224938492385127e-01 0
1 -9.490801338603084787e+02 4.961517087712520313e-01 0
16 -2.508498953039378137e+02 2.397227246988293814e-01 4
16 -2.506582533804548802e+02 7.408764839005880232e-01 4
9 -2.573473080059861218e+02 4.159349818122377584e-01 1
25 -2.501172348482747907e+02 6.069117097101823788e-01 2
1 -1.518854698545697829e+03 2.160277090234002106e-01 0
21 -2.502342270483258062e+02 3.788941443734082926e-01 4
26 -2.501107471582471646e+02 7.230420299945841123e-01 2
22 -2.501774540427879003e+02 6.964436801778550734e-01 3
25 -2.501183690567236795e+02 9.548566659065284012e-01 3
23 -2.501242574022461724e+02 5.852494345168295364e-01 2
4 -5.080902742748942273e+02 9.785992987273686161e-01 1
3 -5.596469802751938687e+02 8.601286091326825201e-01 1
27 -2.501074543925421381e+02 4.493461313650409794e-01 3
27 -2.501064497203692838e+02 7.748691098623613494e-01 3
23 -2.501407331117487161e+02 5.315265157790963757e-01 0
22 -2.501812520620501346e+02 8.440701989696464125e-02 3
24 -2.501182302760235814e+02 8.716771948110213497e-01 3
9 -2.584450253745777104e+02 6.465348469876319726e-02 1
28 -2.500984851486259117e+02 7.870486989837632841e-01 2
22 -2.501907285526787632e+02 6.353065881222627054e-01 0
19 -2.503338403154457410e+02 6.985861482587674143e-01 2
20 -2.503027418601971021e+02 9.335604764927706301e-01 0
29 -2.500892211765144566e+02 9.700254618046031396e-01 3
7 -2.746317031769668233e+02 7.923529029294925641e-01 1
13 -2.511293822721608251e+02 5.071900296018122534e-01 4
10 -2.539811988199322172e+02 3.611054906437638490e-01 0
15 -2.511353346006882248e+02 9.121990743595886908e-02 4
29 -2.500840348346923747e+02 6.502991577446053384e-01 2
29 -2.500849978858453539e+02 3.781470492962866747e-01 2
11 -2.517592472837890227e+02 5.008916334596424935e-01 4
22 -2.501612941353963038e+02 9.646183559325081092e-01 2
17 -2.505521350074756697e+02 8.419059583314796313e-01 2
3 -7.677276202750048242e+02 2.238067792522921151e-01 1
12 -2.508308015826844155e+02 1.488940725110161623e-01 4
27 -2.501031196427226178e+02 3.221395094770482803e-01 3
20 -2.503023145555688416e+02 5.497946435190605996e-01 2
15 -2.511376794339789171e+02 8.594600525811091352e-02 0
21 -2.502456706647370197e+02 4.780618050257623430e-01 2
7 -2.967532704379526649e+02 2.384608298897816780e-01 1
21 -2.502331102128592875e+02 5.035155923092460295e-01 2
2 -8.344946237007463878e+02 6.048705065425330485e-01 4
1 -1.053112776077485250e+03 5.526488482055974538e-01 1
0 -2.733721264414779398e+03 5.319038076468129983e-01 4
26 -2.500871090655217301e+02 8.061687422224782518e-01 3
22 -2.501434127672778231e+02 3.410478465850523833e-01 3
18 -2.503801321504111286e+02 9.776287417590232565e-01 2
10 -2.562669723487144893e+02 4.683572627940446598e-01 0
4 -5.590083319150324996e+02 8.760541335317388878e-01 4
20 -2.502696623780683183e+02 1.238793515081431929e-01 2
22 -2.501573130518626158e+02 2.292548994436501703e-02 3
27 -2.501030692520793082e+02 6.111621136081945016e-01 3
22 -2.501727256475210197e+02 2.136279308175090264e-02 1
6 -3.137064265455846908e+02 1.000698496134389825e-01 0
19 -2.502935366129954105e+02 2.318658232051860335e-01 1
13 -2.517505454281287598e+02 8.961903690451329396e-01 2
18 -2.504808088043153020e+02 2.363900944672577831e-01 1
7 -2.983512929933867781e+02 5.864172507241497412e-01 4
26 -2.501099945556171917e+02 9.933708083296678426e-01 3
18 -2.505014932244450847e+02 5.455405832708493108e-01 1
2 -9.850526513205336414e+02 6.450500952082187656e-01 4
8 -2.707053724972962527e+02 6.590150029946568733e-01 2
20 -2.502175431823965255e+02 5.384852976120815260e-01 1
28 -2.500907780262174924e+02 7.264031181179203545e-02 3
29 -2.500874615736606188e+02 3.314616361144227530e-01 3
23 -2.501608860525706461e+02 5.247591843370825737e-01 1
29 -2.500872098439197373e+02 9.547151571989298188e-03 3
11 -2.520948091123413519e+02 1.302342254041417569e-01 0
23 -2.501485310449413646e+02 1.277983265611090380e-01 1
23 -2.501158563364091378e+02 4.844494744401097730e-01 4
26 -2.501135393054030658e+02 3.411082822554347693e-01 3
29 -2.500816057144542981e+02 6.631022572607250254e-01 3
26 -2.500903000920681620e+02 9.276533376032327638e-01 4
29 -2.500827968671777626e+02 2.086089353827900728e-01 3
20 -2.502818256817356541e+02 6.332106545366134043e-02 1
22 -2.501790491794057232e+02 9.372321554413093336e-01 1
29 -2.500809988683961080e+02 1.166788214499521331e-01 3
24 -2.501370755606526473e+02 6.476260096656473175e-01 1
27 -2.500978202308588720e+02 6.215474584560434224e-01 1
7 -2.892526639492483014e+02 6.182545479347838491e-01 0
6 -3.298646385512315646e+02 1.270710411987512611e-01 2
29 -2.500872944579199952e+02 6.472574446443797314e-01 4
4 -4.362687998257937920e+02 9.011123735937065504e-02 0
3 -5.273928043834588379e+02 3.334027226707716451e-01 0
4 -4.805055464028387746e+02 8.274866913681084846e-01 2
23 -2.501529519268261765e+02 2.406549373297262040e-01 4
16 -2.506363190183525660e+02 2.073962327406874973e-01 1
24 -2.501258279200967536e+02 5.020522784589681597e-01 4
29 -2.500814068386161466e+02 2.505236596709536911e-01 3
13 -2.518249498122206376e+02 7.793649742282854342e-01 1
8 -2.643291028137143712e+02 1.908648891154172134e-01 2
4 -5.662424828079479084e+02 2.785904010733624148e-01 0
8 -2.727849418556942283e+02 7.276029663104849332e-01 0
22 -2.501058945638478974e+02 2.066163595156025878e-01 3
9 -2.582846273621069599e+02 4.019895279337726279e-01 1
7 -2.655692540316530881e+02 5.764733551658769439e-01 2
0 -7.087830325708117698e+02 2.248317237280053060e-01 1
7 -2.769027702942533438e+02 2.369463792634767252e-01 2
15 -2.505154727622726512e+02 5.083270069986688400e-01 0
1 -1.747590357952783052e+03 1.382741285213028200e-02 2
7 -2.684634921366328513e+02 4.581971067587580215e-01 4
19 -2.503715494893920663e+02 7.204869793629040675e-01 3
8 -2.681607279313258800e+02 9.536570875550515192e-01 0
5 -3.108600003919193568e+02 2.713796436754840613e-01 4
4 -5.240790659254869297e+02 3.995889948139963455e-01 4
13 -2.512282898201321473e+02 8.340631137800370576e-01 0
2 -9.482203962238381791e+02 6.327894572379872962e-01 1
10 -2.552798190670238796e+02 5.889507229553055945e-01 3
16 -2.507751141578409317e+02 7.894744558714510418e-01 2
11 -2.538716533425832722e+02 3.639724223454601781e-01 1
15 -2.509973194089834010e+02 5.716485424080919309e-02 1
19 -2.503819292839104378e+02 6.849870197504511760e-01 3
19 -2.502513371485442519e+02 7.686463771902709574e-01 2
11 -2.527291318856443638e+02 4.952592742674534754e-01 1
18 -2.502601167034453624e+02 9.102378835340658725e-01 2
23 -2.501624951505044407e+02 9.451047194591071232e-01 2
24 -2.501396249487593195e+02 8.016345981676664678e-01 2
19 -2.502745418275398492e+02 9.043390912511530821e-01 2
5 -4.058889306158957879e+02 3.755985398812831111e-01 0
9 -2.590760212714213253e+02 4.420029952063098122e-02 4
17 -2.506798400624229828e+02 2.684197420371452480e-01 4
15 -2.510782020266071584e+02 2.799028955373397132e-01 3
15 -2.505047706774228118e+02 8.629841176421705340e-01 1
21 -2.502231737283439088e+02 9.985028561728849228e-01 2
19 -2.503721349224358335e+02 8.944498096364306150e-01 2
20 -2.502669350027100563e+02 7.998316137526599867e-01 2
8 -2.757480155226571696e+02 3.832271772056401737e-02 3
9 -2.559249430838562773e+02 8.088035028365213597e-01 0
20 -2.502280034301666660e+02 1.473066622322937169e-01 2
11 -2.535049827294502052e+02 7.979139416348306479e-01 4
17 -2.506739165550949906e+02 9.377189518404334123e-01 4
16 -2.506012737727242268e+02 6.535394345496994273e-01 1
8 -2.578193483086315609e+02 6.962047625021542396e-01 3
15 -2.511185737956406854e+02 3.920631400028343205e-01 2
15 -2.507486825675537716e+02 3.077699902780183239e-01 4
25 -2.501239907264248359e+02 2.511086983011366902e-01 0
13 -2.518717714969039321e+02 3.488263173160990327e-01 3
6 -3.089868939250974336e+02 8.040530713417082254e-01 1
4 -5.412940335433195287e+02 6.320817071429818412e-01 3
2 -8.473501708013415055e+02 4.520623371875823748e-01 3
16 -2.505796875180661232e+02 7.723699700502580923e-01 2
4 -2.531739031250025107e+02 5.107208653298722645e-01 4
10 -2.559489960888903965e+02 4.891996863681128405e-01 4
6 -2.761514968919989883e+02 9.348629921460549497e-01 4
8 -2.527322736007236017e+02 9.160094597297370189e-01 3
20 -2.503058621809372539e+02 2.500396096433897264e-01 1
7 -2.792978011074467304e+02 8.798705715619359324e-02 4
23 -2.501431507125148244e+02 9.507198763756253834e-01 0
6 -3.354973996457650856e+02 6.709460573240673131e-01 3
23 -2.501578587004878216e+02 8.818850462453770023e-01 2
13 -2.516268715887950407e+02 6.453013407144860825e-01 1
8 -2.537567429593789825e+02 1.479436196377541535e-01 4
10 -2.537704837103800912e+02 1.354276310322320986e-01 4
15 -2.510922496403843809e+02 1.810400263696511358e-01 1
1 -5.909308534698054700e+02 5.441612982939338927e-01 3
21 -2.502141256840622816e+02 2.341501597067621177e-01 1
20 -2.501596792245726135e+02 9.814505215001221305e-01 2
24 -2.501366314800874591e+02 4.926501902833768654e-02 2
13 -2.508191887280930814e+02 3.910442442112691541e-01 3
26 -2.501140246167982184e+02 2.818884010479680846e-01 2
17 -2.504872394228825101e+02 2.224217685725837224e-01 0
26 -2.501131888480283010e+02 2.436787598590205439e-01 2
25 -2.501098112364238375e+02 2.566946904517024564e-01 2
7 -2.749492293583649598e+02 3.826045468155605533e-01 1
28 -2.500991093430345700e+02 3.873253596687455946e-01 2
26 -2.501111058361946391e+02 4.471131828476024861e-01 2
27 -2.501007844159767046e+02 2.272076556153920512e-01 2
7 -2.555475818054121078e+02 3.280522013619593391e-01 1
0 -5.027858879630442971e+03 9.364670742759498845e-01 1
1 -8.454446071178022066e+02 7.506791252502442724e-02 4
14 -2.514822388298215401e+02 7.206305551889299332e-01 1
27 -2.501081473729131517e+02 1.916605234744303832e-01 2
27 -2.501050781132736915e+02 4.075237958420077633e-01 2
16 -2.507028283338986512e+02 5.205811054190946363e-01 3
2 -9.029606735695714406e+02 7.519171705538379991e-01 0
10 -2.532985900229632819e+02 8.649642044956782350e-01 0
27 -2.501036780395638459e+02 4.552562158500026435e-01 2
15 -2.510867167548117891e+02 2.890546461369787323e-01 0
28 -2.500984688211843263e+02 7.492668293313646810e-01 2
1 -1.580984641464808647e+03 5.546715671476076803e-01 4
0 -1.154493941237102263e+04 6.470364828727093176e-01 4
5 -2.777935825970404267e+02 5.551568639406099237e-01 1
2 -9.822111061329220547e+02 4.493408375261536136e-01 0
12 -2.524671128750813693e+02 4.641712882108096627e-01 4
0 -1.019656920139081421e+03 9.675451759941056107e-02 3
29 -2.500863643832643106e+02 6.011426850130101585e-01 2
10 -2.555637316742832468e+02 6.928794945804508387e-01 3
11 -2.532743356160406165e+02 7.032985788603105526e-01 0
29 -2.500861311993068057e+02 2.310104728010350106e-01 2
8 -2.525391663143170149e+02 3.457879243224600274e-01 0
10 -2.568423311103391597e+02 7.765756338173002149e-01 1
3 -2.825035063160291315e+02 7.661613516422621784e-01 0
20 -2.502477889741836918e+02 4.069415728114116337e-01 4
25 -2.501242920708776296e+02 5.424050065782002328e-01 2
27 -2.501082724398851269e+02 6.040847744726862700e-01 2
0 -5.226154334944535549e+03 6.103923755007070184e-01 1
27 -2.500988441317974207e+02 8.220620898001139709e-01 2
2 -8.291919693776223994e+02 5.722903354260677755e-01 3
25 -2.501215387529267105e+02 6.016311317419007487e-01 2
26 -2.501096002375975331e+02 1.146980322325548418e-01 4
28 -2.500975676427732139e+02 1.145757580371872808e-01 2
20 -2.502749789473859892e+02 8.991733925775173830e-01 1
28 -2.500987908025783781e+02 1.189583654026477172e-01 2
10 -2.564522725454033889e+02 7.087146507511470350e-01 3
14 -2.510139893213252549e+02 2.171688234927221239e-01 0
1 -9.183067136894624127e+02 4.583036477107103601e-01 3
18 -2.503873398020537877e+02 5.738756303526543201e-01 1
29 -2.500856277735858271e+02 1.645821125167401533e-01 2
23 -2.501340991404866259e+02 3.447711179097782686e-01 4
15 -2.510099179545350125e+02 3.156476831665390725e-01 3
21 -2.502296587169382747e+02 5.087655711920957557e-01 1
28 -2.500929766423653291e+02 3.641101197521159349e-01 2
28 -2.500908257155993510e+02 6.229073679874899128e-01 2
28 -2.500955163777178996e+02 8.437527400532260913e-01 2
19 -2.502889469889743452e+02 2.899549768002347427e-01 3
9 -2.529220715688591099e+02 6.790600966220455836e-01 0
20 -2.502408277443260260e+02 6.362369425250975485e-01 3
21 -2.502422558935086840e+02 6.613307945418911427e-01 0
1 -8.874954046176940210e+02 2.103357318829773004e-01 1
24 -2.501363295228966308e+02 9.755545372122883530e-01 4
2 -8.315456028852497639e+02 7.664931846295290896e-01 3
20 -2.502608653835470705e+02 5.059923069660292594e-01 0
4 -4.270722201171843153e+02 6.393696028528150777e-02 3
10 -2.532738916967754221e+02 6.333435248973119380e-01 0
26 -2.501134850442185211e+02 8.326211745996640046e-01 4
2 -1.000344208538358544e+03 6.629739027187652178e-01 0
8 -2.515450922791695803e+02 3.804128465254330571e-01 3
3 -5.408944704977778883e+02 7.633006258248205000e-01 1
4 -4.911437719174672338e+02 4.823531315985862822e-01 1
29 -2.500879556689596370e+02 2.768880122784977971e-01 2
3 -7.015704009537095089e+02 5.936485947999096124e-01 1
1 -1.197318193135129377e+03 6.021774253295572032e-01 0
25 -2.501222141273614170e+02 1.580360326123232406e-01 2
23 -2.501482911117456354e+02 6.193017289756961308e-01 4
21 -2.502316378216544592e+02 8.901444355379084516e-01 0
17 -2.503347978902534692e+02 4.416731578290555849e-01 0
22 -2.501539765679333982e+02 2.914144379412171304e-01 4
21 -2.501430511345266723e+02 9.969635503275423583e-01 2
6 -2.776436942157831709e+02 6.341658014367117513e-01 0
15 -2.506352129416376044e+02 7.058098719562266865e-02 3
13 -2.506190784809474792e+02 8.712382048713767091e-01 0
20 -2.502932721447380970e+02 9.350467868309415564e-01 0
16 -2.508072347669827309e+02 2.288952709152437537e-01 0
25 -2.500970136891204731e+02 7.811619182430257213e-03 2
21 -2.502288906682597371e+02 6.948650542974378341e-01 4
28 -2.500967777692421805e+02 1.965248020539178131e-01 2
26 -2.501102376186938159e+02 3.552276879025350609e-01 4
24 -2.501386983851261618e+02 2.807044607189169705e-01 4
14 -2.514305526185739268e+02 4.772359825363667318e-01 3
7 -2.852495676680233032e+02 1.496647349224877743e-01 0
27 -2.501000939843566471e+02 9.182719881959262587e-01 4
29 -2.500868907232770084e+02 6.871158556696141950e-01 4
5 -3.897864217621141734e+02 7.898190596524055085e-01 1
5 -4.168390353673510162e+02 6.151551079565322766e-01 1
8 -2.557217905994891112e+02 6.356524655973883053e-02 0
10 -2.540954776781431406e+02 3.251973561346088726e-02 1
1 -9.977931207216179246e+02 6.090394945042533204e-01 3
7 -2.925506994703496275e+02 7.500011062076078483e-01 3
14 -2.512100245685510913e+02 9.898402194895172812e-01 3
20 -2.502501443761416624e+02 2.972550094269807985e-01 4
27 -2.500974309475050177e+02 6.646261254916710493e-02 2
21 -2.502268080204876810e+02 5.093072055556933098e-01 4
23 -2.501567284022825675e+02 5.275092191310875034e-01 4
24 -2.501117733073959357e+02 4.181367957245817335e-01 2
8 -2.742635990769729233e+02 7.539994722021243767e-01 0
14 -2.511432431955718698e+02 3.336906142580664536e-01 3
18 -2.504619396756894503e+02 2.790684569263718329e-01 1
24 -2.501367105787176683e+02 5.414642093723823768e-01 2
3 -7.582276630804789193e+02 9.564661884887232235e-01 1
12 -2.522119928788885659e+02 5.195370160333978582e-02 1
8 -2.705137279751932056e+02 6.664350489132666588e-01 0
17 -2.505383940400318750e+02 8.257390583022168329e-01 1
14 -2.512394199081558668e+02 6.718155679081547760e-01 0
13 -2.511006116482199388e+02 6.807790037070202693e-01 0
11 -2.528859246975493988e+02 9.450800384678218480e-01 0
25 -2.500898803188584338e+02 3.558387827567728312e-01 2
6 -2.695702456402508460e+02 2.522210490201103883e-01 0
23 -2.501571027089064785e+02 1.140304232507309834e-01 2
18 -2.504390811182280174e+02 2.883803055146710870e-01 0
11 -2.535799008272116168e+02 7.046492738468972394e-01 1
6 -3.456130063064555884e+02 3.165294415869057687e-01 4
18 -2.503993535307092486e+02 6.719064521976597648e-01 1
29 -2.500876000972395730e+02 5.980065796367484143e-01 0
4 -3.570265895707167374e+02 9.275639990667124968e-01 4
24 -2.501255159974373328e+02 6.610216447451442434e-01 2
20 -2.502815442517045312e+02 5.692130641779212796e-01 3
28 -2.500979882845393263e+02 5.326537776153660309e-01 2
23 -2.501546391127590709e+02 6.728977311805025563e-01 0
12 -2.519405959198273308e+02 6.067467409547906421e-01 4
21 -2.501382781326349800e+02 3.515774909900387657e-01 2
26 -2.500923004420506004e+02 8.336809481634257502e-01 2
26 -2.501143682793886001e+02 2.361944345286778324e-01 3
29 -2.500836941399693956e+02 9.104275098546136258e-01 2
5 -3.791786018474624598e+02 4.471307829724195382e-01 1
1 -4.667565815040027815e+02 5.277394922318326964e-01 4
5 -3.920633192602857662e+02 1.169357738758408094e-01 4
4 -5.581731570572453620e+02 8.665198652749452890e-01 1
7 -3.010578591239871002e+02 6.673398253193738583e-01 4
16 -2.505591147726063355e+02 5.557151448968937757e-01 0
14 -2.512228231992533267e+02 6.891451255667208065e-01 3
12 -2.514012524297715743e+02 9.014374657943970970e-01 2
8 -2.641773305778839926e+02 1.242851123138473124e-01 3
10 -2.565813312633258647e+02 8.052034092232283058e-01 3
7 -2.861371441885020204e+02 3.694192728069074505e-01 2
8 -2.601043792079866535e+02 7.695520651025041792e-01 4
9 -2.597835930662865849e+02 4.107631678305377343e-01 3
15 -2.510574100377422155e+02 8.199157443640539000e-01 0
7 -2.854155461381114947e+02 9.552393584363340073e-01 0
4 -4.772625106293363615e+02 6.801007708734855273e-01 3
13 -2.513520746628378788e+02 8.634927256437378851e-02 3
12 -2.515066865234837508e+02 7.770497112527514627e-01 2
2 -8.097138975216903418e+02 3.138481376056498906e-01 4
14 -2.514014096065845649e+02 5.690117982307317801e-01 0
6 -2.695041517175778267e+02 6.493508786132901056e-01 0
6 -2.546985978430963655e+02 2.631842284901821927e-01 1
1 -1.133267861993709175e+03 9.781273619826089671e-01 4
16 -2.508745917019803073e+02 2.793291175486127820e-01 2
6 -3.029069865812788294e+02 4.555880739332662799e-01 3
11 -2.518268820065388240e+02 7.521376780046384880e-01 3
19 -2.502136778762160247e+02 5.944984319012716067e-01 2
10 -2.514981858816334181e+02 9.235388655229619381e-01 0
2 -9.544797912026597260e+02 8.419186140508649885e-01 1
19 -2.503666082300785263e+02 1.083265066867276083e-01 4
0 -1.877376328101367108e+03 4.168884579051829187e-02 3
18 -2.503463692810958889e+02 9.916313112184859113e-01 0
8 -2.744486074451536979e+02 2.506880047397821443e-01 3
20 -2.502736544794460656e+02 6.797455677923841533e-01 2
15 -2.509820036761806819e+02 6.095899144885884580e-01 3
5 -2.816782441926346792e+02 6.921294416899681501e-01 0
7 -2.684761444040054243e+02 5.972600831540685745e-02 1
19 -2.503178871379305406e+02 6.841271774387234217e-01 2
4 -4.569102614707225030e+02 2.486561445867960796e-01 4
3 -7.177600258493423553e+02 7.220755692724085961e-02 0
4 -4.844502278855131294e+02 7.089195546950505245e-01 3
1 -2.764824002100231155e+02 3.302218334024678015e-01 3
19 -2.503047947135025595e+02 1.400937649869078427e-01 4
1 -6.947601988263961630e+02 2.951144408947793396e-01 0
11 -2.536712634880182975e+02 2.308233845240979520e-01 2
1 -5.114848586139008262e+02 8.225503264885054566e-01 0
22 -2.501885084940048216e+02 5.026909527684484402e-01 4
23 -2.501399753504290686e+02 3.251620505966599795e-01 4
21 -2.502306137072751540e+02 7.726248180094630325e-02 1
2 -8.802783401695987777e+02 5.278189640648770498e-01 2
1 -1.651921062212137713e+03 4.533474813191280539e-01 0
23 -2.501601468337342169e+02 6.114642184314469375e-01 4
26 -2.501082083049757330e+02 7.706028143347678494e-01 3
15 -2.505908979160630565e+02 8.854271762613465935e-01 4
22 -2.501834358865503134e+02 2.102200844994381868e-01 4
22 -2.501849471504245344e+02 1.681803648653072969e-01 4
20 -2.503040642429144782e+02 1.936898638539552020e-01 4
19 -2.503821649335544919e+02 2.247844194012728058e-01 1
6 -2.654340394613855096e+02 7.082903359126823117e-01 2
28 -2.500979380600523427e+02 2.693937573177449529e-01 3
13 -2.518201173541656317e+02 8.473358759980869070e-01 2
17 -2.505394838689613266e+02 4.360075193600132515e-01 2
12 -2.524503007549997164e+02 2.217843459018316032e-01 1
13 -2.516529819949776652e+02 7.809562236463307716e-01 2
5 -3.059022223064674790e+02 2.113419110183017979e-01 1
14 -2.513948574669424545e+02 9.544667263601773755e-01 2
23 -2.501549356980945618e+02 1.962026190267957548e-01 4
27 -2.501089714823603742e+02 1.921968078110680711e-01 3
24 -2.501405963184909069e+02 9.901543047480410031e-01 3
18 -2.503773431772070523e+02 3.722376272217965965e-01 4
4 -4.892339362913147056e+02 1.845312110684460549e-02 1
1 -8.159710206528545768e+02 1.815346731138639536e-01 0
24 -2.501353006878997576e+02 4.939219737767057139e-01 3
9 -2.597777119986091634e+02 4.990650666737996843e-01 0
28 -2.500981681852056511e+02 4.737817782592106397e-01 3
25 -2.501176994531970195e+02 9.750063598314719915e-01 3
22 -2.501825665031722110e+02 2.610484907035282021e-02 2
16 -2.508777592110294279e+02 8.201838719888957518e-01 1
11 -2.528971361124100099e+02 8.620830541423304405e-01 1
23 -2.501626238715445254e+02 4.622569858981738777e-01 2
6 -3.268060541562386447e+02 4.901128620791102009e-01 1
22 -2.501814766936668946e+02 1.910579544564274257e-01 2
28 -2.500969586660882271e+02 5.439204132305933692e-01 4
10 -2.556794153608238673e+02 3.084866830335055710e-01 1
14 -2.515185129556790287e+02 5.897233913406781936e-01 0
29 -2.500850509629519536e+02 2.006685550801758922e-01 3
6 -2.810349068502698628e+02 5.792763291516991320e-01 0
11 -2.535567198970605887e+02 9.959753476653612214e-01 0
8 -2.581764701382462590e+02 5.610602038458226692e-01 0
26 -2.501132000465581200e+02 5.557904493406410351e-01 4
12 -2.515973970277808576e+02 4.900191975590217908e-02 1
22 -2.501769133848592332e+02 1.227773559128339798e-01 2
21 -2.502291914438648632e+02 5.075887455868156595e-01 2
20 -2.502520134990924134e+02 7.095635530639956556e-01 3
27 -2.501012434930655104e+02 3.372565055225839603e-01 4
28 -2.500983995371499304e+02 4.541548381816733482e-01 3
17 -2.505963080018796632e+02 8.422299281374563407e-01 2
22 -2.501723687872130313e+02 2.346901031940538673e-01 4
9 -2.613770933768321356e+02 2.073920022997816359e-01 1
27 -2.500953486837880178e+02 6.490828660762359981e-01 3
20 -2.502406687904133378e+02 6.731738452307546305e-01 2
28 -2.500929998124544795e+02 4.900967818321992908e-01 4
6 -3.464201050449851778e+02 1.322837741665527922e-01 1
4 -5.067650437087087312e+02 3.670230255634293615e-01 0
27 -2.500845765596527599e+02 4.189334335492697070e-01 4
24 -2.501237359610773296e+02 4.849338863095567498e-01 2
18 -2.504004090096723303e+02 5.129998664189033830e-01 3
20 -2.502373128440061123e+02 1.593277772532083469e-01 2
14 -2.513753845393048323e+02 3.111476537010187116e-01 0
14 -2.514676245985863261e+02 9.119429597568885493e-01 3
17 -2.506324597630119513e+02 5.769175629254708060e-01 0
17 -2.503647906945737986e+02 6.329271676758807530e-02 3
15 -2.506201140514486951e+02 2.231661213576217606e-01 0
26 -2.500985463340755359e+02 4.200909204340531611e-01 1
17 -2.506124920051155129e+02 4.633601010609293969e-01 3
28 -2.500952003160227832e+02 1.566665944922308595e-01 1
27 -2.500961668625575669e+02 9.060562866744329424e-01 1
2 -5.713816351055744462e+02 2.470453811539741196e-02 0
19 -2.502893640855301669e+02 4.554252443952545581e-01 2
26 -2.501121224872100584e+02 7.341508929731390687e-01 1
8 -2.745195655062780133e+02 4.722959552684961176e-02 0
9 -2.578779972137511436e+02 1.787978458404602400e-01 0
11 -2.541650468696486769e+02 6.963730074249283586e-01 2
24 -2.501124116349090514e+02 3.759356329649261586e-01 4
23 -2.501586513593788652e+02 9.713182798432007381e-01 1
8 -2.752331833294841772e+02 5.929354515261309189e-02 2
3 -6.175048206287690391e+02 6.471313170609535037e-01 3
28 -2.500883313364424794e+02 5.183872681180716757e-01 1
13 -2.510317059992470377e+02 7.168254563484255382e-01 2
1 -9.238131858838650032e+02 4.487114285807471958e-01 0
17 -2.504129480874415208e+02 4.398744962525336089e-01 0
2 -9.885167320689781718e+02 7.386399402492511701e-01 0
14 -2.508870728890601356e+02 5.328442486635163178e-01 3
28 -2.500881054042496316e+02 7.195806791443448702e-01 1
17 -2.505368817782665758e+02 6.161461771322033210e-01 4
6 -3.040806719068614257e+02 2.875034381787460736e-01 0
25 -2.501215600484688366e+02 1.092333018769293673e-01 1
8 -2.744614118423288573e+02 2.707841631602814214e-01 0
1 -7.844773346426029548e+02 2.703485482312741883e-01 0
21 -2.502293317491259756e+02 9.861328771695073714e-01 4
3 -4.389029396645419183e+02 2.319341623856689405e-01 3
28 -2.500945067280997876e+02 4.282119021545938153e-02 1
19 -2.502897682068665688e+02 4.151887427043908230e-01 3
8 -2.642001084147476604e+02 7.904833368752606226e-01 0
22 -2.501710944063349302e+02 2.324042208226925199e-01 1
10 -2.559133185257464618e+02 1.314531656418402861e-01 3
29 -2.500854264461441971e+02 3.999135386457866037e-01 1
26 -2.501016353968540500e+02 7.536787297961075049e-01 4
24 -2.501400643717129810e+02 7.787017146491301833e-01 4
5 -2.664774299653498133e+02 8.944594037948244702e-01 0
27 -2.500976001270572056e+02 2.142314294893949977e-01 4
0 -1.916257862675157867e+03 2.590446124048806920e-01 3
14 -2.513677336629128831e+02 3.272635159707911745e-01 3
1 -1.722904022782895481e+03 3.345475769769130636e-01 2
13 -2.507111722571534642e+02 8.730288093853636466e-01 0
2 -9.170670812744215254e+02 3.431217286472850736e-01 3
12 -2.514920571502574376e+02 4.263549508777562114e-01 2
24 -2.501102299008945238e+02 4.128738599261927433e-02 1
5 -3.068770075853715298e+02 3.125781703735084904e-01 0
7 -2.650566149937039313e+02 5.041109690499905316e-01 3
8 -2.754014419015132376e+02 5.971888446887866353e-01 2
11 -2.530903161171471538e+02 3.851961531079578505e-01 3
13 -2.513398986139211502e+02 9.690969166200360529e-01 3
13 -2.517978131469103289e+02 6.279318247909689843e-01 3
11 -2.539483882651857130e+02 5.809817745259922006e-01 2
23 -2.501327507052312455e+02 4.045866013049526089e-02 1
16 -2.508694758828073077e+02 8.006140117147579893e-01 0
20 -2.502944600204251913e+02 3.543085340240688386e-02 1
0 -1.268179968319081581e+03 2.325479820812894616e-01 3
2 -6.620064080849319907e+02 6.456936022013444187e-01 3
2 -5.958116681068896696e+02 2.727144630020212901e-01 3
4 -4.286537241847205451e+02 1.297955057636408227e-01 3
1 -1.075356328805664589e+03 2.336680776264117299e-01 3
25 -2.501048674081337992e+02 1.231523458626773149e-01 1
15 -2.511486567894257007e+02 3.660147072072544860e-01 0
11 -2.534186875582536231e+02 7.112234297467138200e-01 0
8 -2.537745417879559113e+02 1.992107791107464720e-01 2
17 -2.504505194468065952e+02 4.874719402122353884e-01 0
2 -7.863027785572523953e+02 3.975948004171115380e-01 2
21 -2.502032525470327471e+02 3.297306587420075208e-01 3
18 -2.503935292662247889e+02 2.223417810988718712e-01 3
10 -2.562175746921101336e+02 7.707742310001343133e-01 4
5 -3.173773142429566860e+02 4.139564415772269967e-01 2
24 -2.501228406421529371e+02 6.138325063144524085e-01 1
3 -4.989491490270783629e+02 7.375551341847276232e-01 2
16 -2.508788185068365806e+02 8.585672447248908767e-01 0
17 -2.504986603465727342e+02 7.440982659492666462e-01 4
15 -2.509500382767916449e+02 1.863453288658942775e-01 4
19 -2.503412636888492955e+02 9.227281880351688725e-01 2
24 -2.501396778214966332e+02 4.518763645181052002e-01 3
9 -2.615469030048666355e+02 1.207280914343524109e-01 0
21 -2.502103976916262695e+02 5.355076797380995401e-01 3
4 -4.746031263127271700e+02 5.960387060957965666e-01 0
10 -2.567595781753902884e+02 6.284265274389561062e-02 4
18 -2.504875902782308117e+02 6.312808339695241688e-01 1
20 -2.502848513867181737e+02 2.607201837061431937e-01 1
8 -2.745158310987941377e+02 7.657414880415842617e-01 2
0 -1.214318541700352853e+03 1.558718626245991778e-01 4
24 -2.501409226446695584e+02 5.445697631842520980e-01 3
1 -1.096659185561648883e+03 2.365311236487201846e-02 4
6 -3.097017667548172426e+02 3.175235067027281644e-01 4
10 -2.537419870239363320e+02 9.010541016338802223e-01 1
27 -2.501096391283231242e+02 4.550554828167481802e-01 0
10 -2.571233470403615229e+02 6.983496666591926250e-02 1
23 -2.501450911068961318e+02 4.817697652764020844e-01 0
13 -2.512100036557183671e+02 5.959959134892020005e-01 1
7 -2.532453965410136618e+02 3.941486903780683226e-01 2
24 -2.501067135057151631e+02 9.933390371914052608e-01 3
26 -2.501033020752978189e+02 8.044595802390298589e-01 0
7 -2.704144439141277871e+02 7.022947419282618009e-01 1
16 -2.507454535117144019e+02 1.773860846176519845e-01 1
10 -2.545282891399841105e+02 8.184971630965982570e-01 2
17 -2.506482097668123856e+02 3.742722885609013339e-01 4
24 -2.501210429436462732e+02 7.877103646406714565e-01 3
16 -2.507981892431036499e+02 1.385062021826254097e-01 4
4 -4.162465503439838130e+02 1.219656690106729613e-02 2
29 -2.500863490589343030e+02 3.264467310235915076e-01 3
19 -2.503137503426253261e+02 2.559143592066845940e-01 3
27 -2.500934891740426167e+02 8.555207433424799612e-01 0
29 -2.500802145255559026e+02 1.698698462137047116e-01 3
8 -2.585558823400863275e+02 4.772571525228634925e-01 4
29 -2.500804258586677236e+02 5.453762974781595219e-01 3
28 -2.500872534957511277e+02 3.813508493723399284e-01 0
6 -2.941365526507274808e+02 3.398401567282131608e-01 1
2 -9.297471445963891483e+02 1.841540862016365909e-01 2
25 -2.501193613263906741e+02 8.510391969991000227e-01 0
22 -2.501784636842955365e+02 2.898375563986133607e-01 0
3 -4.240411777194090632e+02 4.986597109615592549e-01 0
9 -2.569720567485110791e+02 6.239655501464203002e-01 0
2 -9.767337569172384519e+02 2.658632140500456487e-01 2
3 -6.972323181409512927e+02 5.555009690339415135e-02 0
24 -2.501225517357011654e+02 3.197782082986924124e-01 3
2 -3.342796161746839516e+02 5.158830287786572155e-01 0
24 -2.501277731301499614e+02 1.490713955857811412e-01 3
21 -2.502412169862548694e+02 9.859015589163577786e-01 4
1 -9.589556217927872694e+02 7.498553567074595083e-01 2
13 -2.518963025807415477e+02 1.973400612331888682e-01 2
9 -2.599133680681445639e+02 8.222316362889516839e-01 2
14 -2.510355830636244150e+02 4.196164307888089473e-01 0
0 -5.588298535729094283e+02 2.678604475652128225e-01 1
28 -2.500973719082920184e+02 1.773652336936229479e-01 3
6 -3.466712626865449920e+02 6.236196086664143046e-01 1
27 -2.501049325004924526e+02 1.550464242227529155e-01 3
14 -2.513428293910839386e+02 5.458736125420036167e-01 1
17 -2.504371936517486574e+02 6.648487674727281416e-01 4
21 -2.501744297683908940e+02 6.228692161044575570e-01 4
27 -2.501066717106520514e+02 4.113563594964537717e-01 4
23 -2.501259458831734719e+02 4.725929591842517596e-01 4
8 -2.687461670883455440e+02 9.119141970463076063e-01 1
7 -2.951481747344946598e+02 5.388744676024294078e-01 0
4 -4.837043834410483214e+02 1.855169666303746467e-01 1
21 -2.501810492891758599e+02 3.215535978290149366e-01 3
4 -5.196432538831343209e+02 9.376939706988325629e-02 2
27 -2.500967521809167522e+02 4.457625715453757964e-01 3
27 -2.501055474174366111e+02 6.172220005051789471e-01 3
27 -2.501091084015717740e+02 5.121138672687864934e-01 3
18 -2.503835787728606874e+02 8.598952081978553652e-01 4
7 -2.638602483107123362e+02 4.562479989915505518e-01 0
17 -2.502760850266978991e+02 1.903583919913121036e-01 1
21 -2.502425635298347970e+02 4.719096590510072353e-01 3
16 -2.506497821642077497e+02 5.013910966198054098e-02 2
12 -2.515791106961430614e+02 1.726264378664192911e-01 0
27 -2.500950675088186586e+02 7.158792358517303001e-01 1
2 -6.773490447430199310e+02 9.822434042501865248e-01 2
25 -2.501064354449439691e+02 8.342354168282068994e-01 3
5 -3.129629391383261918e+02 5.557823905668040076e-01 2
13 -2.519523542353495031e+02 1.020546220089886269e-01 0
1 -1.203573027152091981e+03 3.585579108577209295e-01 0
3 -4.665691555898879415e+02 8.097145332957319530e-01 2
6 -3.362410609633254808e+02 8.267068080227144566e-01 0
8 -2.735458680572711501e+02 1.914105224420068474e-01 0
21 -2.501896568395030442e+02 7.001713607199985256e-01 3
21 -2.502218838769251761e+02 6.381857971086462022e-01 3
13 -2.518011808445236852e+02 8.784988575161294388e-01 4
26 -2.501147545606355891e+02 5.740904572011831242e-01 1
10 -2.536097778855869649e+02 5.569950582331359978e-01 4
1 -1.700021046957944236e+03 3.971146319288318960e-01 0
29 -2.500849382372361447e+02 6.786309562721166699e-01 3
15 -2.510699750059071107e+02 3.463300717452559851e-01 0
11 -2.522135224461616474e+02 9.352902721920913764e-01 0
2 -5.358272506475057071e+02 9.078342036225371947e-01 4
15 -2.511526551615721701e+02 4.521214190106136455e-01 2
26 -2.501080616653414950e+02 5.126315052097039915e-02 3
10 -2.555045053285243455e+02 9.255429616120343095e-01 2
14 -2.513679979064811221e+02 6.398949466019292487e-01 4
21 -2.502137774176648009e+02 3.642078432284023282e-01 3
20 -2.502883653476348513e+02 2.610110878461759931e-01 1
21 -2.502343163037262457e+02 2.742036100483601357e-01 2
17 -2.506814046490065380e+02 1.725006247718649244e-01 4
22 -2.501229472832296210e+02 5.574414187490464023e-01 3
20 -2.501937720583997589e+02 3.348193331399462735e-01 3
10 -2.545397520921552541e+02 1.783893040212005676e-01 2
18 -2.504652830793665714e+02 9.249123795500651113e-01 1
0 -1.172335161400047946e+04 1.745174208156132778e-01 4
5 -4.132391189091263186e+02 7.566915188901114364e-01 0
21 -2.501871011972946235e+02 6.947897430127430995e-01 3
5 -2.562596108473620120e+02 6.375647102719554649e-02 0
16 -2.508577750614074375e+02 5.684916801028804256e-01 2
6 -2.891271278660881308e+02 2.448584330260414887e-01 1
19 -2.503358980797590903e+02 2.952520436909296109e-01 3
18 -2.502679724371540146e+02 1.788573545128574471e-01 3
10 -2.555957155269728105e+02 9.104909074303633165e-01 0
8 -2.663392630860511758e+02 2.323755200196208626e-01 1
3 -7.296869278256244797e+02 1.267059424872933326e-01 1
12 -2.517044673599224041e+02 7.805666846151139149e-01 2
6 -3.575840889129872835e+02 8.287081583864279732e-01 0
23 -2.501590000361597390e+02 5.162646991251651496e-01 3
25 -2.501194447324483008e+02 3.107475651251708215e-01 3
18 -2.504282566514393125e+02 7.501671321152418859e-01 0
15 -2.508910959047806273e+02 6.903756139919348112e-01 2
4 -4.699751072582514553e+02 4.737729757799027386e-01 1
8 -2.574736128738817342e+02 7.512706603656535975e-01 0
24 -2.501189960402014094e+02 7.834983066538736551e-01 3
1 -1.448799534013880702e+03 6.285443820963054762e-01 4
1 -6.402505336959088709e+02 4.455316665122286413e-01 4
3 -6.971613059953689344e+02 9.759520263444978472e-01 4
7 -2.546538314815805961e+02 7.129860820932187870e-01 1
20 -2.502344574754836515e+02 8.863831150098797629e-01 3
12 -2.523682379237987448e+02 7.448333587736964967e-01 0
16 -2.503559807092987057e+02 9.921338908075032492e-01 3
10 -2.552551259533503867e+02 8.871277989090571303e-01 2
14 -2.514060775025336056e+02 7.033616038720397201e-02 3
2 -9.168584375478772017e+02 6.538838363829686529e-01 1
8 -2.637023199428913927e+02 7.885618547389684485e-01 4
17 -2.504662189659058811e+02 3.160909110929708277e-01 1
2 -8.936397784015118759e+02 3.069654861919727251e-01 0
13 -2.511825370663745502e+02 3.169614517092016193e-02 3
17 -2.505658521926316666e+02 9.019133351723489511e-01 3
2 -9.184827266989010468e+02 6.900311960186131244e-02 4
4 -5.361769135982476655e+02 2.997998121859897225e-01 2
0 -1.599139837992390312e+03 1.982104549039717944e-01 0
12 -2.511497489373539622e+02 8.228324142496363791e-01 3
7 -2.713697765694417967e+02 6.371012179611379445e-01 0
1 -1.296031446547112864e+03 9.412647542027683389e-01 2
19 -2.503729842846382212e+02 7.970378086980289822e-01 4
25 -2.501189362548975339e+02 9.064553975497703364e-01 1
29 -2.500842937235387637e+02 4.931892375063418044e-01 1
15 -2.509198953709550608e+02 7.926460677781843600e-01 4
29 -2.500796808104324782e+02 1.240016801597801192e-02 1
16 -2.505294112061943963e+02 9.941833840965941249e-02 4
17 -2.505177460658503605e+02 9.712505819576831012e-01 4
25 -2.501089217428653342e+02 9.529832313730821625e-01 3
27 -2.500936706302676384e+02 2.607114127889573751e-01 1
27 -2.500992985051987318e+02 3.978230262909188825e-02 1
9 -2.534269944213513668e+02 3.854913428949737764e-01 4
29 -2.500839492147127316e+02 5.697906818152060904e-01 1
