-1.971727946300203271e+01 3.129324920246983055e-01 9.992731794447606841e-01 9.723364369432716536e-01 9.196160545474973969e-01 1.188584327383181982e-01 -2.223903265639711746e-01 -9.572567914069939343e-01 8.114309790546192502e-02 9.466911920121541257e-01 5.554598539378430289e-02
-1.992701852312497124e+01 1.412914395163256676e-01 4.943854992477687560e-01 2.267277411618625893e-01 5.633068276171502298e-01 6.942371294670623971e-03 4.676835014898006460e-01 4.688095330524966187e-01 6.706004864643593244e-01 1.141955272508252683e-01 -4.842438630397605248e-02
-1.873752125941782865e+01 4.196907875776760832e-01 4.847699018922497771e-01 9.501245947280279047e-01 8.036375608428278916e-01 9.782860595614746579e-02 -4.186501698991200726e-01 -2.546866516857489993e-01 1.062444604866714659e-01 6.915607636936762503e-01 -3.409050608766013291e-01
-1.952374250775142173e+01 5.781125986111542575e-02 5.389890578102232155e-01 5.872565527424444820e-01 5.869202319472257567e-01 4.587219381834017895e-02 -4.974760067155392651e-01 5.904083393734578245e-01 -3.819672170127290656e-01 8.577391743276923108e-01 3.518730075649167954e-01
-1.977321048734805231e+01 5.131477852614108048e-01 5.550058105405684117e-01 6.843935577333026821e-01 8.846750122453451715e-01 3.515347047597998653e-01 -9.143056377661243905e-01 -4.108011157745617981e-01 4.797295408049961907e-02 1.154672461937700234e-01 -7.702888791815339919e-01
-1.994746048006588879e+01 9.768135084388065437e-01 9.147903863174660088e-01 9.285437123882617216e-02 6.560144627612888302e-01 3.176618219761905282e-01 -1.859000437829916308e-01 -9.030142787811925587e-01 -2.223278882334339679e-01 -2.965096915384652920e-01 7.958772952898005570e-01
-1.935300904422087243e+01 6.725287348589858993e-01 9.993212849415694654e-01 4.014105305152900205e-01 7.286239934151229614e-01 7.452948978638931354e-01 3.125539325105133326e-01 7.302729015264888268e-01 4.548937421328849151e-01 -1.439268121071031192e-01 9.891536458967360446e-01
-1.932587213607739329e+01 3.832669459573505577e-01 4.273480588624209986e-01 2.691839780834167639e-01 6.880831761845048744e-01 9.708540025399480244e-01 -8.348670686427503984e-01 -4.738364206429397374e-01 2.660793940119494660e-01 -6.520087771897635776e-01 -5.163979890095276026e-01
-1.991672206031649850e+01 9.130951650163043887e-01 7.385196676655401138e-01 8.140242239187349682e-01 4.836658397134992460e-01 7.392481388204696913e-01 5.306555480293084770e-01 1.952787518280265644e-01 -6.002431466999702536e-01 -7.541836460587235669e-01 -3.040801736830234248e-02
-1.899185307077428675e+01 7.442644967926304034e-01 9.368720846589884133e-01 4.416964009409660719e-01 2.235619317706009079e-01 6.683405175635007689e-01 2.349833361942339494e-01 6.288738922791945463e-01 4.339991815181931667e-01 2.520701312954143347e-01 -4.922797695725812384e-01
-1.986803176147988736e+01 9.768182152252009587e-01 9.543012827647519014e-01 9.165193268189675280e-01 5.570776631396587852e-01 7.854527828623750763e-01 -8.103716310853392724e-01 9.015262449424557012e-01 -2.398839925690435804e-01 6.418674066299945302e-02 5.812578211766283864e-02
-1.977424309847512163e+01 3.701944084871271468e-01 2.784341145284257024e-01 9.888810624047215114e-01 7.923898804869144996e-02 1.118136697881029901e-01 -8.869627167765254949e-01 2.877507765270035378e-01 9.034080512949462793e-01 9.424150847251877572e-02 -9.501836201844735541e-01
-1.964878033840202320e+01 3.922719375082108773e-01 7.161160787611935419e-01 3.911129432578901444e-01 3.641015926967607896e-01 4.163579822226912697e-01 4.589060799853073025e-01 5.015417652664160286e-01 2.362892748189551195e-01 -8.695700175450440383e-01 5.146718420930562754e-01
-1.996762936825158974e+01 8.638475219902354008e-01 9.536698836230399490e-01 7.599404530618659726e-01 3.145038265169189384e-01 8.224611753341329878e-01 -9.435742717373738486e-01 6.465236828971909766e-01 -2.536832868783989170e-02 5.212223600700394144e-01 -4.516145589898989954e-01
-1.994407348840995198e+01 9.702186011154892986e-01 9.463760154595562968e-01 9.377015484024984193e-01 7.201226595581573797e-02 7.844482223628835849e-01 -2.130935413937274925e-01 7.189738424204552558e-01 -5.431437382506687506e-01 8.677067895939261089e-01 -6.823296632191500066e-01
-1.995099290728045105e+01 3.522931205454757908e-01 8.096217677437309579e-01 9.491289928525971087e-01 7.607012057689827023e-02 1.572658619978593297e-01 8.032366889935742549e-01 1.085662027694134224e-01 -7.389125982781148405e-01 4.762127213118663160e-01 4.340683838685199802e-02
-1.999349177541885680e+01 8.197516041440464640e-01 9.591990091215422121e-01 7.258977025960291485e-01 6.446781594385762038e-01 6.073305129060919683e-01 -6.522769379618447161e-01 6.746092170997322057e-01 -3.011655063661217158e-01 -3.098361762248256213e-01 -2.579444240598682825e-01
-1.977354602481073442e+01 6.690392520129035958e-01 9.278775752622979711e-01 6.761081656853434874e-01 6.700838250944325392e-01 1.858026506893128982e-01 4.275846013358297615e-01 8.332897927041060804e-02 -9.980037920183439937e-01 7.354823441844402510e-01 6.150310090357757886e-01
-1.998267691482340425e+01 9.014429760476494469e-01 7.986127475229376493e-01 1.950049551645933743e-01 9.802078947909430573e-01 1.448597323833800132e-02 -4.380369166375650547e-01 2.758595659627547381e-01 -2.343107034988954895e-01 7.871825992651007020e-01 4.551734820841124574e-01
-1.999066803076003040e+01 6.722789187239310849e-01 9.714119119704514027e-01 8.159629664298824192e-01 7.416433909545290248e-01 9.213824050368206731e-01 -3.470227159194391175e-01 4.363512914879477123e-01 5.971236369157928436e-02 2.578448541478246536e-01 -6.393292178469156539e-01
-1.998425854308314698e+01 8.932319526093762674e-01 9.228470223215751167e-01 9.871910408996629194e-01 9.046489426578118165e-01 1.774839593207824251e-01 -6.188292097734122699e-01 6.992979561084400331e-02 8.305690856865322047e-02 5.157056316965080711e-02 -7.980709199326252445e-01
-1.939357893603000349e+01 9.380787838933465350e-01 5.760688299533647250e-01 9.296814034802256543e-01 4.069813457500259801e-01 2.632768577724959869e-01 9.530192216408754913e-01 -9.779295865418777822e-01 8.137685360881228291e-01 3.646457210662046311e-01 -8.884882760307507565e-01
