0.000000000000000000e+00
0.000000000000000000e+00
0.000000000000000000e+00
0.000000000000000000e+00
0.000000000000000000e+00
0.000000000000000000e+00
3.948931046754577562e-158
2.306195510685619623e-111
0.000000000000000000e+00
5.313463777327968547e-39
1.098204176919464406e-318
2.580329013444077624e-99
0.000000000000000000e+00
1.106337131946313943e-44
2.095348253695970516e-288
0.000000000000000000e+00
0.000000000000000000e+00
9.101123474847525775e-132
1.357216653262020021e-54
0.000000000000000000e+00
6.859480877011582267e-01
5.939300613145182207e-09
6.987955161789592973e-01
4.138238658304606824e-97
0.000000000000000000e+00
0.000000000000000000e+00
1.026123221672362336e-32
3.419205284180409365e-01
1.254135359920395864e-177
1.905955729015640245e-296
4.018681445882263392e-01
4.005670583760323478e-01
0.000000000000000000e+00
0.000000000000000000e+00
2.575583595257229061e-187
1.899567767870448398e-01
6.639959175575129719e-20
4.526093131095884625e-01
5.273969588627457350e-01
1.824160129905445238e-01
9.413805160874803846e-02
6.019358839754123114e-01
3.696161310671988720e-01
5.838293397102391337e-238
3.261549720708011857e-01
3.968326168556200401e-95
1.936260934111800613e-01
3.950433528946725031e-02
0.000000000000000000e+00
3.847334041619364653e-01
3.460627817295552824e-03
6.743353237574518655e-01
3.466382265879688982e-03
1.867108464091843389e-01
1.556743382655545460e-03
4.022727254541027392e-02
3.466895767660524343e-03
0.000000000000000000e+00
4.033056804081442542e-02
9.343648805774290578e-02
7.989934212823832311e-04
1.212655624525734409e-02
9.322894507567824895e-02
4.210366672799668613e-11
4.196903039220264975e-01
1.223392765573209397e-02
1.051013210744991094e-04
4.727288779772008120e-01
4.032622792464672645e-02
3.461765889486701636e-03
2.234054893417782592e-04
2.234031172321356224e-04
1.051029046188119582e-04
1.365700285021687498e-05
1.219905964180116945e-02
4.005643364884541036e-02
1.211839971090724818e-02
1.992416567950231199e-01
2.233614812257949354e-04
3.391799417246759094e-07
1.218448241152971304e-02
3.463238491333399741e-03
1.365703498355697522e-05
1.051075559235346862e-04
3.974405037493379533e-02
3.464175774766987004e-03
1.557059505426527414e-03
1.235390198415898130e-06
2.049394044163661153e-08
4.229720824963490144e-05
3.391798165289841107e-07
2.233960125923713192e-04
5.526369028570300535e-06
2.233998088993128140e-04
1.365718695505115114e-05
0.000000000000000000e+00
1.051062151092031614e-04
3.391798544414542990e-07
1.235392639047126733e-06
1.365726265927223454e-05
4.340656027805869233e-01
2.049394343165154657e-08
2.049393988201537008e-08
2.049394301361307655e-08
2.049394141564302359e-08
0.000000000000000000e+00
3.465505129853105066e-03
4.609738070610981379e-08
4.609737502019778803e-08
1.235389676728435724e-06
4.609737673712345404e-08
1.235390559925839215e-06
1.235392563250215948e-06
2.049394117519823261e-08
4.609738122749313589e-08
0.000000000000000000e+00
2.049394262793214854e-08
2.049394423030113146e-08
1.235390383343835250e-06
3.391796657293225780e-07
5.526337903853484680e-06
5.526368246593638326e-06
4.229633995632435848e-05
4.609738116661756618e-08
2.049394138149613440e-08
5.526377962452931000e-06
5.955029924997441437e-01
4.034687431222622189e-02
3.467919582727117724e-03
3.391796915110242824e-07
1.050963534056231232e-04
0.000000000000000000e+00
0.000000000000000000e+00
3.330718548359660865e-51
4.119485656407930339e-198
1.931631945489365940e-02
0.000000000000000000e+00
5.115143374251861930e-17
9.379496605150176858e-02
5.342568591338108241e-01
2.208720821307572293e-212
0.000000000000000000e+00
7.027739371127690019e-13
1.220496896551122659e-02
2.049394493277281188e-08
1.602449317464679077e-13
1.368373635467476340e-07
5.526369491061447700e-06
4.229690753385156540e-05
4.229876593380346982e-05
7.984789182724353392e-04
3.838563241842058438e-01
4.090064288711088847e-01
1.220800597300534043e-02
3.465802770292359877e-03
1.051084580288212076e-04
0.000000000000000000e+00
2.233816013324692058e-04
5.225519198322201447e-29
1.216254311809961349e-53
1.889738615461016569e-01
9.118115996545049506e-02
0.000000000000000000e+00
8.762393262119221038e-02
1.055745991783157145e-01
7.985839474002844789e-04
5.526343669100418979e-06
0.000000000000000000e+00
1.557191443052443345e-03
1.558957574844762857e-03
1.368372798756239117e-07
1.488398550990811549e-72
1.365691389294786762e-05
2.083826579185940053e-01
1.050954777956689785e-04
6.533864466365636897e-06
0.000000000000000000e+00
2.049394074165205509e-08
4.027037428242954964e-02
7.127319920620883816e-95
2.180103055687608593e-01
1.556926376237369528e-03
4.229677012578176611e-05
9.201603303855698801e-02
1.368373074095599630e-07
3.768110724786991627e-93
8.844377586884494269e-02
7.298074691606069733e-13
3.741585381978014774e-189
0.000000000000000000e+00
4.892955979555739798e-01
4.609738164406315849e-08
0.000000000000000000e+00
0.000000000000000000e+00
3.391798726468450309e-07
0.000000000000000000e+00
1.235393320828526944e-06
0.000000000000000000e+00
1.235390698980252586e-06
1.212941815191670089e-02
1.906736871704623443e-122
1.884592003205264845e-122
7.988514817814312092e-04
0.000000000000000000e+00
1.558924456595516764e-03
6.509526297068464216e-34
1.365711198454003552e-05
0.000000000000000000e+00
5.002610318414997259e-01
4.609738492279133824e-08
1.364882776912233951e-66
4.609738246479331736e-08
6.430221405168947725e-03
1.051032389545043767e-04
3.984825922376395574e-02
4.229799662490508539e-05
3.473012562267025188e-03
2.291534514323595884e-03
8.415107011599615446e-178
4.609738374703747730e-08
2.234002340948505283e-04
0.000000000000000000e+00
1.235393841461359428e-06
2.233834082041577442e-04
3.988351734229470674e-02
2.012199836570747746e-01
0.000000000000000000e+00
1.244990046200251478e-157
4.291457334875145024e-01
0.000000000000000000e+00
5.526383374298106656e-06
5.468038825139792669e-01
1.556877847147469709e-03
2.049394626077390008e-08
0.000000000000000000e+00
3.464861603417183043e-03
2.026486781768363499e-01
0.000000000000000000e+00
5.532384399342822334e-01
1.559094511335918287e-03
3.349666263115206322e-01
2.427215270011844287e-19
3.400131085072002207e-02
1.476708946557791758e-35
0.000000000000000000e+00
1.050995326361075063e-04
0.000000000000000000e+00
1.365692496861102712e-05
0.000000000000000000e+00
2.694431430683669748e-01
2.798173824126354766e-93
2.049394357979537566e-08
1.835414025066607890e-01
3.391796723542843665e-07
0.000000000000000000e+00
2.234167326573818833e-04
0.000000000000000000e+00
1.051013953158986636e-04
1.220086104401433419e-02
1.235391781695123519e-06
1.051063714013253093e-04
1.365734699719997071e-05
4.229933628748437332e-05
1.365712091400120652e-05
3.553363918073463301e-01
3.677431436987084745e-01
0.000000000000000000e+00
6.995302193837884173e-130
6.006591501104896480e-01
5.091396611523847371e-01
0.000000000000000000e+00
0.000000000000000000e+00
1.897319616632665851e-01
4.860377693764543205e-01
0.000000000000000000e+00
3.470874740442744539e-03
1.900047430115924529e-01
1.368373295561875075e-07
1.235393493388520743e-06
4.609737876915990172e-08
0.000000000000000000e+00
5.526390718349025577e-06
2.233562187909259088e-04
2.049394421777563506e-08
1.235390289277636955e-06
3.958897340438632950e-02
5.429413165553405030e-01
8.901930173111248512e-02
5.526353694911751443e-06
0.000000000000000000e+00
5.526366284002589618e-06
1.983504137836597514e-01
4.229632326093283603e-05
4.084294274807654945e-01
3.468864994758591360e-03
6.088712831503281242e-01
1.050972352489215259e-04
3.150722393442823011e-01
0.000000000000000000e+00
1.451577721542820501e-12
4.609737541882371543e-08
1.214541236920308777e-02
3.391796590438983073e-07
2.049394281126665295e-08
1.368373463976428009e-07
1.365702217547394748e-05
1.235391557612388128e-06
1.051050201939968018e-04
0.000000000000000000e+00
1.792260284642722423e-27
2.988957036347681395e-01
3.963990021313433625e-287
1.005088444479321124e-09
8.150258136180045889e-27
3.318510738813805483e-02
7.779142011064311968e-03
4.069138803007033012e-01
0.000000000000000000e+00
1.547670861880465990e-04
0.000000000000000000e+00
4.463605228044964020e-121
3.052405241377731393e-01
2.864517551673131980e-168
5.526376282170585107e-06
3.468218957860196017e-03
7.946503881600125441e-02
2.049394483734044529e-08
3.391797887075884764e-07
2.233660889596600211e-04
4.609738538698856763e-08
2.049394195595416378e-08
1.221534583928404055e-02
1.000000000000000000e+00
1.235394258589799616e-06
2.049394191889956930e-08
0.000000000000000000e+00
4.041421569673836478e-02
0.000000000000000000e+00
1.235392492406063294e-06
0.000000000000000000e+00
1.778618359316522513e-01
4.229796792859547461e-05
4.229936385628954934e-05
3.467800506749791484e-03
4.890465731066879458e-38
1.222502869027201379e-02
9.382241717136489967e-02
4.229960036310005027e-05
1.932717721436895365e-58
1.266454966507255821e-04
0.000000000000000000e+00
8.258125406555314057e-131
2.652607980175387221e-55
1.279338678358521329e-65
7.988314407198272328e-04
4.229893382680031792e-05
1.235390757640186118e-06
2.051935133024990476e-01
8.853927215563063557e-02
1.218789660313502818e-02
1.556596366581979550e-03
8.917288731251302170e-02
6.470432507019907805e-13
4.229887094640559947e-05
1.426430218763372930e-118
3.100281689576824535e-26
1.368372830790385408e-07
2.049394275721316932e-08
1.558949978386511576e-03
4.609738251191738658e-08
4.229640633265370459e-05
8.865719456245456376e-02
4.934093698057298583e-01
0.000000000000000000e+00
2.049394324496199099e-08
4.043372521365184991e-02
2.233644764097959562e-04
1.235392837265171732e-06
3.467605372265649636e-03
1.365704492572723293e-05
4.031734432960619452e-02
1.365717517842512058e-05
0.000000000000000000e+00
8.982024740392312301e-02
4.229703533359744223e-05
2.233880010534425808e-04
5.526342841087540651e-06
1.829172052101038504e-01
2.233431260728690831e-04
4.229653294174776979e-05
1.051070118721910644e-04
1.843337340368498556e-01
0.000000000000000000e+00
2.067351759028424969e-104
0.000000000000000000e+00
2.535276826426847707e-01
1.051056991072162001e-04
1.716958956562763743e-19
2.745750516531372462e-02
0.000000000000000000e+00
7.989193947800281520e-04
0.000000000000000000e+00
2.815220744096567640e-01
4.229772552414217340e-05
3.470875788064618338e-03
1.235313395066372177e-119
6.190884549809348991e-01
1.220582657094116709e-02
3.473604414747939913e-03
1.050973206877557560e-04
1.101448169596932619e-01
5.526393996814577999e-06
0.000000000000000000e+00
0.000000000000000000e+00
3.778105702831935364e-01
1.365696976376928842e-05
5.074079355243958922e-01
4.826489943004264242e-09
2.233911261841085480e-04
1.235389489836586013e-06
4.229770414599909572e-05
1.557060052656090727e-03
2.233762452294037974e-04
2.233323333874623264e-04
1.365695706783389893e-05
2.049394285197451707e-08
3.422984031122968118e-01
4.626100634528012567e-01
3.463013073767088820e-03
4.449941568338290909e-01
9.450824248470945932e-02
4.229615022803115588e-05
2.049394538883515669e-08
9.036604324441417646e-02
1.368373622066392586e-07
3.024574491018636735e-01
3.391797869331987122e-07
1.368373008902243213e-07
7.985065054122191712e-04
7.988386010365052447e-04
1.525954010293481202e-27
4.609738395163307117e-08
3.467258211607888302e-03
0.000000000000000000e+00
3.391796728972128980e-07
0.000000000000000000e+00
3.090982004657364052e-108
4.028734850564612280e-02
0.000000000000000000e+00
2.234007914178683151e-04
1.558136819896155422e-03
4.229639605067850251e-05
6.457851118654371007e-12
0.000000000000000000e+00
0.000000000000000000e+00
3.464964128988026054e-03
5.848331239510096017e-04
1.365729585086718435e-05
0.000000000000000000e+00
1.070483980552983831e-114
0.000000000000000000e+00
2.053541216205300446e-01
7.720916558089983006e-01
2.049394213913955068e-08
8.190573954956297110e-23
5.203968249176673666e-01
0.000000000000000000e+00
1.365713934232408651e-05
4.609737645974553510e-08
1.220268661839320028e-02
3.469385243250588252e-03
0.000000000000000000e+00
3.989730870760224417e-06
3.391799619438443277e-07
2.049394637275782647e-08
0.000000000000000000e+00
5.526339168720735807e-06
2.973307090616658394e-03
2.741193043365295137e-02
3.391798562479265478e-07
6.563689047512104070e-69
3.463607069316329643e-03
1.368373528512695176e-07
1.210392210754328984e-02
0.000000000000000000e+00
1.243543341509776023e-01
1.365691237933819375e-05
2.233456962740771690e-04
1.820881239278846764e-01
1.896343491975074347e-01
1.219182698935154449e-02
0.000000000000000000e+00
1.451280455607725403e-309
1.961570063372098938e-01
3.391796755538609040e-07
4.042344425918351081e-01
2.920454214552278667e-18
3.192805670483570557e-01
4.229899341819652082e-05
2.049394052215765130e-08
2.233616127612977214e-04
3.465608111742560747e-03
1.365720221850329308e-05
2.233896644839815902e-04
1.557151639013390487e-03
7.988691929533795226e-04
0.000000000000000000e+00
4.609738114397789090e-08
1.365701651960247861e-05
1.365724731188464171e-05
5.526349099750154663e-06
1.371486816969022472e-08
0.000000000000000000e+00
2.042214865569046411e-01
1.557416992105711655e-03
8.826500349079818841e-02
2.067782106832743861e-05
4.001481357506195269e-02
7.985384236276877289e-04
4.884678040861821779e-01
2.045677628261230174e-01
3.464733797302830751e-03
0.000000000000000000e+00
4.609737600141794625e-08
0.000000000000000000e+00
1.368373062192933307e-07
0.000000000000000000e+00
0.000000000000000000e+00
7.988394762438735201e-04
1.365713887588710159e-05
4.229737836674164997e-05
4.229691488339592582e-05
2.233544895483858953e-04
1.892476220194492520e-01
3.391799194843324014e-07
5.526364394935477957e-06
2.233442114397121963e-04
1.558360037060442342e-03
1.763345110029604923e-01
3.463207060432326508e-03
7.988766445112183883e-04
1.050963774306180344e-04
4.729842855386853784e-01
3.970748764779257617e-02
5.526332937069956743e-06
2.633174680204243704e-150
1.213027964315281347e-71
0.000000000000000000e+00
0.000000000000000000e+00
4.609738224946484329e-08
1.365728460850847107e-05
3.391799450612211685e-07
4.609737593903307633e-08
2.490663434828484636e-05
4.278998323197051665e-17
1.185863467692975341e-02
9.033791722456371853e-02
1.368372820401066794e-07
1.557976136967938055e-03
3.391797445933998581e-07
5.029908030311389666e-01
1.220106807156444428e-02
3.465993715050564011e-03
4.229828469885640256e-05
2.932706579996024377e-36
2.233897469912180661e-04
9.648117894723394929e-146
1.559197741441076300e-03
3.947817087894040650e-02
3.464745150272171420e-03
1.365724769301656413e-05
4.609737973545473061e-08
3.547335207172641808e-20
0.000000000000000000e+00
0.000000000000000000e+00
1.999690253717670563e-01
4.359603694797434259e-01
1.211883304613455177e-02
2.234143553363121721e-04
1.017268424711919618e-02
5.065187028824828034e-17
3.711589945825743037e-69
1.051081276991763309e-04
2.307032424537184607e-259
4.742748612154722432e-01
9.388901597880595917e-02
1.973711990210113842e-01
5.117075031458290235e-01
6.919363547232365700e-31
2.588147465335066063e-87
1.247433590531283887e-01
1.290090107078937913e-121
4.229875160400498648e-05
0.000000000000000000e+00
1.368373164199434284e-07
2.816621299842431443e-26
0.000000000000000000e+00
6.071427604551162208e-12
1.235393415285963617e-06
3.791988342971357622e-22
0.000000000000000000e+00
1.557633806918433655e-03
1.050971491693528548e-04
2.233405732994771318e-04
5.526375523574822370e-06
0.000000000000000000e+00
0.000000000000000000e+00
4.609738275927680198e-08
0.000000000000000000e+00
5.586075271347404891e-01
1.558387577995232025e-03
1.051084755817017433e-04
4.484500309104962674e-62
0.000000000000000000e+00
0.000000000000000000e+00
3.391797723802418421e-07
2.495378836642958823e-82
2.557236209311689046e-01
0.000000000000000000e+00
0.000000000000000000e+00
0.000000000000000000e+00
0.000000000000000000e+00
4.609738605125347038e-08
2.049394303590547825e-08
0.000000000000000000e+00
2.233919102440835608e-04
1.235392340789792384e-06
1.365717699061820111e-05
3.462836221735555650e-03
1.368372795500554429e-07
5.526372449063577919e-06
1.050969909532417710e-04
9.296098461994885265e-02
1.217724280897594311e-02
9.001172306595080219e-02
2.233903386420735986e-04
1.365711733822141957e-05
1.558457655069991161e-03
1.213044468571552494e-02
7.989668939131147748e-04
4.229945900437573662e-05
0.000000000000000000e+00
9.357436609536062821e-02
1.222101982683048219e-02
7.156383895116903704e-02
2.828468519657631377e-03
4.172353260357809512e-01
9.720629524212352716e-100
5.884838455494356690e-01
2.233343148049463794e-04
1.051016952800883135e-04
1.235390791338638489e-06
2.049393976958414081e-08
3.137749562743585136e-34
1.210233508373181888e-02
3.265629321599896489e-214
0.000000000000000000e+00
1.368373602313235650e-07
1.235393242258569838e-06
1.050971622018358659e-04
5.526346240856737354e-06
1.365698722429558749e-05
3.391797846701731638e-07
3.391798072288615113e-07
3.810730081660063662e-01
5.526363949795195934e-06
7.984358928897613769e-04
4.229847932444523434e-05
1.559285519897253818e-03
1.051089453685991965e-04
1.235389594680105844e-06
1.712840992437755339e-249
1.235393101940962680e-06
1.365717333761400701e-05
0.000000000000000000e+00
1.974402775011667166e-01
0.000000000000000000e+00
1.235390262122933383e-06
2.049394324011581771e-08
2.049394320619259485e-08
4.609738511380313752e-08
7.988260362889820039e-04
4.229738999430231286e-05
1.988779639807403324e-63
2.234101201450494850e-04
1.368373503806316145e-07
5.526346062226208982e-06
1.235393695602167537e-06
1.904054338469223784e-01
1.558802760402130776e-03
1.219909146912453307e-02
1.368372798656677012e-07
4.609737916510264712e-08
0.000000000000000000e+00
7.989729304401051776e-04
5.526374815321667488e-06
1.660510958975691120e-01
0.000000000000000000e+00
1.458071702462299503e-03
3.489915369980153762e-101
3.391796851279120527e-07
0.000000000000000000e+00
0.000000000000000000e+00
1.961754442822429157e-48
4.229641211767957141e-05
2.395796856648379974e-09
4.609738213911739448e-08
3.640465019568532301e-01
3.213104294985832388e-01
9.031632274842173180e-02
0.000000000000000000e+00
4.600439005174487525e-17
1.235390085060079614e-06
1.365729432966306899e-05
1.216383458483670174e-02
1.556652278294062657e-03
0.000000000000000000e+00
1.031918691975293879e-248
1.557799918767400604e-03
4.457980343404912005e-01
4.229665590070586894e-05
0.000000000000000000e+00
4.039082849529066627e-02
7.986648172851703491e-04
4.050780740394693824e-02
3.849584291358246510e-08
1.050975150540788005e-04
0.000000000000000000e+00
1.556816292599872862e-03
0.000000000000000000e+00
4.413428862586490919e-01
6.958239248670660192e-74
1.221237010200914956e-02
2.049394351187437450e-08
0.000000000000000000e+00
8.038752179179280144e-02
2.233352492919789755e-04
3.466930487745653339e-03
4.229971814626550718e-05
5.526335961940836167e-06
2.049394280515301729e-08
2.049394462187205527e-08
0.000000000000000000e+00
4.229684899851474334e-05
1.235390759824428285e-06
4.229749185069474679e-05
1.365691806209503555e-05
1.223554152680853165e-02
5.526337181753015695e-06
1.235394195251093888e-06
4.471430996008344838e-65
3.465120106989382550e-03
0.000000000000000000e+00
8.479769489207301470e-04
2.535795818104972256e-25
1.998820070866950682e-01
1.662741645915441215e-117
3.464130027285253644e-03
0.000000000000000000e+00
1.801411174063070331e-01
1.906384035212875805e-01
4.229649855110110120e-05
1.660511321714240554e-36
0.000000000000000000e+00
0.000000000000000000e+00
1.368372784349585378e-07
2.049394022542270018e-08
0.000000000000000000e+00
4.229765104391344658e-05
2.233549838317615722e-04
2.049394428278893094e-08
2.049394158876327348e-08
3.391798143066780301e-07
1.368373127660088360e-07
4.609738202575131215e-08
1.368373265952059106e-07
1.051056687927441711e-04
1.050954078027487054e-04
1.365725587381639916e-05
1.365720155869165938e-05
1.221747491347366897e-02
0.000000000000000000e+00
0.000000000000000000e+00
2.831137367447846102e-252
0.000000000000000000e+00
0.000000000000000000e+00
2.233581264234293679e-04
0.000000000000000000e+00
1.655574203244707108e-273
4.719201333657254555e-02
0.000000000000000000e+00
7.988827760875601017e-04
0.000000000000000000e+00
2.233612451319789158e-04
2.082603942618845618e-05
3.461093022397342817e-03
1.214418447646332770e-02
7.986735286071319859e-04
1.365698819844647745e-05
4.609737812837329643e-08
4.609737711713456187e-08
3.972799755769697294e-02
2.049394136874696836e-08
1.365725695530564370e-05
7.989595333474245123e-04
1.558524266171414921e-03
9.205483200570512003e-02
0.000000000000000000e+00
3.502728757083396482e-01
0.000000000000000000e+00
1.558021601107491402e-03
2.234196916878377129e-04
2.049394014087560693e-08
1.368373326645213383e-07
5.526387743348490790e-06
1.558730400225703415e-03
6.518741250901939451e-16
1.210155808987518379e-02
1.217245865726229552e-02
3.391797859954127492e-07
1.235391188034838116e-06
1.827670339019814016e-01
7.985108989109680104e-04
4.222967230132065874e-01
1.037506542851604902e-01
3.391797846060088828e-07
7.006121475381378569e-97
3.042535878734925742e-14
0.000000000000000000e+00
8.802719190705038388e-02
2.233751026282897862e-04
0.000000000000000000e+00
4.025278914486778853e-02
7.989270686315408290e-04
0.000000000000000000e+00
9.363641206985449938e-02
3.391797493835111471e-07
1.235390398287462827e-06
1.051046406834428917e-04
1.368373103894580027e-07
1.365696163799168365e-05
1.368372804515913869e-07
5.526385902666477750e-06
0.000000000000000000e+00
1.071740383755499237e-01
1.784787422138840684e-109
3.852427819922941699e-01
9.196844898181288919e-02
1.235390822304541608e-06
0.000000000000000000e+00
3.950747917993506497e-02
3.156799027902835730e-01
3.474608694103357813e-03
2.020166762240540004e-223
1.368372992633773203e-07
4.229911743702299278e-05
1.235390506695058861e-06
4.897776966758492501e-01
4.229971597232541565e-05
5.526357520305622403e-06
1.365691617059165130e-05
0.000000000000000000e+00
9.115068474683801769e-02
1.209665331591058997e-02
4.229619496509879652e-05
4.229717590360807059e-05
3.470632028222168496e-03
9.279143431498812489e-02
2.233853531705665119e-04
8.418796538477426802e-03
2.233888143354950423e-04
1.365696666797414312e-05
5.526338818496789826e-06
3.461007483452834075e-03
1.211118394825842944e-02
3.391799920912114934e-07
1.200454299347575304e-01
0.000000000000000000e+00
1.511893523752055829e-104
6.342562173319686233e-03
0.000000000000000000e+00
0.000000000000000000e+00
7.989511082866255446e-04
1.556896297453246600e-03
1.887579986425439449e-01
4.229629022130777728e-05
0.000000000000000000e+00
7.985374020851713529e-04
3.462623538259304926e-03
4.954341733255359523e-100
1.214824592373148736e-02
2.070974419451350897e-226
1.222287766384067172e-02
2.310130904672064990e-17
1.556856736493797281e-03
2.049394021453744668e-08
1.365695743668584431e-05
0.000000000000000000e+00
0.000000000000000000e+00
1.235393021753059353e-06
2.233286358529088867e-04
4.041111185365028891e-02
0.000000000000000000e+00
3.706861627558724440e-233
3.778199666613143472e-03
1.809340811002059513e-01
9.407857852898149353e-02
6.373000200017555502e-54
0.000000000000000000e+00
1.235392805921694148e-06
8.972400929936141800e-02
1.473575522992169246e-104
0.000000000000000000e+00
1.365696691525019597e-05
9.452785034793079862e-284
5.526374778167933521e-06
1.070136263538456022e-153
1.187707070851260038e-223
1.368373439080881639e-07
1.057907432351384014e-01
2.233364697194586187e-04
1.365703972291492407e-05
5.526335931984843443e-06
2.532516380384060931e-32
7.476139724052917883e-251
4.229668986647920522e-05
7.986928251755495700e-04
2.233622654775035401e-04
1.557859065035604703e-03
0.000000000000000000e+00
2.049394142951053781e-08
1.365733430111263537e-05
3.469428354504982322e-03
6.023696106375990281e-29
1.219442915695819266e-02
4.304515539166419713e-01
9.047254434781663666e-07
0.000000000000000000e+00
2.049394242901532826e-08
1.047717610458115262e-01
3.994930942926313427e-02
3.466446606983813669e-03
1.365718085731655293e-05
3.352176413436522839e-01
2.233726413720812335e-04
1.368372977838824738e-07
4.229872505814382837e-05
1.109524245733703313e-01
4.029294803286101456e-02
4.609737996923033157e-08
1.553663700069771545e-121
1.235390828475250744e-06
2.049394430813815213e-08
2.049394478999704748e-08
2.874834693911706724e-11
2.049394189437047453e-08
2.049394027328798609e-08
4.609738021776364861e-08
0.000000000000000000e+00
0.000000000000000000e+00
1.051082168200218812e-04
3.317929139922526046e-206
1.368373143928559957e-07
1.368373588185347600e-07
1.368373194645571146e-07
1.365706689016467002e-05
1.558931785632476771e-03
2.219218314855936508e-112
0.000000000000000000e+00
3.391798159552071686e-07
7.672532902247807800e-100
7.990103821337085285e-04
3.246909249131477160e-01
2.806868124184284108e-01
5.714091343034550796e-01
5.592582399495206447e-290
0.000000000000000000e+00
1.781798770182364544e-01
3.474192144284674998e-03
9.408410456056733040e-02
4.058147113113092647e-02
4.079262384385173856e-01
1.365713101974522556e-05
2.233577311830068919e-04
2.983553506298021578e-19
0.000000000000000000e+00
2.233603941246765554e-04
0.000000000000000000e+00
1.050963674588508480e-04
2.049394409050763110e-08
4.618644161591405894e-01
1.368372792379278782e-07
2.233704639988735006e-04
5.526366064337512000e-06
1.368373190185181937e-07
1.223545222720987674e-02
1.885199678252572619e-01
1.368372815383130589e-07
0.000000000000000000e+00
5.526390467681234271e-06
